106278028,583639370,162923657,130411428,181193066,127945412,147522060,128389107,171691977,132552263,138399929,124336141,106088878,119319319,165659372,114596656,118646020,117459496,133390952,113621175,132665162,112308155,180440669,106133476,98768923,110624558,96636455,106970858,100717521,288004567,96681896,704373172
106281125,583649445,162957019,130422891,181228220,127954184,147539623,128398020,171718368,132560003,138412561,124346522,106090881,119327837,165700355,114604633,118652293,117469743,133397145,113630581,132671276,112317980,180458153,106141695,98770901,110634580,96637834,106982292,100720281,288014201,96684131,704379783
106284668,583660080,162989661,130433228,181266009,127964663,147557042,128408946,171745117,132571415,138423347,124356540,106094720,119339063,165738476,114615497,118656802,117478489,133405053,113640084,132677348,112326192,180476742,106151327,98773313,110643239,96640233,106989682,100722918,288023040,96686414,704386427
106289905,583669358,163024147,130442670,181304073,127972570,147575781,128417829,171772279,132580588,138435884,124365058,106098487,119347019,165779299,114626025,118662874,117489316,133414523,113649207,132686701,112334695,180497342,106160558,98778336,110651291,96642745,106997406,100730816,288030354,96691218,704393940
106293751,583678845,163057586,130451649,181341735,127982329,147592081,128427911,171798995,132588812,138447613,124374978,106100310,119358255,165820143,114637085,118666472,117498093,133424170,113660586,132695525,112345220,180518499,106170158,98783753,110661371,96644094,107007471,100736187,288039857,96692449,704400375
106297455,583689443,163090858,130462144,181378253,127991812,147609013,128436318,171825193,132598608,138459965,124384457,106103801,119367242,165859404,114645560,118670162,117507289,133433193,113670981,132704153,112352156,180539414,106177518,98790663,110669642,96649703,107015648,100741204,288048968,96695926,704408127
106298928,583699896,163123317,130471875,181415325,128002901,147625966,128446321,171848687,132608460,138471140,124394268,106108203,119376868,165897351,114657587,118673101,117515490,133441876,113681480,132712395,112360783,180558919,106187042,98797855,110680620,96651373,107026405,100743125,288057258,96697930,704415450
106301111,583711664,163156040,130480551,181452338,128011777,147643562,128458254,171874564,132618461,138482736,124401814,106110669,119383974,165936904,114667269,118677595,117524964,133450808,113691516,132720882,112368056,180579564,106194910,98799716,110689654,96656138,107036029,100747175,288068613,96700390,704422831
106304405,583722766,163189149,130491010,181490334,128022582,147662013,128466134,171901044,132630328,138494741,124410976,106114607,119392656,165975049,114677481,118681808,117535551,133460049,113701129,132729474,112377008,180598955,106204294,98802277,110696837,96657576,107044321,100750768,288079879,96704413,704430134
106308052,583732649,163222405,130500324,181527391,128031219,147680278,128475372,171927566,132639464,138507485,124419299,106119896,119402140,166013127,114685885,118685053,117544940,133469075,113709553,132738354,112387619,180616584,106211929,98808613,110704632,96665190,107053260,100754431,288087496,96708413,704437447
106311818,583741380,163256535,130509708,181564397,128038313,147698803,128483501,171953018,132646773,138521361,124428566,106122571,119409054,166052376,114694757,118692334,117552531,133478749,113718163,132747538,112395544,180635557,106220547,98819341,110711091,96671135,107062503,100759727,288095942,96712304,704445670
106318233,583751974,163290601,130519071,181601140,128045730,147717718,128490233,171979955,132654126,138533542,124437638,106130055,119415934,166091473,114703127,118697144,117561212,133488388,113726535,132756623,112404531,180654673,106228038,98826864,110719973,96676392,107070778,100767071,288103869,96717485,704451942
106322706,583761921,163323728,130529017,181638182,128055297,147735353,128500191,172006107,132662134,138546353,124447835,106137134,119423906,166129814,114712101,118704782,117571044,133497600,113735200,132765559,112411174,180673484,106235049,98831976,110726807,96681891,107079790,100771860,288111409,96720286,704458691
106327577,583772026,163355494,130538633,181675352,128065043,147751456,128509756,172030802,132670862,138558811,124455670,106142692,119432894,166168230,114722302,118707674,117580281,133506209,113744790,132774352,112419936,180691594,106242641,98834939,110736253,96687451,107087040,100776306,288119714,96725053,704465432
106331292,583781966,163389317,130548834,181713528,128074520,147769969,128518393,172057895,132679949,138571810,124466264,106145879,119442929,166208775,114732185,118711384,117590124,133515410,113753904,132783037,112430159,180710380,106251266,98837414,110743450,96692419,107095630,100779849,288127648,96728482,704473066
106333443,583792117,163422340,130559020,181751195,128084987,147788221,128528665,172083596,132689436,138585224,124479278,106147267,119453697,166249457,114742957,118714295,117602245,133524360,113765480,132791642,112441662,180729356,106261568,98837749,110753921,96693401,107106779,100782222,288137225,96730722,704480522
106338097,583801005,163455255,130568693,181788567,128096386,147805235,128538649,172110186,132699704,138596000,124489236,106149849,119463026,166289566,114751439,118717977,117613382,133533674,113775521,132800483,112451603,180748599,106272180,98840407,110764553,96694947,107117039,100784860,288145587,96733664,704488022
106341358,583812351,163489095,130579013,181824996,128107144,147821553,128549969,172135807,132710891,138610783,124499331,106151392,119473715,166328176,114760671,118720485,117622689,133542434,113783960,132809407,112460522,180766555,106282713,98841540,110776179,96696444,107127319,100786327,288154345,96736192,704495835
106344009,583823411,163520578,130588494,181861013,128116812,147838326,128561399,172160978,132720984,138621965,124508938,106152678,119484654,166365580,114772899,118724212,117634129,133551380,113794375,132817714,112470569,180783840,106291877,98842079,110787110,96698050,107135230,100788721,288164048,96737690,704503947
106346662,583834427,163553816,130600040,181898286,128129082,147856361,128572706,172187529,132732498,138634012,124519458,106154816,119494955,166403955,114782734,118727573,117643710,133560362,113803932,132826640,112478835,180801552,106301665,98842208,110794982,96698176,107143352,100790325,288175037,96740557,704512411
106347203,583847110,163587785,130609363,181935931,128140271,147873655,128580981,172214613,132743811,138647314,124531754,106157303,119505810,166444499,114794711,118731692,117654752,133569512,113813731,132835619,112488740,180820485,106312804,98842406,110807469,96698268,107152252,100790483,288184304,96740965,704521714
106350750,583858271,163620586,130621954,181972802,128152144,147890801,128590410,172241378,132753306,138659430,124541148,106159040,119515777,166482753,114803239,118734329,117663885,133578350,113821486,132844086,112498257,180838506,106321196,98844262,110816054,96701541,107161091,100797413,288194574,96744438,704529181
106351632,583867933,163653802,130633763,182009624,128164157,147908006,128602862,172268452,132764992,138671356,124550544,106161455,119526776,166521889,114814208,118739061,117673315,133587840,113832266,132853557,112507531,180856992,106331286,98849834,110825806,96704983,107171492,100799606,288204569,96745418,704536570
106353678,583878950,163687421,130642457,182047649,128173086,147925618,128614132,172294844,132774547,138684252,124560731,106164224,119537578,166561544,114824590,118743220,117684359,133596917,113843268,132862121,112516570,180874133,106341972,98861030,110833999,96705701,107181478,100801976,288215124,96747417,704543823
106356074,583889786,163720957,130654256,182085121,128183381,147944008,128621299,172321964,132786221,138696444,124569144,106170076,119547146,166601073,114832933,118747175,117693822,133606204,113853680,132871018,112525372,180891833,106352102,98864793,110842499,96709898,107190484,100804656,288223935,96750361,704550809
106358040,583903352,163754469,130666264,182123165,128192676,147962356,128629806,172348869,132796842,138708795,124578753,106174835,119557500,166641326,114841976,118751785,117703123,133615637,113862435,132880079,112535468,180909718,106363379,98869597,110850911,96715263,107200878,100808442,288232092,96752602,704558081
106364403,583914933,163787493,130674580,182160849,128203960,147979402,128638375,172375380,132805285,138721702,124588218,106176395,119566227,166680375,114851680,118755358,117711246,133624980,113870807,132888950,112544802,180927211,106372960,98873795,110859070,96722924,107210826,100815836,288240390,96757110,704564891
106366769,583925341,163821142,130686499,182198519,128214369,147996875,128648785,172402983,132816404,138734522,124597558,106177693,119576413,166718973,114864474,118757585,117721084,133634442,113882163,132898196,112555925,180944595,106383021,98876825,110869321,96728011,107220104,100819731,288249674,96758946,704572576
106368906,583934558,163854427,130696180,182235878,128224263,148014166,128658292,172429141,132825239,138748250,124606690,106180974,119587302,166757000,114873064,118762699,117729315,133643702,113891795,132907135,112566008,180962278,106393906,98878348,110879693,96730962,107229828,100822791,288258110,96760654,704580500
106369655,583946057,163888701,130707724,182273222,128235716,148031975,128668764,172455436,132836533,138760838,124618420,106184215,119600741,166797136,114884941,118765997,117739839,133652970,113901128,132916476,112576599,180980600,106403294,98881051,110888670,96731977,107240142,100822876,288268550,96761864,704588171
106372947,583957476,163921865,130718384,182310034,128244691,148048576,128678516,172480488,132848073,138773629,124627044,106187519,119610574,166836295,114894710,118769112,117748617,133662335,113909558,132925144,112585006,180999016,106412296,98883860,110898237,96734161,107248155,100825684,288279907,96765456,704595801
106376982,583967888,163954618,130727430,182347581,128257106,148066265,128690213,172506679,132857541,138786388,124636485,106191546,119620793,166875507,114903680,118772006,117757492,133671319,113920784,132933792,112594160,181016459,106421542,98885137,110908497,96736717,107258683,100828069,288289735,96767330,704603364
106380867,583978865,163988436,130738366,182386162,128266478,148085140,128700025,172533553,132867042,138799128,124646259,106197884,119631498,166915044,114912267,118775833,117767292,133680690,113930699,132942563,112604407,181033250,106432656,98887979,110916901,96739346,107268631,100831838,288300774,96769031,704610547
106384221,583990172,164021500,130748016,182423205,128276505,148103378,128710474,172561087,132876973,138812642,124656205,106202861,119639666,166955387,114925834,118781198,117775159,133690297,113938814,132951381,112612473,181052149,106441643,98894397,110926862,96746049,107277595,100835732,288307775,96772015,704616796
106386645,583999796,164054379,130759839,182460551,128286316,148122089,128720649,172588443,132887484,138823824,124666845,106208003,119648503,166996393,114935095,118783820,117783593,133699680,113946045,132959805,112620772,181070734,106449326,98897712,110933301,96753392,107286030,100840958,288316481,96775141,704623607
106390320,584009672,164087725,130770866,182495835,128296347,148139017,128731691,172613805,132897430,138837798,124676567,106210787,119658330,167033547,114945091,118786591,117792439,133708989,113955912,132968622,112630377,181088167,106459925,98898663,110944831,96756807,107296410,100844326,288324865,96777995,704630268
106393224,584021295,164120960,130783044,182532584,128309003,148156231,128741980,172640568,132907337,138850045,124686108,106213580,119668426,167072575,114954695,118789501,117800983,133718106,113967119,132977356,112640604,181106060,106469783,98899410,110954245,96758738,107305231,100846450,288334383,96780169,704638135
106395294,584033487,164153962,130793474,182570365,128321099,148172753,128751481,172666453,132916475,138862078,124696534,106216826,119678977,167111157,114964261,118792507,117813159,133727039,113979247,132986028,112650557,181122936,106480947,98899661,110964607,96761400,107315105,100847707,288343142,96782931,704646176
106401019,584044767,164186517,130804445,182607732,128330582,148188891,128759022,172693591,132925646,138873733,124706665,106220559,119688870,167149861,114972261,118795776,117822631,133736529,113988828,132994389,112657520,181140575,106488361,98902544,110972819,96765986,107326910,100852418,288351281,96787752,704654111
106404420,584053406,164220495,130813470,182644710,128339961,148206395,128766644,172719340,132935361,138887558,124716206,106228081,119697839,167189078,114983471,118802186,117833246,133745943,113998591,133003451,112666456,181158040,106497439,98905884,110982337,96769310,107336420,100854214,288361110,96790411,704662339
106408398,584066523,164253503,130824475,182682863,128349592,148224693,128776113,172746540,132945188,138899609,124724856,106229910,119707389,167228508,114991685,118806249,117843135,133755332,114006620,133012367,112675745,181175760,106509738,98908183,110993729,96771481,107346792,100856425,288370111,96792908,704670268
106410914,584079626,164286699,130837244,182720819,128360620,148242147,128789123,172771641,132955970,138911773,124735077,106233142,119718989,167269320,115001583,118809476,117852156,133764507,114016480,133021010,112686935,181194709,106518737,98909745,111003021,96773452,107356009,100858240,288378884,96794754,704677616
106413679,584090433,164318809,130846641,182757494,128371360,148259683,128797834,172798488,132966628,138924909,124742558,106235967,119729078,167307489,115012158,118812539,117862450,133773936,114025929,133029837,112696740,181211984,106530756,98912007,111013070,96775458,107365485,100860567,288385914,96798642,704684944
106416869,584102225,164351734,130856914,182794501,128383368,148276494,128808521,172823610,132976887,138938002,124753280,106238023,119739519,167346951,115020735,118815767,117871650,133783155,114035743,133038716,112705048,181230296,106540180,98912523,111024882,96776416,107376353,100863146,288395363,96800404,704692519
106419930,584113535,164384752,130867869,182831892,128395104,148294495,128820192,172848940,132987316,138950794,124763390,106240941,119749745,167384835,115029319,118819088,117881344,133792220,114047566,133047449,112715349,181247566,106549130,98915424,111033398,96778081,107386661,100867958,288405694,96802333,704700925
106422019,584124494,164418567,130878120,182869189,128407504,148311532,128831377,172875310,132998211,138964968,124772835,106243517,119759365,167424711,115038780,118821464,117892354,133801364,114057842,133056248,112725565,181265959,106561556,98918026,111042391,96780780,107397131,100870789,288414945,96804506,704708091
106425219,584136798,164452281,130889093,182907265,128418147,148328549,128842660,172902240,133007384,138978021,124782682,106244960,119770093,167465972,115049809,118823072,117902437,133810457,114069530,133065075,112734636,181283945,106572226,98918728,111053517,96781382,107408458,100871235,288425476,96805912,704717136
106425838,584149239,164486323,130901687,182945547,128430858,148346219,128854346,172930225,133018005,138990047,124794716,106246772,119781005,167506994,115061194,118825440,117913475,133819757,114080684,133073837,112746685,181302265,106583227,98918856,111064271,96781717,107417858,100871508,288436883,96806739,704725740
106428335,584161641,164518847,130911590,182983123,128440683,148363090,128864622,172956300,133026896,139001620,124803990,106250312,119790340,167544839,115073725,118827805,117925486,133828921,114091624,133082370,112757064,181319785,106593613,98922643,111075046,96782488,107428257,100872753,288446794,96808264,704734282
106430294,584173765,164552077,130920367,183020619,128450936,148381753,128875803,172982422,133037548,139015099,124815821,106252850,119801638,167584025,115085952,118830207,117934300,133837793,114102021,133091008,112766169,181335879,106604545,98923578,111084892,96783800,107439835,100873933,288456725,96809483,704742050
106432591,584184240,164585184,130930630,183057910,128461628,148398066,128885972,173007271,133045743,139028024,124824712,106255983,119810613,167623140,115095637,118834270,117944296,133846946,114112252,133099642,112776807,181353152,106614123,98925724,111093616,96785505,107449294,100876902,288465781,96811847,704749252
106436349,584194201,164618663,130941881,183095766,128470463,148416950,128894438,173034375,133054923,139040910,124834679,106259885,119819833,167661011,115104227,118837584,117953715,133856192,114120939,133108329,112786582,181370834,106623977,98933371,111102338,96791445,107459807,100879736,288475359,96814723,704756290
106439990,584202892,164651677,130948662,183132612,128482499,148434680,128902280,173060254,133064805,139053619,124842491,106263133,119828713,167700993,115113165,118842254,117961025,133865432,114129681,133116896,112797007,181389149,106630734,98939304,111109557,96798946,107467529,100887823,288483677,96818030,704763019
106445128,584212388,164684064,130957479,183168647,128489490,148451147,128912450,173085871,133071514,139065524,124849020,106269160,119837357,167739592,115119926,118845924,117968644,133874650,114137345,133125506,112806632,181407283,106637345,98942337,111118051,96804122,107476362,100895223,288492141,96824100,704769949
106450461,584221819,164717183,130967240,183206298,128498066,148469992,128923078,173110676,133080992,139078598,124857793,106273298,119846365,167779654,115128657,118851235,117976135,133883938,114145177,133134317,112817892,181424986,106645730,98946585,111125572,96808922,107485789,100903821,288501517,96828114,704776972
106454771,584233889,164751597,130977131,183243783,128507593,148487975,128932732,173135650,133090742,139093463,124866630,106275943,119856677,167818111,115137842,118853007,117986279,133892960,114155184,133143465,112827350,181441933,106657771,98949260,111135197,96812358,107494863,100907702,288512860,96830192,704784275
106458614,584244194,164784037,130986693,183281058,128517442,148504832,128941388,173161953,133101712,139106453,124875974,106278461,119864727,167856153,115146855,118856609,117994176,133902011,114165056,133152100,112836100,181458742,106667754,98954546,111143781,96814136,107502520,100913985,288520727,96834360,704791368
106460459,584255524,164815821,130999161,183318360,128528356,148522781,128950972,173188915,133111317,139118675,124888177,106280657,119874972,167895087,115155932,118859616,118005325,133911064,114175142,133160641,112846536,181476331,106678102,98956048,111155035,96815221,107514089,100915568,288530698,96835750,704800585
106463521,584266514,164848175,131010672,183354514,128540175,148538317,128960745,173215363,133121299,139130861,124897713,106284291,119884319,167933654,115165542,118863217,118015067,133920150,114185237,133169207,112857086,181494513,106688441,98959136,111166370,96819857,107522990,100918677,288541076,96838493,704807840
106467230,584277745,164876838,131019865,183386607,128549794,148552690,128969878,173237070,133130833,139140796,124907405,106287735,119892846,167967048,115174871,118866854,118023506,133928502,114193658,133177300,112867193,181510829,106696425,98961763,111174677,96823484,107531184,100920647,288548493,96840326,704815787