263,252,234,229,258,259,211,233,189,161,188,186,255,205,209,196,162,213,185,195,185,252,215,213,134,286,177,212,196,244,183,278
318,233,249,146,269,238,257,181,290,202,304,203,250,140,305,179,202,164,280,190,278,152,227,145,236,178,235,178,206,209,233,235
276,258,185,265,206,246,177,204,182,245,189,235,173,232,189,189,184,230,207,226,213,235,188,274,222,195,155,240,173,275,184,224
216,311,221,301,227,294,223,288,208,265,242,224,188,234,216,267,199,263,193,245,195,193,167,246,181,275,175,235,153,325,140,293
349,240,219,245,232,267,194,227,215,217,206,201,186,253,207,207,211,219,215,208,215,212,229,247,253,210,214,205,234,276,186,198
284,267,273,291,242,227,211,233,224,288,251,229,219,200,195,182,256,230,227,238,215,192,192,235,162,239,185,208,192,252,238,210
273,244,230,230,249,217,183,238,226,214,154,207,189,250,215,206,248,209,216,205,237,186,245,234,204,201,232,171,227,289,242,247
291,273,280,167,233,221,253,219,267,188,259,211,201,215,234,206,222,226,248,220,214,215,272,267,223,193,240,234,256,272,258,300
237,279,256,215,254,192,239,233,270,218,253,183,257,188,240,204,265,176,219,210,259,201,197,201,187,194,188,180,200,245,217,205
306,263,252,274,294,222,198,235,223,232,205,206,180,238,209,201,279,214,218,196,253,180,257,184,213,198,241,187,266,275,226,297
285,245,193,240,228,206,218,198,212,205,181,223,234,228,192,212,241,224,194,210,191,254,249,213,215,199,246,210,269,259,216,214
286,222,283,254,222,226,246,188,200,234,219,229,184,222,225,201,188,186,221,229,204,202,222,207,254,250,272,218,223,223,236,249
276,271,227,233,252,202,199,222,183,203,210,248,192,287,155,252,205,192,213,188,211,222,173,191,212,244,214,194,227,275,176,257
256,261,274,265,243,236,219,241,238,219,252,262,186,239,217,245,208,224,196,264,218,230,177,222,193,263,188,239,215,253,220,258
257,294,258,187,251,251,208,208,216,208,239,182,263,174,220,253,229,217,185,230,226,242,236,194,227,223,250,199,238,244,221,220
254,313,184,325,206,308,191,289,234,286,176,296,173,276,160,282,186,282,164,246,174,239,203,295,186,269,131,272,180,284,185,352
312,295,224,290,199,262,231,176,210,248,229,231,201,204,244,226,244,236,203,187,202,264,171,224,196,298,169,290,165,344,218,304
279,251,253,258,300,174,234,207,184,199,209,162,177,215,224,191,233,188,243,168,245,198,248,166,230,225,301,254,304,222,250,271
249,321,175,276,212,246,215,258,261,258,215,315,243,269,196,223,180,304,221,201,201,226,208,224,209,271,236,225,180,277,193,371
213,277,251,251,158,265,179,293,207,249,233,252,197,258,217,210,159,216,206,287,174,242,211,223,173,234,225,249,156,276,200,289
253,307,226,217,246,186,251,189,251,161,220,181,233,205,216,190,279,210,242,207,247,213,261,210,241,179,246,196,237,240,253,200
286,235,239,267,268,237,245,177,249,217,204,242,256,236,255,186,224,243,231,255,225,182,288,220,268,177,214,179,230,244,238,263
330,200,314,175,233,217,203,205,269,207,242,224,252,199,218,197,247,172,269,224,247,198,264,308,236,244,226,239,204,263,212,243
224,244,219,279,274,253,220,241,216,239,190,295,163,244,202,237,221,227,222,240,205,240,201,233,204,244,236,260,223,248,173,305
166,335,214,297,185,287,140,274,185,303,183,271,226,275,237,314,172,305,167,277,165,310,191,287,165,289,173,338,162,338,181,296
261,189,312,241,272,243,248,291,249,206,215,199,200,166,237,213,264,237,254,220,252,208,291,207,249,221,213,239,245,280,211,280
218,312,212,289,216,251,194,232,236,256,234,228,262,223,218,250,188,273,240,256,187,195,170,216,165,235,187,280,200,253,191,263
292,233,251,260,239,256,230,217,209,201,167,218,224,255,214,229,268,232,220,229,243,195,224,262,266,221,263,217,240,234,273,292
282,268,299,230,299,201,278,210,277,215,219,188,264,187,225,161,216,197,278,161,214,186,241,219,259,191,264,185,264,220,273,247
296,327,228,266,192,273,205,231,202,239,163,290,190,243,195,220,218,213,160,312,130,239,171,252,168,188,178,266,238,363,202,277
261,319,188,325,207,232,187,285,188,250,218,297,155,217,266,238,179,277,202,289,203,262,208,303,161,296,216,234,204,270,195,276
263,255,271,281,188,221,201,216,211,256,202,194,194,252,197,211,206,213,204,238,229,221,226,204,187,207,183,257,228,232,234,255
246,272,260,301,235,228,199,273,200,221,251,205,247,212,220,224,218,242,189,214,223,201,180,263,282,241,241,286,193,221,265,258
330,198,288,181,239,180,273,196,238,203,297,202,227,210,272,209,211,227,236,206,199,190,209,213,249,209,267,218,208,222,261,267
293,312,246,226,234,304,221,277,191,299,166,243,192,236,159,227,210,192,161,276,207,241,208,259,193,253,218,307,211,296,167,262
301,259,245,252,196,255,196,303,200,304,219,302,187,270,207,254,156,213,163,273,171,274,167,256,221,260,230,215,201,274,288,238
227,313,216,278,205,269,192,329,170,292,176,275,162,267,188,241,164,272,144,267,168,296,189,241,241,254,167,309,216,312,202,334
331,247,222,293,193,250,225,248,247,234,189,247,195,236,234,234,183,204,232,237,165,234,190,220,185,245,227,182,221,240,250,276
233,261,195,256,215,254,207,253,176,230,183,260,217,239,222,261,208,241,226,221,214,164,232,232,181,226,202,229,174,225,188,248
268,355,186,290,201,275,191,308,171,360,191,278,132,281,173,283,183,311,194,263,188,306,180,294,174,340,213,291,155,309,193,334
258,319,183,278,151,242,225,224,177,242,199,290,202,230,204,263,225,249,159,234,212,266,210,237,216,266,196,261,209,337,240,336
243,293,166,281,176,302,153,255,192,252,218,231,150,300,229,283,201,241,167,268,189,288,232,274,176,230,195,209,154,289,187,327
284,259,237,241,250,261,227,245,218,225,203,229,225,233,198,213,185,236,259,281,235,235,233,208,221,265,211,259,201,300,199,272
291,238,242,214,278,194,258,219,206,258,211,214,246,227,214,200,218,221,209,247,182,195,183,248,209,226,238,220,196,266,199,278
224,313,187,310,223,271,174,291,193,309,192,269,147,295,171,276,137,326,131,264,150,308,158,308,159,355,185,324,216,355,160,327
341,240,275,297,201,201,241,200,231,215,213,171,213,204,217,211,213,203,179,195,211,181,208,199,205,244,210,220,229,270,265,238
261,267,253,243,236,234,211,228,231,208,246,240,199,201,200,213,221,200,246,227,222,190,204,222,170,210,226,220,214,229,222,317
280,278,223,241,222,213,231,233,250,216,255,239,254,176,238,220,189,217,209,195,215,225,240,159,287,178,210,164,279,269,264,258
286,315,310,195,255,272,262,148,240,231,312,205,266,189,198,245,247,180,251,166,202,191,241,192,212,180,270,221,279,250,240,260
307,258,231,284,254,193,242,201,249,230,255,196,247,279,273,217,242,227,233,226,216,224,258,195,233,251,266,189,216,261,214,305
278,268,202,243,213,199,212,196,256,193,225,201,263,166,275,205,230,202,196,236,191,239,232,233,256,240,214,169,214,238,237,247
294,280,294,232,254,168,259,218,251,245,252,268,302,272,264,217,248,250,257,223,214,192,277,241,243,207,248,225,216,273,239,209
243,280,193,297,256,276,195,261,185,263,189,195,217,218,203,256,174,216,226,219,253,245,210,197,237,221,203,232,200,297,201,283
283,265,265,242,248,211,261,194,185,188,238,216,247,219,209,215,236,210,242,164,231,173,274,177,236,193,214,201,244,231,262,262
239,276,235,294,140,292,198,226,213,317,226,259,169,314,230,229,209,253,225,241,172,237,184,247,156,233,166,251,134,284,230,302
308,325,252,250,228,300,201,203,208,190,237,244,204,273,185,248,187,222,198,193,179,167,220,186,172,205,170,217,195,244,243,278
268,308,252,319,236,266,202,256,145,226,196,266,197,253,176,278,191,261,203,258,196,335,194,291,259,238,216,299,175,314,205,313
268,240,220,164,242,216,232,205,249,220,219,236,239,163,233,171,226,186,196,201,218,158,238,199,269,156,253,204,219,186,242,242
352,331,220,221,257,194,233,249,179,240,211,190,230,217,237,229,210,228,213,199,245,227,213,252,205,236,224,199,231,220,228,261
