5944,5692,6016,5584,5829,5795,5342,5625,5666,5222,5867,5684,5021,5198,5333,5241,5623,5782,5483,5800,5139,5635,5450,6036,5553,5822,4828,5648,5310,5284,5378,5040
5598,6360,5319,6112,5209,6077,5687,6191,5608,5952,5371,5814,6142,6371,5642,6202,5963,5787,5466,6012,5527,6463,5511,6326,5440,6267,5743,6060,5556,5999,5813,6200
5770,6810,5753,6045,5452,6354,5577,6444,5949,6810,5703,5887,5215,6458,5268,6374,5105,6512,5366,6134,5448,6749,5382,5959,5375,6697,5239,6649,4960,6585,5305,6579
5238,5998,5059,6155,4963,6121,5099,6243,5339,5667,4998,6513,4963,6190,5309,5949,5125,5952,5165,6429,5365,6204,5323,6193,5231,6399,4964,6614,5686,6133,5438,6153
5837,5877,5761,6210,5524,6121,5939,6288,5727,6316,5449,6853,5916,5944,5639,5875,5200,6094,5698,6092,5348,5526,5320,6311,5711,5973,5833,6151,5615,6076,5946,6423
5313,5797,5168,5792,5313,5917,5814,5821,5387,6202,5856,6123,5234,5791,4898,5203,5307,5837,5409,5505,5561,5902,5450,5726,5521,5905,5798,5831,5776,6237,5499,5726
5977,5536,5469,5712,5437,5609,5890,5750,5807,5851,5585,5746,5693,5979,5521,5526,5787,5840,5728,5745,5336,5955,5291,5920,5979,5935,5211,5702,5990,6010,5740,5802
6001,5265,5505,5185,5620,5771,5628,5585,5942,5633,5922,5294,5748,5365,5437,5389,5725,5589,5759,5696,5219,5342,5576,5430,5551,5579,5728,5290,5965,5546,5532,5643
6145,5534,6182,5886,5865,5957,5822,5623,5932,5626,5641,5721,6088,5770,6174,5255,5728,5943,5950,6117,5836,5764,6199,5496,5835,5610,6139,5561,5914,5694,5945,5847
5728,5379,5382,5269,5690,6002,5810,5655,5277,5185,5587,5515,5246,5706,5219,5610,5450,5163,5623,5398,5573,5256,5663,5385,5642,5473,5675,5218,5777,5526,5432,5975
5102,5627,5469,5298,5499,5376,5325,5318,5386,4782,5118,5316,5544,5170,5085,5371,5361,5561,5027,5671,5276,5541,5677,5011,5523,5404,4930,5148,5986,5317,4830,5891
5999,5112,5906,4988,5670,5166,6088,5319,6430,5215,5965,4998,6018,5332,6051,5287,5811,5306,5802,5350,6369,4946,5781,5453,5799,5437,6055,5541,6044,5060,5434,5334
5606,5312,5285,5486,5759,5624,5666,5233,5586,5548,5429,5268,5567,5850,5410,5497,5610,5574,5343,5476,5545,5556,5540,5688,5725,5905,5471,5433,5864,5658,5314,5569
5471,5843,5769,5454,5185,5657,5744,5476,5467,5574,5404,5858,5349,5645,5148,5742,5755,5356,4869,5560,5624,5437,5199,5572,5305,5157,4847,5578,5321,5387,5399,6007
5555,5280,5693,4796,5745,5086,5811,4906,5584,5247,5469,5324,5382,5095,5785,5293,5622,5199,5756,4734,5759,4975,5615,5310,5530,4957,5852,5131,5692,5455,5776,5084
4864,5832,5209,6476,5218,6391,5158,6053,5033,6310,5071,6094,5242,6243,4586,5600,4938,5649,5180,5696,4870,5987,5001,6312,5101,6124,5007,5489,4879,6119,4777,6266
5256,5809,5322,5650,4986,5515,5433,5663,5265,6005,5450,5973,5295,5636,5056,5783,5482,5947,5207,5977,5441,5732,5354,5337,5383,6165,5256,5393,5393,5708,5251,5606
5609,5609,5774,5405,5630,5417,5580,5432,5720,5113,5758,5239,5487,5151,5562,5201,5902,5305,5590,5474,5832,5530,5989,5020,5672,5205,5868,4835,5641,5321,5671,5568
5614,6008,5423,5496,5506,5915,5520,6387,5408,5719,5435,5981,5566,5405,6075,5717,5538,5708,5099,5425,5333,5847,5148,5622,5414,5780,5465,5717,5307,6180,5404,6381
4863,5487,4726,5332,5068,5660,4927,5334,5248,4882,5135,5673,5546,5148,4752,5595,5094,5460,4824,5651,5345,5153,5291,5345,5087,5252,5473,5477,5309,5872,5352,5342
5188,5559,5368,5521,5591,5014,5617,5736,5352,5789,5261,5470,5391,5855,5059,5708,5484,5829,4889,5771,5248,5695,5413,5574,5341,5742,5359,5432,4862,5858,5445,5360
5302,5086,5322,5241,5562,5618,5584,5153,5282,5005,5586,5358,5240,5212,5386,5397,4903,4876,5440,5167,5253,4993,5556,4739,5416,5119,5258,4918,5280,5930,5640,5447
5499,5637,5422,5499,5031,5636,5345,5647,5584,5485,4980,5365,5368,5501,5481,5621,5604,4920,5469,5523,5059,5233,5595,5187,5452,4919,5593,5362,5275,5802,5821,5439
5777,5552,5743,5398,5463,5196,5619,5179,5846,5632,5234,5340,5371,5788,5880,5556,5357,5386,5454,5453,5863,5205,5332,5451,5176,5348,5602,5211,5340,5727,5840,5434
6044,6194,5901,5894,5898,5630,6215,6018,5720,6041,5807,5780,5996,6035,6111,5634,6118,5837,5743,5539,6137,5648,5991,6022,5676,5928,6023,5821,6323,5882,5419,6199
5461,5100,5424,5643,5624,5143,5339,4818,5326,5020,5277,5169,5824,4859,5334,4940,5518,5190,5600,4966,5554,5029,5625,5368,5335,4821,5565,4871,5666,5238,5386,5097
5672,5220,5114,5606,5090,5494,5001,5688,5525,5490,5228,5875,4775,5537,5005,5763,5251,5743,5390,5722,5231,5585,4661,5915,5305,5539,4856,5996,5468,5320,5437,6084
5574,5582,4771,5206,5346,5217,5326,5156,5561,5156,5263,5159,5459,5453,5046,5583,5788,5353,5319,5331,5594,5422,5549,5310,5542,5559,5381,5451,5331,5446,5609,5757
4796,5423,5037,5682,4978,5547,5088,5540,5077,5213,5109,5895,4973,5880,4866,5626,5325,5455,4961,5294,4884,5354,4764,5062,5083,4890,4887,4934,4990,5346,5068,5527
5360,5072,5728,5346,5755,5152,5708,5326,5726,5022,5631,4968,5658,5469,5510,5646,5937,5486,5694,5173,5466,5324,5984,5282,5774,5106,5702,5178,5439,5002,5224,5356
5216,5732,4562,5540,4971,5552,5457,5780,4682,5480,5341,5791,5080,5957,4870,5632,4979,5565,4887,5935,4910,5345,5043,5971,5230,5530,5052,5878,4877,6132,4832,6209
4818,5443,5188,5769,5430,4928,5664,5052,4972,5335,4819,5353,4982,5424,5035,5537,5062,5448,4631,5241,5353,5486,5108,5251,5217,5023,4872,5093,5318,5620,5151,5414
4844,5175,5118,5305,5070,5313,5078,5679,5408,5416,5198,5709,5063,5080,5249,5177,5301,5946,5516,5334,4742,5732,5554,5473,5298,5833,5076,5464,5297,5801,5082,5340
5532,5628,5452,5686,5448,5303,5366,5544,5442,5736,5445,5431,5371,5439,5786,5696,5341,5638,5546,5644,5374,5010,4837,5635,5160,5292,5580,5302,5530,5507,5039,5487
5200,5308,5354,5599,5524,5402,5570,5631,5444,5503,4995,5181,5422,5297,5488,5306,5266,5595,4899,5447,5215,5482,5027,5065,5502,5173,5609,5085,5359,5247,5309,5824
5123,5332,5277,5636,5368,5653,5224,5796,5360,5371,5447,5444,5127,5509,5318,5090,5514,5579,5180,5646,4747,5161,5411,5377,5265,5888,5193,5393,5192,5394,4973,5907
5614,5776,5233,5614,5326,5361,5629,5324,5187,5251,4917,5275,4813,5089,5699,5151,5168,5451,4982,5766,5684,5423,5264,5204,5313,5207,5045,5418,5059,5569,5216,6123
5147,5119,5037,4714,5039,4515,5070,4966,4849,5105,5070,5320,4817,5170,5310,4972,4599,4983,4868,5163,5076,5084,5075,4758,5058,4944,5351,5048,5072,5238,5168,5314
5375,6224,5379,5561,5410,5631,5074,5910,5474,5339,5167,5908,5171,6149,5526,5521,5383,5790,5267,5747,5224,6028,5343,5762,5146,5673,5128,5848,5184,5667,5366,6330
5098,5862,5525,5405,5626,5184,5106,5430,5367,4830,5879,5140,5662,5400,5544,5473,5426,4915,5715,5149,5849,5614,5618,5232,5093,5374,5534,5534,5386,5609,5516,5952
5328,5297,5672,5395,5685,5382,5722,5704,5542,5293,5130,5324,5135,5045,5282,5413,5682,5782,5207,5326,5297,6020,5718,5257,5477,5367,5623,5275,5629,5598,5430,5713
5449,5544,4649,6018,5062,5641,5276,5864,5018,5528,5072,5717,5261,5912,5061,5813,5190,5607,4767,5196,5007,5305,5014,5495,5130,5112,5246,5631,5046,5726,5240,5473
4833,5734,5080,5625,4998,4974,4952,5594,5039,5952,5022,6026,5044,5483,4957,5693,4718,5497,4458,5670,5027,5468,4861,5398,5656,5821,4813,5152,5207,5702,4886,5769
5153,5465,5103,5409,5179,5599,5224,5063,4982,5446,5306,5085,5646,5266,5314,5192,5491,4975,5609,5075,5103,5154,5086,4984,5549,5027,5009,5518,4834,5648,5828,5876
5527,6171,5564,6159,5700,5999,5549,5969,5749,5707,5554,5854,5851,6032,5616,5723,5128,5776,5600,5555,5577,5328,5786,5801,5047,5617,5112,6078,5728,5934,5591,6125
5258,5384,5111,5401,5146,5677,5467,5680,4925,5288,5213,5931,4961,6037,5278,5383,4748,5739,4855,5265,5288,5710,4941,5554,4819,5832,5219,5388,5343,6092,5636,6036
5117,5461,4861,6077,4901,5472,5926,5665,5033,5619,5072,5593,5239,5640,5225,5553,4978,5375,4809,5751,4815,5332,4765,5721,4469,5651,4976,5460,4885,5728,5010,5674
5523,5188,5350,5301,4993,5215,5057,5552,5556,5531,4988,5224,4971,5635,5040,5652,5104,5364,5279,5803,4775,5447,4920,5106,4945,5481,5168,5613,4960,5706,4987,5688
4993,5452,4955,5627,5628,5159,5274,5497,5090,5297,5587,5651,5189,5520,5121,5864,5020,5428,5036,5443,4776,5394,5352,5872,5545,5474,5277,5684,5314,5540,5265,5397
5195,5222,4911,5139,5138,5955,5255,5628,5520,5005,5275,5212,5364,5098,5152,5317,5168,5169,5096,4821,4924,5154,5246,5217,5374,5587,5308,5375,5501,5424,5289,5408
5193,4970,5089,4781,5134,5492,4834,5172,4897,5211,4884,5077,4916,4948,5066,4929,5093,5282,4628,5064,4408,5475,4913,5339,4974,5367,4865,5171,5341,5601,4771,5422
4813,5156,5172,5600,5384,5581,5720,5655,5091,5415,5281,5397,5158,5065,5091,5804,5188,5400,5062,5486,5115,5066,5428,5207,5453,5884,5568,5339,5125,5424,5410,5293
4810,5629,5014,5691,4828,6169,5257,5556,5081,5292,4755,5832,4800,5705,5183,5731,5318,5748,4862,5899,4912,5704,4793,5920,5102,5673,5083,6095,4723,5803,4992,6327
5740,5252,5465,5182,5267,5193,5529,5382,6060,5405,5614,5280,5353,5494,6037,5030,5428,5177,5493,5106,5703,5144,5406,5061,5434,5035,5316,5170,5310,4771,5558,5120
5410,5511,5691,5306,5438,5942,5118,5337,5589,5519,4793,5776,5292,5629,5371,5312,5839,5407,5353,5573,5239,5734,5192,5778,5326,5625,5332,5238,5261,5557,5563,5510
5058,5421,5442,5629,5134,5332,4662,5823,5280,6111,4819,5595,4909,5558,5096,5275,5381,5552,5268,5342,4901,5980,5170,5632,4954,5519,4914,5742,5163,5428,4834,5371
5365,5331,5085,5121,5078,5427,5420,5470,5310,5547,5045,5053,5495,5343,5163,5028,5204,5340,5247,5260,5346,5207,5065,5081,5379,5502,4890,5487,5107,5616,5560,5985
5199,5215,5284,5716,5293,5684,4748,5386,5004,5350,5103,5275,4959,5823,4708,5483,5201,5613,5230,5659,4962,5650,5426,5372,5690,5729,5023,5465,5059,5636,4886,5704
4715,5046,4670,5181,4845,5656,4436,4644,4641,4940,4806,5321,4275,4831,4754,5755,4748,5264,4699,5504,5198,5539,4542,5576,4719,5260,4947,5342,5062,5591,5042,5282
