708747093021,2651535940596,764271887997,1022194772893,761883303651,978204125460,754498637337,973480817135,773478363690,767730779862,748722257669,759018108749,725634531972,732704112297,742827858363,737396567168,604923281408,730522839580,731742610989,731000498308,730516399110,732049075677,728660078347,728212976169,735663009848,721748426964,725183509272,718334385257,741097398153,1126416552508,1378205945950,5221119544349
708786103556,2651574415404,764277554893,1022199329457,761921832076,978236332339,754518740120,973522230030,773480924968,767734977825,748738907447,759024236170,725638217253,732721921863,742831390212,737422409000,604928582788,730547102125,731755393424,731018748869,730523070310,732083134959,728667664649,728257496077,735684659727,721757154672,725188231628,718368515203,741103138364,1126512430941,1378210212758,5221208910434
708792089165,2651596256109,764296353963,1022238286332,761965350384,978289633078,754637294011,973527257742,773521897774,767767233314,748764644720,759043099562,725677520540,732740065932,742872273050,737426983385,604941021149,730554917766,731762972856,731028078606,730542136767,732102479074,728735136299,728261350079,735718217417,721762713461,725231782409,718376794959,741134326148,1126523817112,1378223901853,5221222054617
708853647775,2651625405844,764300500949,1022247781668,761987253453,978353492512,754663361600,973549802105,773531349600,767828831738,748779934541,759047417587,725683244232,732745623942,742940495771,737444646867,604976063644,730561906180,731806819116,731058867471,730597867391,732147927834,728758883968,728265237930,735742191612,721796740801,725238887426,718418086242,741137470853,1126565572539,1378241179260,5221237916678
708858593966,2651675718931,764318142396,1022295475621,762020587587,978399564433,754666547395,973631919468,773557643693,767941805001,748782871765,759086212155,725694374218,732817782628,742946466041,737472254475,605002235722,730591204398,731834606769,731145289673,730616785875,732190562901,728786033502,728290435414,735745544197,721867307314,725264856728,718454846499,741148564726,1126597063430,1378244178620,5221263284903
708892301874,2651682546768,764347037466,1022330674071,762055482002,978419385709,754697464118,973636534545,773612440920,767978046117,748801185188,759094902895,725719823211,732857835493,742985996022,737499793726,605030006152,730624230457,731841339066,731149972450,730627894650,732209892181,728844172206,728296866211,735795068814,721934144213,725297823987,718488274714,741184946926,1126620340400,1378250875488,5221274089613
708919211493,2651727312791,764350499162,1022335434563,762129178132,978451158710,754705096752,973667635227,773636768254,767982770595,748809445093,759171350790,725739934188,732943426060,743019639955,737582087663,605033577117,730663570574,731915301701,731157260592,730703251674,732213888247,728883197440,728317159829,735841800233,721974623754,725348310263,718523361194,741223318631,1126644065880,1378292948571,5221302838869
708959001316,2651746286560,764374803457,1022398899195,762134364895,978470715651,754712336918,973704810744,773695182396,768061011948,748868316196,759222682174,725764761059,732972791509,743046713911,737607584013,605064138847,730678652353,731954659839,731210216236,730722623031,732223057553,728922376017,728321749353,735866790534,722057328363,725394303555,718577184481,741284528525,1126681410538,1378362340851,5221325737033
709016047525,2651770224094,764382109044,1022436792733,762162112769,978499246694,754746640969,973734016766,773735691747,768081765920,748911278735,759238613525,725800124299,733002595636,743060839720,737613212063,605089976214,730686160815,731960164194,731279838726,730751407415,732234343378,728948608659,728324992143,735874359323,722084744377,725441518981,718599226100,741324848456,1126709745403,1378394059788,5221382940464
709036556243,2651795285026,764403851737,1022489877095,762193581324,978535983842,754754499058,973737329217,773740702242,768128437238,748919352943,759264848662,725827446495,733022883334,743066418327,737638633919,605140292822,730691772360,731965939514,731325286591,730821567424,732252932109,728955207627,728360280713,735890821619,722104416516,725451921696,718604424822,741345551859,1126777913731,1378423034004,5221415213430
709089495273,2651839959301,764460160667,1022495054850,762259810228,978550816993,754778270242,973768995117,773780431442,768143099567,748954992417,759279831796,725875808624,733028562834,743102319666,737656074253,605209392752,730751424862,732030937498,731335938808,730953781690,732269117684,728984917970,728388987177,735935454879,722153801826,725457158563,718641555550,741383964634,1126821370111,1378514145579,5221453815215
709120462744,2651857661292,764492870864,1022512875741,762331836248,978555061669,754825081168,973785041563,773791350587,768165921778,748977596114,759309120523,725881307509,733113909751,743107732841,737659569955,605298666544,730789832480,732098459798,731341092008,731011828379,732336843534,729011521539,728469462024,735956283752,722211434651,725504920833,718668628947,741441573825,1126826497955,1378554078431,5221557353680
709171024538,2651867303453,764496820155,1022564244865,762341311225,978590311272,754943414389,973790014564,773816964670,768207280386,749028435595,759367655721,725906416923,733134858653,743112351376,737736869548,605342143765,730813308369,732102600024,731387646507,731018657557,732359101027,729033202183,728477055342,735996827890,722293530822,725557121067,718681683729,741469602588,1126851961489,1378583721721,5221587159457
709176986388,2651884747802,764500557676,1022730913165,762347501875,978595046983,754947974626,973793517830,773847444984,768297748210,749124017188,759373734617,725908910158,733142872822,743166249310,737739913222,605411745775,730862282332,732164149699,731391737521,731044595643,732401243523,729036874372,728502551351,736025704095,722348702682,725576771814,718743109607,741492992009,1126890546085,1378604391725,5221610189527
709179968886,2651941034960,764529727214,1022736669500,762356478509,978643382806,754978276302,973798395422,773918779299,768315532790,749178194097,759452010797,725983000172,733193946347,743193460998,737770822585,605439258059,730909160977,732186450220,731394924506,731058256263,732406318010,729039975615,728559944484,736070327624,722404010173,725581791634,718750184806,741504758961,1126921852470,1378609692374,5221641724182
709206301083,2651971024053,764552038998,1022740571348,762362296089,978671340630,755011112510,973831022428,773924688765,768345600812,749208730828,759457659754,726052257610,733232272191,743199896700,737801607769,605448244365,730915218520,732270169312,731399634384,731066332318,732412277120,729045914600,728589673898,736113055357,722428880226,725618593094,718806514400,741566407284,1126929691728,1378618431223,5221735645099
709237655896,2652054225582,764557003928,1022782581570,762384252635,978732174687,755015144063,973859388818,773928751273,768350789580,749213662018,759462064261,726093107590,733256851080,743207631148,737826234307,605475958944,730963663334,732274827637,731532320764,731094816818,732436905004,729066390291,728648371826,736125229876,722435583673,725626744084,718812356152,741577541301,1126939369963,1378667164637,5221785526814
709242501449,2652059760590,764582495407,1022814120684,762429331238,978793409711,755019051233,973864800211,773932419167,768357964051,749241909677,759465687031,726122635898,733306146200,743288410686,737854277977,605528085456,731016961071,732280011622,731593943290,731111002125,732446515978,729114737981,728654774131,736141337978,722506379145,725658876615,718818337882,741581314235,1126981237763,1378712244484,5221827328408
709251146295,2652074727730,764591485740,1023009253033,762458316891,978804054736,755045583369,973927010337,773940451531,768368118785,749251013063,759470749244,726130823780,733357787252,743298143913,737891242091,605567702147,731078058571,732429921827,731627764220,731121324690,732659617690,729166067836,728674977530,736174857455,722632302497,725714701700,719005021416,741665284599,1126999252748,1378736760746,5221833528825
709255457539,2652118106667,764663196489,1023082942600,762491241860,978852542717,755050005539,973946457137,773947250702,768439542098,749255500876,759537908071,726161518633,733418885529,743309244253,737915599101,605583205483,731082092228,732435039221,731735006074,731149822239,732666003309,729202266780,728740115047,736178717492,722657032680,725744681017,719037050152,741693780131,1127038291669,1378751107462,5221867908295
709286241544,2652125825975,764690264270,1023145442030,762521446394,978889427640,755052811137,973979278756,773979264330,768450134088,749311647642,759542953255,726165558274,733530642480,743415712743,737951366402,605614640839,731087118213,732464291731,731742877700,731155269145,732704640438,729206666048,728746035053,736182512824,722687154132,725799474093,719041910682,741718429532,1127053152104,1378792975852,5221898218240
709335661645,2652148628161,764700623705,1023148668977,762551343538,979044779796,755059302310,973983840444,773987081453,768502181274,749316517201,759546673886,726181363755,733627872577,743447447556,737954474893,605727206052,731095453525,732494215859,731797035847,731160675924,732751285635,729227887734,728778354259,736219336643,722726572580,725803664081,719047755449,741758501545,1127089789030,1378801636066,5221914462817
709398186501,2652176628141,764713851802,1023237480037,762617013659,979148570625,755232906548,974013242659,774000304506,768534947482,749448480921,759726439141,726217036627,733686005474,743529615662,737958632529,605774887198,731316682669,732562076031,731839282461,731406940288,732755097442,729262611911,728889038799,736254368703,722777005945,725930730641,719084536065,741904976065,1127160028929,1378869708598,5221997736246
709442048953,2652180701646,764744974574,1023250225476,762646993641,979191287409,755266794343,974038911501,774025182179,768563373375,749468379157,759767209185,726252503616,733693782817,743537746946,737983153114,605788583031,731368278527,732587668328,731869374463,731452778260,732826275522,729286144899,728920936013,736303780510,722801751414,725936024245,719111855950,741954414404,1127205511037,1378948041483,5222009481881
709468135209,2652231907647,764750506125,1023301435733,762718108556,979232224177,755293595266,974139753892,774056954557,768567895504,749500897395,759787718271,726286316840,733726870595,743543996014,738011375252,605834263269,731410167976,732610089879,731962155864,731500788355,732941244401,729292838323,729056339008,736348060026,722811433472,726001689504,719174666850,741983203647,1127227377123,1378953167078,5222072151279
709474230391,2652314469385,764816370187,1023380219460,762728574767,979319731149,755320358665,974205167196,774089979202,768594363996,749508496417,759793120780,726334644576,733812899760,743569980718,738022607102,605870455371,731448233420,732627809081,732008182546,731515447357,732982492593,729328546987,729105625110,736352537498,722839494916,726028077832,719259409904,742000756475,1127283054575,1378960040887,5222123152865
709484121383,2652361158265,764847885607,1023495292486,762805542788,979324439974,755347637794,974233645710,774190633559,768597623696,749514814425,759858845382,726421713758,733847305233,743598153715,738051568978,605899799117,731453183279,732652694839,732038911480,731587956081,732987841106,729398765947,729111636300,736362798386,722899917835,726041854188,719290047768,742007241671,1127310184641,1379007695224,5222142767676
709604193998,2652412619433,764913782429,1023526602887,763000251122,979469675174,755406049311,974248000756,774294881480,768707836429,749746282948,760039482818,726659456604,734042643177,743633288657,738111097119,605933440681,731585760595,732665014954,732188308420,731666667934,733016617678,729527555171,729274751506,736402031817,722954653784,726126922780,719414241449,742150778551,1127376504781,1379018479313,5222170751320
709631125537,2652447591864,764961377041,1023593431257,763035192587,979532460326,755411879566,974301091027,774338820977,768712774468,749750748326,760094955110,726680740047,734065840251,743768130431,738136230075,605975941640,731675696455,732689388277,732197483220,731716401498,733022755177,729576030089,729279434083,736433630859,722959456400,726193534783,719444594409,742173953041,1127422029034,1379047552478,5222177323945
709661420195,2652501326266,765046044125,1023599829607,763104772014,979571782595,755423482259,974321157067,774467139008,768717256017,749759413320,760129678515,726713929995,734099496439,743797729124,738142613721,606043078546,731698535236,732725861622,732227242128,731751088182,733108733852,729582487278,729306299447,736479523693,723009665812,726224598888,719481425492,742218969989,1127428863197,1379076183018,5222209539833
709666819772,2652691492932,765084331852,1023649551649,763140279419,979602653590,755429208024,974353696755,774495201695,768827762277,749826305449,760319146982,726719744675,734105721316,743826272514,738200503518,606052965826,731731500355,732781630409,732233379559,731765372609,733119908071,729609783317,729405557822,736484034284,723023552604,726230052610,719537331503,742242942427,1127436355503,1379105516378,5222217909031
709689411537,2652741920076,765126669610,1023762668005,763197724085,979607367813,755477010177,974382971997,774499194355,768874072675,749849151219,760325332783,726744775966,734138909702,743831870740,738231954038,606106952592,731738550629,732810231549,732284477095,731778645168,733218484526,729665796746,729433712624,736491226691,723052070713,726262573381,719543239954,742268304476,1127533968322,1379129278989,5222242870175
709697594390,2652778673930,765162278744,1023797193768,763211935028,979681647974,755503049948,974484988203,774505291063,768943774434,749856558306,760330892927,726748891548,734190564843,743836931919,738242226173,606110512912,731785494164,732845114669,732287952435,731784989175,733272963351,729676306980,729439176008,736523442005,723144036787,726265970580,719585075674,742272155484,1127591534008,1379163170031,5222305556093
709741704999,2652921060691,765364614590,1023855948399,763382225972,979717579718,755672842991,974657187183,774661208426,769068537662,750054845955,760421503654,726914916217,734258048083,744212619388,738360709130,606275507847,731893008182,732921949068,732489451343,732099892511,733351267895,729819972804,729549052398,736763732117,723278405991,726398190363,719783746038,742343414277,1127765296057,1379241539876,5222435362179
709776658630,2652942601573,765370786090,1023884645888,763412678620,979723862830,755703326716,974718355672,774667118874,769090752446,750060362887,760425082826,726920613072,734294914123,744232819338,738385611912,606322354081,731928531128,732926845135,732526066634,732147446190,733379850006,729872570340,729603860447,736788425217,723343888344,726419241846,719787443138,742374087987,1127771575334,1379317053513,5222463750980
709809532235,2652967781729,765376243327,1023892682972,763492093852,979736078370,755734031692,974724096278,774713074699,769097053617,750119274971,760430890778,726968947074,734299732732,744269516776,738390744902,606376139727,731937733580,732962518705,732551203019,732201829816,733428932664,729906908311,729628241550,736825530395,723372216926,726445625781,719829953617,742423934707,1127800187560,1379344000064,5222490402677
709844867487,2653035776848,765408818323,1023923648812,763619926848,979772732222,755757204579,974762100611,774823251387,769147930759,750154011623,760531326686,727024560714,734365662849,744273601180,738524528479,606406971774,731966432252,732968690465,732575326515,732233340515,733434993758,729966143833,729671338022,736847236022,723418412149,726463030014,719869915555,742482778204,1127864585126,1379350899066,5222545008875
709848928387,2653115655005,765412192192,1023974430649,763623839272,979777216847,755761170456,974808498341,774826845383,769246505731,750204472981,760563941615,727027145735,734395602150,744279351347,738572793872,606411725010,732042622256,732972931191,732624216972,732238607511,733491736238,729971568908,729706719456,736850916673,723422988041,726494702858,719887533565,742510847554,1127909276224,1379355476394,5222613569094
709856691986,2653164645986,765445567080,1023999747041,763664624848,979793457026,755820566147,974814667660,774862711847,769281142476,750224427119,760567004684,727113205037,734400834805,744308677039,738628333147,606481674837,732141925854,732998786647,732649984279,732243320706,733524374685,730002810260,729752918572,736916106220,723426256077,726552716480,719913044488,742536929835,1127988257204,1379363168236,5222683154482
709864923914,2653173135698,765454821169,1024134354894,763669869756,979837460609,755874193181,974828669151,774870417297,769321711506,750259225033,760654520081,727168944831,734407380957,744329970699,738789835491,606561949108,732151636032,733003862305,732663996875,732247512607,733555829623,730069119261,729826305254,736924032741,723471806170,726594251882,720002828782,742545791781,1128030565017,1379439661737,5222746144145
710093201779,2653500177128,765836899213,1024462037888,763902745354,980076698258,756074654006,974959772834,775152375255,769684607800,750446294289,760959593933,727477149613,734633672613,744641473373,738893718685,606869276935,732566543675,733109782237,732696347992,732556547422,733836095119,730515916859,729878993294,737199158471,723769064855,727091300673,720353990116,742847793636,1128400387748,1379746927187,5223028366124
710159658692,2653636182803,765865590865,1024645274797,764106873259,980088786530,756149304129,974994049075,775255521523,769692998054,750567352116,760990016456,727480610643,734660184187,744647287187,738924048264,606922684075,732597448979,733141707582,732722161139,732582864463,733869472153,730639085882,729979027372,737248792645,723774333562,727337763333,720384405395,742880933628,1128460874352,1379752103257,5223038497621
710165492401,2653660629970,765910384795,1024731638538,764142698876,980112287025,756174936470,975042662276,775280569235,769720919323,750611089440,761036431076,727505993891,734764235598,744658998839,738965838941,606978151563,732630355600,733179734940,732749995919,732638075743,733939224207,730676909462,730020095805,737255345371,723778184315,727363542533,720435294822,742886597257,1128493181426,1379788088771,5223048929833
710171445386,2653715254286,765994623777,1024754935866,764160682770,980175986768,756267943373,975074638709,775351888425,769750569131,750648818252,761042482025,727510876152,734814717786,744663794331,738970220641,606983708049,732709629514,733184485546,732819578457,732645251730,734017303522,730684245995,730027182088,737272601387,723805578568,727367738521,720457793618,742925015772,1128511367991,1379819275621,5223056350230
710202218995,2653762979284,766000416027,1024788194420,764199221602,980183747966,756366641450,975079929601,775399948767,769754639457,750674840331,761063740617,727566844263,734898779416,744668164696,739098592171,607031161435,732801990233,733244885129,732843020413,732650876021,734043402535,730765369650,730097095950,737277436090,723839034971,727371064623,720514606943,742957368650,1128586904359,1379846788440,5223087662967
710207004565,2653791991724,766008341458,1024843726200,764274289891,980204871692,756372951714,975179189880,775455076942,769849178340,750697745015,761070905839,727582739650,734929846269,744671790340,739117977728,607047390343,732882225074,733267485207,732895960582,732656749055,734094544779,730787556460,730106627478,737283169958,723879834214,727382117310,720523018490,742963640351,1128644444072,1379872862756,5223137649472
710305646691,2653813322795,766089869431,1024847560477,764280807697,980243557948,756393336533,975210754531,775481892856,769854632974,750783903088,761123572360,727589334222,735061420213,744732149632,739159005347,607126991402,732968973920,733295019876,732901075017,732723885097,734101577400,730873174065,730148441584,737299927156,723885478360,727389036862,720534667342,742972696500,1128690025338,1379937564785,5223162245089
710309256183,2653874211688,766140239398,1024898529011,764351391632,980271098553,756429535137,975245567448,775554022054,769858955914,750790401629,761151463085,727670837343,735066652597,744741292227,739185176613,607152897678,732972955936,733362388647,732949996074,732773661845,734111774967,730878833345,730185334799,737385718561,723957568315,727419065517,720609285924,743044240851,1128744666558,1379943689571,5223219838786
710314943056,2653916234292,766143748124,1024923325254,764375385643,980299571762,756435042721,975271614785,775610450649,769863621821,750890160133,761183352947,727675097532,735097961642,744746870738,739252298813,607159816966,732991772202,733440559119,733147773992,732923228248,734161473129,730925414476,730201496926,737423041853,724001913020,727425236783,720614523935,743070764629,1128771642969,1379961818600,5223226252059
710359814881,2653984845442,766163272331,1024946461436,764380795216,980303739803,756441084682,975302378882,775633676218,769868214508,750951661604,761219922676,727764662822,735108394680,744794890812,739317271562,607179830853,732997925275,733445162802,733164764265,732941201090,734186009876,730934314436,730236233690,737437613990,724024034154,727444771859,720620133772,743149679040,1128790670543,1379968382681,5223267703361
710637074177,2654406014567,766556292984,1025325818062,764591840621,980633408730,756573062212,975544222836,775861547436,770180123548,751245172858,761339399364,727992692983,735851789524,745252901123,739807798062,607453102552,733377320052,733815244297,733401524774,733204460912,734412513652,731315191663,730565629346,738005065676,724301974137,727828357961,720971731249,743640786041,1128994110738,1380177044037,5223698393964
710667198489,2654410627886,766612319930,1025367053021,764597744028,980690983251,756591915860,975586079825,775868735063,770188941637,751259693744,761357071627,728037277796,735943087597,745297943465,739869768272,607569998513,733382342027,733866663136,733429470665,733292987325,734490721591,731372888522,730638016169,738063513075,724306315124,727891584561,721035804793,743745077867,1129027264208,1380239022046,5223721377426
710672958682,2654473619385,766650876315,1025421035043,764697794395,980735253476,756602489999,975614640757,775889201888,770208036476,751354636186,761391507420,728087202035,735971883029,745304153551,739896084942,607637506607,733443224568,733949546474,733460919952,733298331873,734527272768,731378933058,730674187547,738122645267,724309828419,727932651828,721040414907,743765638739,1129105991194,1380243280944,5223728555564
710678895278,2654505057120,766680630830,1025477094464,764780199003,980791183908,756683847040,975649871631,775912676885,770241005648,751359410818,761449157065,728162588029,735976477478,745308973526,739902016605,607732401202,733448275683,733976551258,733541470359,733347068898,734555156959,731446521512,730760794105,738160111343,724433023953,727962575824,721044949628,743825947340,1129117899311,1380270127823,5223760721861
710711835886,2654538861378,766712760683,1025530026019,764783738125,980804591725,756703746232,975735591014,775968624370,770295164296,751381187650,761475538201,728211953250,736005966459,745341873684,739936175745,607835843074,733475397257,734053480096,733546489286,733353025419,734580529834,731453707688,730824961036,738170300299,724437875860,727970601925,721096306799,743860220279,1129165849124,1380322387497,5223811482352
710747758654,2654562308661,766768728391,1025574626708,764797968925,980837655885,756734765132,975767192126,775990423656,770383591609,751430790699,761534482982,728220579095,736042874240,745402417027,739940888479,607925118746,733482203181,734062268183,733550941875,733409514650,734662026957,731529236748,730845552436,738201714430,724459950120,727992945283,721105813353,743910197346,1129177886338,1380342291921,5223823662376
710776727635,2654567179660,766823868097,1025598748796,764893617133,980892672937,756740660320,975773231902,775997377334,770422261898,751435779360,761593115641,728248688835,736125149924,745419695178,740050954366,607977333028,733494539213,734067723087,733575607959,733413395981,734712527633,731557233470,730869777317,738230233801,724467003894,728017836652,721166634203,743937439955,1129255812484,1380366598262,5223907718057
710800267210,2654601463567,766873800108,1025603457632,764900827488,980916940542,756770272587,975831160167,776023060182,770428762074,751464416468,761597308290,728284687172,736159114951,745427320951,740059286275,607983960692,733501133819,734154792738,733582218573,733471532676,734773317213,731563751411,730965788829,738234250342,724479723869,728047605658,721282674023,743996359535,1129267645221,1380429406773,5223951368325
710807013331,2654621352092,766928741447,1025607894646,764932060882,980934169625,756774389597,975885638937,776047476660,770445775626,751509053552,761670166982,728312739119,736195253046,745432310276,740077538262,607988836826,733533029481,734160925317,733606507021,733595432791,734802764944,731650257853,730998144790,738306236342,724512154802,728082429407,721309318417,744097549322,1129272382066,1380451635197,5223977190672
710831771448,2654649146087,766933580780,1025611637891,764958500766,980987956847,756778523740,975966484380,776137920557,770474149773,751514505920,761674983595,728324967869,736250364368,745467982439,740160039930,607994236908,733565475368,734191983280,733661902650,733683930735,734930460091,731658721983,731004014264,738333103198,724516817507,728089895516,721314163907,744134154127,1129305432318,1380465571665,5223985933740