4127,3335,4585,3509,4140,4043,4145,4038,4346,3816,4634,3872,3903,3667,4171,3615,4124,3505,4753,3550,4943,3510,4063,3726,4100,3445,4215,3636,4870,3645,4887,1400
2750,2951,2924,2876,2693,2932,2535,2916,2739,2782,2682,2802,2891,3052,2717,3014,2874,2638,2611,2763,3187,2812,2885,2849,2948,2901,2778,2555,2701,2988,3228,3610
2428,2661,2454,3028,2348,2741,2659,2540,2628,2359,2568,2556,2569,2732,2128,2718,2483,2392,2775,2782,2734,2902,2658,2857,2954,2910,3131,2811,2796,2827,2497,3422
2838,2517,2973,2725,2966,2804,2964,2871,2662,2883,3279,3102,3105,2757,2961,2902,2917,2637,2768,3045,2834,3104,2962,3007,2723,3261,3152,3126,3134,3052,2755,3771
3531,3668,3140,3378,3170,3178,3553,3526,3522,3458,3262,3644,3047,3452,3404,3595,3280,3563,3465,3570,3153,3643,3066,3792,3392,3719,3191,4181,4063,3999,3495,4038
2439,2772,2643,2470,3082,2921,2676,2963,2761,3182,2606,2447,2698,2897,2922,2549,2325,2825,2560,2714,2739,2851,2672,3331,2817,3131,3121,2725,2631,3045,2870,3259
2653,2675,2270,2665,3045,2875,2703,2773,2577,2859,2166,3007,2364,2681,2446,2370,2427,2728,2325,2792,2396,2773,2608,2760,2766,2427,2491,2694,2400,3068,2690,3188
2700,3275,2946,2687,2992,2717,3139,2874,2830,2945,2912,3250,2690,2939,2704,2911,3237,2806,2881,2793,2989,3116,3234,2971,3176,2997,2925,2795,3012,3135,2965,3788
2368,2785,2323,2536,2422,2477,2090,2482,2441,2429,2522,2492,2483,2684,2667,2638,2476,2615,2573,3095,2369,2658,2460,2506,2359,2739,2410,2824,2592,2757,2499,3396
3166,3007,2760,2987,3008,3082,2905,3135,2976,3186,2432,2893,2703,2807,2575,3461,2837,2649,2380,3229,2587,3583,2550,3222,3171,3281,2842,3386,2587,3430,2828,3772
2774,2919,2993,2520,2813,3140,2958,2590,2573,2638,2878,2871,2527,2751,2891,2731,2385,2988,2600,3164,2623,2481,2851,2811,2612,2678,2658,2609,3008,3045,2975,3781
2834,2916,2735,2731,2923,2513,2935,2929,3021,2536,3068,3067,3080,2904,2781,2717,3328,2933,2502,2977,2868,2834,2760,2443,2629,3190,2893,2592,2837,3371,2602,3368
2989,2846,2868,2535,2608,2476,3220,2584,2991,2514,2571,2301,2602,2536,2505,3108,2758,2481,2563,2699,2641,2407,3344,2953,3137,2826,2872,2572,2884,3225,3068,3459
2782,2934,2694,2662,2399,2379,2667,2612,2475,2862,2661,3058,2918,2587,2804,3016,2746,3114,2651,2936,2672,2738,2427,2930,3001,3123,2803,2671,2584,2909,2773,3253
2897,2528,3005,2291,2935,2479,2799,2896,3005,2593,2607,2428,2916,2505,2810,2819,2987,2471,2679,2740,3086,2717,2996,2633,2764,2740,2635,2558,3017,3092,3028,3385
2787,2810,2713,2796,2807,3048,2900,2608,2807,3206,3032,2933,2774,2808,2947,3157,2821,2752,2983,2789,2571,2656,2496,3382,2657,2840,2700,2680,3002,3442,2765,4223
2563,2915,2590,3046,2662,2879,2834,3018,2592,3005,3145,3130,2763,2729,2944,2910,2750,3017,2912,2958,2718,2986,2594,3158,2847,3132,3174,3174,3071,3377,2786,3587
2884,3213,2907,2731,3035,2701,2930,2359,2798,2777,2997,2711,2872,2637,2890,2854,2936,2809,2720,2467,2902,2632,2748,2403,2593,2930,3165,3317,2860,2819,2679,3773
3086,3359,3418,3675,3395,3449,3744,3086,3464,3132,3635,3488,3668,3080,3515,3254,3448,3577,3634,3547,3557,3257,3427,3640,3446,3195,3646,3328,3599,3510,3727,4795
2717,2836,2742,2639,2459,2781,2599,2794,2493,2509,2421,2702,2392,2784,2694,2470,2308,2731,2345,3129,2452,3550,2479,2682,2665,2691,2486,2950,2280,2541,2600,3620
2781,2665,2397,2443,2755,2354,2822,2759,2912,2314,2851,2657,2731,2596,2391,2262,2673,2791,2686,2537,2897,2649,2616,2799,2784,2608,2368,2719,2640,2422,2293,3541
3055,2926,3026,2963,3333,2867,3005,2827,3476,3052,2974,2893,2975,2687,2813,3410,2818,3202,3184,2929,3125,3208,3166,2939,3216,2353,3174,2859,2975,2875,3122,4056
3315,3222,2977,3617,3191,3377,2669,3340,3233,3560,2964,3291,3089,3471,3215,3035,2990,3062,3060,3274,3373,3193,3299,3287,3236,3276,3031,3357,3044,3210,2959,4361
3495,3628,3674,3997,3467,3849,3737,3943,3447,3710,3431,3616,3568,3357,3802,3477,3566,3986,3502,3815,3582,3593,3194,3710,3562,3924,3465,4096,3526,4010,3681,5893
3318,3403,2977,3663,3433,3259,3497,3878,3611,3393,3432,3540,3288,3480,3551,3263,3429,3310,3098,3747,3009,3263,3397,3780,3292,3693,3223,4007,3496,3695,2987,4590
2835,3307,2678,2995,2874,2681,2710,3104,3008,3467,2631,3049,2773,3074,2632,3211,2979,3311,2935,3150,2855,3148,2729,3515,2779,3166,2677,2942,2641,3160,2765,4406
3250,2852,3208,2939,3011,2746,3113,2917,2865,2883,2979,2799,3145,3222,3132,2934,3014,2865,3250,2680,3633,2907,2884,3287,3180,3169,3235,3120,3354,2952,3307,3800
3630,3191,3067,2998,3339,2740,3352,2781,3279,3084,2999,2984,2829,3477,2998,3297,3131,2880,3611,3318,3223,2859,3217,3298,3281,3218,3019,3352,3296,3004,3585,4270
2885,2750,2699,2398,2532,2246,2688,2613,2898,2612,2699,2261,2868,2558,2837,2367,2794,2492,3114,2517,2734,2389,2802,2290,2671,2671,2612,3219,2739,2543,2851,4111
2853,2929,2961,3133,3044,3073,3009,3048,2982,2815,3217,2735,2737,2617,3035,2731,3100,3768,2968,3101,3149,3425,3210,2864,2890,3136,3100,2818,3082,2821,3139,3803
2799,2979,2853,2711,2676,2529,2780,2786,2782,2637,2715,2618,2845,2757,2754,2788,2393,2807,2643,2763,2736,2761,2456,2693,2591,2735,2578,2917,2710,2786,2820,3757
3317,2628,3305,2562,2790,2407,3047,2821,3001,2654,3152,2746,3373,2536,2912,2663,2891,2582,3013,2499,2833,2522,2732,2913,2987,2363,2855,2279,3036,2802,3047,3529
3057,2615,3386,2396,2988,2487,3070,2860,3016,2372,2832,2563,3017,2498,2574,2357,2765,2429,3179,2678,2601,2808,3257,2780,2923,2696,3545,2402,3169,2644,2798,3285
2979,3084,3361,2903,3061,3279,2845,3387,3077,3429,3032,3228,3617,3358,3137,3017,3198,3472,3011,3372,2754,3173,3010,3180,2777,3365,3274,3354,3337,3305,3215,4612
2880,3287,3007,3434,2813,3134,3031,3246,2973,2848,2889,3271,3092,3800,2904,3248,3294,3703,3063,3360,2834,3110,3378,3414,3037,3062,3075,3598,2693,3143,2995,4726
2951,3328,2812,3167,2706,3335,3018,3152,2638,3072,2839,3211,2738,3028,2956,3334,2723,3172,2910,3266,2942,3473,2908,3284,2923,3231,2897,3691,3000,3572,2891,4221
2671,3108,2709,3048,2847,2776,3068,2791,2603,2852,2406,2810,2610,2941,2498,3305,2516,3264,2357,2833,2356,2902,2331,3277,2250,3018,2478,2978,2466,3185,2569,4238
3208,2922,2945,3085,2838,2961,2925,2726,3027,3021,2866,2687,3071,2951,3686,3416,3114,3450,2961,2815,2838,3123,2670,3076,2848,3173,2858,3083,2999,2572,2869,3987
3030,2876,2763,2572,2693,3174,2798,2434,2841,2834,2993,3149,2902,3122,2986,3011,2922,2926,2845,2753,2850,2661,2906,2885,2603,2869,2914,2882,2750,2818,2926,3575
2733,2966,2983,3477,3078,3003,3033,2669,2990,3000,3396,2809,3086,2828,2687,3063,2989,3395,3495,2981,3019,2785,3117,3095,3305,3334,2768,3320,2913,3536,3171,4509
3331,3905,3424,4019,3074,3732,3529,3794,3346,3571,3596,3803,3225,3568,3357,3585,3608,3936,3540,3449,3424,3584,3486,3562,3865,3469,3521,3960,3384,3799,3370,4842
3734,3074,3035,3004,2908,2969,2766,2979,2834,3146,2888,3098,2680,3028,3030,3080,2774,2745,3253,2900,2989,3210,2903,3425,3102,3966,3415,3281,2749,3317,2779,4404
3165,3224,3281,3081,3246,2986,3408,3206,3091,3056,3131,3043,3386,3181,2817,2933,2896,3359,2921,3126,3051,3008,2932,3052,3209,3071,3521,3171,3243,3430,3045,4311
2982,3021,2595,3012,2711,2641,2741,2969,2639,3083,3076,3020,3036,2773,2955,2802,2868,2796,3072,2862,2678,2848,3317,2875,2854,2994,2949,2751,2845,3004,2897,4070
3229,2922,2908,2911,3008,3204,2833,2980,3077,3009,3011,2619,2857,2875,3667,3078,3482,3101,3094,2734,3378,2951,3190,2898,3184,3024,3229,2848,3084,3081,3515,4211
3030,3081,3040,3818,2495,3333,2690,3537,3053,3174,2820,3701,2888,3192,3048,3390,2952,3459,2866,2660,3137,2983,3162,3345,3042,3241,3521,3317,3192,3687,2988,4529
3149,2936,3187,2748,3108,2977,3037,3111,2906,2855,3080,3473,3119,3509,3462,3289,3275,2990,3434,3034,3160,3097,3030,3265,3117,2928,3034,2888,3100,3254,3242,4150
3060,3132,2964,3091,3122,2978,3349,3237,2967,3268,2867,3529,2966,3271,2815,3435,2900,3195,2734,3146,2715,3458,3066,3151,2828,3103,2951,2809,3444,2922,3119,4024
2965,2958,3263,3430,3298,3221,3199,3491,2877,3127,2681,3542,3101,3377,3263,3590,3136,3508,3147,3476,3366,3608,3533,3419,3100,3423,3124,3107,3447,3463,2957,4322
2855,2881,2492,2724,2563,2570,2990,2851,2385,2619,2794,3081,2739,3055,2927,2854,3280,3255,2787,3127,2632,2853,2576,2609,2553,2759,2720,2776,2369,3151,2337,4093
3315,3207,3212,3285,3695,3576,4173,3318,3820,3719,3286,3533,3502,3363,3527,3271,3604,3586,3480,3298,3522,3371,3428,3499,3603,3177,3677,3360,3643,3432,3081,5012
2931,2420,2666,2393,2787,2702,2585,2490,2687,2689,2219,2800,2627,2475,2806,2735,3160,2655,2634,2852,2517,2710,2911,2547,2933,2800,2748,2403,2865,2430,2600,3626
2825,3484,3007,3116,3224,3286,3066,3344,3152,3634,3188,3166,2936,3202,3217,3400,3231,3365,3374,3354,3331,3769,3186,3436,3217,3433,3026,3477,3256,3432,3379,4672
3123,3309,3294,3303,3060,3065,2919,3300,2714,3119,2826,3444,2904,3078,3071,3234,2817,3289,3312,2952,3201,3233,3425,3115,3088,3251,3141,3544,2995,3169,3347,4640
3432,3442,3615,3730,3504,3815,3585,3804,3871,3202,3052,3108,3668,3268,3664,3508,3334,3630,3372,3541,3680,3478,3522,3492,3445,3561,3988,3718,3748,3563,3854,5441
3431,3544,3364,3228,3032,3260,3200,3344,3114,3477,3326,2950,3535,3864,3412,3322,3226,3535,3143,3508,3295,3603,3534,3110,3048,3290,3362,3588,3493,3566,3443,4632
2451,2785,2635,2799,2725,2677,2985,3062,2710,2616,2972,3042,3075,2393,3171,3161,2778,2943,2673,3012,2801,3334,2982,2626,2847,2718,2841,2899,2630,3131,2959,3825
3081,3408,2998,3118,3328,3171,3167,3466,3633,3392,3304,3403,2616,3047,2975,3128,3079,3029,2973,3388,3096,3519,3191,3101,3128,2993,3154,2876,3149,2947,3183,4016
3679,3701,3425,3659,3788,3872,3589,3419,3240,4112,3576,4046,3055,3553,3435,4012,3548,3375,3551,3661,3038,3908,3164,3558,3674,3491,3258,4213,3494,3836,3249,5867
