123408745,153740448,40051414,21149434,242415707,28795838,51501742,19189367,107548279,99926091,348376711,24802190,316917840,314503846,220564389,298473578,269929389,30393283,184075637,94052629,48293969,140619973,42860801,92557119,38568838,29093367,190816304,161756206,125967115,88997661,242005096,5402703734
173189582,94604649,629997751,88211523,19097885,334795076,158799465,26216983,135907375,22688889,381326559,67851338,135743607,230071687,95593028,178715280,109943017,25890971,332215694,230338397,21516109,313759515,100126288,38191612,94242054,92635241,88183008,164766091,92014881,241767660,205252855,332538914
27518696,290316187,86405471,463860929,164374214,387417216,295863262,168463067,234798568,169988375,315309504,241745896,383139442,215910179,158170077,85865563,24508938,109019414,147101900,344288798,91903057,20901939,100241885,258896111,168377383,172195256,313067864,23817263,255981090,123603560,308128268,268776055
455485935,40969259,477768592,82578649,189270487,274182229,361593921,98987284,131643626,21358635,89734080,22750104,18745489,26364124,86036311,24172436,138682091,176126888,96103906,29643860,328862760,194111611,28820519,230020446,105510359,28896095,81299228,251933899,167031290,204574539,34628590,417794245
227186528,30941831,184904146,28452654,114565673,25715347,290558701,385957895,60590692,170930932,242253925,100298351,114165075,251714398,101677170,318464160,349376266,102217649,212283742,43194969,46116634,32022922,228707186,181187315,189759198,209559979,103542413,103835673,181534626,243286344,324781001,398605908
85731760,48520792,15358089,486080720,68509581,383428412,279316470,403829124,170559340,214921203,172718943,175456091,263564913,280395407,164807900,289999481,121865824,167412331,16156798,423701869,15738298,48830096,99798808,327261041,165102988,176520240,55766731,275882549,90746105,188030733,17734878,231872535
22704167,209358285,540514592,101754378,177649118,159398254,286029470,398954311,165627902,330311594,386793701,252989851,165772751,192108950,36707819,417266524,65707486,332688333,162548506,113545379,33701073,246883293,24232994,61086300,395881221,176017249,310087991,88256521,244738021,410208580,236857507,206648472
102190169,337157764,18262329,575814140,368081262,704010312,322306851,242939665,230045825,290809682,162169505,416556324,19580514,243502591,166478248,81300802,234847637,231493902,153439690,223236571,164564181,154532814,95999064,125878464,24115514,149515655,114143936,399185536,67291103,23883605,21179922,242377944
20068162,244266855,471398954,20553378,165547025,176180211,230071796,167774017,92366536,98616357,10994589,309454936,244882274,86988213,171546817,243391402,479133750,90903259,35516893,389178686,15109273,169261658,87374792,188957555,405170627,173901494,170485132,828432255,15618106,253193666,263817604,298410150
73031629,19693056,257457658,241647994,203208216,255313486,100396978,90009617,179856010,373033222,98021380,175337468,28232706,221042024,382576711,239826021,660853643,524600624,469391320,162178270,173630974,176793865,110606549,91919086,98715241,180220878,110694616,252869666,325278714,119266661,232149771,510314331
252254725,411360739,58971484,399986140,177122438,271538118,35822757,104043252,186345643,152176079,74346388,213399694,237667207,304144979,183264453,32326183,158825248,229674517,246013336,318931499,98916704,140218993,185788505,235503110,25560125,608798948,102543820,96988475,97559063,273469128,21350962,422914586
159736558,35015658,15233987,355220359,83263672,248922654,17465405,73621842,96266308,267942551,315585454,47044756,95830611,97238944,88691333,165376019,100594060,209153095,162832620,255519540,94630529,111939401,21065695,166606873,238997288,106394069,583141506,161129373,161053935,102105553,170671004,255692571
84762815,121834303,101669208,30370438,110415677,681446692,34085273,276722173,100806308,175857836,257178341,281628614,378947164,182423324,99308088,161105970,126645553,68236818,169061967,194525875,125202510,172241594,97648422,175405231,112416273,333094186,326202967,102908542,171305442,171837561,55042339,309009930
17948377,203182670,439133797,526347666,19660848,379919931,158133296,322640602,297923905,165692937,223879431,266292557,88525212,69340987,240180017,249608757,15783653,175786333,90347728,618060825,189650505,93431679,94936987,166094765,167335119,27891632,247242562,104675472,30344409,248925569,86915856,383082177
83163248,133484864,156308516,559619459,366950892,21148634,27960210,356912561,530321718,231185085,83207410,226563832,307449181,139689956,162965917,362263792,387382274,305393892,113046639,182168329,24665488,84213168,157266954,374649399,179698607,299788118,194336800,372594865,17667715,275294825,229144428,119158663
246580217,433640844,247314781,103094220,98892194,249600745,28823256,183207661,19281678,38177296,18221682,462813850,19367472,521071124,509770067,184426195,38876443,353841415,221613134,19059067,29617506,165513478,236000007,325474238,16984786,321700515,246497970,328148489,228725698,81670389,265370808,217410070
229184953,465825139,292295088,246516283,87092518,231907322,90786904,617370902,90010290,399852834,180788575,354134317,155251615,361520527,262292389,474258744,243493235,194742704,20474104,286405163,230299448,239307616,91036301,47379048,99343026,98294784,150352761,332710030,179901482,231533824,28968323,505760449
95962122,224657284,162257245,21284180,156341827,243784006,95745431,293363003,233414970,224233714,325896868,109355950,101005094,167978749,93011964,86677607,314325376,229364816,240152177,308678104,100014233,386865722,103304092,22569341,96536750,79146098,236735971,663521931,86635427,271324477,252935959,74121288
30932612,42867671,470025956,730201183,410351822,180164256,113823500,367414678,106689819,156553200,328684611,258323268,172607170,333983049,33446656,157852256,148267260,181249517,428990063,235680265,265311698,161825090,190392689,448917502,48535951,169756425,37630308,331585229,292273555,119780213,114430188,536730664
11828006,94496599,14541650,85138780,160526937,103326801,21912913,472751642,165909701,49589263,92443147,20132369,155838768,79147126,15646366,163667829,78404339,252847801,13095201,277807466,171412307,47157080,136264079,111039581,41425323,96112006,156212515,220490734,149805013,91487445,15160808,113164350
242088963,75643971,24209332,238502343,237149790,251823556,145652310,89005400,141054459,162057853,767053983,95493689,224712717,24644592,163742746,381814912,269542673,138673799,163145157,167033144,302249192,161136687,228666787,86807300,249290922,206630724,432333623,95915913,161041726,167188587,230540666,125485097
22309273,23055402,319156991,97099593,215680864,181785816,297725082,22744790,265837869,98407834,530611802,230438020,329297676,352715813,21709567,51576365,104034842,101212655,322260717,20924214,173679465,214934504,311432232,108770249,391677725,284330703,283559424,321696891,106850233,521131161,180409845,393760975
181250640,242138691,28248427,107112345,162287638,200964470,23415786,98440572,93391545,362630788,98661332,326275709,26339010,91278900,101217632,343463244,21040249,277518129,105310857,358111305,25493937,251495247,115230557,101287008,160391099,115128425,93377703,452564548,20285068,152774943,38087558,406525499
169064057,256769403,107334800,381422049,94782972,266403268,96302999,113328312,28831453,403853204,92015411,166732875,156127513,400883100,23899910,33839675,22675226,111053577,165246011,164112493,176322113,239527464,94168553,167113880,168211818,191913564,247073719,55703582,156508438,63199392,155962160,156153767
52484867,312876970,80955966,323553304,97860898,328296431,30213281,179397537,89899226,71967581,31487196,172076170,28535448,207833949,36409663,138278753,90722249,34292213,21926616,295544386,94092649,232695241,102494356,334944223,93441895,120290744,95306033,219251336,86273515,50508923,27809241,199471883
252695306,334678466,99069766,350197565,207915964,460070390,56149243,181523423,22536913,285471795,328045280,323785395,19583466,125875381,157057629,426672308,19996856,661130413,83989016,269192619,76428144,311922136,248783098,118962725,159848284,180331300,302276998,36894382,173820251,252512124,180169550,627930633
24224116,104281567,26206464,903205398,304444057,362446874,23767171,186628377,297985668,360212708,103694715,235918990,107942359,197384095,110449789,160297359,23208345,295742496,101841053,163738581,95114988,101913077,192829736,98789542,101040563,230142080,22613698,221333774,28719229,110452305,23814417,135051342
114766520,237271737,175870777,190280848,106488569,107357103,92105326,122110099,14230885,176927894,96104773,266247675,280419136,279319171,159547196,192392294,121636453,226355329,326083945,149042732,436217368,386910586,86553577,130488619,222715725,273028183,370958362,385173836,313983911,273585175,268177298,219757645
169561855,100699140,100290526,18338622,90939223,163379527,331794171,17678756,96843651,79072469,247254009,252770759,45118823,96653373,270444357,111380181,21064563,177570802,168971411,465401236,161285516,621445707,579532880,86553807,15754424,68234732,241530513,202937349,316604938,342059058,158594279,166174895
25684294,23480578,18404988,201361744,20245718,233305838,232658000,387865287,17237935,319151471,19209198,534778187,18544171,415364492,176092989,102569512,86580321,215623602,35012953,177237768,90536908,390872090,21406569,506935314,80176020,608342927,176879831,262997696,96541114,234402281,23628445,176132549
18854830,484751525,108281063,96171065,23711812,91041184,261463878,331332353,238560969,881643868,267311890,541663554,399124733,241964084,87424149,618800622,98748370,236434552,322195921,589104399,22176106,166500654,166957277,95811920,43328950,163982496,19487165,233041119,93855792,184897757,446420965,107746599
96407237,30887452,103327719,324762062,319534403,239451890,327061048,221971693,352205264,98102990,178298330,64871991,244989646,217202585,23780099,97845337,21468002,59771783,17971484,175814445,59703801,360784166,118226066,43656201,98286083,21464810,103699728,23890554,26243557,137416013,26500698,101713674
34245245,43700455,266536784,319770780,160587817,46855227,459381028,173681324,174390490,267676228,20313676,365454998,383039229,176269501,130208067,99471295,236649388,170721233,145305866,407184111,189219767,109280652,28960602,24894512,272829991,53288081,372427500,170687417,315217986,93258931,166331368,85986732
138947918,305903631,470233215,285539821,367783284,165065129,293044638,36356026,197445202,44340193,667120868,324918322,290685812,268472452,369460732,249640454,111811074,390729840,100694420,101081978,338004386,228870140,468302191,88886132,571948921,243872957,257012241,304675323,561139983,201484305,264061927,212622502
36579797,205260203,35392677,28203943,267218802,159630550,45883230,174419357,84600973,97175740,178637633,23494438,117568673,27932667,42756723,98959603,128558746,92789259,178149698,17944348,38699540,257651625,342213479,32137390,331903778,117269373,186643680,25876467,531757457,106539998,99715119,409926379
20296820,156880165,94033094,103926468,23735573,364026284,17504828,317073792,25735428,244693466,93410798,238987430,89858922,288615989,22919491,747249571,232509311,237038725,250994227,242136154,26871006,575904978,96279199,310590929,139804015,428052232,18526320,262971004,107229926,601093875,97505175,898396317
16021584,294715834,167484958,369150562,171717829,311520554,36943449,107541602,614273486,250879055,89661609,178005862,248051731,24999607,100087510,110376812,311631281,307731973,89021710,173060403,308451179,101074341,165484506,169962073,238274196,362587210,162554029,176724143,319558038,391285094,239590736,243110543
343721141,182497403,20019116,27626379,20250244,472562236,167286862,28442550,298510557,26064663,170861453,311987358,97269400,173712119,146948303,172652291,66289791,247528482,21389149,388366446,94068576,217795811,89261082,211950577,117011007,177280613,17654717,217184804,48789769,131509050,243188012,145788681
230537271,110527293,247777246,249672729,302881265,316941923,93271689,239758883,29139372,177718429,28983027,189064918,223969141,313720884,97484641,232610007,82111464,169794966,174488834,101355031,305521483,160878551,243592658,171312810,128875896,382425435,40932769,101939208,32617229,193805240,326984143,130518466
94444643,245269272,165503873,160784729,254234665,310584777,27355825,107912033,28745937,183913679,190373049,453678898,96773950,314895805,157147994,650087402,257936367,254223892,21904303,24348268,25101634,374627696,94207016,244748443,107239334,253893267,246844882,78219428,173872809,103010458,247465536,216806819
501654708,178668752,802727643,504706886,273219299,523654751,431230243,262000178,252977772,322013298,301239150,276051565,317420921,317203816,736591593,575461932,199311659,159080590,380712836,175663531,267941921,406843918,566015975,327618659,401775248,355660503,107116722,139454340,276394873,554204830,407184104,359954727
24444197,21053302,312574420,179520554,47837571,104547036,100102345,249519551,501403166,84539604,448784109,236410585,95623673,93286808,292525066,408794443,107669980,93167580,109441002,22114602,327442665,88638946,176420900,27266023,171414370,112712236,424882417,23112894,104513416,99385751,38257825,150260189
411704208,349006631,312972045,168697444,81605372,31944092,100562440,93912383,374489303,159404418,157114816,84973575,91012161,131194677,343310451,277836137,96180239,180037313,261113715,426194652,168139014,101308979,308907005,306055760,24869149,382703460,199915196,285068764,327746890,105499987,21016885,577038882
457376612,236989141,306273455,175736433,254919198,161738866,229968830,381362457,513247067,210007432,364031348,354793528,139535869,73974664,28401371,173936445,393529493,23571131,448633251,454897108,313106687,97952183,446143295,152825806,235305171,175309744,622341971,397388495,154721434,183075624,237012539,446426526
143080475,229558465,84458727,301981530,183563076,235816664,301710110,95514780,412220323,220680177,139545590,165630821,317354956,22533319,25025706,366761961,93562286,163095479,20089452,20240852,24552294,22180403,90097936,175386133,102388871,156308729,24793450,162774886,76653957,308299634,91655493,259839062
341899257,227462403,87383588,33664875,375469316,315973484,319945758,159940659,18935903,100852391,23560444,170320119,169674939,325528633,108136032,32382865,101946494,186018421,24363789,350113697,27935923,166812350,95628380,144490524,164413144,119776218,225847255,239769825,96546003,30886768,91526514,693334476
55263280,391642935,25847536,234234534,37427455,735143804,35361365,316061353,97708641,368677347,30329104,159705579,111321469,314699925,100818751,375530617,436679922,374773964,136683197,127524030,174359685,103074934,25646408,461244542,328912697,136496282,115678937,103874539,31918288,27024348,26874242,467528858
99538593,579145546,102373010,27052534,20811888,140847863,19133779,40440175,22267222,159966710,162786273,107974373,27418097,183808144,160776359,320871741,20517604,369575609,30287281,237849106,20327626,101984547,18905483,25829240,153221933,813495939,173092954,116355020,154670775,37819892,201114803,103775844
248705356,301371569,171097625,125193313,310019359,245008638,247539477,237027082,236547031,239638216,99068124,100609025,174744221,234459999,330140016,351167951,118090979,172178029,186210600,93858260,162978544,76164780,244563687,195429666,403921897,169909782,79182404,87804803,357043461,248859976,177331171,255378530
853554275,299861650,480823725,221476543,396218646,1299451167,288945979,707941407,358225401,312836897,599791006,465145815,306157217,429695280,639017117,759697009,482395294,383639365,168366735,246337270,426574656,609615147,523804509,670939894,682116237,697855272,742747991,387602127,406563062,610118863,466926750,397248913
27625697,447882958,30922935,99274705,34902451,423546711,30834003,391194684,104201659,367762612,122754891,117011693,247946621,439870172,98008359,165085954,33210480,450924153,34654524,242277307,26895218,663252329,31627545,573628617,27826228,320995056,106123605,203379304,37064882,400504499,31275512,338241890
159439302,252734295,33736689,265910129,115576579,693835136,141849416,132117574,371589797,199364879,92651340,210761112,18024636,234576379,234047184,29011915,161828492,182111154,19131671,163437049,79805151,438711552,93072216,178277593,66961241,27380342,265632461,271068421,110124732,167490823,103541643,72577074
95847257,376733982,165984154,344070738,94261496,243478013,25764360,344306806,248832197,24984949,21457699,401736384,312015388,103686620,170247845,107482957,172683695,497501477,181344434,33479680,264876564,242041919,468532353,177348078,25045292,110085510,217536546,340485355,325878718,167471636,29061739,584324083
222940168,177813339,92230036,164495601,86801549,264590847,31397130,429614963,20068562,378101777,26131439,325348782,85689122,367252709,21616058,180957054,85627792,187068529,163480828,558492816,256312035,552516425,64254072,179538498,95473481,166593285,21641869,174646787,172806480,163764265,96070756,115966965
175084513,244960865,107116995,164796586,241418018,725297681,34124755,114536078,30763683,95925756,251279035,32436400,31891931,32854561,29560694,120124608,23708959,235076160,115335559,39944787,40908083,46616846,94803835,275301888,368701544,101857446,39587042,456678390,176061677,261995521,29183972,131969455
96924244,147447145,73128181,252661173,102517536,94165781,105939501,376531734,110231265,502530760,221682656,181963400,19792345,111623432,24626975,322844144,48964348,503733019,165097478,432936937,108269075,110099676,248155462,172264085,94802961,168859300,113681062,168941123,159037814,370870822,89874644,346220635
590022785,695012567,656997805,400335348,426626446,478998365,313372586,393260480,269336299,525673729,405421144,622197411,256770223,1258804560,281869356,285038045,385918669,338364750,463591463,752608116,784981573,506785508,249126684,364302543,220536273,290403193,616956903,301151645,368060204,795686685,260676501,741423690
253422575,228415382,92434739,313696410,239960582,412493432,162542393,165197009,283261839,107344978,168025660,234330197,155559978,249891373,341893131,314314613,384078082,224657760,26968690,322204548,100805071,463393081,244981938,308675388,365973874,520563299,22026664,425930464,62891911,316043939,185474874,186025457
29803096,270945298,24396142,172271925,31680885,319836732,254335594,35939110,31482528,42030702,31029264,89464409,20579305,106463493,38280920,119887866,184759552,264769025,27396496,270878599,182149176,76445468,87985980,378863551,229276038,178073918,30279132,112733582,23690724,245584294,42802948,312630719
