219,697,875,105,512,2,46,0,4,0,537,0,380,0,3,0,48,290,114,40,196,400,279,55,36,14,368,22,69,0,1,68
210,1031,1013,124,667,2,35,0,6,0,674,0,518,1,0,0,8,582,3,47,61,155,201,56,50,16,297,31,75,0,0,12
208,1002,1065,140,592,5,39,0,2,0,700,0,512,0,1,0,1,284,0,67,30,212,231,59,46,21,278,33,58,0,0,15
200,1010,1077,121,654,10,33,0,0,0,703,0,542,0,2,1,1,392,1,40,36,161,313,65,41,14,466,18,61,1,0,17
209,980,1037,125,624,13,39,1,1,0,805,0,519,0,1,1,4,277,0,43,23,141,247,71,55,21,267,24,59,1,0,35
220,3051,1044,102,674,9,25,0,0,0,816,0,448,0,0,0,0,557,0,47,25,142,207,70,54,17,470,27,61,0,0,7
217,992,1087,119,561,8,46,0,3,0,886,0,434,0,1,0,0,224,0,58,37,185,320,58,50,25,349,22,63,0,0,9
218,1179,1104,112,609,5,35,3,1,1,821,0,495,0,1,1,0,342,0,39,47,151,207,63,62,14,470,25,70,2,2,10
227,1065,1039,109,673,1,41,0,2,0,824,0,433,1,1,1,0,274,0,62,71,224,194,63,50,21,276,23,54,0,0,1
226,961,991,130,597,1,39,0,3,0,741,0,417,1,0,0,1,449,1,44,17,237,115,88,53,15,262,29,54,0,9,16
220,1097,1111,128,643,0,21,0,2,0,719,0,456,0,5,0,1,366,2,51,13,320,244,81,54,13,375,23,68,0,0,21
237,1049,1053,122,622,2,28,0,1,0,777,0,482,0,1,0,1,191,0,65,15,196,172,61,52,20,417,29,60,0,35,11
211,962,1056,98,616,6,33,0,3,0,728,0,448,1,2,1,1,133,0,51,33,160,225,54,49,18,634,27,59,1,0,9
225,899,1014,90,595,4,34,0,11,0,777,0,474,0,0,0,0,496,0,49,31,179,240,65,44,10,508,35,70,3,0,5
212,1001,1080,123,612,10,53,0,3,0,841,0,479,0,2,0,2,551,0,46,70,143,242,57,46,21,1240,24,48,0,0,19
208,1027,1008,133,703,10,41,0,2,0,837,0,551,0,1,0,1,498,0,45,33,176,203,78,58,17,396,28,49,2,3,8
237,919,1039,123,611,0,18,0,0,1,692,1,499,0,0,0,1,277,2,50,12,189,191,59,55,13,378,28,52,0,1,12
227,925,977,115,596,6,27,1,2,3,794,2,482,3,1,1,3,225,1,52,25,112,232,65,38,22,379,31,53,6,5,13
240,1145,1117,144,690,12,42,0,4,0,581,0,525,0,1,0,0,265,1,51,51,118,243,69,44,16,1083,28,47,2,0,21
240,1018,1098,117,644,1,36,0,1,0,829,0,442,0,0,0,0,223,4,48,46,187,348,59,34,17,454,31,46,0,6,2
240,1187,1085,115,666,3,50,0,2,0,762,0,512,1,0,1,0,391,2,42,70,235,238,55,50,9,428,24,49,7,1,13
232,836,1021,130,672,3,21,1,3,0,864,0,540,0,1,0,2,358,2,41,17,172,278,70,45,14,668,27,65,0,22,6
238,1012,1087,119,624,3,31,2,1,0,780,0,523,0,0,0,0,211,0,48,8,201,265,60,49,20,322,32,71,0,0,15
221,1166,1100,134,679,6,34,2,0,0,711,0,547,0,0,0,0,243,0,45,37,124,188,61,66,14,549,21,64,1,0,12
239,4318,1066,111,665,8,48,2,1,3,731,3,550,2,1,2,1,272,1,57,52,180,210,55,47,15,423,27,62,3,1,7
213,2533,1057,135,636,3,39,0,2,0,832,0,462,0,0,0,0,186,0,46,36,224,191,57,42,21,1142,25,59,0,0,3
200,2108,1050,131,637,14,44,4,0,0,721,0,521,0,0,0,1,263,0,45,19,126,206,66,55,28,429,25,58,0,0,10
221,1014,1045,101,689,4,29,5,1,1,791,0,519,0,0,1,1,429,0,32,34,179,253,53,48,20,399,31,56,1,2,9
223,1040,1095,117,623,4,42,0,1,0,718,0,451,0,1,0,1,218,0,47,21,175,192,55,47,18,476,39,67,1,0,12
235,977,1076,120,640,3,37,0,0,0,707,0,461,0,0,0,0,141,0,47,26,100,167,56,60,24,489,36,80,0,0,6
226,969,1024,129,603,3,40,0,0,0,862,0,390,0,0,0,0,152,0,61,48,90,210,72,56,21,564,21,71,1,0,2
216,908,1076,118,569,3,14,0,4,0,856,0,411,0,0,0,0,207,1,45,9,162,229,66,60,19,472,32,56,0,0,8
220,1031,1012,107,609,13,42,1,2,0,777,0,431,0,0,0,7,201,4,61,31,110,248,65,60,16,447,26,46,0,1,10
235,1013,1106,137,583,2,19,3,0,0,798,0,534,0,0,0,2,268,4,56,11,177,286,66,39,16,453,22,74,0,0,7
240,1155,1066,128,656,1,44,0,0,0,851,1,495,0,0,0,0,321,3,48,22,183,260,60,57,19,389,24,56,0,5,16
221,953,1116,125,572,2,30,3,1,0,815,0,510,0,1,0,1,487,0,39,38,146,238,71,57,8,514,24,57,1,0,3
223,894,1048,111,575,3,39,0,0,0,771,0,444,0,0,0,0,708,1,40,45,293,214,78,50,16,401,26,54,1,0,12
220,2254,1033,98,655,10,44,1,3,2,813,1,505,1,0,0,0,697,0,56,24,340,185,48,44,13,286,30,57,1,32,7
204,7974,1108,137,682,7,54,2,1,0,831,0,535,0,0,0,0,214,0,70,38,219,118,66,56,11,915,26,68,5,0,3
232,3953,1079,130,634,2,33,3,3,1,830,0,400,0,0,0,1,219,0,52,22,135,175,53,39,17,362,33,49,2,0,15
235,1035,1037,122,633,4,40,0,1,0,806,0,482,0,0,1,1,265,0,46,28,145,308,65,48,22,365,32,64,1,0,1
226,1070,1084,125,668,2,56,8,6,0,810,0,582,0,0,0,0,590,0,39,51,197,155,56,59,11,656,25,62,3,0,9
248,1008,1024,101,598,1,31,3,1,0,845,1,441,0,1,0,0,534,0,49,37,177,218,56,46,13,436,22,54,2,0,12
231,906,1054,112,605,3,51,0,0,0,845,0,421,0,2,0,0,239,1,42,58,211,148,68,48,20,497,31,46,0,0,11
230,1043,1051,107,661,6,33,4,1,1,661,3,512,0,26,3,4,335,2,47,13,151,232,68,48,12,723,31,63,0,2,11
232,1011,1029,143,686,4,35,3,1,3,828,0,491,0,1,0,5,251,0,53,19,207,196,51,47,16,320,29,69,3,0,14
230,1148,1070,111,648,4,38,1,1,0,694,0,509,0,0,3,4,196,1,49,13,178,237,77,47,12,392,34,46,2,0,18
249,967,1014,133,629,3,21,5,1,3,722,3,456,0,3,4,7,255,5,48,28,126,199,61,49,11,467,24,64,3,2,15
207,1124,1096,114,624,5,46,0,6,0,793,0,424,2,0,0,2,312,1,32,37,121,197,76,43,13,319,32,55,0,1,17
235,1041,1089,142,650,2,43,5,1,5,806,2,548,0,0,0,1,205,0,53,35,176,265,77,36,17,409,23,66,4,8,12
230,1162,992,107,602,3,30,0,2,1,634,0,447,0,0,0,2,257,0,60,8,144,729,70,39,15,355,27,56,3,2,14
233,1046,1036,122,610,3,50,1,0,1,831,0,487,0,0,0,3,647,0,49,40,250,521,68,61,15,227,33,57,0,2,11
221,1180,1086,111,661,2,29,1,0,2,797,0,431,0,0,0,0,455,0,56,18,103,253,61,59,20,699,40,39,3,1,13
208,5673,1083,122,668,13,30,2,0,0,634,1,496,0,0,0,1,427,0,52,24,85,161,60,70,15,293,36,63,5,1,12
230,4559,1072,143,682,5,50,0,0,0,801,0,548,0,0,0,0,621,0,36,30,100,158,40,42,12,471,20,66,0,4,17
239,1040,1014,120,605,1,24,0,2,1,790,0,418,0,0,0,0,284,1,50,34,136,169,56,53,14,267,35,60,1,0,3
214,1017,1122,127,655,4,31,0,1,1,756,4,567,0,0,1,2,286,1,53,21,117,335,56,45,11,423,35,57,0,1,13
233,1562,1095,111,635,2,29,2,0,1,643,0,516,0,0,0,3,402,12,41,12,113,387,53,56,18,461,35,70,6,2,22
229,1008,1087,123,624,4,27,2,4,1,747,3,475,0,1,0,0,215,0,45,6,223,163,63,43,11,645,35,70,2,0,5
