526,40780,13240,1743,8638,156,785,100,345,74,12481,67,11970,71,351,118,1113,19082,1569,1714,4614,37053,23119,1423,2210,25195,26326,1473,2206,70,166,1000
267,49327,15800,1437,11807,68,476,69,357,71,15712,68,15861,67,105,70,190,22601,95,1721,1118,40978,28993,1326,2539,28836,31412,1273,2369,68,162,1156
355,48638,16399,1297,11262,71,485,67,286,71,16680,69,15795,65,114,65,105,22409,82,1587,749,40843,28084,1370,2488,28348,32599,1497,2323,73,117,1195
350,50273,16246,1276,12307,67,488,69,272,69,16419,63,16974,67,89,194,61,22329,54,1608,661,41433,29992,1268,2577,30232,33205,1388,2389,152,113,1219
391,48598,16013,1472,11050,75,467,85,294,77,17330,65,15995,68,98,118,95,22581,60,1635,548,39836,28270,1352,2352,28739,31808,1420,2366,137,134,1182
329,54445,16102,1434,11774,72,491,70,280,70,17067,68,15794,73,84,66,79,23311,72,1659,464,41278,29000,1335,2464,30568,33078,1316,2371,71,132,1217
331,49645,16881,1346,10070,78,710,69,363,74,18552,68,14573,69,123,66,84,23821,82,1648,697,43450,27733,1423,2630,31110,34244,1487,2352,84,134,1146
283,48942,16135,1470,11031,136,730,99,339,101,17035,138,15751,91,164,277,148,22648,97,1590,784,40927,28034,1303,2429,30231,33101,1442,2394,289,200,1162
272,49922,16112,1328,11811,70,811,67,290,70,17211,66,15209,66,77,66,142,22230,74,1638,1167,44206,28148,1353,2481,30976,32186,1351,2295,77,134,1204
310,46366,15545,1478,10711,73,701,70,319,77,17219,72,14868,74,63,67,161,22541,61,1638,609,43019,26349,1203,2499,32175,30581,1349,2404,97,154,1118
300,50367,17400,1226,11753,98,336,73,279,71,16905,70,15831,71,149,67,93,23666,72,1781,295,46250,28759,1340,2433,32743,34534,1339,2374,85,127,1264
249,49603,16223,1352,11436,74,835,93,263,87,17366,77,16020,72,78,70,117,22813,82,1663,487,42536,28300,1343,2376,30840,33261,1331,2368,78,330,1187
291,49862,16363,1413,11216,86,502,71,437,71,16932,68,14801,69,96,65,179,22497,84,1619,650,41638,27528,1343,2490,30290,33845,1300,2310,80,135,1194
257,47862,15756,1356,11181,69,482,66,402,70,17530,67,15698,66,77,67,71,22972,61,1574,601,40536,28274,1321,2527,29530,32379,1334,2414,72,131,1141
374,48493,16153,1386,11340,73,851,69,280,75,17558,91,15978,72,118,76,79,23649,113,1698,1133,40745,28245,1349,2574,29761,34427,1389,2382,154,133,1280
663,49288,15851,1327,12173,130,512,77,261,69,17391,69,16671,68,87,67,164,23086,102,1634,716,40557,28856,1364,2519,29777,32268,1230,2306,135,144,1209
356,48672,16167,1365,10541,216,230,79,604,163,16921,111,15752,79,94,71,111,22607,109,1604,352,39477,27587,1374,2371,28324,32961,1309,2270,76,107,1147
280,46307,15003,1477,10439,163,337,110,342,109,16840,135,15044,80,121,93,202,21595,117,1611,521,37016,26766,1255,2376,26799,30844,1340,2342,231,90,1155
300,52488,16918,1345,11999,158,583,96,278,99,16083,67,16727,71,141,67,147,22668,139,1642,1182,40952,29467,1322,2473,30421,35993,1331,2429,126,74,1245
273,49311,16652,1436,11227,73,400,70,277,71,18084,76,15176,68,66,68,52,23191,274,1614,1091,43729,28361,1301,2525,31992,33608,1323,2335,74,86,1171
293,50986,16978,1416,11653,116,657,71,266,69,17330,66,16045,73,110,68,71,23463,222,1723,1113,43707,28564,1277,2515,31367,34086,1242,2315,158,186,1207
857,48187,15912,1307,11469,112,340,105,276,74,17914,68,16287,70,84,65,110,22928,180,1679,458,41816,28881,1226,2566,31405,33471,1266,2397,108,410,1180
365,49425,17021,1362,10908,106,492,105,308,73,17186,71,16341,95,106,78,62,22891,92,1713,334,44108,28665,1318,2538,31506,34024,1245,2365,92,130,1189
260,50934,16448,1404,11902,135,498,165,283,70,16922,68,16604,65,66,63,84,22651,59,1660,627,41829,28865,1344,2473,31148,33638,1158,2363,83,166,1223
309,56030,16065,1436,12078,115,565,346,279,79,16653,214,16516,494,80,72,83,22337,85,1577,863,41714,29396,1296,2466,30771,33066,1138,2464,104,176,1222
308,54160,16973,1491,10961,73,571,99,266,106,17403,69,15644,270,74,66,53,23066,42,1701,723,43097,28326,1317,2571,30253,36965,1104,2462,72,114,1205
505,51277,16096,1409,10908,152,511,125,280,78,16961,92,15689,102,82,69,73,22258,59,1521,426,41072,27668,1314,2382,30326,32815,1038,2360,74,145,1166
306,49794,16526,1263,12039,193,731,175,435,91,16986,94,16383,88,109,93,125,23158,96,1725,621,39316,29106,1399,2481,28239,33161,1141,2272,137,196,1267
323,50321,16600,1393,11629,70,478,65,677,72,17392,69,15611,72,64,76,81,22887,73,1659,554,42826,28347,1315,2522,31263,34214,1139,2289,100,166,1196
277,50006,16861,1432,10766,121,560,103,381,76,17022,70,15049,74,78,68,81,22366,57,1687,472,42271,27198,1192,2495,33679,33687,1045,2493,204,85,1165
264,49089,16111,1431,10599,163,634,68,339,73,17042,69,14639,73,487,64,217,22327,128,1615,854,40379,27321,1303,2478,30330,34086,1084,2488,116,92,1165
249,49374,16795,1425,9939,67,244,69,286,73,18054,73,14799,65,111,70,110,23191,247,1644,503,44369,27295,1289,2535,33182,34759,1061,2438,70,84,1143
259,48244,15967,1390,10754,161,506,110,293,74,17323,70,14973,72,90,67,181,22328,345,1493,823,42530,27301,1240,2477,33433,32536,991,2383,75,79,1143
250,50494,17190,1367,10499,69,334,111,280,138,17836,72,16013,79,84,68,148,23589,450,1725,504,41381,28420,1388,2552,30129,34857,1123,2362,79,99,1182
261,50474,16375,1391,11565,71,510,81,287,74,17134,74,16298,71,72,75,117,22741,156,1584,587,40224,29152,1328,2435,28538,32960,1125,2320,74,270,1199
265,48940,16645,1427,10466,69,334,128,265,93,17720,72,16199,69,73,68,158,23586,135,1671,689,42475,28577,1351,2460,31047,33524,1051,2308,109,348,1176
336,49242,16720,1383,10258,73,488,150,282,77,17089,75,15171,70,79,69,73,24293,153,1683,762,46866,27569,1321,2444,33610,34029,1087,2377,126,392,1156
828,51270,16654,1311,11518,171,541,109,292,96,17250,99,15349,93,74,89,79,23798,78,1655,543,42990,28033,1419,2539,28817,33129,1056,2333,122,326,1247
333,64158,17557,1349,11222,69,861,127,278,79,18065,68,15656,67,75,70,68,23791,89,1721,694,45422,28830,1254,2374,32052,36416,1042,2325,222,132,1198
313,56916,16928,1500,10809,92,366,126,484,97,17576,77,14904,75,83,69,74,23093,74,1592,443,40609,27545,1302,2366,30002,33763,1038,2304,147,91,1208
286,50288,16776,1335,11415,79,729,65,700,73,17297,143,15694,69,73,72,86,23013,79,1703,722,40425,28542,1347,2576,29701,34502,1058,2368,71,83,1212
304,50584,16535,1298,12144,76,575,143,1122,82,17014,110,17020,76,67,68,69,23414,91,1693,772,42331,29325,1320,2573,30303,34204,1061,2315,126,81,1222
303,49514,16119,1458,11007,146,457,102,355,72,17468,74,15396,72,409,67,64,23802,131,1629,782,43140,27453,1255,2511,31542,32590,1075,2431,77,127,1165
276,48662,16301,1404,11247,69,697,160,303,74,18595,88,15778,69,147,74,74,22952,212,1660,1083,43687,27965,1340,2536,31095,33774,1038,2497,122,79,1182
321,49130,15663,1382,11309,75,505,136,284,85,16448,84,15847,74,332,79,131,22507,722,1699,505,42108,28225,1268,2438,31039,33520,1083,2531,119,126,1199
261,50765,16285,1329,12515,95,389,108,288,84,17217,76,16793,69,146,63,264,22793,155,1609,507,40457,29585,1344,2462,28624,32973,1077,2435,67,95,1246
333,50247,16475,1355,11606,73,444,143,269,165,16179,68,15790,70,117,76,384,21623,127,1639,497,42099,28279,1290,2542,30673,32740,1005,2313,139,99,1191
359,49250,16192,1441,11385,101,383,255,310,230,16619,210,15193,113,151,212,193,21936,333,1600,499,38293,27529,1370,2459,28265,32782,1065,2357,201,210,1238
324,49683,16556,1334,10772,74,650,68,264,97,17461,106,14997,146,96,212,177,23069,295,1640,614,41724,27880,1293,2491,30878,33203,1062,2363,75,125,1186
308,51750,17078,1226,11840,74,606,252,278,254,17089,205,16695,71,72,71,115,22907,562,1661,805,41978,29582,1284,2444,29248,34147,1022,2255,146,220,1233
267,50210,15947,1349,11434,91,618,69,282,137,16470,69,15599,69,61,69,200,22104,165,1743,497,40534,29446,1293,2450,29340,32668,1045,2440,143,208,1195
414,48792,16449,1420,10505,73,734,69,277,71,17556,72,15182,69,63,70,90,23318,55,1652,770,43487,28304,1332,2471,30442,32553,1060,2220,69,520,1167
339,50553,16292,1384,11552,76,557,84,313,106,16771,74,14599,77,57,72,74,23472,58,1684,528,40851,27744,1333,2518,30733,33242,1049,2228,136,290,1191
398,58832,16595,1425,11389,83,344,103,265,76,16504,74,16160,68,164,70,53,23294,77,1612,372,41869,29127,1245,2500,32220,33773,1031,2288,148,536,1207
289,57468,16062,1487,11591,127,664,98,266,73,17199,70,16450,68,61,78,75,23195,92,1648,603,42486,28573,1228,2426,31412,32962,1044,2358,73,489,1196
307,49128,16512,1363,11255,70,333,147,654,122,17978,79,15020,68,65,66,58,23606,67,1664,679,44333,27430,1220,2525,34808,32842,1097,2345,87,83,1165
394,50921,17180,1316,11834,72,349,89,301,149,18054,85,16897,69,62,114,140,23951,257,1774,364,40754,30510,1364,2565,29707,34740,1151,2315,97,143,1234
299,51332,16875,1192,11690,206,397,124,293,119,15317,93,16226,95,81,145,332,22404,334,1696,571,37553,28723,1376,2503,26243,35151,1070,2365,212,123,1270
334,50397,17464,1370,10442,85,421,188,263,457,17047,104,15733,77,110,75,51,23080,103,1791,378,41812,28417,1425,2455,29901,35452,1056,2325,144,86,1202
