974,54204,14564,3437,9810,296,943,191,493,149,13646,138,13319,146,602,217,1359,26092,1751,3535,5252,50825,31757,2901,4562,35482,35776,3022,4528,145,406,1829
603,65521,17514,2769,12998,138,631,138,544,144,17907,143,17553,128,203,138,286,30751,163,3554,1520,55293,39362,2717,5179,39564,42958,2603,4834,140,313,2313
651,64182,17877,2530,12439,146,550,139,411,146,19105,132,18156,133,217,128,151,30364,129,3127,755,53716,38330,2770,5032,38392,44153,3025,4693,145,226,2340
733,66244,17603,2547,13697,131,603,131,387,141,18566,128,19154,138,178,393,120,29752,105,3228,1011,55372,40052,2601,5193,40682,44144,2821,4813,307,254,2401
716,64268,17292,2834,12328,157,527,175,441,146,19615,135,18253,140,198,232,161,30422,114,3324,592,53242,38520,2659,4753,39738,42588,2831,4722,273,266,2265
662,69150,17323,2785,13030,149,660,139,424,150,19491,134,18337,139,169,133,154,31236,128,3344,610,55832,39505,2680,4986,42146,44332,2698,4834,149,268,2426
616,65549,18455,2688,11111,146,816,137,599,151,21330,139,16544,141,246,134,151,32772,149,3347,885,59563,37497,2951,5322,43336,46679,2988,4856,161,262,2272
544,64179,17225,2868,12429,267,1221,196,512,193,19161,269,18092,181,311,554,329,30047,196,3186,1083,54613,38015,2625,4884,40905,43632,2925,4870,571,398,2319
543,66898,17999,2545,13406,146,1116,133,436,144,19054,136,17556,137,139,133,288,30093,144,3346,1562,59534,38445,2719,5178,43215,44248,2740,4583,149,268,2418
621,60801,16970,2917,11361,143,991,139,457,149,19860,144,17166,150,160,140,263,30843,124,3409,598,58035,35712,2437,4899,44929,41202,2680,4880,215,302,2178
587,66017,18829,2347,12752,185,406,187,394,146,19138,140,17929,137,257,132,168,31855,147,3544,456,58677,38785,2726,4975,42197,46712,2730,4769,146,260,2460
526,66250,17951,2638,12961,141,1478,148,431,176,19829,151,17894,141,145,138,277,31142,127,3385,718,58272,38611,2779,4994,43086,45514,2769,4833,155,664,2396
532,65301,17111,2784,12397,176,617,144,764,146,18802,139,17460,138,179,135,302,29849,155,3155,823,55960,37319,2677,4912,41123,43887,2514,4741,156,268,2348
537,64346,17611,2579,12842,144,589,132,565,140,20770,164,18302,135,187,138,139,31904,126,3300,957,53258,39290,2739,5138,39110,45568,2861,4830,289,264,2480
759,62393,17083,2756,12103,140,877,145,398,149,18942,160,17886,141,184,152,203,30627,215,3448,1263,56176,37190,2635,5071,42948,43772,2612,4783,161,254,2308
1344,66223,17703,2593,13223,292,568,151,370,142,20415,136,19011,130,141,131,252,31631,170,3296,919,54455,39279,2739,5222,40086,44976,2578,4812,274,267,2402
598,63698,17043,2695,11777,464,505,195,1118,266,18572,220,17982,157,206,145,198,30578,194,3300,794,52452,37408,2873,4748,37919,43550,2738,4552,294,132,2293
543,63459,16788,2909,12085,195,325,234,461,224,18956,252,17755,161,258,179,403,28876,264,3232,578,50954,37462,2507,4972,37645,42149,2656,4683,316,182,2327
556,66781,18152,2609,12871,318,636,130,398,189,19073,145,18169,134,227,141,211,31357,351,3364,1732,55726,39043,2696,4945,41978,47286,2717,4946,256,151,2387
561,66268,18366,2772,12628,230,617,145,391,146,19866,136,18047,146,149,134,97,31248,547,3227,2129,58312,38660,2529,5046,43279,44784,2680,4627,311,262,2358
566,65859,17779,2708,12960,139,535,140,370,144,20083,137,18174,134,186,128,141,31766,353,3579,957,59546,38931,2572,5289,44219,46444,2436,4862,145,400,2351
1738,64311,17432,2685,12352,219,364,218,395,150,20091,138,19020,136,170,134,182,30632,250,3256,576,56996,39157,2486,4956,42841,43599,2471,4733,260,741,2329
598,65277,18634,2595,12231,325,780,312,435,141,19879,141,18464,178,186,151,132,31684,131,3579,649,56211,39134,2752,5214,41597,46562,2674,4767,162,290,2404
524,67585,17321,2647,13839,136,647,265,405,144,18700,135,19051,132,120,136,153,29559,139,3192,734,54292,39352,2779,5074,41307,44629,2210,4918,157,311,2449
631,71055,18020,2880,12295,233,622,691,400,168,19351,433,17665,1071,155,144,111,31087,136,3387,1119,57893,38244,2458,5004,43582,46114,2297,4962,198,314,2357
699,68990,18186,3050,11460,303,623,241,374,204,20261,181,18104,517,166,131,116,31358,91,3297,946,58073,38375,2655,5062,41338,47564,2237,4984,146,295,2366
887,66789,17667,2546,13322,141,775,148,476,150,18970,134,18966,129,147,142,136,30562,113,3294,677,54881,38880,2791,4776,41826,45184,2102,4654,143,317,2386
576,65690,18055,2416,13550,380,849,335,750,185,18983,191,18217,183,204,193,249,30437,186,3338,747,54743,39738,2784,5153,40923,44488,2309,4566,282,376,2480
603,66166,18168,2815,12270,242,622,206,1165,155,19278,138,17695,139,132,143,162,30685,143,3473,690,55501,37636,2672,5070,41367,45489,2286,4754,373,196,2360
517,65203,17705,2819,12068,174,807,138,617,144,19353,143,17355,141,147,126,201,30327,166,3277,831,56939,37467,2488,5144,44895,45150,2133,5102,216,188,2300
540,66140,17879,2766,11417,286,563,141,494,146,19584,139,17491,134,1019,135,412,30845,192,3354,775,55646,37307,2660,5029,42138,46805,2146,5090,228,166,2283
516,65372,17798,2712,11702,317,500,219,387,150,20311,146,16780,140,194,141,221,30809,496,3200,1137,60902,37296,2425,5182,47593,45445,2092,4878,148,165,2305
522,63672,17924,2889,10542,141,533,137,410,145,20282,136,16669,136,148,134,386,31609,735,3239,1101,56473,36330,2664,5094,43847,45489,2104,4889,140,190,2209
491,65922,18161,2615,12860,143,291,253,404,280,19374,147,18853,147,152,145,274,30683,838,3241,875,52486,39070,2761,4927,38558,45018,2252,4585,166,168,2399
545,66751,18142,2658,12340,139,642,254,420,188,19845,151,18907,142,146,140,263,31651,300,3396,1151,56364,40231,2838,5074,41060,45231,2277,4801,219,649,2377
521,65839,18653,2827,11950,144,317,144,374,146,20219,142,18407,136,141,139,195,33078,292,3483,660,62047,38797,2596,4993,45682,46168,2160,4707,143,677,2339
702,64785,18067,2574,11223,142,612,294,444,152,19479,155,16533,139,144,140,135,32396,192,3293,1065,59701,36774,2867,5084,42106,45341,2208,4867,267,841,2345
1643,72847,18297,2771,12965,332,666,334,393,203,19685,184,18383,181,148,171,140,31607,164,3443,802,58577,39157,2630,4887,41742,45527,2156,4570,438,507,2447
664,74474,18677,2921,11453,149,1133,145,411,154,20738,146,17178,140,149,143,147,31854,167,3354,877,58076,37506,2507,4691,43601,47439,2054,4775,227,220,2411
589,66017,17977,2623,12527,171,773,238,900,186,18724,211,17207,142,156,142,133,30274,142,3258,782,52458,37479,2813,5100,38370,44691,2079,4642,283,156,2345
579,67546,18602,2538,13011,149,572,288,1259,160,20536,294,19335,147,159,141,160,32131,149,3444,781,57092,40153,2665,5244,43013,47614,2155,4826,253,173,2429
608,66186,17280,2698,13327,255,956,151,2125,150,18829,152,18358,143,152,136,129,31224,232,3460,1214,54473,38474,2684,5075,39702,43846,2174,4877,149,226,2421
543,64854,17648,2768,12419,157,550,352,467,146,21220,147,18178,139,865,143,159,31579,193,3277,946,59506,38039,2649,4946,43018,44864,2124,4943,248,156,2302
598,62878,16874,2867,11934,149,683,275,434,167,19071,169,17565,137,360,152,191,30186,559,3329,991,57182,37115,2477,5213,43064,44050,2116,5090,239,181,2313
594,67375,17575,2534,13614,196,737,159,412,150,19148,169,19415,140,546,141,292,31071,1287,3428,771,55518,40207,2671,5090,42281,45594,2266,5140,138,247,2451
559,66775,17625,2501,13522,141,334,330,426,272,18825,147,18653,141,246,145,404,29716,291,3153,489,53739,39512,2704,4947,38840,43963,2081,4610,273,194,2441
620,66178,17855,2852,12441,173,485,346,398,373,19107,143,17529,144,250,150,864,29984,156,3447,732,56133,37501,2715,5118,41793,43932,2139,4841,332,211,2338
681,63531,17390,2649,11708,163,733,304,434,336,18734,479,16690,274,281,681,383,30062,850,3207,1022,52859,36526,2724,4851,38698,43894,2054,4745,220,449,2373
656,68397,18965,2450,12951,141,691,503,406,507,20135,405,18861,226,124,156,307,31513,380,3467,712,57401,40122,2541,5157,42392,46723,2207,4633,296,275,2449
539,67250,17588,2569,13181,166,806,134,398,282,18322,144,18234,142,146,133,181,29767,1103,3432,796,52997,39404,2711,4848,38401,43759,1965,4887,288,473,2422
575,64064,17486,2824,11692,153,920,142,393,140,20270,141,17558,138,130,152,305,31067,220,3321,1216,60438,39269,2613,5093,44228,44205,2252,4608,140,485,2291
831,65509,17642,2713,12334,149,892,169,448,214,18441,158,16659,143,114,140,158,31498,112,3398,918,53906,36993,2684,4940,40077,43457,2052,4399,272,1055,2358
741,72252,18166,2734,12721,140,517,207,382,151,19512,141,18708,142,240,132,117,31547,108,3313,519,56364,40186,2598,5127,42813,46335,2148,4656,299,533,2402
615,73043,17608,2886,12763,259,760,138,387,146,19503,140,18256,131,112,156,138,31393,190,3426,809,57986,38505,2502,5025,44554,44877,2141,4768,148,1675,2399
598,65072,17956,2583,12729,145,502,338,1103,246,19620,158,17768,136,131,148,109,31823,136,3362,767,60475,37942,2387,5002,46731,44254,2245,4770,173,180,2327
729,66113,18132,2706,12589,141,420,179,497,301,20981,168,18913,137,115,226,210,32139,454,3538,734,54755,40625,2726,5243,41904,46130,2240,4759,197,236,2408
605,68143,18965,2267,13168,287,558,173,434,185,17768,184,18561,180,162,290,329,31200,334,3528,721,51057,39249,2895,5185,35919,48066,2203,4742,222,271,2496
611,66599,18592,2589,11928,267,387,397,388,911,18973,201,18439,154,162,134,489,30956,579,3530,678,55088,38910,2828,4884,40138,46670,2150,4665,465,174,2424
617,59722,16294,2579,11717,279,614,411,421,557,18112,754,16621,205,259,242,170,27792,233,3168,810,48917,35102,2486,4704,36238,40534,2047,4421,469,248,2208
