5526504240790,12345831634856,7558480511150,10564217043529,7530639619409,8561165364963,6630423824050,8227995551770,6907572100041,6782765471249,6262895662926,6390240976608,5424378799133,5775511834180,7657168862495,5749554019251,7457010332108,5098928435181,6031022464055,5046054749209,5669364089127,5265395853497,6238563739824,5092992925206,5150488016402,5226353272105,5230553088475,5091590212827,5156371565727,6483853308569,5897591134363,9737815063044
5526533859408,12346384364630,7559263564362,10565145320765,7531457302462,8561169728290,6630974358738,8227997532658,6908320890718,6782774469902,6263299762877,6390252084289,5424418708979,5775526942242,7658098733724,5749557675226,7457150907923,5098929383573,6031473186172,5046054856033,5669800499361,5265399299933,6239424991584,5092998906791,5150501735183,5226370714523,5230638328559,5091604979460,5156470666835,6483867305897,5897819501051,9738518160053
5526559529391,12346924720911,7560108706119,10566124190104,7532370533102,8561174849594,6631588051773,8227998851348,6909101918060,6782778186953,6263764367624,6390254764812,5424461974789,5775540463651,7659101805815,5749569040667,7457360093706,5098934044101,6031983775455,5046056649729,5670323169486,5265400581344,6240401925125,5093016127133,5150510939737,5226373443242,5230654361860,5091607679303,5156480805011,6483868814646,5897914150896,9738881865021
5526606439253,12347475566618,7560939539066,10567100455207,7533266898193,8561196114270,6632198602252,8228011615386,6909881723444,6782792353985,6264209744672,6390282759045,5424507718947,5775580562909,7660099644552,5749597903681,7457563741690,5098967493735,6032529089640,5046071824610,5670850360697,5265425218864,6241368897614,5093023695073,5150525907474,5226403096096,5230678025327,5091629081700,5156503948633,6483880318978,5898011353158,9739267796334
5526627988833,12348047550460,7561789242394,10568075385489,7534171761524,8561197265027,6632794026932,8228015017813,6910679124629,6782796043421,6264627360219,6390300126719,5424556070314,5775590870927,7661103352582,5749605884213,7457766255608,5098970329581,6033084137240,5046077782166,5671350541907,5265427803191,6242349370355,5093024944414,5150535612117,5226404241519,5230690660798,5091630362012,5156515680925,6483881698192,5898081467547,9739491449663
5526651069792,12348657841210,7562629759841,10569063389113,7535079964994,8561198588174,6633403248187,8228017026276,6911472253542,6782800092397,6265073532969,6390320499983,5424600097231,5775604219524,7662108186016,5749617130959,7457960583809,5098976113850,6033623360781,5046084358023,5671857875743,5265429405169,6243329337605,5093027241839,5150551231195,5226405883139,5230700157703,5091631751879,5156526757214,6483885435498,5898178109787,9739747991722
5526674000959,12349192351398,7563467579741,10570032249741,7535978642805,8561200062705,6633991403579,8228018276633,6912263921744,6782803801353,6265532979381,6390325442228,5424650759670,5775616025467,7663108920391,5749626776872,7458102539208,5098978171557,6034163985469,5046090997099,5672376449544,5265447961902,6244310465913,5093028450403,5150562401116,5226408399339,5230711668906,5091633046347,5156545994262,6483886918027,5898270296224,9740006789554
5526698683766,12349726540754,7564317704456,10571024153403,7536892319353,8561201299761,6634588346732,8228020018235,6913057545434,6782808303449,6265999503831,6390330392935,5424692340605,5775627763008,7664113888566,5749637975786,7458299062590,5098982720857,6034697073378,5046113084745,5672899174430,5265449336657,6245293049272,5093031325340,5150571900395,5226409925381,5230723788887,5091635019124,5156554531792,6483888290118,5898359124475,9740298690516
5526726336931,12350268305999,7565154586641,10571993348339,7537775067136,8561202825947,6635165205074,8228021334244,6913810307070,6782813488721,6266428380129,6390350561468,5424733385291,5775639280619,7665110560218,5749649257522,7458478882267,5098985552495,6035227094425,5046117515173,5673378481471,5265450580724,6246264194586,5093032819835,5150581367550,5226416166813,5230733617057,5091636282722,5156571313262,6483889654476,5898479854762,9740492484978
5526750843274,12350847040936,7565998849575,10572948016890,7538666525936,8561204164859,6635779204987,8228022681872,6914581951342,6782817323206,6266888449463,6390370972378,5424784039142,5775652453870,7666115360564,5749660607531,7458699613546,5098989471732,6035757138725,5046120701984,5673912956021,5265453197980,6247251101683,5093034120720,5150591622016,5226421754033,5230744330284,5091637526403,5156581348939,6483892452476,5898552529249,9740630843961
5526776398435,12351374486909,7566846261572,10573932662669,7539576582607,8561205727880,6636384167597,8228024389870,6915375374047,6782821000954,6267339673728,6390375444019,5424825664653,5775664998355,7667119711348,5749677461791,7458845296969,5099003163232,6036300166540,5046124086612,5674433947715,5265455494707,6248233800906,5093035483081,5150603608751,5226428865046,5230764530905,5091639211183,5156594367662,6483894225875,5898635653881,9740794932172
5526800669874,12351899014956,7567670144272,10574899012651,7540462604992,8561207017353,6636983770531,8228026063513,6916148232948,6782823752979,6267749687335,6390383956474,5424861603139,5775679303746,7668123575904,5749680852540,7459087330798,5099021285790,6036839789297,5046138456123,5674944674310,5265459353881,6249215531487,5093038382334,5150614294196,5226430238229,5230777560397,5091640454975,5156605053159,6483895765649,5898733987047,9740927665684
5526826959710,12352427845499,7568506627759,10575876773329,7541367819625,8561208238766,6637584242174,8228027485519,6916939274901,6782826098459,6268209060479,6390388521655,5424901524887,5775694187621,7669128213631,5749685737321,7459259721718,5099043348799,6037367141970,5046150873126,5675459362115,5265463105047,6250198941315,5093041292288,5150624034774,5226433253170,5230790499678,5091641698080,5156614915273,6483897058282,5898822058774,9741047420601
5526858316972,12352967562429,7569349296668,10576844057596,7542277512608,8561220188279,6638180258459,8228052003551,6917728541361,6782840278913,6268634472925,6390405955963,5424946371790,5775729733654,7670133359994,5749695935102,7459548089035,5099053261841,6037902334516,5046189167298,5675975206714,5265487691922,6251181764053,5093055737872,5150638510961,5226459241546,5230818804713,5091668325159,5156649150266,6483911929570,5898897751137,9741140673692
5526882785493,12353512740200,7570189409154,10577831069547,7543195921120,8561223329205,6638783699303,8228053988684,6918530387413,6782843396424,6269095327179,6390409883030,5424993888158,5775743349916,7671137592499,5749714478693,7459698914418,5099059122440,6038475705801,5046200175029,5676515791142,5265490817978,6252162440215,5093058390215,5150649664815,5226460420551,5230830504024,5091669546505,5156660781722,6483914076104,5898994138300,9741280016858
5526910117003,12354030721671,7571030381439,10578771946465,7544079139322,8561225282715,6639356939110,8228057692375,6919318055255,6782846060433,6269544096969,6390418296643,5425031595571,5775771226744,7672142160513,5749718031786,7459965482388,5099060932565,6038995472714,5046213014660,5677001632348,5265492829266,6253144870494,5093061383650,5150667939472,5226463212656,5230842644243,5091672231511,5156671251449,6483916095385,5899071737563,9741390154861
5526957063058,12354566248974,7571895130834,10579772187254,7544982234787,8561226431462,6639982111564,8228063365273,6920100418752,6782849159122,6269991523784,6390422171755,5425071588523,5775796056449,7673146990068,5749723127912,7460126850164,5099065570076,6039546680889,5046225130853,5677542135331,5265495456793,6254118193235,5093062612120,5150679872021,5226465532980,5230859773667,5091675755053,5156688354784,6483917736943,5899158444773,9741499145277
5526986410105,12355111333945,7572745597923,10580745715130,7545885324069,8561227691528,6640579902995,8228065099356,6920887875841,6782853268235,6270426385966,6390427538988,5425117540718,5775826678715,7674151684340,5749725751461,7460364431762,5099070495844,6040091467255,5046236696064,5678035058479,5265497571618,6255092005478,5093064938371,5150690331447,5226468909507,5230871939423,5091676976804,5156699229124,6483919141068,5899238464503,9741619781419
5527014673403,12355655656919,7573590339799,10581720764303,7546801021627,8561229737472,6641204227103,8228068036933,6921680206843,6782857076054,6270850901440,6390432772740,5425162680380,5775844914100,7675155660490,5749747836367,7460541333870,5099072889442,6040642734312,5046251368373,5678547665662,5265498828358,6256067353353,5093067441154,5150701242593,5226471705638,5230884507644,5091680720698,5156716746719,6483921725841,5899320923526,9741739471861
5527039088637,12356166206521,7574457429365,10582707717393,7547716502699,8561231022249,6641823517160,8228071461322,6922494601812,6782860983844,6271299128423,6390441371651,5425218014496,5775873613708,7676160502641,5749749871382,7460707185877,5099076730398,6041208828311,5046263205396,5679115567542,5265500073959,6257039342527,5093068821142,5150712054807,5226474159592,5230896959007,5091682862037,5156729799416,6483923136634,5899394592272,9741850951711
5527062948530,12356709137498,7575277864653,10583690920081,7548626224156,8561232780689,6642426600921,8228076225092,6923271983370,6782863751697,6271733489640,6390450773735,5425252719735,5775904193576,7677165513054,5749751869670,7460926994067,5099080595372,6041735396797,5046268328287,5679592225513,5265515795329,6258022418569,5093070585270,5150723216973,5226477632487,5230915408038,5091685690438,5156743598593,6483925069292,5899465206115,9741944195413
5527087752561,12357315818140,7576118036721,10584647654774,7549525125367,8561234226792,6643024229308,8228077704815,6924073762813,6782866926219,6272177396622,6390456940529,5425286805979,5775933759757,7678170388279,5749754335244,7461164319470,5099082555052,6042262600402,5046274263803,5680091278781,5265528315856,6258999519613,5093071923322,5150733990267,5226479924084,5230928538953,5091687858674,5156756515489,6483926414358,5899553067550,9742048971615
5527127716829,12357856553509,7576969167316,10585627058873,7550426664520,8561235588955,6643623745288,8228078988545,6924874343416,6782869458865,6272606924137,6390465312580,5425330011727,5775962079818,7679175154743,5749757420369,7461302634123,5099084141991,6042799854208,5046276415744,5680584913819,5265541144003,6259977786442,5093073198937,5150745357033,5226484414415,5230942416064,5091689964327,5156770981644,6483927898049,5899644359972,9742164553285
5527170873657,12358404139281,7577816514099,10586592337664,7551334290341,8561248687737,6644214914934,8228089551735,6925669491628,6782885026508,6273053852507,6390489014483,5425388327547,5776009784462,7680180219210,5749771307248,7461454507000,5099098591821,6043314145530,5046298395702,5681096935661,5265568299844,6260951052265,5093084143853,5150759740173,5226508329213,5230955991832,5091712536721,5156787115619,6483951055800,5899778051392,9742274584453
5527193039272,12358937309614,7578653074484,10587568207435,7552223856561,8561250198273,6644814409893,8228092375912,6926456403973,6782889208113,6273486418644,6390495619695,5425426757995,5776036652541,7681184876348,5749772774100,7461636518529,5099103703134,6043846998981,5046299934646,5681576953594,5265581162908,6261931003431,5093087098094,5150770234620,5226512748303,5230968168765,5091714041805,5156800750438,6483952368025,5899847559696,9742388155353
5527218887109,12359465539556,7579506900165,10588537227601,7553137435640,8561251547647,6645429650687,8228093787219,6927251371090,6782891851761,6273920174959,6390504210454,5425474648079,5776064177664,7682188783843,5749778397497,7461899280058,5099105241591,6044386924400,5046300235853,5682088835648,5265583642777,6262904263797,5093098036316,5150787460611,5226515090203,5230979690023,5091716448333,5156813681011,6483954991270,5899960452467,9742500219347
5527246383967,12359989525109,7580355239789,10589519216821,7554019511963,8561252709310,6646058872977,8228095355015,6928043525214,6782894705215,6274371362426,6390513944174,5425548264727,5776092053480,7683193686629,5749780755192,7462148189436,5099107140968,6044945787125,5046300235853,5682623356070,5265584800327,6263878152837,5093109468705,5150799537005,5226517179239,5230991298227,5091718807277,5156827472760,6483958038260,5900060864202,9742605316186
5527276242115,12360531054526,7581176655490,10590493644023,7554923669865,8561254014225,6646645019432,8228096703222,6928828256094,6782897169343,6274829799922,6390526142418,5425580908358,5776120554851,7684198681399,5749784153720,7462291713585,5099107329029,6045464183226,5046300328316,5683126132746,5265586037958,6264854578873,5093121215398,5150809514001,5226519035297,5231001124274,5091721253141,5156839327312,6483961142255,5900132642468,9742715269474
5527306419639,12361184130299,7582043767215,10591464386269,7555813753128,8561255855017,6647259262416,8228098042961,6929623353199,6782900095048,6275263368607,6390536812329,5425636398544,5776150207174,7685203580533,5749787483864,7462410748192,5099108970839,6045996152467,5046300604171,5683618433161,5265587293716,6265835344152,5093133824862,5150820556505,5226520425878,5231011183564,5091723342548,5156856776706,6483964584980,5900221471548,9742839924545
5527331993364,12361856474838,7582914856715,10592434001515,7556727688206,8561258528675,6647882393533,8228099689191,6930432336791,6782902589382,6275723494060,6390547807201,5425687111454,5776177783000,7686208547405,5749790804866,7462576038252,5099110635471,6046551354703,5046300624734,5684149783870,5265588476623,6266806509717,5093145552259,5150831969516,5226523941802,5231022468751,5091724581197,5156868240348,6483966025724,5900305338372,9742945435160
5527357336060,12362420949940,7583756644082,10593404365891,7557627911002,8561261063884,6648479747085,8228101087364,6931208975902,6782909518844,6276174013943,6390554242831,5425734578897,5776206992162,7687209494403,5749794115631,7462943750775,5099112361958,6047086538154,5046300700615,5684661930118,5265589677475,6267778720633,5093156985635,5150844489468,5226526222486,5231040461828,5091725868996,5156879797285,6483967446314,5900410708934,9743048922935
5527382509605,12362947318542,7584600278569,10594389705332,7558552299533,8561262662731,6649091729224,8228103442351,6932008468652,6782913699322,6276627120871,6390564943497,5425772005170,5776238312466,7688214448463,5749796009117,7463085003262,5099112608969,6047641389024,5046300792284,5685184567749,5265590823696,6268755497812,5093168617372,5150856155360,5226528384003,5231054446992,5091727099171,5156896816589,6483968715711,5900481773051,9743162712161
5527407407150,12363468432206,7585422719855,10595361763080,7559451075890,8561263935714,6649683169566,8228104724005,6932821581332,6782917544204,6277051331052,6390575639399,5425805797608,5776268484126,7689219388657,5749799188526,7463223356642,5099112693072,6048196002082,5046300792284,5685647562552,5265591939487,6269739221847,5093180027616,5150867067089,5226530846256,5231068840624,5091728294774,5156906982030,6483970048556,5900536593248,9743266982276
5527442182461,12363986672624,7586265657000,10596335992525,7560357564514,8561272865531,6650280670104,8228115757792,6933630221397,6782940636053,6277490889808,6390601741690,5425848626770,5776294053064,7690224558818,5749830812055,7463370665193,5099124582972,6048747898803,5046309345639,5686146644435,5265614176799,6270723952678,5093202331794,5150882221731,5226543027966,5231085582524,5091739547907,5156919055502,6483979671041,5900627593062,9743375229679
5527471402088,12364512197810,7587108925774,10597305313962,7561272777659,8561285270552,6650865448197,8228123079810,6934446243018,6782950449744,6277931168005,6390611239345,5425888386779,5776336489759,7691228808651,5749836627015,7463530079063,5099133883560,6049298942894,5046312443604,5686669031605,5265616666811,6271700215596,5093215139514,5150895136198,5226547950578,5231104251604,5091743578963,5156935546276,6483984748370,5900719474521,9743490155215
5527497211241,12365024570698,7587974674614,10598269654374,7562183980167,8561286643877,6651478614514,8228124518865,6935239999376,6782954463322,6278359155947,6390622074222,5425928996447,5776364971662,7692233592557,5749838496601,7463715499544,5099138327848,6049837770929,5046313127596,5687152545167,5265618004971,6272669349423,5093217741081,5150913996922,5226549404151,5231117644812,5091754866452,5156945641380,6483987395723,5900818839633,9743601831262
5527527165833,12365564860777,7588826258486,10599234315446,7563080838147,8561288624864,6652098405734,8228125846337,6936028379599,6782961756826,6278798721949,6390629546349,5425977671274,5776388742548,7693238470941,5749840554165,7464105084118,5099140289157,6050360362100,5046313127596,5687681660736,5265619176538,6273645522611,5093218945658,5150928703726,5226550569533,5231134409995,5091766415487,5156956391748,6483990746499,5900898025540,9743712343006
5527557659773,12366096691214,7589682803588,10600226594561,7564003101836,8561291081841,6652712478391,8228127547811,6936837838083,6782964900343,6279257344174,6390641056387,5426024772028,5776415852250,7694243399919,5749842638485,7464243692639,5099141987061,6050928559258,5046313140710,5688213745318,5265621194074,6274619034198,5093220432444,5150938675169,5226551911789,5231148120778,5091777939401,5156966313453,6483993262121,5900978299347,9743804091534
5527580615444,12366629478280,7590533482329,10601209260035,7564889788699,8561293706835,6653323138064,8228128834562,6937625533308,6782967402995,6279727382010,6390653824967,5426069729931,5776442995614,7695245871387,5749845583553,7464393851667,5099143816510,6051462604341,5046313333382,5688759263257,5265622511896,6275594264843,5093221774557,5150949768556,5226553562883,5231162569702,5091789464354,5156984132574,6483996007761,5901075437661,9743918828272
5527602424618,12367181236572,7591371417912,10602179703985,7565803795934,8561295942628,6653924605713,8228130270296,6938414650347,6782970087009,6280160296874,6390665956921,5426104621132,5776470214541,7696250795583,5749847545139,7464543943140,5099147067463,6052004409169,5046313333382,5689257662034,5265623813405,6276574642179,5093223161888,5150959983189,5226554722322,5231180174220,5091800839040,5156993980085,6483998374992,5901135020542,9744033112331
5527628386617,12367710649431,7592238949513,10603166729717,7566705254395,8561298536192,6654547820791,8228133983400,6939231481213,6782972854606,6280639411079,6390678619546,5426152898334,5776499720036,7697255769035,5749849808225,7464734334431,5099151220284,6052568031710,5046314047743,5689791278674,5265625476257,6277552960665,5093225195714,5150972010602,5226556761397,5231207243602,5091802927990,5157006462390,6484010120810,5901231518765,9744106684993
5527651128166,12368250383654,7593086942240,10604151088192,7567622856846,8561301042734,6655150804401,8228136646348,6940046377521,6782975761474,6281093182515,6390690607613,5426205691670,5776527820066,7698260367693,5749850105974,7464910228964,5099153750279,6053091100557,5046315157941,5690298095810,5265626653654,6278530594698,5093226499986,5150983632623,5226557931126,5231221831828,5091804153355,5157021653003,6484022300333,5901329592901,9744209700694
5527674990037,12368794046058,7593919437016,10605133129236,7568528282782,8561304863663,6655760403195,8228139181047,6940878018320,6782982932170,6281529971699,6390699399904,5426239931847,5776560546489,7699262500694,5749854529172,7465468994921,5099155504303,6053668726731,5046318723659,5690808716882,5265628116938,6279502777586,5093228265533,5150995588975,5226559275092,5231232460043,5091807746416,5157037366433,6484034546501,5901383880494,9744315735034
5527698666503,12369311481173,7594762335306,10606113709419,7569440569437,8561313473860,6656377950481,8228143192120,6941677343031,6782997402024,6281974188776,6390711315372,5426289554992,5776592755381,7700267409791,5749859761794,7465652637057,5099170994253,6054193282659,5046321106236,5691311587215,5265636362208,6280481159404,5093240208578,5151007954024,5226564746013,5231242801626,5091809937727,5157057847385,6484050470982,5901504686268,9744400783630
5527739324909,12369961128308,7595602786588,10607078787075,7570343352646,8561325286761,6656969068602,8228164884332,6942450243761,6783010458986,6282434258832,6390730555102,5426354776706,5776632925077,7701272272375,5749874023655,7465821087887,5099179554482,6054736926501,5046332625032,5691823399186,5265646905251,6281460285550,5093256117422,5151023808014,5226581148473,5231256451034,5091820084449,5157081929975,6484065556591,5901600695330,9744520547137
5527766939995,12370505648768,7596466522152,10608034146044,7571249326849,8561329067517,6657586828804,8228170420792,6943244471929,6783023844739,6282886827864,6390744170150,5426392729690,5776662306201,7702274460823,5749878041362,7465978457229,5099179788673,6055297993052,5046334481377,5692356167760,5265648392962,6282436287174,5093258042802,5151043908512,5226583291765,5231266839194,5091823380374,5157099596727,6484069871129,5901664654306,9744636404281
5527788313908,12371066953944,7597298595228,10609014062841,7572169401027,8561331620201,6658181566196,8228173134911,6944010113221,6783028068620,6283315106881,6390753245924,5426422332638,5776693129414,7703279114654,5749888507334,7466121265932,5099179788673,6055832620127,5046334481377,5692858054613,5265649603916,6283415754203,5093259276129,5151055296002,5226584503044,5231280390052,5091824529065,5157121237609,6484072600730,5901732705544,9744701142935
5527818883484,12371607959742,7598136460452,10609989819396,7573076478644,8561335865077,6658777702859,8228177244635,6944803464775,6783032426814,6283759134393,6390765749947,5426465972165,5776723617574,7704283076140,5749901289228,7466263331371,5099180329857,6056372324464,5046334898535,5693353931971,5265652080525,6284396208968,5093262003570,5151066900121,5226586584348,5231291698399,5091827090880,5157135101172,6484076437669,5901817623029,9744826542080
5527841439639,12372150122048,7598980233514,10610973937570,7573966517298,8561338516649,6659372776456,8228180013185,6945603430712,6783035199842,6284184973600,6390777678359,5426511353585,5776751724506,7705287316058,5749913181262,7466445033918,5099181905623,6056905299238,5046335091989,5693841487113,5265653287043,6285374498037,5093263179002,5151077598123,5226587770961,5231301371029,5091828310186,5157159841315,6484079044880,5901892510228,9744916476326
5527864800876,12372688117771,7599809130293,10611957344929,7574873625939,8561341647888,6659985457996,8228182479234,6946415658674,6783041901087,6284620788603,6390785376233,5426551707375,5776779855689,7706290948699,5749916811837,7466632256271,5099191561773,6057457460564,5046335892337,5694351780338,5265654567348,6286349880291,5093264511890,5151087741569,5226588937685,5231311021488,5091829493984,5157175073856,6484080680453,5901953405946,9745010259460
5527888530890,12373210683637,7600664061353,10612926811718,7575776680285,8561345048205,6660599907486,8228187823100,6947201510919,6783044340896,6285080025751,6390797873050,5426596934712,5776810036867,7707294817648,5749918423385,7466805784408,5099202092519,6058017410505,5046335966379,5694877231158,5265655763973,6287326736254,5093265789800,5151098835366,5226590199791,5231331479248,5091830732894,5157186843528,6484081868313,5902044086821,9745075569010
5527912528331,12373739796370,7601510080194,10613896550950,7576685787147,8561348367010,6661216733378,8228190561244,6947987824662,6783048746772,6285493469804,6390809903622,5426648199987,5776839743618,7708298990243,5749920037438,7466968906571,5099211865289,6058543851088,5046335966379,5695370924780,5265656935333,6288300593516,5093267149389,5151109293594,5226591369770,5231353394768,5091832036158,5157199138401,6484083036996,5902128666718,9745198642041
5527939613905,12374275818808,7602344480116,10614884912019,7577586662313,8561351105695,6661800556224,8228195917506,6948777105698,6783054557722,6285926989329,6390825387785,5426700896129,5776869730235,7709298786021,5749921780713,7467550059430,5099221847429,6059080643544,5046335966379,5695876330755,5265658092219,6289272437688,5093268719572,5151120452161,5226592618620,5231366078242,5091833351626,5157213236362,6484084185429,5902216872786,9745290366253
5527965459803,12374837528147,7603199950375,10615857909214,7578476880102,8561354149628,6662406239700,8228198705243,6949573676893,6783057395783,6286375408033,6390835061758,5426755675178,5776885787626,7710298485219,5749939459535,7467726873933,5099232189785,6059620743269,5046337630367,5696386494136,5265659330740,6290242506725,5093270086715,5151137692838,5226593866489,5231374844241,5091834633799,5157224704162,6484085606533,5902333006606,9745386386395
5527996284500,12375423779368,7604054619626,10616831471228,7579390080512,8561366157763,6663006649746,8228213050546,6950374671692,6783072171389,6286841607746,6390866191260,5426816486879,5776936994408,7711302626822,5749962465631,7467919050769,5099270754061,6060173809666,5046363371305,5696898886178,5265671651268,6291222932995,5093279553319,5151153940195,5226606389105,5231391861623,5091846303374,5157241439334,6484095039160,5902392651730,9745495254950
5528018900423,12376010753812,7604927068757,10617803790714,7580282433307,8561367806862,6663608016872,8228215084515,6951177903654,6783076379836,6287306564033,6390877628575,5426857422236,5776965140510,7712307020489,5749965435521,7468094672234,5099278435124,6060719920226,5046365725785,5697455495360,5265673033731,6292196841346,5093280992711,5151173824831,5226607661212,5231402847826,5091847603615,5157253430612,6484096372243,5902448825554,9745583716389
5528040112210,12376590181870,7605786019371,10618777707596,7581187259789,8561369104161,6664203723346,8228215455815,6951977096527,6783080435355,6287737297504,6390889330212,5426903727970,5776994098363,7713311369026,5749968791098,7468235267488,5099286401587,6061259047666,5046367116542,5697962599404,5265675519284,6293177998280,5093282147704,5151186079420,5226608812365,5231413608940,5091848819944,5157266763310,6484097518755,5902537156466,9745678508357
5528065222321,12377266307101,7606640308739,10619753779507,7582085184272,8561370881971,6664816123573,8228215710158,6952772063144,6783084256682,6288177341702,6390900805400,5426939869187,5777013103032,7714316144947,5749985961001,7468406901757,5099298789414,6061784359364,5046369543001,5698462904208,5265677432091,6294156230131,5093283710979,5151197284327,5226610107886,5231424780379,5091850251546,5157280768027,6484100385562,5902611557480,9745760246167
5528088017974,12377836126338,7607475357927,10620715166626,7582985786166,8561372277083,6665427905706,8228215950620,6953561379980,6783088218196,6288629330168,6390912144536,5426981514255,5777032109576,7715320770181,5750002586609,7468563075188,5099311025997,6062318966036,5046371448682,5698974141137,5265679510015,6295138614118,5093286880312,5151207504314,5226611314570,5231434261418,5091851679540,5157304580885,6484103254853,5902682937452,9745848695984
5528112058074,12378381694008,7608337173580,10621695245859,7583902031129,8561373605004,6666053605600,8228216026898,6954349023635,6783092057700,6289081058446,6390923622260,5427036132132,5777050606158,7716320944989,5750019271538,7468714629142,5099323416436,6062868476247,5046373231970,5699485870742,5265680744421,6296105866119,5093289945821,5151219968350,5226612499795,5231444287205,5091853010963,5157331165188,6484106088637,5902797465446,9745951401220