26060513,240407373,783793488,258089514,831814443,205774454,514033891,24533834,727786804,32378849,376618343,11262079,38936350,10783497,952675680,12980688,119949176,1434108,459454370,140058198,397181196,898460221,884821706,96948264,14293574,377214652,87669435,308727320,91289945,538357614,238917147,591698784
23142561,80528277,833956631,223912335,895123670,71325555,589308974,81935682,751049772,49733784,441961581,4910174,31749295,245303439,1005085643,164913473,179430798,4510262,503104261,89948513,472055795,842395313,979791154,102143262,9814240,362057646,13947572,398999347,10485828,120423328,67655041,126896827
24205353,157513631,882080324,314754078,909312369,20346193,613512992,234465237,797463991,180367693,518129592,147627320,45353705,3163424,1004545327,280861414,214101396,127025193,535145811,139607653,543529383,27323534,976361184,165228139,10547200,982608756,9348242,318320208,10303775,217413271,95454207,236262654
23247355,12792542,833529193,273753202,887777844,16122553,588751523,378073623,768849374,20957889,442859895,101021390,42952640,103377938,1004370919,14958879,183124288,351840585,527663196,108838941,475395311,10031944,980386021,62422321,13653195,945820579,9967675,375364015,13196981,150922238,93357115,164898392
21683373,23109400,893081652,370863537,917623494,90902630,612357136,425231221,812366084,112244274,459903923,4694661,39803808,295467986,1004530548,15011565,181339553,266336124,579308576,140036651,525155401,119614532,978154369,112327951,17048351,971715892,10755186,105820678,10016405,101773556,73240003,94279211
24614791,181211998,857456779,908151743,892954451,31839269,591645931,393796729,765619725,174174291,456900315,57005127,50782538,31784443,1004617865,285997261,199753536,270773023,516445329,217661567,517461251,17619058,967657374,97854148,22885284,117853290,16566429,42019170,10654246,128788441,92587927,274055464
23002199,189974355,835798376,953932408,905554349,198208027,603503158,5915346,782626827,329625000,434232654,50495928,50450958,3689598,1004319440,354958356,211459438,285327783,557716616,203471351,487038327,7917342,978185679,173114460,9312584,80021749,13998296,15641236,10695577,102940117,82155063,99640615
26128013,2724816,862746916,956418649,907431697,187118859,611237137,242671376,783604060,382422844,455968482,5308181,41807699,37610316,1004446228,16031393,211274755,302415719,534829337,251642191,488009307,50901676,975084194,75703768,10930198,296864034,11141432,72380607,19074899,157091969,86368634,89327691
23106998,86455330,868153547,970257302,914474997,33435969,579405144,8528113,786574224,316530593,471927147,8389964,41856564,18471014,1005040858,14822374,159793692,228120213,554373562,355128170,547267242,218928210,976852961,70043369,10752787,257570147,9487636,20363970,12566586,140688573,66220247,314082163
25677271,109908081,862837389,947405039,890575592,47261289,615100225,36255560,773099200,369557208,446942099,126782083,46526523,24176368,1004720587,16047115,217052714,172673613,508049918,156388822,511604899,181584813,979368826,167699816,12913178,137098631,16739770,336346356,11250092,127712521,97374412,178538523
21130952,129606959,857375499,933239100,908270966,180215455,601508496,159746555,795740026,170070341,457064620,30495882,38824411,33786895,1002164259,56993354,174304553,14088687,533817620,355587193,523433098,320468778,969388525,11433389,13320426,41723284,12772210,322454179,10227179,149323242,70037430,153089577
22428521,122290830,862788861,4329336,899572522,143122539,596966818,226480972,798006838,903799555,464400660,285561346,46132631,169414973,1004592245,197014138,223796363,38969816,555682849,397336892,519612442,304520024,975239266,11299750,10648359,13810654,13002876,18599368,10691361,76675561,62059985,117705425
23029532,96928120,855926812,14221141,906381948,7111642,598734063,3963482,799769854,951852637,473383205,62901505,42513484,305754387,1004678072,201761023,152532466,280768213,532158847,382777547,535827044,97870179,980152723,123707638,11033423,111177612,15172361,256225478,11894066,88564194,85244605,82869081
27081182,4144798,846355224,35316755,901688697,5773560,585310634,8581886,775477697,956955819,464933271,3178453,37258165,287103540,1004820757,2513490,235526959,216187892,545107609,372047052,498822693,36812156,977046486,357786408,10498472,119875486,11120995,434290349,13827641,94723625,122336453,96166277
24268242,206908951,872851090,111338151,901567434,2179441,623207519,4671263,791889501,971034319,490256963,132837393,65753836,356609463,1004633074,124016515,168010221,203778518,533938764,232672119,542875502,163195682,973247410,54981801,18986127,60905428,9681048,295556512,12009386,102158776,118527157,126241711
22779524,254315427,866025841,238065437,906511703,35332002,619877235,27207590,820585058,957153129,476629112,30923194,44230679,64548711,1004482243,62412169,212727928,353620540,543715378,239610691,514223558,150731178,970467865,424034706,32507279,241290289,18946139,114752832,17593315,97402981,81354352,82289897
26011911,95785077,834522616,167696072,895777492,6258670,579445078,3425008,774807624,511924817,421696212,443688675,37020977,13223491,1004837596,6126274,305094654,264974102,517132602,223912265,491547062,69068780,965678803,164358315,10757114,313687596,11586339,512790105,14427924,100955860,75215609,92926825
27162302,93840749,882326644,55674709,901630648,69204762,613215996,2853915,793048895,37288330,461298597,619355952,42375435,191367346,1004720554,338341270,164636221,15516032,514648881,342532523,528308323,152145831,972400223,148130205,12031825,320366705,12867548,539278194,22448148,76855877,81837392,104534467
25032576,226550085,866356906,55626785,918205685,8067363,572940117,1377893,789056732,167806835,480958014,2536772,42673150,253436883,1003528308,971177656,174673675,357205847,530816069,27163993,515310645,107606882,971552178,220848732,10641414,34028296,10968749,387779290,15720613,144122712,96541548,102236158
22675853,312347728,856346440,138125260,881009524,49878419,583689713,4874759,775402658,41666368,466021902,48121388,43234083,244603282,1004271880,948093568,340186748,2992730,533113520,445606934,508670913,14201229,978733468,303059199,9462108,20155470,16998335,163141358,14361093,77688830,90817578,158819734
23146849,29492300,875769469,322642788,894953479,96801300,614672346,40546653,789884478,5424233,474553366,102096448,35640427,353547124,1003814477,903399024,156722568,69736555,550541118,458683923,550505014,16205520,971750623,188992572,11905910,151560042,12645095,177857320,14615263,88805250,60048490,89527476
23581001,3900408,879276737,346651791,914749341,60877483,593238975,123260268,806077328,13211177,472845288,107190373,39023303,54169352,1004708688,189780853,158998593,975062493,558770029,344045300,524006416,34576446,969839430,3205934,9892707,374061977,11925956,171666062,15870111,103268217,67644538,78255685
24254821,95992772,874257846,318533457,915804083,86672840,591876117,13251846,800771606,17620671,461876217,12417478,41892074,15087468,1004887635,10375057,195313979,951886322,549652645,407509548,538837227,49018353,968363166,185734444,10082597,321408881,11615479,238106179,16286090,116858421,87285112,132719921
24039251,353585651,868473821,380312667,915482068,179913581,613346308,78281995,788569500,5290746,473806370,20786484,38159221,16030428,1004896216,5272298,338125332,952628533,542311941,480662828,535761147,47961943,971895467,155023385,10509562,1763488,10538170,293731921,17412397,128495460,73201739,88440652
23654387,181014918,876426988,304301186,903287056,116070369,604860118,286127034,807010209,66425084,464111666,104630729,42868138,12917934,1004792124,3181742,175900270,981970728,555561760,370156303,533114696,45637098,970938508,26663371,16626183,221864190,11442604,216535818,12802864,94299516,56474840,82145853
26259045,35074614,846118890,124839550,889387937,21800375,578296565,100796545,776167891,286090778,464206191,337403650,62768230,96682460,1003926330,113984112,159085157,960904649,538813728,419057186,489908952,162066582,967904429,147417054,16068056,155076603,14862395,66136423,17025437,116234261,86256899,95353255
23540513,3924595,846093684,1603741,912440243,3064898,603649979,1601467,769891186,346968423,433648906,97252159,43596096,336544256,1004832368,139029485,164928116,938033367,522278702,323657732,500995759,128499725,976513485,195307552,10035917,247689005,11256028,33785969,15876036,66100818,89587234,82859383
23485035,25214323,845232940,58808256,903044501,3635291,585868543,2618694,803391989,230789245,439160356,58238433,44479565,317989006,1004265180,201348358,167030162,968688380,534907639,332679855,485743561,69681248,976515238,24152025,10039517,313178612,10029792,200560322,21010716,67167688,88292616,90011656
23710156,3992145,855223099,368318693,883686089,31000154,608010072,5183252,775752092,22791202,437280725,2807596,43853282,439628386,1004496722,122077922,382879009,947804439,534341987,380459486,512593456,15345667,971498113,37312594,10193778,247263764,10547806,206910407,16113556,90380176,109651896,92752575
23235071,36398936,884443522,94114475,907405690,7211858,597677028,276192402,797152092,117200306,482155624,4436025,41349748,384112782,1004836197,146604169,156976877,950582353,541275520,366549600,551583765,14046346,975460284,141494396,10687146,166775448,18514180,197909898,13786855,93612215,72364554,111064006
24703725,80373847,838479288,234199951,899481177,12588390,571909142,88930031,789338246,389093230,458337788,3688340,42003048,337858346,1004945204,117344408,176062383,978762718,531716957,392887812,493950422,15449805,969973420,53258135,13944894,31895696,16207102,17824372,18695595,83173729,95756074,77565000
25848929,19444472,857213767,216765929,919665495,7682458,608220697,7012390,789628810,374908781,438188610,208860098,36395714,451968408,1004943274,148680711,164938459,947686618,543679800,295435735,495238404,28318204,975602917,33684698,11829104,85208853,14432010,44393500,11419660,61650755,102239847,65523413
26386236,52740529,859464929,231561380,893983944,27803176,607630919,18988049,787230719,293009907,455869237,112499662,39419636,489087438,1003954815,209959905,173173677,964707306,549687420,59705155,498567954,12725879,970752356,7951238,11706317,354453494,13763870,96789932,11717944,96128612,90943929,81508679
24678035,9488735,875324765,22764419,899190682,3595209,620954117,63060595,785419162,164290021,473979398,91740133,39700307,417842996,1003959585,374646047,179986012,959281462,535940936,369173232,547593008,55701646,970314860,64274725,11953535,163940394,14085457,182921349,11910982,71134855,56034811,96167586
22820537,255328579,854152068,58320938,889610156,4684252,580397768,2719740,761908320,2974177,446111533,168329152,47466309,46245131,1004976881,258063976,286120909,954031878,521884961,316913967,512404448,162854325,969901401,116965442,19985979,90359176,13535590,368262538,11275614,80275950,100486408,75828305
27549134,165191613,869140729,69280393,893156787,257652858,594352394,80308060,793941442,242189724,475495481,115914619,56723313,37864919,1004885991,281342135,327386607,173420613,537496377,211792417,516065370,768094872,970726626,197286818,33001292,249021166,22453419,235933137,24359100,87756788,107044530,98142367
26647374,301152993,855522059,351923465,915342640,101914814,623976488,176368975,787151241,484180930,455521799,46147037,52054251,79150165,1000023922,18720905,152020787,2313326,551417550,4392781,493684901,668627995,968395103,153000649,10321568,163399572,14261908,361188664,13349247,106441947,90669696,105748540
25503575,272398496,851054895,212078714,904453572,217535585,587538293,200823803,800260498,956754076,477974482,291945466,32612151,290694758,1004380221,78302164,166583451,33819744,534491991,6863028,487660534,1606122,975399311,1199796,10405040,15058669,13549055,360687031,19912340,66876483,60738564,70208704
25218529,233415468,893571657,267470750,917813453,210625458,623630128,173807052,815218897,954533444,499106723,6208466,49432928,389274019,1004214697,72294367,152448747,236169532,535951977,70087448,568476564,15336688,968263239,5489784,10265930,17022984,12429625,305781382,12572472,103378902,81857599,89557168
26292830,166445353,868849468,349870873,908211085,39865224,592642679,172878088,769866915,975738850,485817657,77919302,35565341,393490344,1004780557,185924275,157394555,5396486,523553581,112990310,500410400,11091166,974189219,3634103,11258946,13057398,24075260,341096624,12301860,154159923,69144089,92918827
22643313,108240001,854163703,424316458,909886808,114898365,591321237,75643961,786056064,958096953,476693424,188131411,34415486,172481752,1004770104,266425906,181591074,231511999,551234129,100032871,500013195,13762638,972764944,3969112,11975308,16129548,14297753,318525537,11935815,63196470,73749127,79228394
26417330,5011424,868050358,369057247,891616991,9666670,601963556,103053787,793149094,958025773,460808494,51666913,45748324,392243739,1004924800,234109238,395529178,319335438,535348363,53291683,537556414,14005415,976003301,4560181,15150806,17085079,15843897,318456030,13366932,76519681,87825007,64498696
25750532,3519562,864350805,369882112,912141003,58082772,609854516,26060959,801761686,932638012,426699298,119320858,32040512,193210060,1004729199,312772979,261559485,217859312,546735839,115885533,529249719,171474046,971711581,22380141,14460577,16951584,13548299,336583454,13103309,57714348,76594520,77327774
23224913,3519340,852707723,375794680,898666344,14509687,582246322,4430256,792874766,981288923,454401639,54936053,37938231,142588836,1004332044,227441588,158037904,279843266,547428933,68970595,511743247,236865123,974656708,216897751,15173013,14409099,13076167,289204716,13667953,82263853,77915623,50268418
22856522,4449299,846528219,344908291,888939479,15646141,602171729,17044371,775820403,962152519,445676277,5900017,34526028,157684006,1003249384,350379434,162654989,26919389,547903535,94282987,492964221,54624557,975045305,272041121,22898549,340575578,12984567,262922105,12990914,88815605,65994503,65818072
29486663,42454239,854784376,169610486,899421413,16499935,589998767,48690731,776495578,368562228,470359476,31771733,62930131,149950867,1004802501,331618806,156444155,453548322,534599055,612306780,534812914,254341533,974220232,291883608,37555715,201637694,21275348,78521202,37207532,79448147,91988557,94063235
25116630,32467491,843796653,7117883,894004951,20483821,597380622,12776210,782559345,11696836,435459867,3579105,32686705,129878972,1004702016,257822272,148168124,418411752,552968642,965349778,500460011,154736592,975604321,326943730,10153287,183693272,13346539,302011125,14072294,79607041,75481191,86588543
30551645,183428091,867578472,167470074,913870812,4328322,634676029,20664864,795156310,14408512,471125905,3255843,47334166,151562866,1004825552,245133858,175564379,461006784,552456913,953791202,512596132,1747274,970194055,64228424,10525589,182342901,12936760,373269765,21980471,84448349,85909470,143895856
21702976,238615479,866337216,127276691,899309351,42617108,594111291,22770401,794305448,4696766,444166448,13119263,34727335,133708054,1004012525,257741699,188148987,389736175,550369860,966527848,507178085,52063789,970209859,2756850,10457311,177384191,12734351,380834198,21546750,83855852,74095885,131023797
23679414,76785052,884352390,110630662,896284568,87757479,613853729,87740852,799251390,14178175,445253487,10055820,32389232,20301182,1004766150,148258463,187561667,238949279,543099936,948765624,501914497,267293532,968289324,179568936,10306698,283916718,21377086,314977361,13426753,96167626,73950720,168679140
21568087,4122296,881119474,213460713,896570371,2946818,617277330,161045513,788725297,266211397,486728747,50566120,49251209,11390349,1003411583,200592221,196933716,235169774,539481529,235153029,529484754,379149064,971217662,601216273,12039516,249362385,21468024,386650058,11361933,96751620,83387929,69936115
28932388,33444680,870858826,452541906,910343864,1577101,581851651,19960633,780838437,6236601,479598498,319080509,53118267,19100499,1004503712,4563448,585415278,264688088,539486030,245691998,527873007,86620105,973044999,970944571,10672185,283831679,15037484,95040741,14436075,105600172,98179745,135415279
24153297,4024732,873132466,414087387,896707825,139444520,600357738,167362296,778477799,3552725,456574144,344075524,48680932,50866216,1004402668,12211355,156645033,37161100,544909613,242743386,533342568,4112464,971842646,964098599,10712902,95649766,10126558,383005563,10600243,91258198,107575520,70275917
24405951,55085217,864794690,1050327,900748776,6401124,590840335,457157959,785930624,143103627,447005998,28370550,38297530,342435497,1004380900,45094065,162376302,153791983,540019392,322709895,503898018,4976709,972833673,753732801,17613618,261397750,9620063,317393615,9789999,111986716,85822789,84996944
22704494,137110058,866451693,4549413,911774138,3293610,620959185,2467200,772589926,251070012,440800309,398190558,38119042,3395341,1004550350,275639788,161583229,282144833,526194560,198715366,498249714,41811613,967478922,2046900,19537671,960623873,10885153,181452271,12015432,172467904,86748832,65220800
36606373,192068763,862148613,255104460,889882822,590669773,599990064,257032966,799756597,218681344,472121098,163360559,48218559,228635598,1004508254,228184287,139697282,44248429,542711371,131949355,515552092,129602852,975024277,88496248,20212276,302961242,18626114,363863148,17066498,101305031,68651730,102447328
28007376,3495818,835851338,18153920,886078933,192573675,598960310,303974629,769795806,164529957,467658161,811127413,38915658,83085512,1004539015,192424939,156326813,348262399,531787371,249690367,482678442,91198197,974305425,5048745,11029177,329185371,10698341,6617513,10445275,77215049,71354430,69872355
23164945,2715484,855267315,3379301,915647002,19080932,622907584,72854417,799378552,295647932,446658311,344617575,42199171,726277738,1004459296,282290606,147006105,291514687,532496446,322911506,491295887,163500872,971034863,17166288,10149358,362030174,9181187,10679018,27266713,73515300,75136746,78557830
23283321,12608829,861969344,4302322,909984861,3311481,598625314,1380723,776011909,401001403,459993014,136423579,43608325,245744097,1004497138,886794133,157664896,186709694,547559745,346746889,521877553,193476333,974483977,26367647,12014611,293212252,9577088,24716399,24794064,107809663,85916146,199452387
