24055674,26844449,86185414,26579158,93037864,28647045,47258010,27241294,77403923,24682143,41107789,27227495,25037040,25123982,122119857,26348352,25647803,25879202,59815906,27215940,54390266,27908679,108108988,29381731,23823810,27977283,24768004,26986795,23987919,25721323,25667154,19527308
24056324,26846085,86242155,26580712,93098578,28648175,47279463,27241699,77458269,24687148,41123194,27227729,25037805,25125484,122227741,26348417,25648355,25879216,59849763,27216666,54418730,27911044,108203917,29382518,23824147,28047944,24769835,26988929,23991595,25722918,25675006,19528734
24056881,26846535,86309248,26581795,93170967,28648701,47305344,27242179,77518863,24687393,41143725,27227886,25038448,25175695,122345916,26379079,25648928,25879425,59888874,27217159,54453896,27915906,108312815,29383207,23824374,28049602,24770009,26990572,23991842,25725203,25676022,19531126
24057467,26847324,86384437,26583172,93249505,28648912,47333474,27243270,77582958,24688257,41169223,27228558,25039490,25175712,122461830,26437090,25649540,25910277,59930160,27217856,54495515,27918745,108416780,29383976,23824605,28050465,24770108,26992400,23992080,25727796,25677812,19533776
24058029,26847642,86450995,26584407,93322714,28649113,47359418,27244944,77644544,24688491,41189251,27228987,25040573,25176055,122579233,26437098,25650076,25982983,59971123,27230736,54529929,27919040,108524186,29384410,23824872,28051969,24770244,26994389,23992372,25730116,25679238,19535896
24058592,26847900,86524395,26586214,93398945,28649754,47386830,27246733,77711632,24689160,41212391,27229158,25041567,25177310,122696005,26437116,25650687,26047590,60016885,27256501,54570082,27919512,108629090,29384961,23825161,28053166,24770388,26994797,23992604,25732826,25680378,19538396
24059138,26871895,86595073,26587822,93471999,28650382,47412691,27248137,77771854,24689725,41233237,27229507,25042505,25178617,122812453,26439449,25651293,26049366,60056558,27258163,54609172,27919792,108734940,29385521,23825469,28053489,24770575,26994842,23992856,25736886,25681867,19593940
24059707,26907223,86662074,26589366,93546399,28699760,47439525,27248279,77835115,24691115,41252674,27229799,25043739,25178679,122930046,26441083,25651842,26050785,60099077,27259057,54644478,27920162,108842284,29386438,23825695,28053887,24770737,26994970,23993100,25739381,25683277,19596292
24060311,26907462,86732999,26590651,93623243,28732946,47466719,27296480,77898191,24692695,41275150,27229983,25044703,25178913,123047152,26441129,25652402,26052221,60140185,27260691,54681980,27920582,108948224,29386888,23825953,28055279,24770858,26995317,23993358,25742213,25684349,19606489
24060884,26931859,86805335,26591803,93698757,28738123,47493632,27296615,77962638,24694312,41297194,27230279,25045639,25179039,123164902,26441139,25652988,26053099,60183772,27262144,54722508,27921900,109054922,29387498,23826223,28056441,24770963,26996457,23993662,25746025,25685358,19663806
24061444,26941288,86877394,26593358,93775603,28747612,47521036,27303179,78023122,24695604,41319777,27263458,25046869,25184994,123282402,26441514,25653570,26054012,60222110,27262934,54761196,27923169,109161101,29388428,23826510,28057561,24771133,26997799,23993907,25749940,25686700,19691331
24061973,26943808,86948022,26594445,93851064,28748587,47547991,27304316,78086138,24697015,41341014,27263694,25047615,25185177,123400148,26450311,25654151,26056263,60263550,27339056,54800222,27924687,109267706,29388574,23826801,28057587,24771291,26999485,23994140,25752818,25687762,19693775
24062552,26944657,87020637,26594521,93927701,28748728,47575375,27305218,78150347,24698133,41363824,27265678,25048697,25186102,123517599,26451393,25654691,26056619,60306378,27429223,54839988,27925996,109374323,29388736,23827035,28057798,24771498,26999497,23994409,25755840,25688587,19695939
24063156,26945035,87092828,26594998,94002984,28748881,47602053,27305380,78212629,24699604,41386091,27265923,25049702,25188009,123635102,26451950,25655288,26057875,60346956,27513681,54879937,27926683,109481219,29392815,23827251,28058256,24771647,27000886,23994663,25758005,25689763,19698834
24063752,26945951,87163150,26595618,94077026,28749025,47628514,27305540,78276318,24701176,41408017,27273062,25050680,25189510,123752472,26452057,25655838,26059013,60390007,27589531,54918002,27930609,109587722,29393959,23827481,28058970,24771764,27002533,23994970,25760628,25691276,19701334
24064336,26947033,87236574,26596242,94154012,28749207,47656417,27306341,78339225,24702367,41431517,27293408,25052034,25191111,123868705,26464646,25656468,26060177,60430693,27641955,54958831,27932189,109692578,29398080,23827789,28059382,24771970,27003266,23995552,25763158,25692862,19704259
24064881,26948165,87306752,26597287,94230778,28749549,47683906,27306708,78402690,24703733,41453156,27293769,25053199,25191560,123984937,26465054,25657052,26061967,60472605,27642803,54996135,27932999,109798265,29429330,23828067,28117583,24772096,27004401,23995815,25766331,25694205,19706815
24065445,26948365,87378091,26598029,94305484,28749981,47710736,27306866,78464234,24704167,41474474,27294899,25053939,25191824,124102132,26465465,25657591,26063253,60512428,27644011,55034233,27933602,109904413,29460325,23828290,28174197,24772229,27006361,23996127,25768892,25695359,19709347
24066163,26948862,87450979,26598186,94380096,28750174,47737401,27307004,78524066,24704515,41497380,27295651,25054900,25193037,124219132,26466296,25658170,26063700,60551171,27645524,55074929,27934397,110011344,29476767,23828606,28232149,24772482,27022353,23996472,25771628,25696384,19712029
24066769,26963562,87521957,26598667,94455531,28750319,47763987,27307135,78585857,24705197,41519584,27295785,25055865,25193891,124336735,26467508,25658695,26064767,60590959,27646256,55112998,27934791,110118231,29478567,23828822,28232249,24772602,27081756,23996811,25784134,25697771,19720280
24067336,27014754,87592185,26618299,94528973,28750879,47790155,27307490,78648982,24705362,41541921,27296123,25056936,25195175,124454207,26469170,25659239,26064798,60633802,27648383,55151940,27934972,110225319,29480317,23829066,28232527,24772761,27082597,23997098,25787032,25699271,19736013
24067954,27014890,87665211,26689426,94606976,28768682,47817689,27308319,78715596,24705659,41564909,27296867,25057828,25196190,124571403,26470276,25659817,26065184,60678808,27649968,55192972,27935127,110332353,29481024,23829329,28233784,24772900,27083439,23997386,25789526,25699937,19738715
24068553,27015036,87740255,26764220,94683490,28784674,47845071,27308789,78779202,24705877,41589134,27297591,25058625,25196563,124689055,26470865,25660410,26066374,60720362,27651611,55234600,27935518,110439758,29481387,23829582,28235962,24773032,27084506,23997662,25792213,25701081,19741389
24069166,27016178,87811458,26833493,94759325,28803475,47871866,27308928,78842218,24705890,41611029,27297888,25059724,25196809,124806548,26470967,25660971,26067884,60761597,27653101,55273614,27935910,110547202,29482166,23829801,28237117,24773153,27085929,23998114,25794820,25702377,19744253
24069809,27018122,87885269,26914026,94836714,28814086,47899582,27309788,78908373,24705978,41634323,27298032,25060589,25196956,124923883,26471399,25661568,26069003,60805887,27654714,55314932,27936208,110653748,29482970,23830048,28237475,24773273,27087006,23998415,25797363,25703216,19747073
24070388,27018649,87955383,26978914,94912064,28827489,47926026,27315955,78972528,24707991,41656409,27298998,25061935,25197226,125040323,26471611,25662242,26070358,60848390,27656414,55352886,27936678,110760075,29484627,23830360,28238504,24773429,27089248,23998697,25800337,25704300,19749365
24070951,27018848,88024774,26979262,94985613,28827621,47951767,27326449,79034807,24785367,41678202,27300585,25062911,25198219,125157290,26472313,25662879,26071886,60890050,27658286,55389807,27937349,110866854,29485945,23830619,28239410,24773665,27089467,23999058,25802843,25705539,19751960
24071556,27018982,88093358,26979271,95061261,28827760,47978879,27326586,79096957,24849740,41698296,27322018,25064043,25199711,125275306,26472962,25663475,26073397,60930976,27660064,55426982,27938221,110974393,29486881,23830898,28240710,24773777,27090229,23999354,25805623,25706574,19754037
24072134,27023038,88162691,27016675,95135779,28833446,48005586,27326724,79159227,24881312,41718763,27322179,25065392,25201274,125393378,26473672,25664000,26074895,60972175,27662108,55463881,27938495,111082752,29487593,23831121,28242266,24773892,27091309,23999645,25808581,25708039,19761696
24072725,27023288,88237153,27076246,95213837,28833604,48033593,27357942,79224812,24881331,41742350,27322398,25066617,25203143,125509679,26474361,25664543,26076141,61015534,27663747,55506005,27938640,111187986,29488121,23831349,28243804,24774011,27092290,23999952,25811405,25709321,19764252
24073316,27023923,88307344,27077089,95287486,28833752,48059510,27387879,79286566,24938809,41764556,27322726,25067454,25204742,125627526,26475091,25665155,26077493,61055881,27665851,55542721,27938791,111295614,29488851,23831700,28243955,24774258,27092935,24000570,25814116,25710603,19766718
24073969,27024142,88377494,27078227,95361506,28835876,48086211,27388434,79348907,25026171,41785890,27323677,25068451,25206444,125744871,26475625,25665733,26078951,61097272,27667796,55580114,27939003,111402761,29489057,23831978,28244137,24774428,27092943,24000802,25816584,25712049,19769661
24074679,27024391,88448834,27079288,95437992,28836061,48113068,27388621,79413216,25103632,41807808,27336404,25069277,25208410,125861780,26476465,25666323,26080185,61139726,27668649,55617810,27939280,111508520,29489301,23832240,28245319,24774595,27093364,24001087,25818961,25713327,19772452
24075346,27024703,88521007,27079916,95514657,28836313,48140603,27389009,79477072,25147513,41830858,27365206,25070296,25227376,125979022,26477431,25666891,26081530,61182379,27669302,55656145,27939494,111615129,29489657,23832493,28246779,24774750,27093708,24001354,25821692,25714455,19775140
24075914,27025617,88593432,27080212,95589942,28836519,48167263,27389147,79540770,25147924,41853281,27365725,25071294,25282608,126095719,26511459,25667464,26083041,61224990,27670860,55695433,27939904,111721762,29490286,23832748,28247743,24774905,27095205,24001608,25824344,25715522,19777539
24076463,27026357,88663936,27080587,95663163,28837382,48193574,27389717,79599282,25147982,41875272,27366662,25072378,25282759,126212240,26557994,25667993,26097025,61262654,27695063,55735273,27942831,111828151,29491428,23833038,28248307,24775077,27096605,24001866,25827093,25716775,19779868
24077063,27032863,88737218,27112897,95740270,28843036,48221090,27391175,79665171,25149588,41899032,27367085,25073877,25282998,126329199,26592633,25668567,26097238,61306704,27695071,55774396,27944140,111934216,29498922,23833321,28249408,24775289,27098357,24002238,25829763,25718377,19788541
24077649,27034041,88806535,27168529,95815574,28875760,48247915,27392318,79727876,25151189,41921271,27367973,25074837,25284197,126447142,26592867,25669172,26097414,61348333,27695179,55810223,27944603,112041643,29499322,23833552,28249634,24775415,27100220,24002507,25832386,25719367,19791161
24078247,27045908,88880804,27204647,95893911,28905003,48275676,27404628,79791522,25152404,41945927,27368506,25076126,25285959,126564046,26593540,25669896,26100202,61389478,27695336,55851459,27944891,112148073,29499485,23833799,28249645,24775553,27102472,24002761,25835367,25720302,19794060
24078851,27104152,88953611,27235566,95969833,28905373,48303015,27405453,79854228,25153785,41968932,27368745,25077203,25287733,126681322,26593917,25670510,26100587,61430128,27695853,55891396,27945180,112254888,29500353,23834029,28249725,24775743,27104409,24003024,25838056,25721527,19796837
24079394,27104807,89022642,27300369,96043182,28906858,48328914,27412951,79916730,25155270,41990364,27379410,25078015,25293251,126799169,26595249,25671117,26100747,61471526,27696358,55926692,27945449,112362241,29500827,23834314,28249752,24775904,27106085,24003273,25840530,25722397,19799192
24079964,27105046,89095360,27302022,96119342,28907340,48356094,27413669,79979925,25156664,42013132,27403512,25078993,25357622,126916430,26596021,25671711,26102327,61512877,27696607,55967424,27945754,112469170,29501634,23834606,28249766,24776077,27107644,24003529,25843029,25723585,19801755
24080586,27105266,89167337,27303637,96194458,28907640,48382687,27413829,80042298,25158018,42034527,27404042,25079891,25438495,127033206,26597325,25672235,26103649,61554150,27703188,56008072,27946238,112575694,29502124,23834937,28249874,24776274,27109480,24003830,25845383,25724554,19804331
24081155,27105576,89239289,27305301,96272030,28908421,48410366,27413972,80106827,25159201,42056434,27404458,25080618,25438762,127151038,26598641,25672782,26104338,61596424,27721825,56046987,28016165,112682816,29503637,23835235,28249890,24776422,27111161,24004116,25847826,25725564,19807006
24081706,27105724,89308879,27306629,96348069,28908642,48437301,27414216,80170766,25160657,42077821,27404705,25081393,25439613,127269213,26600257,25673360,26104910,61638577,27722358,56084215,28017794,112790686,29550847,23835545,28250696,24776565,27152082,24004406,25851649,25726343,19809727
24082264,27107186,89380317,27307902,96422793,28909009,48464198,27414480,80237179,25161780,42099415,27406665,25082654,25440313,127386662,26602022,25674162,26125622,61683606,27723965,56123460,28018686,112897967,29595715,23835925,28251884,24776813,27169325,24005046,25854202,25727662,19812322
24082882,27107413,89449619,27307913,96495492,28909183,48490033,27414837,80298494,25162288,42120803,27406947,25083635,25440905,127505119,26603385,25674711,26175065,61724441,27725563,56159840,28039795,113006475,29614976,23836195,28252646,24777053,27170099,24005336,25856508,25728892,19814956
24083599,27133022,89522341,27309755,96572286,28909361,48518096,27415101,80363303,25162366,42143513,27407451,25084673,25441961,127621907,26604257,25675275,26176969,61767687,27726619,56198565,28039934,113112270,29659984,23836465,28257118,24777179,27171939,24005658,25859614,25730160,19829413
24084157,27161417,89594010,27348104,96648059,28917175,48545046,27415246,80426896,25162442,42165923,27407841,25085634,25442763,127739314,26605487,25675838,26178757,61810345,27727974,56237069,28040063,113219351,29660117,23836699,28258120,24777319,27173848,24006068,25862714,25731269,19845935
24084800,27199303,89664854,27350104,96725945,28917561,48573201,27415391,80491811,25162479,42186702,27408118,25086470,25443164,127856421,26606732,25676452,26179869,61853336,27729513,56275164,28041481,113325896,29664027,23836932,28259167,24777485,27191671,24006352,25866023,25732237,19875822
24085341,27199618,89737546,27350668,96801709,28917836,48600069,27416579,80554750,25163204,42208995,27408385,25087470,25443172,127973718,26607411,25677004,26180935,61895364,27730494,56315359,28042167,113432417,29678538,23837193,28260507,24777664,27267546,24006613,25868741,25733219,19878303
24085950,27205786,89810872,27352398,96877631,28917972,48626997,27416848,80617699,25163845,42232599,27409771,25088669,25443348,128090177,26607672,25677579,26181782,61936305,27731453,56356176,28042681,113537690,29679953,23837473,28298943,24777971,27294776,24006898,25871831,25734667,19897954
24086563,27205937,89882314,27354101,96953805,28918484,48654134,27417503,80681544,25164074,42253811,27411618,25090028,25443479,128206342,26607824,25678159,26182297,61978361,27732327,56395023,28042917,113642826,29681356,23837713,28331262,24778069,27350971,24007130,25874141,25736140,19900793
24087204,27206087,89951796,27354356,97029616,28918853,48680983,27419438,80746120,25164446,42275089,27412232,25090828,25445018,128323563,26608072,25678818,26182833,62021350,27733526,56431846,28043129,113749290,29682998,23838073,28331612,24778185,27438460,24007374,25876555,25737278,19903381
24087791,27215329,90023228,27354364,97106104,28918993,48708363,27419882,80808031,25165419,42297298,27413536,25091677,25445601,128441099,26609376,25679437,26183963,62060938,27738257,56470051,28043443,113856303,29683185,23838325,28332844,24778293,27479870,24007630,25913384,25738504,19906953
24088385,27250676,90093598,27369120,97180856,28919572,48734803,27421422,80870208,25167487,42318312,27414888,25092578,25448239,128558575,26611274,25680071,26184717,62102139,27739437,56508022,28047376,113963665,29684487,23838650,28333789,24778535,27507813,24007912,25915930,25739479,19909436
24089004,27263392,90163641,27369680,97256557,28920350,48762114,27440708,80933511,25168216,42340987,27424453,25093464,25449882,128676507,26612324,25680709,26186912,62144427,27786600,56544596,28048778,114071157,29684729,23838890,28334899,24778665,27507888,24008138,25918342,25740265,19912073
24089603,27263704,90234286,27369897,97334227,28920484,48789990,27441555,80996584,25169502,42362904,27425440,25094501,25450812,128793694,26613441,25681320,26188080,62185484,27845929,56581784,28078777,114177529,29684938,23839144,28336354,24778782,27508018,24008363,25921009,25741510,19914454
24090163,27263968,90306197,27370291,97410455,28920645,48817440,27441689,81060816,25171340,42385908,27426232,25095465,25451877,128911368,26623570,25682589,26190295,62228616,27847505,56621346,28130032,114284642,29685195,23839394,28337571,24778878,27508045,24008591,25931274,25742547,19935617
24090820,27302985,90373577,27370601,97482973,28920903,48843294,27441939,81120655,25173248,42406093,27426880,25096270,25452958,129024610,26625211,25683148,26191211,62267235,27849255,56656385,28130319,114387417,29685467,23839746,28339044,24779079,27508099,24008816,25934396,25743363,19978946