1156,1780,572,1864,361,1868,420,1686,305,1739,460,1763,1251,1817,261,1927,1036,1756,1202,1873,1113,1820,874,1815,1096,1874,986,1973,1176,1873,1048,752
1330,1520,824,1606,529,1499,488,1545,366,1535,708,1512,1218,1526,302,1494,964,1468,1423,1590,1146,1582,1147,1597,1321,1480,1215,1536,1287,1560,1299,2367
1389,1667,595,1587,528,1715,520,1582,500,1499,669,1635,1275,1581,332,1626,986,1587,1171,1589,823,1611,969,1669,1141,1713,1169,1575,1212,1610,1239,2557
1482,1616,809,1479,522,1501,500,1505,420,1562,762,1606,1379,1509,288,1488,1137,1591,1258,1527,1153,1518,1186,1344,1281,1576,1415,1454,1381,1504,1388,2142
1454,1688,739,1741,499,1705,457,1684,456,1707,628,1635,1205,1594,346,1655,993,1731,1224,1663,930,1591,1295,1642,1037,1660,1401,1623,1173,1527,1144,2609
1285,1568,568,1612,588,1466,573,1547,382,1562,535,1553,1198,1499,351,1523,936,1461,1298,1646,1033,1537,1328,1538,1230,1546,1230,1485,1231,1494,1182,2473
1426,1538,833,1683,420,1597,556,1523,390,1524,536,1620,1383,1606,297,1490,1026,1561,1116,1555,806,1532,906,1535,1297,1472,1401,1526,1444,1633,1464,2710
1379,1718,613,1589,496,1670,510,1674,393,1612,625,1647,1417,1700,283,1613,864,1656,1247,1661,932,1592,884,1618,1329,1584,1412,1502,1519,1650,1417,2762
1454,1747,634,1735,491,1729,432,1699,542,1734,564,1688,1327,1724,294,1727,842,1674,1221,1706,932,1634,1025,1699,1091,1720,1367,1624,1388,1687,1310,2646
1463,1784,720,1699,419,1669,455,1691,334,1693,561,1555,1163,1737,223,1691,969,1678,990,1607,784,1645,708,1728,1219,1602,1250,1696,1351,1661,1408,2974
1390,1737,565,1827,421,1746,498,1759,400,1726,603,1694,1370,1748,271,1584,928,1639,952,1625,828,1659,793,1795,1326,1771,1230,1763,1328,1719,1238,2691
1499,1815,721,1703,533,1668,422,1701,392,1718,469,1739,1173,1763,210,1676,947,1640,1174,1714,755,1640,1069,1742,1348,1773,1349,1752,1417,1782,1340,2815
1333,1747,705,1602,539,1792,562,1679,464,1612,574,1640,1370,1644,309,1656,998,1548,1126,1626,912,1717,1000,1594,1041,1719,1162,1543,1220,1667,1351,2832
1457,1737,660,1857,420,1708,408,1602,356,1748,520,1738,1368,1768,291,1751,1102,1755,938,1710,792,1669,829,1697,1265,1752,1392,1740,1363,1617,1562,2949
1304,1897,651,1827,357,1888,441,1824,331,1824,369,1854,1102,1837,233,1736,951,1912,1128,1819,777,1881,939,1814,1062,1727,1279,1744,1290,1889,1256,3074
1522,1818,697,1833,570,1722,511,1726,358,1776,307,1705,1261,1784,265,1832,783,1790,1090,1620,809,1774,1107,1772,1207,1736,1259,1807,1449,1711,1339,2903
1474,1966,620,1809,376,1857,387,1866,329,1714,415,1697,1071,1699,241,1743,1018,1741,952,1698,685,1815,982,1739,967,1755,1260,1784,1376,1763,1440,2999
1344,1814,661,1726,464,1598,538,1648,484,1671,533,1632,1195,1662,268,1533,1023,1615,975,1551,973,1715,1069,1690,1251,1626,1451,1711,1445,1562,1402,2861
1318,1675,674,1781,500,1684,554,1644,431,1713,412,1624,1298,1669,330,1646,821,1674,1034,1626,799,1646,1090,1585,1000,1668,1328,1691,1391,1657,1268,2728
1443,1745,699,1712,445,1664,487,1676,420,1636,367,1670,1119,1734,257,1652,977,1775,1144,1761,855,1827,1076,1685,1121,1737,1331,1658,1451,1744,1416,2827
1441,1892,569,2034,373,1911,349,1893,285,1841,393,1961,1089,1829,221,1850,1149,1910,999,1865,839,1816,817,1928,932,1865,921,1813,1104,1843,1237,3194
1410,1630,596,1647,413,1621,388,1575,270,1585,588,1552,1368,1535,252,1568,1058,1526,1087,1647,794,1555,951,1612,1074,1475,1437,1594,1314,1634,1273,2865
1352,1829,719,1819,504,1769,469,1633,413,1807,605,1797,1183,1699,260,1722,640,1753,1335,1708,1037,1834,1087,1789,1059,1641,1251,1772,1338,1680,1192,3002
1455,1727,598,1803,455,1693,458,1824,433,1720,504,1717,1338,1648,189,1593,1112,1675,1080,1615,882,1661,810,1755,894,1612,1268,1675,1383,1707,1356,2952
1407,1758,733,1736,439,1668,437,1714,406,1620,485,1675,1076,1642,231,1673,1014,1690,1141,1666,827,1713,1136,1617,1283,1699,1225,1718,1342,1650,1374,2848
1357,1822,560,1712,393,1797,353,1728,393,1755,411,1726,1382,1786,239,1763,1018,1741,1113,1762,728,1787,1072,1777,1030,1827,1014,1769,1455,1764,1384,3141
1434,1767,704,1676,530,1737,534,1706,466,1679,590,1692,1210,1745,252,1707,645,1678,1140,1745,867,1725,1170,1649,1215,1683,1095,1653,1413,1704,1329,3044
1510,1692,641,1776,591,1582,552,1741,273,1677,570,1577,1414,1683,329,1583,882,1600,1121,1687,762,1721,1040,1694,1307,1770,1381,1693,1314,1753,1318,2970
1369,1734,607,1682,453,1605,477,1691,265,1730,470,1678,1167,1685,251,1697,1019,1718,1072,1759,703,1628,882,1645,923,1786,1285,1640,1349,1737,1415,3001
1351,1829,505,1737,491,1678,463,1796,411,1753,391,1739,1073,1681,233,1749,993,1692,958,1789,661,1747,910,1723,1359,1842,1322,1659,1366,1795,1321,2916
1541,1721,678,1589,523,1651,396,1688,292,1656,413,1572,1253,1594,248,1676,980,1606,1040,1681,765,1652,1319,1633,1213,1613,1442,1576,1422,1627,1314,2798
1350,1611,627,1627,409,1561,458,1592,307,1644,421,1537,1232,1709,222,1588,862,1653,1061,1544,955,1578,1177,1527,1240,1583,1374,1581,1262,1634,1219,2817
1406,1651,602,1633,422,1709,492,1613,249,1636,444,1628,1135,1663,328,1583,1037,1641,1145,1687,849,1670,1096,1640,1243,1692,1358,1556,1456,1583,1260,3031
1498,1714,615,1645,435,1625,443,1663,411,1671,478,1725,1395,1658,294,1615,695,1674,1175,1598,890,1674,1243,1683,1067,1558,1323,1710,1381,1646,1327,2953
1428,1654,765,1619,406,1673,392,1648,375,1569,550,1623,1299,1679,289,1502,1053,1595,1276,1586,933,1600,1038,1691,1272,1693,1318,1498,1411,1605,1195,2789
1370,1651,644,1715,436,1638,507,1581,300,1551,541,1635,1268,1599,252,1614,1227,1607,1411,1595,1035,1555,1184,1594,1398,1543,1390,1575,1288,1597,1315,2750
1372,1680,783,1600,446,1736,470,1587,382,1663,434,1701,1215,1669,203,1601,959,1655,1110,1611,796,1686,1202,1732,934,1643,1178,1630,1327,1776,1178,3058
1438,1744,607,1637,348,1683,457,1641,275,1637,510,1647,1150,1642,260,1687,1009,1653,938,1675,849,1769,1099,1569,1268,1635,1347,1571,1410,1575,1292,2757
1345,1784,492,1721,372,1652,453,1758,418,1778,421,1765,1122,1791,239,1700,1029,1650,1110,1693,767,1664,962,1707,1216,1748,1238,1789,1337,1661,1292,3238
1546,1813,801,1755,502,1757,487,1757,340,1736,496,1759,1292,1794,248,1782,359,1691,1160,1693,773,1642,838,1761,1217,1669,1261,1703,1249,1789,1414,2997
1450,1658,514,1553,356,1677,552,1668,272,1693,705,1685,1305,1648,412,1641,1043,1618,1045,1560,811,1625,1155,1722,1304,1672,1248,1672,1332,1792,1300,3014
1454,1769,621,1685,335,1729,364,1717,399,1655,398,1752,1537,1703,270,1655,1004,1679,1177,1733,1045,1674,957,1697,1112,1673,1157,1624,1343,1687,1306,3058
1482,1845,763,1778,332,1727,363,1894,387,1766,568,1841,1372,1742,240,1823,1020,1775,1198,1712,787,1767,868,1712,1008,1840,1196,1783,1241,1817,1283,3088
1312,1827,627,1810,411,1691,421,1695,271,1788,381,1838,1329,1787,222,1757,953,1737,806,1698,734,1686,903,1701,1126,1727,1344,1634,1223,1694,1280,2898
1396,1686,627,1626,470,1665,447,1577,310,1578,474,1686,1182,1553,212,1606,1041,1627,1189,1674,850,1733,1253,1654,1056,1623,1487,1687,1440,1669,1294,2863
1429,1629,693,1726,470,1698,425,1623,378,1679,427,1750,1145,1567,271,1580,979,1697,1062,1639,1011,1646,943,1708,1276,1656,1492,1538,1512,1639,1373,2806
1304,1960,459,1954,467,1907,386,1991,389,1935,357,1907,985,1908,218,1836,1042,1993,1141,1930,651,1902,894,2060,873,1930,1095,1876,1167,1951,1110,3594
1388,2068,659,1900,318,1883,410,1882,550,2060,353,1987,985,1939,212,1913,262,1916,1013,1997,639,1888,917,1969,1048,1941,1093,1834,1192,1947,1313,3411
1465,1682,552,1737,472,1744,451,1715,364,1707,519,1736,1202,1683,285,1566,972,1614,1084,1729,812,1596,873,1647,1476,1590,1305,1640,1373,1622,1474,2875
1420,1742,603,1748,457,1715,387,1597,391,1632,407,1751,1255,1680,213,1584,919,1758,1214,1679,870,1715,1161,1679,1261,1700,1245,1703,1331,1778,1532,3031
1533,1705,704,1667,406,1808,389,1717,331,1597,446,1631,1199,1712,270,1721,857,1790,912,1724,792,1610,1147,1607,1025,1651,1449,1716,1426,1676,1501,2846
1169,1999,501,2010,363,2003,393,1971,250,2053,397,1988,1038,1975,223,1947,831,1957,826,1936,835,2021,964,1950,1081,1924,1083,1998,1009,1954,976,3467
1358,1658,621,1716,389,1669,473,1667,431,1629,372,1661,1187,1603,290,1706,818,1637,1058,1627,720,1718,836,1682,1063,1682,1226,1574,1374,1677,1182,3065
1375,1933,538,1881,389,1929,426,1813,344,1830,483,1775,998,1823,230,1872,1078,1831,1273,1826,749,1943,868,1781,1122,1879,1210,1910,1221,1846,1263,3369
1508,1818,534,1780,387,1785,323,1768,274,1714,370,1784,1179,1686,155,1684,899,1700,1195,1733,687,1760,753,1695,1303,1743,1171,1767,1339,1803,1281,2914
1343,1727,700,1807,382,1579,344,1763,286,1659,492,1624,1264,1644,294,1726,982,1724,987,1631,850,1711,1174,1616,1109,1699,1236,1588,1402,1587,1306,2906
1508,1878,533,1763,435,1820,403,1911,432,1825,547,1788,1345,1873,186,1785,209,1760,1106,1762,753,1886,844,1771,1271,1829,1113,1801,1307,1794,1298,3144
1463,1687,574,1787,299,1765,391,1669,322,1770,446,1716,1258,1880,202,1638,978,1691,1020,1748,883,1645,1061,1741,958,1654,1320,1755,1441,1803,1367,3179
1378,1754,650,1755,365,1702,373,1580,341,1655,343,1637,1254,1600,208,1679,1073,1621,946,1667,762,1683,839,1669,1196,1674,1337,1592,1242,1626,1114,3160
