19224352,17510541,118895263,53225209,84797465,51026258,85189099,24718680,66019387,33348923,70019091,27878205,16988189,35304951,56016681,37422558,35979368,19870623,37177965,39549155,38413007,33882307,33739116,45646733,35806627,33377754,32434049,41031613,106011241,52000933,224173544,6273801936
10211828,12493549,155737177,19657327,106662332,50152707,79167067,64444252,56076900,46269768,87553291,17882709,85181288,25075805,54355239,47260152,50782611,79000832,50810614,20684656,43180091,34708211,32880195,38980732,5367733,36785462,41664265,42876908,19103739,47057336,25188039,520434059
21339134,30356554,121136991,29674001,114794934,41174915,77655718,32700670,72017763,22248378,78792437,33018361,16536978,26372330,80796253,40486792,59996861,45874451,46069976,71612619,50298690,38561691,60382954,36923213,7895828,35148099,15901157,20797832,17363677,58124632,49731070,734674545
22374386,21744402,133627730,56805267,110824254,40750497,100838011,46234739,64582548,31199885,90303644,43326140,25869738,36360637,44091638,36473873,92658865,34552228,39946556,27696625,41903529,12764511,47163345,24075746,29395174,26002030,3525233,44828567,34623110,58438522,20456161,807248198
27099969,37894522,128208228,32555551,117672099,17491811,77916081,22387819,51161444,15035503,76453554,32055838,19793288,13018945,59796060,38180880,37576537,38614807,38055421,13288128,41639520,20614911,64400577,18654033,13787583,83562978,32331574,31518434,26023686,11565126,32916599,578158409
42258429,35176049,106688455,17784951,134082478,44552101,101459353,49176392,73938509,70664476,73480076,65594748,41237598,45967974,56544110,29126575,73779732,41087973,35215007,31670072,36386671,68467536,38476136,21177925,30244545,80565572,36091233,37769015,9722540,57695516,41294745,232370538
42282309,21983945,141659741,83526616,86604401,35516357,121181987,16067958,53114000,12188528,83343154,61327574,30666890,67595605,64847342,53305401,33250196,34561268,86734852,34251008,37767220,64924114,42497654,16330263,5114002,44806188,10341462,28733088,22964359,50766835,37804905,187526083
29912366,25650800,116735607,33290223,99577676,33269133,94486687,79650429,46504073,54856541,73505602,33356507,65699911,33523638,45474915,15046920,10773717,45090245,50006741,22316531,44547506,52485097,33348688,30517099,38356407,28383470,26941751,24963010,40739267,73570328,50512642,244915275
75409985,61911476,123522367,71980825,89317122,54085918,73853682,38735829,79807322,23581206,66194574,50811979,6726035,34466960,56779282,26819079,23858380,51186587,66280056,18504306,32831846,42896492,45935101,56854280,34293869,62290274,44973399,30015218,23336703,35452585,47831503,199524658
2947273,11772027,134067328,77763309,93370238,34520830,68906875,40532039,60617595,38110944,66299155,61232656,13280133,23692812,38999716,71353327,65720995,19200893,28370879,52685135,34825092,47353502,33550330,13674881,25271132,19338382,24846617,40098268,44867502,26338539,38953737,194774330
10807355,25116385,113426672,29237768,81826949,45564872,81683179,22858477,73996352,22836056,68223069,39333227,29180638,53208562,53615703,60457161,31718775,42060819,39216615,31862494,45943614,46426107,25214423,32374136,28090349,51001336,11432619,32670656,22297399,27955629,52265319,239867364
20691900,65017844,158072688,41762420,120408440,57476033,66520638,28966024,64022423,50510269,70016334,11665563,36620157,24553130,36032232,18918881,60854021,33536049,40356770,24618662,28076859,17122450,34220300,35087811,37296387,39492381,19902803,33341679,24372770,18059921,29827087,174577955
42217004,24530110,130784609,54993711,108552785,11510409,93747851,42498642,72287957,12599220,73532073,28446686,16515664,22157017,83517417,36935356,36920959,24412500,41684548,31496775,49111332,35235841,51637907,30553586,14116414,21577078,30526912,49336357,15902334,29691274,34014722,208965599
7928285,34291992,116382688,15514100,79563794,26936063,69927838,52505187,65602183,20142094,62112334,41102381,7265443,40372683,56249414,18984846,39233712,31234173,31551229,57736032,120902994,31843152,50431625,38001430,26376182,26500333,9039789,54515196,22694337,45957146,32973817,202955864
34108274,40903155,116583329,40106224,76076565,52027166,78861873,61460786,54923102,31793446,52349615,47931058,45360908,42764130,44939232,68373369,52140742,96125897,32525641,42604285,34946661,60243988,32703246,70272567,2860629,62144213,71221310,121793075,14133354,60164978,37810724,244961226
29826837,27962606,137961305,66309692,99484385,46808088,95875786,54436486,48865341,45348589,49895823,15081236,18929158,28583094,45233750,109164492,15830958,39271305,38861089,25028543,31247141,37024667,36503114,28523659,21674797,28068783,9177315,78498735,14675139,30182131,34796755,200511360
10605560,55866173,111705553,36065442,88268404,89550991,76868963,83977506,58264459,27112681,52197035,22073210,37970526,45126929,58435737,85699646,69542865,50903670,40826841,36515245,27957031,44102224,45146699,64250493,45739755,47943059,10640257,74498441,29193205,68699974,86454102,207760082
18658279,56192541,134916424,49872958,98337106,21949245,78989084,57091796,61315628,57024703,75751137,38161451,34735279,48154501,44349586,39571192,27633676,52526203,74951178,54071165,47479166,45578614,70427497,49278239,32421149,75834365,1683591,33261959,56388099,16246759,40699572,180252304
22772008,17142882,128311416,59553376,96598590,27761217,93545996,35817110,80061635,40776862,59083207,57366572,23138857,42127585,62489166,57575144,39670818,30990923,33941523,74090752,124783257,39387758,28223593,34694350,22789656,58550354,39842182,40837477,22640123,19717492,61161976,175156704
34591149,45262128,130982344,26273733,98111944,14028230,82447777,46421954,56422156,55692437,44346554,61430976,42576195,25619469,64407495,52598921,50271404,49732229,130921195,39633436,29208957,50453774,33810115,25150150,7019708,40078950,21141929,46323765,15362912,39919058,30377660,182685682
31797682,98141115,106986845,106064320,88796559,42382043,56431690,40711490,63524328,21960269,59268319,49884977,28486405,63273250,56471348,46522983,52708427,47792702,72428389,43933861,35826580,55881968,49343438,31961162,22534383,30964299,25645032,67851219,16608973,36682288,47778042,324627901
40391811,43116367,125575049,57099899,90218649,59645774,80198481,19718804,62466562,60973905,67491911,33054358,41387325,35595029,44167870,32600841,100913797,61340303,45601734,22371507,29565320,42656300,26654990,65017983,39690153,34674717,67215723,42228285,92685668,85613680,25280729,152760811
14544974,15704070,142208074,30583720,101404215,36061750,76469882,28605758,72788525,57351455,69997746,41758357,25844467,37251790,49594249,32098342,41223921,20264833,96710641,31198263,40809570,48948538,36021116,69415018,15661284,52797733,24114130,63514048,35986695,33969692,41903763,140068171
21748478,52981843,122439753,24082076,84890818,37087664,80649126,29422441,64698610,58168902,72768116,42789464,12587380,55010288,36218367,30357269,35906354,11745491,67261496,32563928,33015298,100284560,27671253,58052447,47092464,34047265,3019408,37716732,16269453,17663948,72394770,162245221
15104772,37277017,131171803,24070183,86713252,17291037,79421232,20835110,76194059,75468291,57429935,19068774,42678622,22037008,48210362,34891944,45048728,64656902,50836142,28728922,126426262,51421996,29332380,55872452,16128024,72459003,44929258,71729927,14971018,46319137,45828714,117587707
32097163,38201832,119664538,65981698,82860399,52580436,70425650,47809256,87319317,10862134,64001070,29439954,50405314,16242229,41934702,60527728,52643602,50750665,67074930,47714729,38300712,29312409,31655518,67044390,34501583,30823480,21187612,45461262,19115943,23079613,69508851,178312213
21099952,60326479,149055585,49160211,102194012,43486192,70132103,39485817,59855262,44646474,84791082,83118846,34788090,63643846,57588111,34866790,37706017,65551774,44234164,27984681,86691881,95390497,32631704,40013695,5989263,111371273,15498758,56680529,30415717,59882264,26831656,217461233
23776184,19184669,129708489,48583175,117570422,29755417,123988827,38164913,71815113,83265845,66454946,17333616,42183662,26070746,61251395,65749324,26240749,40268235,34399315,40138932,81129325,28444020,31837251,30858985,10136535,42634691,19647412,58636594,14694012,44049128,43482223,189634123
51189056,68703874,147512665,49012168,78960614,54578122,83325880,61210015,59052575,36806962,64984649,26822402,20944762,35665800,51053500,24176058,55802945,58419371,43487180,25436113,106661629,34557350,37170640,31592513,31224623,30987819,28742140,70300820,20728522,36528480,69601463,124152451
21808073,98351417,113167066,35552547,93872605,76703902,75582497,49325872,49266918,36586299,52569194,34097730,24200112,37056878,53254283,32106011,49033415,72706245,30391839,49146249,34211328,47169971,44532770,77074792,22875518,74371736,31753477,46072830,55864277,56124015,38153212,269616126
21188387,24892856,147713191,40340712,91057045,80789710,64823997,31389595,59622849,22502738,56493792,22232725,4342547,57055623,53050793,17161036,74888688,55608049,31402538,31415368,38841030,63961578,43956619,44878206,26953745,21859510,11261712,24370393,28313818,20267185,35358712,131085619
37117654,42063692,114693866,52308487,95757621,36009475,78166300,59278424,49305972,42602436,57591377,72417308,45673779,45843246,44418910,36108474,42517985,49289920,121707133,79273230,51535177,39981307,47402034,103293715,17744897,48635689,50406448,30409774,33990019,76340296,44402309,229973244
68139541,17598218,114185121,45531444,89616428,42941662,80570598,165506895,53883941,28703864,66972087,27857605,18457253,37054617,65463339,48907654,61530786,38256668,44779178,24006768,53559627,54472275,34351720,17094758,30793143,42613340,36696674,47305182,21184621,58517969,35114601,247417940
30294366,20609555,134799308,68387876,96539808,28763996,86732418,36406144,69649257,43542116,71692364,69700504,24270896,62730694,44545406,50596527,69267331,55638145,40484519,49643648,40555176,22734858,62013042,71019424,4340816,19407895,11373307,42929452,18857852,35771387,33445761,169759541
39305045,55072575,139450425,69656563,93396796,23360540,69586942,51987894,56122491,33564489,67069497,77076383,46325093,48689306,56848432,90400504,31113782,24199532,59309819,33868896,134184947,70935793,31777080,48082536,47596415,58255630,29021957,50172597,47015576,30886315,34024928,173795438
12857759,73750156,147670769,44149489,88676418,24966693,84014111,30296625,58739620,42114263,83741965,23395508,68339644,15930602,46426973,83224434,48708343,53945831,37877131,21394123,71655722,42133172,42459703,58343457,3780792,27316386,37414321,54169110,42326375,31490744,61621397,244620329
48789151,13476829,154355107,42603785,97693088,67899263,79565815,33087069,61905439,21726884,68440806,62234463,42610215,47006111,39017835,82634116,54799835,33089311,57455842,58496441,82336109,33158909,47418393,39780765,21078178,28544525,24596593,29041219,48719883,52838342,51242391,127614960
32381872,72280941,114851732,36937667,82605535,46731715,80803404,39147400,52521684,10404757,60762555,12888399,38008839,14250998,49299171,36969429,40307333,15343217,60491779,12550640,45660886,18630522,33419627,35509910,4684269,11699503,14892904,39904553,26216958,29628107,50841692,195946650
9001713,147621829,98150767,84336530,80750109,45842748,63649744,38259638,82606502,71943926,58622509,65582109,41342239,28483851,34645737,77978568,73434083,33824439,29451968,17556592,27480576,40631542,62056049,44498462,36001105,34262108,43219916,47473055,22523365,44672568,76327885,143661287
20455584,41695938,155368853,51025628,105965935,35880979,89561444,25039159,62561575,26148773,64885412,51090290,58122748,19595671,55809616,25857800,25473272,38270517,44150245,45953802,47472345,37706531,48693823,26087062,39400941,33473071,38439158,45316547,36735740,17800846,48062792,271091384
44833070,83050660,90585664,55690753,71522750,23566034,113434457,41267569,42997619,49994696,92458259,55768629,34660951,91731396,61706485,20033243,74512738,81898311,47507295,28354867,52476344,60079500,40753732,61713343,49480329,22360393,77876571,99786019,32172620,72564975,21516328,178156944
99054750,16261343,116518247,21280021,64714517,30231758,75050582,52269017,55339316,26154219,55800353,17122598,28256598,88365331,54611683,41119767,107261379,61447539,32232209,37030679,32710929,71217768,28766009,90996518,10411119,17814441,31362079,35676837,42742082,87824692,19220174,112055595
10370617,28577773,131124752,13056023,76660735,52252927,78476960,24945292,98112977,37297047,64950480,18763311,28801759,25229172,49317389,44779332,30858798,15802636,31992597,85572522,39522884,18452478,53595934,87659842,51147796,26676659,7173651,58607192,8523336,62491579,38724566,190202374
22707077,25814469,118688392,24839894,85524419,43608326,91496330,22313476,54753904,21292789,82778576,19161384,25791240,56585263,48876991,62716851,54151656,36721864,26688015,29971902,34969107,42906824,26952970,75567395,10153110,45152288,28261355,43223187,3473746,44388546,19969109,268652607
66254470,61200134,109956589,74345044,112039879,35947302,71087445,39736490,52379580,55234111,68524463,26856102,14961843,42311469,41177627,41378198,61105885,22970845,44581588,87316453,117540478,42089028,44439260,25984692,42446122,34431687,33277981,32874210,22520662,89664360,32415553,182369391
15813712,39640231,146696826,77083067,110912869,25739508,84274538,26454258,52968248,31157565,59449774,39508436,24126178,66078704,48970951,14662290,63739583,38181011,33445811,64045441,36986876,40312731,46909182,57779605,26774438,57884615,13044140,62897036,20633321,32464955,52524802,131931219
42645297,110087889,104003240,53807607,89877115,93732529,80117982,40333150,65982337,51677589,58528629,44321852,21344845,40677511,34514814,24912505,43255145,58566831,44456844,36663624,38242208,40572629,27837271,55372132,45056667,73261835,47573821,56349649,44501522,54616147,47782786,203339306
3334902,42140713,111397503,35880402,92836866,49749141,60339838,58751156,91136494,59547969,62991702,26573960,28587844,54613227,41284602,29562615,29756633,43081336,33312184,29986909,102857112,19236017,31146306,33431262,15632540,70177213,39302184,115398909,42948558,26837894,54374088,208179922
12584697,64290081,118176231,73329633,91852515,59900798,65772649,84060278,61366779,17352019,58433346,26779709,13807826,28439167,65589569,85844521,100908260,67496402,33494340,47490960,103795266,21247579,28653456,21396381,16873937,41269586,22017766,74009764,14865789,30123997,88045128,314210336
32988343,29268960,109714724,43023872,87546950,81416403,61218359,33200920,73626978,35508484,64405308,58799870,18171132,94058718,39865223,26624812,70075693,36547310,53079505,34757962,56771735,74261849,37030722,56955634,57539059,27565435,21905910,20825274,4982100,50773764,50679514,128197305
24313386,32975809,154005295,34967167,81660237,14088921,74216463,39391745,62695059,63612600,57425387,28677619,11198609,96628876,47378021,51082972,39475130,40564646,41978234,56279070,41795346,81796798,44927569,25730426,37897327,41127780,32988011,41388315,61456784,34744808,29998175,217397628
4589432,31120737,101096494,52306447,75008042,47009829,55019937,50926657,65155471,18116077,71175589,33566398,21406587,74722526,46495425,36819877,44324497,104703610,44953991,81114037,39692613,52807172,23735264,28979711,25789145,44582385,11658004,62841238,17211614,30567303,21481033,188852393
25269269,29744010,118628943,37521380,87267960,74962368,76292582,36271516,81209125,37860497,59742637,76531949,21246782,74815646,52770404,29326952,56401149,30691761,68696975,41699985,61774415,60121237,36166028,19133146,43578239,35758953,18795220,63278115,42489962,26009789,28169198,185766147
42723393,35809339,113463536,73528643,84224636,32029467,84855982,79075141,65352349,72699774,67911951,43429420,17925783,73684900,50008724,54266589,58475395,20506490,78170921,35013560,46247550,106470110,49014600,14700689,56829621,53476693,49135486,42513423,5765470,96758678,78320822,191157453
71108500,76576854,100887446,78371209,85780297,39365297,70270074,54871735,50866611,75376709,51677196,56527210,27793119,49901523,71708848,44997619,50766185,23584087,60492592,49232578,30713103,102152653,23144204,51584483,23352954,32220584,14415468,50065087,10995143,25706841,84723451,197903230
48022526,77115736,114314671,41337183,76333050,43464473,53583462,61428785,64282002,34528828,62089807,75721306,25074889,34570656,53804094,35342437,96386231,113296933,44441490,89372979,38330884,24686378,48211891,56502576,11180863,31306373,11849942,113672182,41048897,120990522,85418622,283558639
73912061,60923772,126352618,66461257,109909256,54587327,66550986,61630566,67151908,48264045,68391157,39004503,39837245,24144044,30426476,73532912,8274661,52555204,72862840,27168485,36978756,29912868,28013966,72179854,12332713,51988015,2093793,35084008,14996320,65454449,39642325,221365859
17560766,16011885,98999774,69896125,69334894,33983682,62524836,48606815,48386976,26363984,58763424,31984012,26372929,119890554,38273446,37287455,37178342,20926020,72683173,111623859,107070429,25038717,35406803,43433114,21592115,50614658,41760811,26118509,51456863,25931559,29597887,153758007
25083065,43962805,118026563,68744038,71473670,46754226,60678602,50011959,56285397,39970891,47510525,23569909,9244935,39811638,61061777,26167621,56496175,41324573,105933907,26178797,62244630,31439787,26635315,32875309,41240358,51902775,24321333,55290399,17802002,66452663,70372475,187468361
