61874541,482091095,118140508,77186739,135688147,75309420,106635934,75895962,125660656,79402871,96610280,73264031,65936325,69598408,122521384,66769803,81492479,69152133,84125491,65807452,82015991,65657851,110969580,60975515,60275990,64052070,58394191,61665877,61291850,158891061,58449963,422058205
61878542,482096991,118158688,77192160,135713284,75314829,106649129,75901379,125678972,79408353,96621926,73269917,65940244,69604202,122535854,66775528,81497526,69157945,84133084,65813269,82022623,65663209,110988255,60981472,60279481,64057875,58398169,61671960,61296083,158897794,58453788,422060653
61882311,482101629,118174411,77196709,135734537,75319702,106661503,75906509,125695747,79413392,96632645,73275100,65943568,69608997,122553836,66780482,81502772,69163448,84140702,65818051,82030077,65667973,111005746,60985896,60282400,64062850,58402195,61677043,61299380,158902589,58457239,422068638
61886281,482106566,118188229,77201530,135758752,75324602,106676156,75911443,125711500,79418280,96643295,73279950,65948083,69613958,122572840,66785604,81508265,69168220,84149766,65823521,82038127,65672887,111023340,60990815,60285840,64067902,58405858,61682045,61303817,158907469,58460895,422076702
61889995,482111534,118201372,77206641,135779407,75329882,106688789,75916494,125729977,79422927,96653306,73284867,65951344,69618763,122588805,66790337,81513153,69172967,84158089,65828232,82046048,65677491,111040335,60995911,60288755,64072981,58409186,61687278,61307151,158912427,58464387,422084098
61893759,482116309,118215466,77211381,135804374,75334466,106701776,75921148,125746429,79427474,96664859,73289403,65954627,69623669,122605297,66794869,81518890,69177659,84166788,65833018,82053975,65682118,111058908,61000994,60292862,64077851,58412903,61692070,61310808,158917403,58468272,422092099
61897568,482121051,118228005,77216110,135828132,75339029,106714983,75925497,125763431,79431860,96675648,73293764,65959257,69628220,122623754,66799412,81524170,69181958,84175894,65837269,82062249,65686464,111077336,61005202,60296732,64082101,58417305,61696242,61315073,158921603,58472752,422100153
61900982,482126437,118241729,77221225,135850180,75344192,106727636,75930256,125779248,79437002,96685865,73299069,65962708,69632926,122641597,66804949,81528703,69186966,84184294,65842455,82069651,65691659,111095038,61010520,60300147,64087484,58420266,61701323,61318388,158926525,58475991,422108645
61905244,482131108,118255825,77226308,135874051,75349179,106741046,75935448,125795895,79442049,96696611,73304405,65966449,69638059,122658609,66810190,81533440,69192051,84192870,65847775,82077650,65696891,111112752,61015415,60303537,64092471,58423777,61707018,61321266,158931797,58479247,422117226
61909099,482136344,118271450,77231675,135896328,75354077,106754385,75940680,125813535,79447055,96707565,73309434,65969792,69642939,122676196,66814550,81538677,69196883,84201399,65852888,82085701,65702495,111129976,61020458,60307001,64097055,58427353,61711962,61325159,158936859,58483234,422126138
61913232,482141093,118285248,77236563,135920127,75359360,106766687,75945692,125831142,79451895,96718660,73314561,65973776,69648046,122691988,66819196,81544021,69201963,84210024,65857832,82093600,65707599,111147811,61025257,60310289,64101982,58431179,61716752,61328926,158941890,58487266,422134758
61917254,482145827,118300141,77241151,135940729,75364112,106780638,75950545,125848245,79457395,96729664,73319547,65977467,69653023,122706740,66824548,81548574,69207094,84218709,65863234,82101711,65713071,111165215,61030207,60314309,64107122,58434527,61721805,61332609,158947163,58490558,422143734
61920800,482150858,118315494,77245991,135961428,75368947,106793552,75955709,125866081,79462464,96740624,73324569,65981021,69657762,122722073,66829897,81554109,69212467,84227165,65868166,82109448,65718153,111182547,61035777,60318068,64112287,58438162,61727196,61336038,158952025,58494018,422152368
61924629,482155720,118329368,77250870,135985289,75373378,106806382,75960232,125883991,79467774,96751234,73329290,65984765,69662475,122739459,66834693,81559107,69217625,84235895,65873293,82117853,65722940,111200229,61041225,60322651,64117364,58441635,61732405,61339752,158956767,58498000,422160799
61928368,482160996,118344157,77256263,136004828,75378523,106819888,75965421,125902024,79473217,96762531,73334135,65988137,69667526,122756549,66839619,81564698,69222266,84244833,65877857,82125531,65728864,111218254,61046687,60326711,64122991,58445193,61737514,61343312,158961842,58501257,422169773
61932166,482166032,118356357,77261526,136026866,75383853,106833474,75970700,125919338,79478273,96774372,73338907,65992193,69672916,122772740,66845210,81570704,69227079,84253797,65883068,82133633,65734714,111236360,61051804,60330620,64128448,58449083,61742390,61347140,158966723,58504901,422178806
61935741,482170794,118370457,77266822,136049075,75389289,106846959,75975845,125935467,79483010,96785210,73343742,65996492,69678191,122787545,66849912,81574633,69231894,84262688,65888254,82142015,65739478,111254969,61056710,60334470,64133153,58452992,61747264,61350803,158972033,58508901,422187398
61939821,482175742,118385668,77272110,136072957,75394148,106861326,75980540,125953175,79487962,96797031,73348639,66000987,69683295,122803504,66855042,81580327,69237619,84271636,65892861,82150043,65744420,111272278,61062032,60338947,64138458,58456399,61752871,61355005,158977273,58512766,422196432
61943745,482180676,118398431,77277377,136097215,75399241,106873533,75985643,125972549,79493401,96808337,73353957,66004612,69688375,122821658,66860431,81585453,69243141,84280235,65898175,82158110,65749638,111289824,61066959,60342501,64144090,58459500,61757889,61358644,158982827,58516294,422205192
61947762,482185535,118412981,77282228,136121061,75404464,106887651,75990728,125992465,79498454,96820427,73359014,66008509,69693982,122838740,66865304,81589896,69248057,84288729,65903266,82166406,65754390,111306531,61071984,60347234,64149319,58462857,61762911,61361651,158987575,58520030,422213903
61951597,482190704,118427722,77287319,136145892,75409384,106901808,75995523,126009494,79504115,96831055,73363962,66012696,69698984,122855040,66870435,81595835,69253527,84297285,65908171,82174435,65759361,111323245,61076903,60351226,64154367,58466599,61767990,61365100,158992368,58523962,422222668
61955932,482195941,118440659,77292625,136172397,75414959,106915877,76001068,126029577,79509799,96843373,73369330,66016911,69704227,122871177,66875798,81601621,69259030,84306547,65913568,82182886,65764617,111341873,61082185,60355299,64159950,58471603,61773704,61369403,158998228,58527990,422232578
61959661,482200873,118454276,77297637,136196399,75420312,106929508,76006587,126046981,79514575,96854179,73374235,66021036,69709324,122888212,66880921,81607182,69264095,84315166,65918603,82190610,65769920,111359360,61087387,60359133,64165353,58474633,61779120,61372727,159002990,58531665,422241460
61963762,482206172,118469300,77302531,136220582,75425312,106943069,76011895,126065049,79519262,96865996,73379059,66025310,69714392,122903595,66885841,81611302,69269292,84324689,65923640,82199257,65775086,111377853,61092321,60363966,64170508,58479148,61784152,61377071,159007903,58535560,422250161
61967493,482211425,118486572,77307432,136242161,75430306,106956377,76016828,126084045,79523958,96877866,73384066,66029294,69719394,122916473,66891263,81616838,69274419,84333542,65928921,82207833,65779996,111395077,61097047,60368691,64176122,58482648,61789036,61380996,159012904,58539199,422259010
61970922,482216631,118502025,77312897,136264608,75435887,106969784,76021764,126102436,79529039,96889558,73389283,66033736,69724513,122934129,66896633,81622750,69279382,84342274,65934115,82215520,65784804,111411889,61101965,60372580,64181511,58486108,61793795,61384325,159018025,58542550,422267846
61975783,482221575,118516625,77317833,136288163,75440745,106983334,76027134,126120392,79534211,96901395,73394666,66037623,69729796,122951395,66901936,81629015,69284278,84351610,65939047,82223815,65790579,111430479,61107030,60376346,64186568,58490936,61799069,61388042,159023010,58546640,422277186
61979800,482227050,118529699,77322901,136312040,75446262,106996826,76032624,126137502,79539459,96912364,73400195,66041232,69735072,122966548,66907321,81634581,69289621,84360179,65944187,82231810,65795936,111447696,61112393,60379626,64191783,58494255,61804076,61391305,159028163,58550294,422286423
61983601,482232443,118545908,77328287,136336290,75451558,107011114,76038150,126157107,79544572,96924173,73405526,66045053,69740612,122984043,66912975,81638976,69295356,84369132,65949692,82239781,65801643,111465346,61117836,60382935,64196730,58497611,61809515,61395494,159033483,58554390,422295632
61987578,482237391,118561298,77332679,136356493,75456425,107025195,76042887,126175322,79549296,96935728,73410695,66050340,69745715,123001871,66917828,81645264,69300324,84378428,65954325,82248086,65806844,111483211,61122742,60387645,64201228,58501835,61814696,61399276,159038057,58558422,422304253
61991919,482242315,118578504,77337983,136376664,75461725,107039197,76047844,126192068,79554266,96946672,73415942,66055335,69750940,123015446,66922786,81651300,69305380,84387350,65959284,82256200,65811739,111501098,61128233,60392334,64206565,58505604,61819931,61402652,159043332,58562212,422313327
61995737,482246801,118591502,77343123,136398645,75466655,107053397,76052618,126209465,79559154,96958023,73420904,66059587,69755739,123032542,66927433,81657429,69310600,84396226,65963648,82264536,65816505,111519348,61133165,60396843,64211439,58509570,61824677,61406577,159047883,58566219,422321807
61999594,482251889,118604466,77348198,136421245,75471522,107066653,76057626,126226856,79564085,96969333,73425650,66063627,69760744,123049641,66932312,81662575,69315565,84404756,65968832,82272377,65821841,111536785,61138622,60400156,64216586,58512698,61829710,61410252,159053150,58569641,422330387
62003899,482257245,118620579,77353267,136444765,75476625,107080266,76062813,126244092,79569512,96981377,73430991,66067680,69765942,123066409,66937954,81668101,69321274,84414009,65973887,82280630,65827103,111554206,61143852,60404774,64221737,58517419,61835352,61414215,159058407,58573544,422339386
62008246,482262635,118636459,77358842,136469673,75481982,107094470,76068408,126263081,79574997,96992604,73436398,66071709,69771158,123081328,66943414,81671374,69326527,84422975,65979244,82289188,65832621,111571879,61149482,60408599,64227124,58521278,61840612,61417931,159064171,58577933,422348565
62011941,482268221,118653597,77363861,136493111,75487283,107109808,76073723,126281027,79580070,97003646,73441706,66075771,69776572,123099007,66948879,81677723,69331735,84431964,65984525,82297066,65837693,111590056,61154782,60411783,64232121,58524579,61845901,61421560,159069278,58581586,422357607
62015453,482273397,118670140,77369194,136516771,75493043,107124183,76078836,126300598,79585615,97015439,73446801,66078935,69781619,123115111,66954043,81682757,69337209,84441078,65989930,82305318,65843101,111607529,61159853,60414933,64237341,58528057,61851288,61425150,159074818,58585322,422366578
62019758,482278718,118683796,77374508,136538152,75497961,107138166,76084179,126317538,79590725,97026319,73452217,66082586,69786780,123130343,66959269,81689035,69342429,84450051,65995165,82313313,65848809,111625670,61165285,60417953,64242481,58532670,61856492,61428809,159079935,58589486,422375936
62023740,482283681,118700072,77379788,136560448,75503413,107150526,76089410,126335112,79595566,97038280,73457835,66086936,69792017,123147978,66964309,81695052,69347631,84458643,66000091,82321301,65853720,111643057,61170317,60421968,64247690,58536238,61861498,61432563,159085460,58593554,422384736
62027655,482289027,118712750,77385230,136585137,75508885,107163667,76094906,126354236,79600538,97049595,73462885,66090628,69797351,123162583,66969125,81701608,69352805,84467383,66004879,82329261,65859298,111661572,61175400,60425732,64253361,58539979,61866511,61436072,159090492,58597153,422393975
62031665,482294827,118725889,77391056,136609391,75514673,107177230,76100162,126373061,79606033,97061758,73468147,66094610,69802995,123176587,66974628,81703604,69358250,84476636,66010283,82337584,65864611,111679878,61180612,60429045,64259517,58544009,61872027,61439872,159095747,58600719,422403358
62035469,482300848,118736582,77396677,136631334,75519902,107192274,76105313,126389920,79610974,97072420,73473561,66098193,69808077,123193755,66979835,81709472,69363841,84485228,66015701,82345583,65869832,111697483,61186261,60432224,64264969,58547426,61877159,61443166,159101098,58604464,422412321
62039155,482306113,118749984,77402116,136652131,75525365,107205987,76110521,126406833,79616171,97083604,73478378,66102532,69813078,123208793,66985278,81714831,69369502,84493796,66020781,82353910,65874952,111714279,61191713,60435743,64270291,58551781,61882105,61446945,159106502,58608527,422421758
62043050,482311244,118759795,77407393,136673719,75531207,107219674,76115639,126425266,79621236,97095284,73483223,66106331,69818094,123225866,66990229,81720803,69374300,84502765,66025627,82362351,65880354,111733499,61196819,60439114,64275548,58557186,61887152,61451410,159112004,58612421,422430601
62046802,482316381,118775521,77412318,136697354,75536896,107234335,76121124,126443438,79626500,97105190,73488545,66110229,69823338,123244724,66995323,81726707,69379315,84511421,66031045,82370527,65885882,111750659,61201991,60442606,64281038,58561447,61892265,61455558,159117217,58616247,422439292
62050797,482320683,118790637,77417507,136722181,75541765,107248755,76126216,126463106,79631848,97117253,73493961,66114505,69828602,123259411,67000267,81732411,69384139,84520491,66036316,82378553,65890684,111768281,61207117,60446775,64285997,58565099,61897160,61459422,159122604,58620398,422447983
62054695,482325844,118804538,77422284,136745449,75546961,107261650,76131520,126482388,79636998,97127727,73498966,66119047,69833647,123276606,67005765,81738520,69389447,84529594,66041374,82387185,65896036,111786636,61212086,60450619,64290795,58568465,61902647,61462916,159127630,58624285,422456933
62059304,482330983,118820050,77428180,136769879,75552643,107275478,76136749,126502131,79642561,97140409,73504569,66123056,69839311,123291193,67011548,81744402,69394822,84538580,66046920,82395992,65901793,111805637,61217519,60455564,64296179,58572612,61908404,61466578,159133164,58628217,422467118
62063368,482336786,118833858,77433394,136793695,75558555,107288563,76142248,126518974,79648392,97152758,73510012,66127304,69845488,123305744,67017385,81746263,69400477,84547892,66052131,82404227,65907085,111824955,61223051,60460207,64301509,58577683,61913954,61471451,159138655,58632304,422477428
62067286,482342001,118848108,77438575,136818309,75563757,107302419,76147332,126538148,79653946,97163879,73515047,66131156,69850871,123320534,67022853,81751280,69405338,84556651,66057747,82412115,65912875,111843272,61228579,60463122,64307085,58581565,61919558,61475250,159144700,58636003,422486686
62070931,482347396,118859398,77443807,136842715,75569583,107316775,76152400,126556855,79659267,97176207,73520119,66135243,69856183,123336556,67028017,81756956,69410717,84565646,66063130,82420504,65918015,111861636,61233816,60466254,64312307,58586389,61924979,61479412,159149954,58639711,422495921
62074828,482352890,118876591,77449348,136865620,75574621,107329678,76157692,126574201,79664889,97188434,73525584,66139298,69861751,123354569,67033587,81762559,69415947,84574341,66068164,82428502,65923821,111880239,61239357,60470060,64317834,58590161,61930268,61483309,159155400,58643471,422505416
62079414,482357877,118890386,77454479,136888958,75579569,107341840,76163277,126594247,79669967,97198953,73530915,66143802,69866953,123368680,67038702,81769085,69420911,84583709,66073310,82437028,65928936,111900913,61244624,60473904,64323344,58593887,61935309,61488290,159161175,58647797,422515374
62083290,482363634,118905419,77459546,136915205,75584628,107356770,76168258,126612797,79674831,97211081,73536021,66148104,69872369,123384425,67043623,81775453,69426354,84592740,66077914,82445310,65933849,111918625,61249521,60478153,64328704,58598043,61940594,61492248,159166167,58652274,422524452
62087604,482368872,118920240,77464615,136939170,75589646,107371534,76173134,126633258,79679814,97223794,73541080,66152652,69877580,123401381,67048671,81781977,69431225,84602151,66083323,82453768,65938686,111937687,61254499,60482861,64333958,58602009,61946084,61496054,159171813,58656656,422533920
62092302,482374252,118934134,77470061,136962624,75594669,107385034,76178077,126650417,79685094,97236036,73546088,66157233,69882807,123413509,67053621,81788266,69436496,84611562,66088496,82462476,65943779,111957062,61259971,60487192,64338933,58606315,61951241,61500188,159177188,58660921,422543198
62096065,482379693,118947154,77475102,136984064,75600327,107398318,76183030,126665961,79690307,97247059,73551109,66160973,69887795,123429738,67058621,81794492,69441587,84620605,66093549,82470626,65948952,111974945,61265450,60490852,64344318,58609256,61956626,61503619,159182527,58664479,422551978
62099955,482385476,118963341,77480581,137007731,75605409,107413026,76188487,126683826,79695810,97258878,73556678,66164502,69893208,123442576,67063956,81796167,69447809,84629889,66099256,82478904,65954240,111994344,61271158,60494002,64349754,58613217,61962567,61507145,159188110,58667864,422561599
62103930,482390656,118977043,77485531,137029722,75610358,107426578,76193649,126699993,79701029,97269637,73562445,66168700,69898237,123455903,67069459,81801367,69452732,84638761,66104537,82487053,65959863,112012653,61276917,60497058,64355409,58616991,61967878,61511621,159193428,58671756,422570873
62108510,482395496,118990846,77490730,137050309,75615281,107440278,76198919,126717949,79706289,97281241,73567726,66172310,69903554,123468903,67074722,81807137,69457990,84647352,66109593,82495302,65965405,112030778,61281857,60501008,64360249,58621077,61973112,61516441,159198380,58675675,422580006