1058469778200,3128863505616,1041898303148,1476779480939,1021859841817,1426483176683,1002873729926,1414581665262,1019916351125,1211847928141,1011435671595,1195952502977,1079921276417,1176542026720,982503305996,1180458975319,940979810831,1163566845614,985150679460,1176212388776,972505918976,1175315808224,955860843987,1160850348485,1068772649515,1166086709479,1080599408082,1164611753326,1103184715937,1757435394689,1909272907479,7343938795258
1058489002552,3128881016157,1042017198411,1476832706148,1021944639282,1426534202941,1002958919025,1414606383942,1019982370512,1211881277064,1011505690686,1195980381182,1079938264606,1176577331671,982559322677,1180496397877,941015790199,1163586716237,985187857425,1176251937931,972544331983,1175349690531,955894583103,1160895995218,1068808456142,1166120087233,1080631842131,1164652784939,1103290727178,1757487395622,1909497081023,7350212597194
1058499214380,3128893509706,1042172935588,1476852363475,1022051301614,1426584355648,1003038086092,1414670828194,1020038447412,1211927546832,1011593243977,1195998263891,1080023445894,1176602407476,982613677916,1180543658029,941066572810,1163665717069,985238668039,1176272622587,972587512074,1175384398742,955927463298,1160934975950,1068813823875,1166156872695,1080673506396,1164695661847,1103309830917,1757534452958,1909522269062,7350733031253
1058520553514,3128923866260,1042294072579,1476882037476,1022166096548,1426625530563,1003115741810,1414703528864,1020110465175,1211949795210,1011672036414,1196031282252,1080039982872,1176628779806,982694474169,1180584144821,941126569671,1163711591520,985284738015,1176344235206,972637810764,1175422960433,955987846252,1160971899163,1068821719703,1166192020794,1080689407553,1164716459679,1103327194594,1757592577590,1909572000132,7351467705798
1058542927900,3128945610662,1042427700309,1476938842743,1022276920802,1426666281060,1003216579821,1414749763603,1020175047723,1211980995095,1011762340058,1196074608392,1080065852610,1176665140443,982738565807,1180620618694,941219228536,1163746143748,985324684571,1176371931831,972679714293,1175435724944,956035009597,1160995974909,1068851114877,1166218022824,1080692932786,1164761288246,1103361817704,1757651016112,1909592456293,7352274953996
1058570027869,3128983505184,1042555908537,1476971398294,1022394592901,1426683772871,1003294495902,1414772151422,1020226209167,1211996030598,1011838793612,1196106664230,1080085645898,1176678159388,982798361867,1180658799574,941256805073,1163784758555,985362739992,1176385219959,972721353813,1175456339855,956099410174,1161014628942,1068864902460,1166301585802,1080725264360,1164792806680,1103387841390,1757662581238,1909625372892,7352853112405
1058612286298,3129018681233,1042662596992,1476989183245,1022528675379,1426728324972,1003395955255,1414821327814,1020300147676,1212066695074,1011912273688,1196172258978,1080126883496,1176724127362,982854905977,1180687926149,941330584805,1163825846528,985397954999,1176416890031,972757740484,1175524807391,956137886310,1161035806867,1068895147005,1166382151374,1080761355593,1164830575695,1103397563930,1757720276754,1909666667637,7353085482943
1058654568607,3129040665178,1042804256733,1477072709861,1022615279780,1426763841329,1003517137242,1414837395772,1020353261676,1212078883602,1011995616842,1196233586552,1080157550386,1176791722967,982919753319,1180741231550,941363835001,1163860407796,985484689851,1176451141039,972795507704,1175589731505,956180383964,1161052137130,1068900261007,1166426957562,1080771697055,1164859308783,1103420528289,1757771043589,1909704472542,7353273009026
1058684480973,3129066315978,1042920992340,1477106000084,1022714857456,1426797110462,1003611623929,1414917046201,1020399765749,1212133740143,1012069122444,1196266943059,1080223250297,1176825246605,982965228234,1180756278470,941374608718,1163905498041,985534696592,1176473457570,972840055210,1175642216602,956213732652,1161082654229,1068938617414,1166455341032,1080798638806,1164884271793,1103461267556,1757844613917,1909754985184,7353517924301
1058759890958,3129128227454,1043044514707,1477177980909,1022804174578,1426851196380,1003685477611,1414955782030,1020479573071,1212157321349,1012135317018,1196317755038,1080229976332,1176859713565,983022007516,1180783097549,941398467098,1163956684628,985600976648,1176491961876,972872887056,1175685113094,956259667753,1161139508509,1068972911283,1166517631306,1080843612205,1164914287011,1103484604259,1757880066502,1909802816687,7353717448959
1058762838231,3129139999481,1043178582035,1477255744218,1022897544816,1426885717210,1003754384486,1414996314069,1020540190666,1212195432293,1012201616173,1196378987694,1080243256465,1176883406377,983061007232,1180854450876,941464188093,1163975885521,985629347527,1176544647011,972907712148,1175732466596,956293218083,1161153183390,1068998182415,1166536969688,1080868458822,1164954385279,1103529471761,1757906405041,1909841770424,7353912223289
1058773645586,3129165115866,1043292008707,1477284981986,1022979371765,1426931282082,1003836067665,1415019172546,1020614187018,1212218268349,1012269839242,1196418320921,1080272437103,1176936614939,983114622935,1180914908037,941495906868,1164017946340,985668564142,1176576509505,972953655762,1175778892703,956318432506,1161185557526,1069026272764,1166587971024,1080879891441,1164987055935,1103551769160,1757934360670,1909894035743,7354152090653
1058794337486,3129230133710,1043450081395,1477326744406,1023099780205,1426988758115,1003902588303,1415048138570,1020678209441,1212268778618,1012339855576,1196429986484,1080309057260,1176961168069,983150655167,1180933826918,941556760889,1164051482389,985708920912,1176601128167,972981732621,1175796015153,956352652806,1161220645337,1069063569151,1166627463405,1080899794244,1165020397614,1103576141930,1757952420591,1909923862830,7354326668608
1058836554490,3129254663820,1043580866004,1477381738117,1023208332990,1427000268524,1003996336154,1415090637212,1020750497398,1212281377838,1012413387649,1196458433170,1080325572924,1176983325086,983234172584,1180970762274,941593681848,1164075894889,985750605460,1176632624942,973030843953,1175831250994,956404290713,1161251198923,1069077685565,1166649040483,1080930321156,1165069733971,1103592044264,1757982111865,1909957877552,7354535634207
1058844482775,3129288955812,1043697248692,1477397252217,1023287896784,1427027204587,1004066263992,1415143142399,1020816099581,1212301519932,1012475499983,1196499535551,1080332838367,1177023697769,983290421998,1180989747120,941632915560,1164107129062,985782156689,1176690360974,973151746947,1175863094146,956454722338,1161289200353,1069104061747,1166675540816,1080939360945,1165124249167,1103614738601,1758028069011,1909990851369,7354738590071
1058878591049,3129329858967,1043813832021,1477437358441,1023363973349,1427079231753,1004145125865,1415204603185,1020871022683,1212333313378,1012527849598,1196547466609,1080378199275,1177066461899,983335361230,1181058120489,941685056302,1164203254959,985814682330,1176732965259,973186693608,1175923338134,956487425584,1161359472920,1069106922376,1166737685029,1081010582255,1165246042242,1103628871955,1758088233989,1910028662093,7354983551297
1058908417886,3129357821573,1043951793326,1477503668133,1023463457734,1427126039841,1004241001651,1415259039671,1020919888024,1212378661967,1012577745421,1196562547845,1080397128433,1177095044993,983380594980,1181167284981,941700887260,1164242526264,985853543419,1176757993802,973217940749,1175960362801,956523928698,1161387996579,1069128597173,1166765753812,1081019759570,1165324540977,1103643547094,1758118416120,1910063458848,7355184062657
1058919023446,3129413687746,1044063498879,1477539733575,1023551726138,1427215590832,1004317870614,1415343017177,1020978152483,1212405774648,1012629942456,1196584621055,1080435098959,1177140171922,983439030717,1181252984627,941770430125,1164293429934,985894370260,1176794509047,973245897780,1176004465025,956569075397,1161452247072,1069174336928,1166813696871,1081030399827,1165399039418,1103672740299,1758187116094,1910149912950,7355391822739
1058937681725,3129469880287,1044198415303,1477589606533,1023650063244,1427237540077,1004396859698,1415400108973,1021039468111,1212462799351,1012705693593,1196622782506,1080469834238,1177188326423,983483380303,1181292555819,941798063801,1164345956137,985969321438,1176848580212,973293376946,1176050043639,956639502894,1161501525311,1069206758077,1166889531236,1081032083418,1165432301377,1103729128398,1758203362853,1910190612522,7355572075043
1058960453733,3129487023169,1044326726719,1477649159909,1023746661834,1427265301294,1004490405694,1415435926083,1021119529746,1212503576213,1012764776800,1196680149078,1080492973095,1177230454008,983545869469,1181350130963,941837734619,1164376947060,986003262961,1176922670964,973418160203,1176089431397,956667726487,1161536219661,1069229547733,1166948081590,1081071925600,1165473138854,1103751768521,1758223080345,1910251774498,7355747231747
1058995044882,3129532285297,1044457709063,1477675433642,1023844773778,1427279329524,1004572853471,1415482348037,1021175951902,1212559268650,1012809123354,1196741580054,1080535549290,1177256073477,983610276964,1181402729884,941888006023,1164426679289,986134184156,1176962304400,973447369160,1176139885171,956701536602,1161561369811,1069236567441,1166988160540,1081093067529,1165519462619,1103767131433,1758262999403,1910282152158,7355929917429
1059026842564,3129630426412,1044564695908,1477781497962,1023933570337,1427321711567,1004629285161,1415523059527,1021239476230,1212581228919,1012868391673,1196791465031,1080564035695,1177319346727,983666748312,1181449252867,941940714450,1164474471991,986206612545,1177006238261,973483195740,1176195767139,956750880040,1161593330973,1069259101824,1167019124839,1081118712561,1165587313838,1103783740406,1758299681691,1910329930200,7356254545330
1059067234375,3129673542779,1044690270957,1477838597861,1024023788986,1427381357341,1004709483642,1415542778331,1021301942792,1212642202824,1012935883584,1196824519389,1080605423020,1177354941756,983710916182,1181481853708,942041628247,1164535812294,986252214279,1177028609768,973512761060,1176238423439,956777535030,1161658348956,1069298791977,1167053799556,1081185928284,1165629542123,1103876426074,1758385295371,1910355210929,7356407306141
1059081779349,3129689246849,1044832479031,1477869181581,1024125193201,1427417419091,1004785953524,1415571384089,1021374731317,1212699554279,1013005881330,1196866277746,1080631267487,1177392193546,983760510431,1181513952050,942082852168,1164556077127,986348924920,1177059808031,973553570630,1176287371977,956813556146,1161727763974,1069314453261,1167106597289,1081210042414,1165693056171,1103912412769,1758419265063,1910397114692,7356547374312
1059103527827,3129742228692,1044954918784,1477893263657,1024210084019,1427454506755,1004866602650,1415600806530,1021439429927,1212757723181,1013078649446,1196909067210,1080643854867,1177447203834,983796728798,1181544309319,942118758522,1164567822618,986416186416,1177092371959,973586585928,1176387656537,956841227399,1161785816421,1069361545725,1167140644554,1081213061822,1165730772903,1103928682222,1758436929011,1910469509462,7356709619533
1059118632599,3129779505709,1045086090587,1477917333840,1024296797271,1427471797792,1004946023882,1415621641640,1021515623986,1212833191472,1013136079381,1196928135984,1080686533489,1177469240842,983844939160,1181579201263,942163807250,1164632479520,986467022558,1177121100881,973713012190,1176439078533,956870559779,1161841688873,1069377673749,1167213103557,1081257991080,1165802502830,1103943653240,1758483248148,1910515338176,7356827207240
1059150729762,3129817707541,1045205755125,1477983315538,1024379657670,1427524378228,1005016449532,1415669450896,1021602943303,1212844053606,1013200080451,1196957575938,1080736938803,1177485483071,983886873862,1181639728991,942216450852,1164683230185,986534097488,1177168815610,973751312902,1176468390942,956902215297,1161908733263,1069412175332,1167243927037,1081279178692,1165847964092,1103962769183,1758506327761,1910584847027,7357005519453
1059171829714,3129878034020,1045354810710,1478032475749,1024481851682,1427567864420,1005086581635,1415708936713,1021662798565,1212888700080,1013284871533,1197040694784,1080771726893,1177549126917,983944461973,1181674595781,942254156869,1164748781959,986578331652,1177196800291,973838004783,1176563781439,956934847001,1161948746958,1069418164595,1167355298310,1081294677450,1165904644621,1103993184900,1758566210025,1910611678683,7357222980686
1059195605898,3129897218689,1045484519199,1478081058924,1024599422104,1427597619837,1005210570462,1415747101626,1021734613678,1212971965925,1013351326479,1197058028400,1080813910555,1177575197663,984005713368,1181740345105,942280397618,1164789050194,986612730967,1177236939223,973919134108,1176592225459,956966684252,1161979605943,1069428301130,1167397933001,1081314324862,1165963281215,1104007878912,1758610259153,1910655160906,7357412614809
1059246794954,3129965922563,1045632031864,1478130071092,1024678382718,1427652197959,1005293896342,1415808311641,1021793666253,1213008772887,1013416311128,1197084850802,1080834855317,1177610863463,984056766868,1181764521163,942336200563,1164847469565,986656218147,1177262375336,974025795737,1176626782809,957003854892,1162011198456,1069459525753,1167428920820,1081343067002,1166033582035,1104028607434,1758646787633,1910724762369,7357536767260
1059268603027,3130064273980,1045745198930,1478165623639,1024772255323,1427728901861,1005369478839,1415857637513,1021842933171,1213045359186,1013468880322,1197118948532,1080859055429,1177647920341,984110021151,1181796627174,942385233978,1164920175810,986686609986,1177311521585,974060007065,1176673952780,957048387662,1162088273248,1069482401271,1167503292556,1081374820479,1166079654865,1104084471711,1758702911648,1910762915581,7357806383386
1059289791414,3130089166836,1045892912121,1478205964351,1024863312368,1427809691571,1005434302836,1415889027108,1021902556020,1213067861924,1013525374114,1197141181257,1080863397976,1177704975964,984163071944,1181813788210,942460122666,1164975783859,986718012524,1177342936953,974098848095,1176737914358,957092344281,1162133151454,1069509355016,1167525152066,1081386082191,1166104025258,1104112785529,1758723178833,1910798274293,7357937469005
1059326909068,3130131230528,1046007605987,1478258272838,1024959069989,1427845701046,1005512469136,1415948305532,1021951861992,1213110464360,1013582965491,1197213598565,1080909071755,1177750819210,984207490854,1181849896684,942502640651,1165025073779,986839719657,1177422210183,974150383272,1176777895665,957139746315,1162236445169,1069527099913,1167573787755,1081436488639,1166134435032,1104146775548,1758799519129,1910842676602,7358167442249
1059395048609,3130148828746,1046121791108,1478303804282,1025048686417,1427888642708,1005593039734,1416113812427,1022005745933,1213139168224,1013649937578,1197241456170,1080927529008,1177787873827,984272954193,1181898804338,942564171437,1165063330447,986884498835,1177446216951,974203942899,1176832367940,957174098035,1162253539927,1069557893056,1167616401095,1081473185313,1166181740214,1104167960169,1758858037098,1910877791203,7358414860189
1059425342975,3130169438301,1046256590416,1478372192158,1025145226225,1427917406704,1005679772152,1416150218571,1022075395190,1213182710340,1013721629942,1197311156674,1080951799904,1177850604521,984317499599,1181949400865,942633438768,1165118968592,986924983354,1177495860599,974244498075,1176855102798,957236111077,1162324559351,1069562233872,1167635808990,1081484558620,1166224669666,1104186818021,1758893808485,1910911236964,7358584619730
1059464648020,3130224510876,1046396040841,1478441848721,1025238623021,1427940767244,1005749359094,1416202206465,1022131517681,1213216274829,1013788699439,1197388233057,1080998124997,1177899293827,984374348031,1182039801369,942664552550,1165143168124,986984293173,1177529729495,974378683022,1176926038591,957267888157,1162372641887,1069609830287,1167694064620,1081513580577,1166274842263,1104233833597,1758924694800,1910945261892,7358758415168
1059477505779,3130298261032,1046543711610,1478485998210,1025327299439,1427965733937,1005833373205,1416232503090,1022190257301,1213258389092,1013872441404,1197411628565,1081066464641,1177915224429,984420775004,1182123025803,942713260893,1165197113955,987022170304,1177551123618,974450338744,1176968171763,957310347860,1162430985344,1069613611079,1167721381006,1081550994898,1166329011373,1104276159972,1758956185544,1911006883289,7359003035497
1059526294930,3130311737861,1046698066717,1478528601995,1025424992527,1428033633200,1005912939020,1416265590159,1022252162740,1213280115976,1013940882210,1197473863028,1081109074856,1177962230540,984459792839,1182205659919,942768060728,1165230203266,987079626146,1177609620059,974532674853,1177001330672,957357766253,1162470766109,1069634689257,1167749925531,1081575591491,1166358052592,1104324879855,1759009023886,1911058125680,7359130650457
1059558676802,3130384018802,1046812918449,1478565539662,1025507598062,1428080364915,1005993742424,1416304737559,1022304684424,1213290520733,1014001644765,1197486751427,1081147083695,1177976481538,984509092010,1182242629348,942808368061,1165245546483,987140117925,1177622170699,974578335739,1177019961194,957391185880,1162506276019,1069639373526,1167761625034,1081590484395,1166397957145,1104351096813,1759038651993,1911108967372,7359326597107
1059567678515,3130531640631,1046911069216,1478649876192,1025588348171,1428126207663,1006057392168,1416342997197,1022387290926,1213362464659,1014060267274,1197552333536,1081188425934,1178004965389,984543737747,1182320607916,942881802144,1165279370922,987169569893,1177639727291,974605816315,1177060592736,957453241929,1162550774481,1069675374631,1167795887142,1081633704311,1166445430200,1104373620178,1759083324561,1911185295257,7359470258394
1059588134099,3130573336569,1047066438069,1478700901820,1025694314106,1428162088642,1006146953612,1416368036356,1022449852501,1213388613432,1014125152686,1197603423826,1081246548682,1178024561060,984599547363,1182346465716,942907275416,1165317641439,987213720138,1177685681093,974653288660,1177098299267,957501935752,1162576861543,1069714775572,1167829360213,1081672143469,1166490746747,1104410355918,1759101125407,1911233358049,7359741349778
1059632967169,3130656387229,1047157023733,1478756592573,1025765836856,1428185654676,1006260388069,1416409303925,1022492850120,1213438608128,1014217610945,1197659192455,1081281209633,1178116292456,984661253848,1182366498959,942981788154,1165399539750,987261227433,1177714035960,974705765004,1177158378767,957542689484,1162638574886,1069764255901,1167851720606,1081750020040,1166590532766,1104442528538,1759173690382,1911254874377,7359919506722
1059732021919,3130672648572,1047273541980,1478777872594,1025830551373,1428215886434,1006335438651,1416461572942,1022548189436,1213464762347,1014273411298,1197676315053,1081309466231,1178204657787,984715865531,1182407618726,943089049533,1165460987289,987293459642,1177751066639,974738475933,1177229596535,957571455493,1162729571404,1069774667020,1167869535047,1081781382119,1166626209603,1104485270620,1759261515074,1911274094551,7360031562317
1059742392536,3130701226345,1047404666732,1478790928617,1025907212108,1428268139361,1006413915611,1416486518234,1022646302413,1213502059394,1014338361778,1197695078364,1081338267990,1178229886959,984765182920,1182452398058,943119908331,1165476789925,987325452239,1177836639161,974777998817,1177248049013,957625051427,1162817231246,1069825814816,1167896211706,1081788555770,1166684816795,1104493793956,1759324006653,1911312819117,7360221764691
1059765099613,3130727040814,1047523355124,1478815768511,1025992736527,1428311747687,1006505411941,1416508831710,1022701056317,1213523352183,1014421140354,1197714239748,1081364059230,1178286472222,984814059911,1182515114909,943174059987,1165513511789,987352140254,1177866611063,974812967924,1177290955837,957652004397,1162892798641,1069835967926,1167941363994,1081816817125,1166728039982,1104497267702,1759368395199,1911332788226,7360490417298
1059831354083,3130788240948,1047633311713,1478890113555,1026104776406,1428347694989,1006576499386,1416548568200,1022753435897,1213578586294,1014489664817,1197741095850,1081379021073,1178328783691,984855237538,1182556493107,943235165872,1165536482634,987396721842,1177953927516,974930508402,1177333044865,957696443657,1162918783333,1069878414048,1167975795681,1081850095106,1166760914192,1104519788364,1759458059559,1911365203779,7360672786689
1059847167795,3130827881179,1047780008539,1478967196622,1026215689275,1428373434497,1006660773924,1416575022458,1022806404145,1213609743859,1014549114591,1197780604286,1081403147251,1178394862395,984904208489,1182571155397,943298905455,1165574663645,987430167653,1178017972957,974967495278,1177373357596,957743352839,1162976562938,1069905188486,1168033680296,1081863139246,1166823811228,1104540421685,1759490524514,1911417728581,7360804717908
1059889813092,3130937969068,1047884011779,1479021004229,1026305566390,1428467167026,1006740891906,1416615355608,1022872386482,1213661421448,1014607643220,1197824926138,1081424492096,1178435539906,984938723303,1182596067902,943342160600,1165633230476,987474624497,1178054636581,975005737486,1177413930225,957771190110,1163031935070,1069950245153,1168106942131,1081910713067,1166880160877,1104584923207,1759545140661,1911465511367,7361008057214
1059893147994,3130980109781,1047995409282,1479056884631,1026398403256,1428516916167,1006801231744,1416674106764,1022963522976,1213720969417,1014670634922,1197851500098,1081453079940,1178490153133,984980007905,1182625630517,943371917233,1165676311812,987507936681,1178084623490,975108594598,1177433166242,957802336416,1163065366332,1069965877693,1168177119344,1081950015251,1166995559786,1104627871765,1759571978555,1911519885455,7361216237136
1059905732691,3131044399862,1048113585513,1479130214264,1026490255771,1428576816965,1006867004393,1416758167042,1023024889755,1213738321436,1014729068268,1197878279807,1081466887766,1178518592300,985045597474,1182711475038,943472825493,1165743808214,987541431021,1178132114450,975212389864,1177454413821,957830989872,1163086762713,1069982751630,1168218388930,1081972033017,1167069569550,1104642737554,1759602102552,1911607930583,7361530447472
1059938721034,3131073668822,1048223300237,1479173238136,1026577802721,1428658233368,1006928222752,1416791367962,1023098516733,1213773829920,1014793473576,1197937079677,1081485058898,1178612651018,985085462697,1182738099850,943542901186,1165780355524,987594510526,1178166872412,975269161599,1177528675670,957868020594,1163143718347,1070040290689,1168245954365,1081993938927,1167090394824,1104647719654,1759652876316,1911658610097,7361658644777
1059963034420,3131106644631,1048377305532,1479208205303,1026659462958,1428672322289,1007002439215,1416830759707,1023161211792,1213837442520,1014850898963,1197965757296,1081496257507,1178709279894,985132840718,1182789182822,943582376316,1165820920170,987636488760,1178223151482,975310956945,1177610472468,957912948163,1163169448773,1070078188016,1168287082145,1082026926938,1167131783139,1104709176438,1759687621124,1911688608272,7361876042405
1059967623852,3131137765368,1048478402026,1479260511750,1026734471000,1428719332118,1007057459152,1416881686364,1023226367263,1213855558597,1014922074552,1197999323694,1081517664094,1178784002420,985179336143,1182826002699,943626700813,1165925623780,987681442751,1178304265519,975350649558,1177663279640,957936683427,1163198428484,1070103977161,1168331664530,1082038584942,1167194624377,1104726388052,1759718188427,1911710089305,7362064894798
1059992893121,3131167509378,1048597030969,1479298033130,1026821738960,1428794294486,1007133751734,1416917957880,1023307576388,1213893419094,1014981817189,1198075855643,1081538910876,1178858818066,985232106547,1182855329651,943683101962,1165956315541,987750139726,1178345965504,975412423973,1177723400877,957972849455,1163217561630,1070147555400,1168367423483,1082057380162,1167257902492,1104768878014,1759744198216,1911738258503,7362250660945
1060035616514,3131203318717,1048710494505,1479371561773,1026905963596,1428826323953,1007218607716,1416997033021,1023372928737,1213966118868,1015049729140,1198119285063,1081556836659,1178932502966,985282115271,1182909596240,943741577357,1165976822031,987828310647,1178380979064,975458671523,1177829870987,958021864055,1163232262319,1070204385021,1168420900176,1082106515648,1167300415915,1104774643484,1759840956894,1911816579325,7362441818398
1060106725014,3131279895571,1048811381951,1479449932982,1026991743893,1428865689250,1007288877790,1417051904756,1023423795348,1214041495577,1015101406336,1198175812273,1081584629778,1178982404489,985353824119,1182954593859,943792343542,1166000406118,987888803239,1178430211642,975489384626,1177932023640,958045008259,1163283846802,1070227737975,1168453120760,1082120931116,1167350481002,1104785638627,1759866663735,1911901302776,7362639721628
1060154747540,3131357011307,1048925696622,1479491270165,1027068076943,1428909153723,1007342461252,1417113333541,1023488077350,1214076024405,1015163496143,1198251533579,1081609704667,1179016975145,985407628213,1182989936296,943888729773,1166113703051,987933244729,1178519584621,975527715510,1177956710018,958093220150,1163340349378,1070238918838,1168484427133,1082132781058,1167464153184,1104826687524,1759987654257,1911986721398,7362923280267
1060228659601,3131417935079,1049052049240,1479557731422,1027177986199,1428963741050,1007409012238,1417174964107,1023555229258,1214124288450,1015231887300,1198290538082,1081649541912,1179041119189,985438054689,1183063469208,943897004434,1166166258255,988006107569,1178546753106,975564694266,1177986622886,958121234116,1163412529232,1070251251551,1168536415148,1082134874851,1167499237192,1104841683844,1760053108706,1912026363723,7363144646126
1060246220367,3131433946964,1049151049014,1479627627547,1027247321093,1428997724732,1007471537074,1417223570922,1023603616234,1214150652434,1015290650724,1198322522094,1081675914841,1179161009743,985476328135,1183100756663,943934182776,1166187184275,988078790742,1178658376965,975671764695,1178011661603,958156640919,1163455962346,1070272843666,1168587029806,1082176635662,1167525355701,1104893140707,1760079040265,1912055961610,7363298404133
1060271303432,3131477909769,1049269075577,1479696371585,1027318794763,1429044478958,1007532215676,1417273582881,1023659901631,1214190623325,1015338161249,1198346092003,1081685159776,1179200821381,985537389912,1183126924284,943990678951,1166228508848,988184724649,1178684555762,975734009325,1178043101390,958183276234,1163488837655,1070314084024,1168638932581,1082200956995,1167580646100,1104910942709,1760145492928,1912126334085,7363485872494