318689,149594,888439,90897,1074122,74157,328027,83148,655657,98142,274012,90986,72662,56673,1378146,58101,57453,57588,336576,61578,194002,59254,1098895,62643,62139,56957,60978,54399,61431,89328,67003,197855
318846,149692,890431,90934,1076484,74162,328762,83149,657280,98155,274494,90986,72700,56673,1381772,58101,57469,57588,337305,61578,194399,59254,1101150,62643,62162,56957,61036,54399,61556,89333,67194,197864
319069,149713,892991,90998,1079780,74168,329618,83150,659221,98168,275159,90998,72737,56674,1386223,58101,57470,57588,338102,61636,194879,59254,1104947,62643,62172,56958,61043,54399,61562,89336,67232,197866
319303,149730,895589,91022,1082952,74202,330509,83170,661182,98182,275829,90998,72767,56678,1390783,58103,57470,57593,339081,61649,195334,59254,1109215,62645,62172,56958,61048,54439,61562,89336,67257,197867
319514,149770,898065,91043,1086356,74215,331395,83198,663222,98269,276432,91002,72804,56681,1395325,58103,57471,57596,339950,61652,195744,59257,1113288,62649,62173,56962,61049,54442,61562,89337,67275,197884
319741,149818,900795,91051,1089565,74254,332235,83206,665144,98321,277137,91011,72832,56684,1399452,58105,57472,57596,340663,61652,196336,59257,1116707,62649,62173,56962,61051,54442,61562,89337,67298,197884
319965,149843,903384,91053,1092828,74299,333118,83235,667089,98362,277762,91015,72873,56684,1403804,58114,57473,57602,341615,61652,196829,59257,1120238,62650,62173,56962,61053,54442,61562,89337,67331,197884
320206,149850,906162,91053,1096111,74299,333954,83304,669126,98388,278464,91025,72891,56687,1408470,58114,57475,57611,342556,61652,197313,59271,1124136,62650,62173,56962,61055,54443,61562,89337,67335,197884
320429,149865,908816,91058,1099512,74301,334802,83305,671187,98462,279146,91026,72927,56688,1412784,58114,57475,57625,343350,61652,197823,59328,1127435,62650,62178,56962,61055,54443,61563,89337,67350,197884
320671,149871,911395,91059,1102899,74301,335642,83305,673190,98473,279783,91093,72954,56694,1417409,58117,57477,57625,344286,61652,198251,59367,1131172,62650,62178,56964,61056,54457,61563,89337,67381,197888
320904,149882,913924,91059,1106140,74304,336519,83305,675128,98473,280349,91093,72994,56702,1422102,58145,57479,57662,345406,61652,198701,59416,1135013,62655,62178,56964,61057,54468,61564,89339,67417,197890
321139,149890,916568,91065,1109451,74316,337357,83305,677097,98473,281051,91093,73035,56702,1426673,58148,57480,57666,346250,61726,199184,59432,1138887,62695,62179,56964,61058,54468,61564,89340,67448,197892
321361,149901,919268,91065,1112994,74328,338243,83305,679162,98473,281696,91093,73066,56702,1431238,58148,57482,57666,347206,61789,199607,59457,1142685,62700,62180,56995,61058,54468,61564,89340,67466,197893
321589,149908,921945,91070,1116258,74345,339087,83305,681142,98474,282387,91093,73111,56702,1435689,58148,57484,57666,348171,61846,200069,59512,1146559,62700,62180,57004,61058,54468,61564,89341,67478,197894
321820,149923,924603,91073,1119602,74349,339920,83305,683139,98475,283009,91095,73142,56702,1440065,58152,57488,57668,349117,61943,200575,59551,1150280,62700,62181,57012,61058,54477,61565,89342,67492,197904
322042,149959,927191,91111,1123022,74350,340770,83305,685156,98475,283653,91110,73179,56702,1444309,58152,57488,57668,349899,62040,200938,59553,1153922,62700,62182,57012,61059,54487,61565,89342,67515,197907
322270,150008,930163,91124,1126302,74357,341617,83306,687025,98475,284448,91117,73212,56703,1448268,58153,57488,57669,350878,62152,201529,59554,1156968,62700,62183,57012,61059,54496,61569,89353,67537,197910
322505,150011,932781,91140,1129307,74372,342412,83321,688983,98475,285107,91117,73236,56711,1452813,58156,57488,57671,351820,62207,201928,59554,1161287,62700,62183,57012,61059,54507,61570,89354,67549,197910
322725,150035,935487,91140,1132750,74372,343295,83344,691061,98503,285773,91117,73277,56711,1457475,58157,57490,57685,352602,62275,202299,59561,1165087,62701,62183,57012,61060,54521,61574,89356,67593,197910
322939,150048,938100,91143,1136004,74372,344151,83367,693149,98529,286429,91120,73312,56711,1462026,58159,57492,57685,353457,62342,202796,59571,1168936,62709,62183,57013,61060,54521,61574,89359,67618,197919
323156,150065,940870,91159,1139443,74374,345018,83367,695154,98529,287194,91178,73338,56711,1466615,58160,57492,57687,354319,62366,203240,59635,1172644,62710,62185,57013,61060,54521,61574,89359,67649,197921
323379,150078,943494,91170,1142773,74378,345848,83394,697094,98535,287898,91201,73370,56712,1470899,58160,57492,57687,355286,62366,203714,59711,1175994,62710,62185,57015,61060,54521,61574,89360,67682,197924
323602,150095,946236,91187,1146170,74385,346728,83407,699105,98549,288564,91201,73399,56712,1475361,58161,57495,57687,356154,62366,204321,59801,1179402,62710,62185,57021,61060,54521,61574,89360,67709,197926
323821,150117,948934,91190,1149662,74397,347619,83435,701193,98567,289188,91204,73445,56716,1480126,58165,57502,57688,357004,62388,204767,59895,1183074,62712,62185,57026,61060,54524,61574,89363,67731,197931
324033,150139,951616,91200,1153165,74400,348505,83442,703154,98579,289903,91204,73493,56719,1484480,58166,57504,57688,357869,62452,205190,59956,1186660,62724,62186,57027,61060,54526,61575,89368,67789,197935
324253,150151,954252,91241,1156478,74411,349402,83447,705153,98589,290586,91204,73537,56731,1489066,58168,57504,57688,358675,62536,205524,59956,1190219,62724,62186,57027,61061,54527,61575,89368,67833,197938
324466,150155,956871,91242,1159840,74412,350262,83447,707106,98599,291229,91204,73574,56733,1493531,58171,57506,57688,359558,62608,206024,59956,1193621,62725,62186,57027,61061,54530,61575,89368,67865,197975
324692,150168,959382,91243,1163144,74413,351129,83448,708974,98611,291854,91204,73627,56733,1497625,58171,57507,57691,360489,62689,206467,59961,1196788,62725,62187,57027,61061,54532,61575,89379,67889,198019
324907,150191,962019,91246,1166263,74413,351964,83449,710850,98617,292559,91204,73656,56733,1501745,58171,57507,57691,361407,62763,206993,59971,1199983,62725,62187,57027,61061,54536,61575,89383,67914,198048
325144,150220,964520,91247,1169708,74416,352827,83450,712861,98632,293210,91207,73691,56736,1506323,58172,57508,57692,362033,62853,207535,59980,1203336,62725,62187,57027,61061,54536,61575,89383,67929,198073
325371,150264,967085,91256,1173295,74417,353734,83451,714954,98632,293831,91216,73733,56736,1510912,58178,57510,57692,362903,62959,208002,59991,1207045,62725,62188,57029,61061,54536,61576,89386,67960,198093
325589,150311,969737,91271,1176699,74417,354630,83452,716885,98632,294510,91231,73783,56736,1515280,58178,57511,57693,363669,63093,208495,60002,1210684,62725,62188,57029,61061,54536,61580,89389,67980,198097
325814,150329,972337,91310,1180006,74418,355462,83452,718937,98632,295157,91242,73825,56736,1520089,58179,57511,57693,364483,63176,208910,60009,1214718,62725,62188,57029,61061,54536,61581,89390,68016,198098
326029,150373,975161,91347,1183456,74418,356346,83452,720873,98632,295880,91248,73860,56737,1524529,58179,57513,57697,365297,63268,209354,60021,1218179,62725,62192,57029,61061,54536,61581,89391,68038,198099
326255,150401,977746,91353,1186603,74419,357179,83454,722839,98636,296539,91265,73890,56740,1528726,58180,57516,57717,366255,63388,209940,60028,1221575,62729,62194,57029,61062,54537,61581,89394,68053,198102
326491,150408,980223,91353,1189884,74419,358035,83454,724786,98636,297202,91267,73934,56744,1533135,58182,57516,57747,367151,63466,210377,60034,1224891,62761,62194,57032,61062,54537,61581,89395,68075,198102
326715,150421,982913,91356,1193355,74419,358945,83455,726792,98639,297850,91267,73975,56744,1537572,58182,57517,57753,368030,63527,210830,60039,1228408,62784,62195,57041,61062,54561,61583,89396,68104,198103
326945,150426,985774,91361,1196765,74419,359846,83455,728742,98639,298575,91267,74015,56744,1541776,58182,57521,57753,369057,63599,211293,60042,1231817,62803,62195,57056,61062,54590,61583,89405,68140,198112
327178,150457,988477,91396,1200279,74424,360745,83459,730813,98640,299269,91267,74040,56744,1546347,58182,57521,57753,370194,63686,211716,60054,1235235,62803,62195,57056,61062,54602,61583,89406,68155,198115
327413,150470,991265,91396,1203794,74439,361602,83470,732826,98641,299908,91267,74075,56744,1551053,58182,57521,57753,371087,63743,212059,60108,1238997,62815,62195,57057,61062,54609,61583,89406,68164,198115
327652,150477,994052,91396,1207253,74439,362490,83470,734784,98652,300618,91280,74117,56744,1555261,58182,57522,57756,371864,63743,212463,60108,1242376,62818,62195,57096,61063,54676,61583,89408,68190,198116
327891,150502,996789,91425,1210596,74439,363371,83470,736805,98662,301331,91290,74149,56744,1559783,58183,57522,57756,372832,63743,212986,60108,1245989,62818,62195,57096,61064,54777,61583,89408,68204,198130
328128,150554,999444,91442,1213975,74440,364209,83470,738707,98677,302050,91297,74187,56748,1563964,58186,57524,57757,373657,63743,213558,60109,1249206,62818,62195,57096,61064,54898,61583,89409,68208,198132
328355,150597,1001980,91453,1217465,74440,365118,83470,740673,98696,302692,91301,74227,56748,1568441,58186,57526,57759,374217,63743,213952,60118,1252808,62820,62195,57096,61064,55004,61584,89411,68241,198133
328582,150614,1004469,91458,1220577,74451,365920,83470,742512,98738,303291,91314,74264,56752,1572805,58186,57539,57759,374975,63744,214444,60120,1256268,62831,62195,57101,61064,55059,61584,89411,68273,198136
328816,150628,1007120,91482,1223971,74467,366816,83487,744486,98781,303968,91317,74312,56757,1576894,58190,57544,57759,375788,63746,214894,60133,1259715,62831,62197,57105,61065,55059,61588,89416,68286,198172
329053,150647,1009790,91493,1227387,74468,367704,83487,746476,98881,304658,91317,74351,56757,1581416,58196,57544,57759,376656,63747,215410,60133,1263375,62831,62198,57117,61065,55061,61592,89416,68311,198203
329277,150681,1012333,91517,1230686,74470,368546,83487,748512,98996,305300,91327,74384,56759,1585836,58199,57548,57759,377769,63748,215801,60133,1266524,62831,62200,57133,61068,55066,61596,89416,68335,198206
329508,150695,1014982,91520,1234121,74470,369420,83487,750485,99071,305941,91375,74408,56766,1590470,58199,57549,57759,378688,63748,216377,60133,1270127,62831,62200,57149,61068,55071,61596,89416,68342,198208
329741,150706,1017691,91520,1237392,74470,370263,83487,752446,99134,306662,91418,74425,56766,1595021,58200,57550,57759,379518,63748,216940,60133,1273986,62831,62200,57158,61068,55079,61597,89417,68354,198210
329977,150718,1020337,91524,1240557,74470,371082,83488,754440,99216,307301,91458,74460,56774,1599688,58204,57550,57760,380311,63748,217404,60133,1277805,62831,62200,57158,61068,55090,61597,89420,68390,198214
330210,150729,1022863,91532,1243849,74473,371909,83488,756433,99295,307976,91515,74496,56784,1604040,58204,57551,57766,381167,63748,217908,60133,1281548,62831,62200,57158,61068,55090,61597,89420,68408,198218
330448,150732,1025772,91532,1247419,74475,372798,83497,758570,99394,308757,91555,74530,56794,1608654,58212,57551,57768,381939,63748,218319,60133,1284689,62831,62200,57158,61071,55090,61597,89420,68425,198220
330686,150741,1028574,91532,1250918,74475,373674,83503,760459,99477,309506,91565,74558,56795,1613031,58222,57551,57776,382915,63748,218840,60133,1288018,62831,62200,57158,61073,55090,61597,89461,68438,198224
330919,150764,1031177,91534,1254355,74475,374549,83510,762462,99564,310115,91571,74589,56799,1617343,58224,57553,57777,384012,63755,219290,60133,1291148,62833,62200,57158,61074,55091,61597,89491,68453,198226
331143,150817,1033837,91556,1257749,74475,375413,83511,764488,99564,310755,91577,74617,56799,1621982,58230,57553,57786,385001,63755,219764,60133,1294908,62836,62200,57159,61075,55091,61597,89604,68478,198231
331373,150853,1036591,91580,1261191,74476,376269,83511,766412,99564,311458,91577,74650,56799,1626618,58240,57553,57793,385823,63759,220122,60133,1298679,62837,62200,57160,61076,55091,61597,89724,68480,198242
331617,150874,1039240,91615,1264685,74492,377154,83511,768466,99564,312169,91577,74687,56800,1631174,58240,57553,57801,386540,63766,220624,60140,1302414,62837,62200,57161,61077,55093,61597,89825,68487,198250
331839,150890,1041879,91627,1268043,74525,378072,83512,770458,99564,312777,91577,74737,56800,1635678,58240,57557,57801,387324,63774,220927,60147,1306484,62838,62200,57161,61077,55099,61597,89903,68528,198259
332080,150923,1044462,91656,1271265,74556,378932,83512,772474,99564,313447,91577,74794,56800,1640228,58241,57558,57801,388268,63786,221385,60160,1310008,62838,62200,57161,61079,55099,61598,89939,68550,198262