14940394,13455372,21083199,13125465,21743213,13289036,16721664,13856824,19756810,12178246,15753478,13505316,15626889,12727219,23291843,13287448,16350050,13394638,19888583,13832136,17492721,13069833,21389219,14564529,15334652,14732418,15953581,13632349,15482201,11390399,16069694,7258049
14940742,13455440,21113976,13125589,21776610,13289106,16732576,13856911,19782471,12180219,15761170,13506537,15627317,12727291,23343721,13287515,16350285,13394705,19901459,13832383,17504468,13069861,21427443,14599948,15334808,14732425,15954670,13632438,15483806,11390421,16073597,7258859
14941185,13455509,21151454,13125656,21821834,13289226,16747458,13856975,19812046,12181883,15770961,13507623,15631444,12727695,23401030,13290949,16351301,13394770,19916409,13832553,17518262,13069866,21469691,14635661,15334865,14732450,15954859,13632525,15483977,11390442,16074492,7259954
14941499,13455578,21189319,13125724,21865639,13289364,16761668,13857038,19842253,12183675,15781078,13507695,15631866,12729083,23460737,13324992,16351517,13394835,19932954,13832616,17533307,13069875,21515345,14635666,15334914,14732526,15955005,13632604,15484042,11390456,16075312,7270972
14941829,13455650,21227714,13125790,21909667,13289644,16776004,13857407,19871896,12185475,15792013,13507763,15632387,12769368,23517720,13326169,16351720,13394905,19948820,13832680,17547974,13069883,21558126,14635670,15334975,14732597,15955161,13632687,15484124,11390479,16076262,7277190
14942096,13455715,21265426,13125857,21952034,13289781,16789438,13857647,19901331,12185675,15803019,13508287,15632706,12813000,23576355,13326504,16351900,13395932,19964835,13832938,17562725,13070477,21603635,14636097,15335027,14732673,15955285,13632768,15484174,11390491,16076618,7278245
14942413,13456432,21302138,13126726,21995270,13290773,16803549,13864659,19930130,12186458,15813247,13509911,15634189,12816331,23633051,13354924,16352080,13396773,19979926,13833058,17576459,13071644,21646120,14637383,15335141,14732745,15955472,13632869,15484251,11390530,16077381,7279301
14942664,13456510,21339848,13126796,22039326,13291076,16817931,13866354,19961477,12186526,15823097,13522962,15634577,12847085,23692595,13354993,16352258,13396836,19997607,13833121,17591354,13071652,21691887,14638943,15335193,14732799,15955610,13632957,15484301,11390540,16077967,7280341
14942940,13456575,21375353,13126863,22085823,13291144,16832983,13868317,19994048,12186589,15831230,13523158,15635006,12866790,23747650,13377972,16352453,13397089,20015604,13833185,17604813,13071658,21732863,14640332,15335259,14732888,15955749,13633050,15484385,11390578,16078312,7281344
14943215,13456639,21412936,13126929,22130481,13291208,16847479,13868380,20025814,12186809,15841632,13525120,15635440,12877642,23804735,13411948,16352650,13397544,20033048,13833247,17618969,13071664,21775522,14641657,15335311,14732971,15955861,13633137,15484445,11390592,16078849,7282425
14943502,13456706,21452582,13126995,22178105,13291285,16863068,13868444,20058418,12186885,15852310,13526921,15635675,12921135,23861842,13415427,16352854,13397666,20050321,13833374,17633891,13071670,21817179,14642998,15335371,14733068,15956009,13633229,15484505,11390633,16079319,7283532
14943796,13456776,21490763,13127064,22221289,13291348,16876898,13868507,20089244,12186962,15862730,13527346,15636021,12965523,23919666,13415563,16353071,13399173,20067705,13833653,17648637,13071676,21860892,14644419,15335453,14733173,15956171,13633317,15484563,11390649,16079840,7284598
14944075,13456846,21530886,13127138,22267964,13291417,16892100,13868578,20120296,12187161,15873832,13527416,15636535,13012722,23979019,13415631,16353281,13399704,20083868,13834673,17663922,13071699,21905518,14645941,15335521,14733708,15956311,13633424,15484661,11390678,16080564,7285708
14944357,13456913,21570513,13127206,22313055,13291484,16906874,13868641,20150471,12187354,15884909,13527484,15637019,13055004,24038153,13419292,16353474,13399770,20099777,13835116,17679289,13071704,21950866,14647587,15335568,14734442,15956422,13634030,15484709,11390707,16080984,7286789
14944650,13456986,21609071,13127291,22358155,13291548,16921459,13868705,20180778,12187422,15895183,13527551,15637447,13099833,24093586,13419356,16353657,13399835,20116007,13835197,17694213,13071807,21991708,14649318,15335692,14734444,15956545,13635390,15484766,11390732,16081567,7287864
14944943,13457061,21646238,13127385,22403233,13291626,16936133,13868774,20210852,12187693,15904973,13527626,15638029,13103763,24154376,13459639,16353881,13399923,20132015,13835261,17708381,13071847,22037883,14651063,15335895,14734446,15956749,13635729,15484811,11391658,16082596,7288906
14945550,13457182,21684679,13128845,22446110,13292103,16950164,13870521,20239933,12189407,15915927,13531299,15638435,13135695,24213050,13462820,16354105,13400072,20147459,13835351,17723173,13072427,22082914,14653513,15336005,14734494,15956927,13635819,15484974,11392716,16083113,7290014
14945854,13457251,21721956,13128910,22489437,13294079,16964318,13870762,20270246,12189439,15926161,13560414,15638968,13150887,24271988,13463534,16354928,13400135,20164394,13835414,17737761,13072433,22128198,14653516,15336080,14734497,15957072,13635889,15485054,11392721,16083987,7291053
14946198,13457384,21759859,13128978,22533592,13294203,16978558,13872704,20301097,12189646,15935811,13591666,15639620,13163522,24329544,13464622,16355135,13400603,20181192,13835478,17752644,13072438,22171360,14653530,15336168,14734505,15957206,13635956,15485151,11392739,16084694,7292109
14946479,13457453,21799016,13129043,22578630,13294277,16993302,13873512,20331841,12190657,15946311,13591783,15640127,13208873,24388104,13464810,16355344,13401701,20197762,13835774,17768041,13072555,22215367,14653532,15336248,14734509,15957337,13636024,15485226,11392744,16085294,7293198
14946744,13457534,21835988,13129111,22623361,13294402,17008065,13873581,20363725,12192350,15956060,13594449,15640623,13250723,24448490,13464975,16355582,13401933,20215570,13835933,17781964,13073208,22261418,14654241,15336323,14734516,15957467,13636105,15485286,11392769,16085954,7294253
14947053,13457613,21873963,13129180,22669624,13294491,17023224,13873645,20395969,12194147,15965945,13608527,15640774,13281854,24510105,13465062,16355797,13402074,20233227,13836072,17796334,13073247,22308588,14655874,15336418,14734520,15957620,13636189,15485368,11392779,16086405,7295311
14947314,13457688,21911430,13129258,22714658,13294637,17037859,13873709,20426278,12196040,15976062,13608595,15641339,13327067,24569771,13465128,16355979,13402213,20249296,13836135,17810379,13073430,22353690,14657366,15336471,14734522,15957775,13636260,15485439,11392807,16087128,7296391
14947628,13457761,21949002,13129357,22760040,13294779,17052688,13873771,20456642,12197899,15986149,13608708,15641610,13338544,24630209,13465192,16356185,13402319,20265271,13836199,17824294,13073539,22399960,14658927,15336535,14734571,15957903,13636328,15485513,11426101,16087491,7297479
14947911,13457842,21987249,13129432,22807027,13294897,17068089,13873866,20488900,12199642,15995944,13608774,15642113,13338583,24688213,13465257,16356374,13402422,20282926,13836264,17838933,13073980,22442633,14660401,15336592,14734574,15958020,13636394,15485595,11471578,16088249,7298563
14948202,13458012,22026031,13129587,22849995,13295007,17082040,13874032,20517222,12201010,16006995,13608953,15642560,13338952,24745828,13465325,16356561,13402568,20297763,13836328,17854262,13074125,22486844,14661861,15336653,14734576,15958167,13636462,15485647,11515828,16088513,7299626
14948503,13458797,22063404,13129846,22896010,13295117,17097035,13874183,20548381,12202621,16016633,13609050,15642985,13340589,24803256,13466409,16356849,13407839,20314377,13836413,17868362,13074489,22529300,14663045,15336722,14734645,15958311,13636662,15485714,11552008,16089077,7300737
14948851,13460435,22102231,13130839,22941185,13296156,17111764,13874579,20579076,12202633,16026918,13609124,15643440,13340675,24862471,13466472,16357034,13453226,20330703,13836476,17883275,13074986,22574492,14663116,15336789,14734650,15958447,13636827,15485775,11552151,16089589,7301801
14949159,13461640,22139226,13131103,22986627,13297366,17126519,13874711,20611489,12203208,16036643,13609198,15643636,13340760,24919626,13466536,16357218,13462309,20348824,13857891,17896944,13075064,22617173,14663117,15336843,14734653,15958570,13650713,15485835,11552154,16089858,7302855
14949481,13461704,22178294,13132023,23034847,13297527,17142389,13875246,20644395,12204902,16046516,13609459,15643969,13340855,24980151,13466598,16357439,13462372,20366629,13900474,17911679,13078905,22662511,14663485,15336904,14734654,15958705,13650781,15485911,11552155,16090291,7303944
14949770,13461775,22217867,13132089,23081379,13297609,17157559,13875378,20675829,12206608,16057311,13609663,15644501,13342131,25034788,13466668,16357649,13462437,20383374,13900542,17926837,13125172,22701564,14663676,15336985,14734656,15958845,13650849,15485981,11552155,16090903,7305057
14950051,13461840,22255612,13132155,23128161,13297679,17173036,13875505,20707186,12208426,16067083,13609734,15644874,13343551,25092893,13466732,16357884,13462499,20400033,13900608,17940851,13170690,22744487,14663807,15337096,14734658,15959012,13650919,15486206,11552156,16091351,7306132
14950319,13461910,22294740,13132223,23173466,13297763,17187774,13875635,20737819,12210225,16077260,13609810,15645337,13344904,25150180,13466795,16358119,13462596,20416506,13900672,17956368,13215702,22786638,14664217,15337151,14734663,15959132,13650991,15486306,11552164,16092104,7307202
14950605,13461973,22332809,13132290,23217647,13297833,17202159,13875764,20767601,12211956,16087884,13609885,15645952,13346216,25207487,13466859,16358340,13462745,20432242,13900735,17970840,13260976,22828794,14664412,15337207,14734663,15959243,13651059,15486386,11552165,16092999,7308273
14950878,13462041,22369637,13132354,23263229,13297914,17217069,13875893,20798007,12213656,16097769,13609956,15646266,13347497,25265527,13466922,16358577,13462893,20448053,13900798,17984320,13305520,22872346,14664559,15337266,14734665,15959359,13651125,15486484,11552165,16093337,7309329
14951240,13462104,22408316,13132421,23307280,13297986,17231316,13876023,20829551,12215357,16108713,13610029,15646598,13348538,25326534,13466997,16358827,13463587,20465841,13900863,17999295,13350558,22919169,14664771,15337336,14734666,15959496,13651197,15486572,11552167,16093672,7310399
14951530,13462230,22446775,13133026,23350417,13298120,17245340,13876173,20858751,12217046,16119306,13610115,15647075,13348614,25384089,13467100,16359058,13464803,20481501,13900945,18014743,13390235,22962836,14665000,15337399,14734870,15959637,13654254,15486668,11552538,16094364,7311519
14951815,13462528,22483511,13157423,23394654,13298251,17259859,13876287,20889311,12224628,16128897,13610209,15647799,13348660,25442947,13467221,16359267,13466770,20498296,13901008,18028645,13390241,23006954,14665001,15337493,14736212,15959762,13666185,15486756,11552604,16095117,7312562
14952094,13462597,22523495,13157488,23440539,13298324,17275147,13876368,20919116,12224749,16140060,13613816,15648631,13392102,25502102,13467561,16359458,13467906,20513434,13901679,18043987,13390242,23050954,14665002,15337628,14737508,15959896,13666252,15486846,11552617,16096126,7313683
14952366,13462681,22564999,13157551,23487162,13298395,17290334,13876431,20950678,12224751,16151422,13613951,15648992,13439356,25557652,13467748,16359666,13468030,20530419,13903490,18060362,13390245,23091295,14665004,15337703,14738723,15960072,13666318,15486934,11552621,16096521,7314814
14952644,13462790,22603161,13157619,23533110,13298477,17305315,13876508,20982110,12224764,16161548,13614082,15649477,13484735,25613955,13467818,16359889,13468263,20547454,13904086,18075090,13390249,23132678,14666152,15337747,14739866,15960215,13666386,15487011,11552632,16097028,7315888
14952915,13462859,22641316,13157684,23579069,13298544,17320251,13876571,21013277,12224771,16171791,13614417,15649819,13508214,25672288,13489906,16360106,13468442,20564229,13904562,18089028,13390254,23175725,14667886,15337818,14741495,15960363,13666454,15487070,11552637,16097577,7316962
14953223,13462929,22680533,13157749,23623518,13298624,17334544,13876649,21043528,12224782,16181992,13614556,15650339,13549145,25726289,13493824,16360344,13468508,20580227,13904660,18104738,13390502,23214557,14669677,15337872,14742889,15960491,13666524,15487135,11552642,16098401,7318034
14953497,13462995,22718678,13157813,23668309,13298692,17349304,13876711,21073976,12224790,16192388,13614939,15650716,13579603,25784737,13493892,16360556,13479331,20596890,13904741,18118941,13390628,23258058,14671415,15337930,14744410,15960610,13671292,15487219,11552657,16098932,7319103
14953766,13463065,22756096,13157877,23714220,13298757,17364397,13876788,21106497,12224799,16202367,13615076,15651039,13579637,25846062,13493966,16360756,13514761,20615276,13910806,18132732,13390716,23304789,14672481,15337980,14745842,15960727,13675605,15487336,11552832,16099546,7320160
14954083,13463466,22794459,13158774,23760174,13298950,17379351,13877146,21137265,12248872,16212172,13615290,15651593,13579779,25905141,13494049,16360953,13521812,20631370,13924509,18147520,13390778,23349112,14672485,15338067,14746522,15960851,13675678,15487421,11553751,16100027,7321232
14954413,13463756,22832865,13159904,23804354,13299731,17393881,13877251,21168091,12292426,16222829,13616496,15651788,13580438,25963583,13494582,16361292,13522680,20648312,13924605,18162582,13390895,23393662,14672520,15338197,14746550,15961057,13675767,15487591,11553779,16100369,7322302
14954756,13463827,22871486,13159971,23848388,13299928,17408301,13878533,21198707,12292857,16233244,13616630,15652262,13620972,26017983,13495503,16361494,13527139,20665236,13925240,18177427,13390993,23433120,14672533,15338247,14746559,15961183,13675840,15487668,11553786,16100911,7323376
14955056,13463902,22907407,13160037,23891060,13299992,17422163,13878618,21229292,12294754,16242800,13617034,15652846,13623069,26078417,13495573,16361691,13533238,20682717,13926522,18191062,13420945,23479466,14677936,15338307,14746570,15961301,13675907,15487753,11553788,16101408,7324392
14955383,13464018,22945857,13160104,23937093,13300056,17437275,13878682,21259956,12296483,16252971,13617164,15653183,13623269,26136969,13495636,16361929,13533301,20698349,13927173,18205622,13421562,23522492,14714211,15338363,14756057,15961417,13675983,15487972,11553789,16102206,7325468
14955709,13464093,22984206,13160168,23984301,13300124,17452874,13878765,21292508,12298243,16262991,13617553,15653466,13623835,26196353,13495708,16362139,13533366,20716130,13927243,18219851,13422956,23566419,14722317,15338418,14768797,15961540,13691137,15488041,11563636,16102442,7326553
14955997,13464165,23023643,13160238,24030721,13300189,17468097,13878829,21324814,12300046,16273293,13617683,15653717,13624042,26259278,13495773,16362325,13533428,20733749,13927317,18235149,13424557,23614815,14722391,15338506,14768808,15961660,13717344,15488120,11583057,16102750,7327630
14956384,13464237,23061404,13160319,24077446,13300261,17483559,13878910,21355655,12300162,16283393,13617928,15654196,13625633,26314845,13496222,16362528,13533494,20749744,13927391,18249027,13425788,23654815,14722705,15338578,14768818,15961898,13729126,15488254,11617106,16103268,7328728
14956659,13464303,23099743,13160385,24121511,13300323,17497795,13878974,21386243,12300171,16293465,13618065,15654430,13627433,26372585,13496472,16362722,13533557,20766712,13927461,18263983,13425816,23698410,14722782,15338646,14770280,15962018,13732314,15488326,11657941,16103719,7329779
14956961,13464373,23137484,13160454,24167265,13300386,17512599,13879055,21418341,12300179,16303251,13618199,15654929,13629244,26434040,13496783,16362909,13533621,20784275,13927529,18278316,13425841,23744881,14722793,15338810,14771744,15962129,13754352,15488384,11680752,16104230,7330832
14957259,13464443,23177447,13160519,24213547,13300450,17527637,13879122,21449469,12300187,16314042,13618330,15655247,13630922,26489070,13497013,16363097,13533831,20800733,13927597,18293487,13425856,23784829,14722807,15338887,14773164,15962260,13785088,15488480,11696347,16104590,7331977
14957570,13465021,23214767,13160595,24257909,13300531,17542039,13879247,21480246,12300200,16324146,13618430,15655839,13632679,26545959,13497141,16363287,13534332,20817640,13927680,18307599,13425873,23827300,14722830,15339014,14774392,15962378,13785220,15488597,11739074,16104871,7333045
14957895,13465856,23253519,13160946,24304937,13301667,17557543,13879322,21512000,12300218,16334587,13656856,15656373,13634455,26604090,13497371,16363509,13534473,20834575,13935342,18321780,13426182,23870079,14722852,15339086,14774451,15962549,13785311,15488675,11739138,16105406,7334199
14958189,13465997,23291206,13161013,24349791,13302436,17572042,13879401,21542612,12300876,16344237,13700989,15656813,13636309,26663632,13497514,16363679,13534539,20850815,13935412,18336413,13426398,23914876,14722863,15339148,14774451,15962687,13785375,15488735,11739138,16105752,7335253
14958458,13466136,23329757,13161077,24394025,13302502,17586127,13879466,21572820,12302315,16354586,13745504,15657232,13638108,26723256,13497786,16363865,13534602,20866938,13935479,18351385,13426803,23959903,14722873,15339205,14774452,15962801,13785439,15488823,11739139,16106167,7336316