3086333502740,8850850069909,3924569503450,7590963523936,3852121288131,5979907683319,3567247262434,5714193218647,3602470556665,4235345559459,3427853092492,3962918636584,3060545293938,3375165635552,3912573032295,3316541690525,4689240134220,2828141930768,3314599222098,2827906716226,3197576037019,2875593941106,3355345639674,2769481735131,3037328183579,2925948597544,3004370450084,2816098556721,2986432230688,3981451503168,3393765414147,6222896755631
3086614394612,8851122583810,3924847212274,7591218587816,3852391865366,5980176957215,3567518203008,5714456562295,3602746723872,4235600563781,3428129134759,3963177173722,3060817635616,3375431900128,3912838392739,3316809993350,4689521053195,2828420824865,3314885533176,2828194212045,3197855385838,2875861446494,3355628141619,2769754130766,3037605900864,2926221238889,3004652856457,2816365823591,2986706860036,3981721686032,3394044974135,6223657879476
3086913239170,8851410416578,3925143384467,7591504043115,3852695428821,5980489491585,3567822865356,5714744532005,3603049425444,4235887156524,3428426000305,3963459078109,3061113716069,3375713844711,3913124588288,3317090551284,4689814412836,2828703683837,3315187700208,2828490996565,3198179477076,2876147202186,3355920016039,2770042529518,3037903500108,2926530539386,3004950594529,2816657964533,2987019509645,3982025878239,3394345181642,6224003499786
3087179279067,8851681116662,3925406938577,7591767583713,3852960851399,5980755019335,3568074014126,5715004427611,3603318170310,4236142398210,3428680623790,3963719179039,3061364633766,3375981252645,3913381751357,3317364140361,4690065322753,2828978331195,3315442760170,2828762311027,3198470712694,2876411093150,3356180191468,2770314910034,3038172450502,2926804745523,3005218404314,2816937083043,2987277990556,3982312831222,3394602715919,6224344914515
3087484449692,8851966108905,3925703300194,7592039768702,3853241076402,5981032995960,3568374942152,5715289064507,3603612123593,4236424267239,3428972033027,3963998001311,3061659069171,3376265432090,3913671861956,3317648654328,4690356027224,2829255656660,3315739642978,2829042999165,3198763430292,2876688358759,3356483431210,2770596062274,3038467254494,2927083656294,3005516887426,2817215434602,2987576087619,3982599037661,3394911274752,6224725855268
3087774793730,8852272646209,3925992542350,7592353319876,3853536032656,5981333790219,3568663712172,5715587791138,3603900338968,4236719323965,3429271192275,3964291840925,3061957241041,3376553455869,3913965054958,3317933178867,4690663629394,2829549870940,3316031638410,2829356837963,3199056859565,2876972061082,3356777989507,2770889121904,3038781710824,2927373505782,3005806236739,2817515945308,2987875409062,3982904319596,3395214475065,6225107175199
3088092173624,8852591937712,3926322643335,7592678616767,3853852010319,5981664153588,3568983088472,5715904127183,3604225265710,4237031024443,3429589704701,3964596281073,3062272736318,3376854908174,3914277173911,3318244911641,4690979459322,2829863022670,3316346383948,2829676773307,3199370148265,2877282146749,3357099176823,2771215143421,3039131106231,2927696715406,3006131902607,2817846731602,2988192852923,3983224217427,3395544980824,6225507304799
3088378386083,8852883333471,3926597890848,7592959270527,3854149410427,5981941702567,3569269783512,5716186059721,3604514574564,4237303846481,3429868089997,3964862049032,3062569462641,3377130958793,3914561810786,3318517070982,4691257047120,2830133349080,3316629590198,2829960006855,3199647099825,2877565857214,3357382741645,2771508761670,3039405638511,2927970237016,3006423719977,2818131714795,2988479961854,3983502090175,3395835851461,6225854482614
3088700221025,8853169548128,3926911218327,7593246906307,3854443262331,5982222783776,3569571815229,5716468239136,3604829706048,4237588184746,3430179786411,3965144921345,3062875995923,3377412738686,3914872549916,3318789754784,4691570932372,2830409773976,3316948145069,2830242463504,3199967019012,2877846418773,3357694912568,2771781954289,3039736232204,2928256055653,3006727678618,2818414116559,2988786601157,3983785386857,3396152307791,6226163363824
3088971088062,8853485746840,3927200559568,7593553087038,3854731641187,5982521805466,3569879933941,5716776089787,3605122072605,4237891141151,3430473545152,3965455520012,3063155602339,3377725339420,3915161266363,3319099858286,4691859973013,2830722142006,3317222356673,2830549027218,3200247801728,2878150657255,3357973631531,2772079833999,3040013115401,2928564106052,3007040077162,2818730558414,2989075825479,3984104881393,3396427276148,6226500603626
3089261149592,8853785483653,3927494881506,7593840478413,3855028520564,5982808248696,3570182603971,5717091974703,3605412494418,4238172758719,3430767211817,3965757636197,3063451057369,3378029604687,3915455590973,3319389806932,4692142757578,2831007979969,3317503076603,2830843233334,3200534687152,2878449073709,3358262522346,2772369081858,3040308865421,2928861853392,3007338443454,2819032047527,2989376683654,3984408076227,3396727207125,6226822359586
3089546580106,8854096518633,3927771221628,7594143299848,3855313210364,5983111018906,3570457229814,5717404549422,3605693472081,4238470311734,3431032506851,3966042291767,3063729603722,3378325920146,3915724561223,3319689728244,4692410171786,2831320069564,3317801162390,2831142419692,3200800944024,2878739750661,3358535859945,2772668080962,3040575533067,2929173101869,3007641815629,2819334155019,2989641524670,3984720423756,3396986268336,6227157244591
3089773689437,8854363283519,3927991467398,7594387407089,3855554125381,5983361438636,3570678324232,5717668379627,3605910600559,4238732166467,3431255918115,3966300473709,3063958794764,3378578853476,3915951916664,3319942164804,4692625362342,2831581128451,3318025381399,2831408839088,3201025095562,2879004811211,3358752515456,2772951112350,3040795719037,2929442191787,3007850869828,2819599305921,2989864356857,3984968822041,3397204033724,6227443154197
3089999251589,8854641847672,3928217045946,7594658095490,3855779022484,5983640263083,3570909077691,5717946452132,3606143598985,4239008142532,3431493108509,3966610207183,3064189925135,3378854075607,3916183202241,3320218305262,4692855154545,2831859299212,3318265262833,2831692868213,3201243998640,2879276719551,3358988598523,2773224589806,3041031456284,2929718550648,3008087079918,2819872861271,2990102042689,3985246905054,3397446756040,6227748165854
3090233904001,8854929828225,3928439937925,7594940586379,3856036537620,5983921068484,3571139262973,5718220983446,3606377689452,4239286860619,3431716194004,3966895640541,3064418025157,3379139554065,3916412482231,3320495974237,4693088728748,2832141783901,3318494167192,2831984166734,3201473191501,2879561450270,3359216054539,2773502145791,3041267889488,2930009453473,3008328187622,2820152613619,2990340778563,3985547470589,3397677936918,6228063374831
3090534205700,8855224238893,3928735288056,7595230807257,3856327365647,5984203767499,3571453344642,5718524463547,3606665128892,4239568515891,3431999702126,3967191544789,3064701683209,3379430593784,3916700727340,3320786161951,4693382766910,2832430545747,3318783091980,2832272885506,3201762152111,2879844419302,3359502264970,2773786464998,3041551010691,2930291015733,3008615188459,2820442660384,2990615967527,3985839945606,3397976983431,6228376319250
3090831516647,8855522683481,3929034517535,7595521171706,3856614063607,5984498790998,3571769157654,5718807737206,3606964961910,4239857450676,3432294143509,3967476004693,3065005510484,3379720264113,3916996163333,3321088640249,4693678310559,2832727392832,3319073335300,2832562953293,3202056543595,2880121056750,3359790927152,2774082994594,3041837268867,2930577657286,3008907834267,2820715967131,2990904063857,3986128426280,3398273196760,6228680289080
3091069360238,8855829099720,3929275460262,7595818983254,3856846760298,5984795398489,3572002016921,5719113874811,3607222544387,4240150248160,3432536741733,3967774303605,3065244934535,3380016159016,3917227508850,3321386537447,4693919408556,2833024656475,3319314980730,2832895259175,3202295930649,2880413199840,3360023880287,2774382081157,3042076200050,2930865126042,3009141477884,2821017255637,2991142376149,3986427442744,3398506939399,6229013535134
3091339159991,8856121215976,3929530229120,7596109473015,3857109271531,5985078432448,3572265061167,5719413126564,3607478429954,4240437116033,3432816957747,3968060120024,3065519253139,3380313833697,3917500613011,3321674015352,4694191252353,2833319310210,3319581805412,2833187384965,3202561289784,2880703767948,3360293088768,2774674545309,3042336789664,2931154587198,3009414879674,2821315262943,2991419513160,3986709935389,3398774119103,6229347703285
3091573317140,8856408907420,3929786099091,7596391684519,3857339644866,5985356407591,3572508940793,5719691529239,3607742778687,4240697595635,3433065444032,3968330764161,3065754007959,3380588548661,3917734573896,3321939968007,4694421933518,2833597867999,3319824450220,2833470498386,3202796287391,2880982092787,3360524902190,2774951170724,3042566898970,2931435116953,3009653989294,2821593590023,2991659739231,3986992432985,3399005917472,6229651977818
3091796323816,8856670113369,3930011104786,7596651933644,3857563727055,5985606743856,3572747167474,5719956611182,3607980774152,4240957841020,3433283747181,3968593520628,3065983943904,3380839388108,3917971966570,3322194320871,4694641824237,2833855201952,3320053039335,2833727041258,3203018987830,2881240153581,3360741172710,2775204297460,3042789726524,2931694995820,3009876537767,2821845353232,2991872995891,3987259267330,3399233368458,6229943021602
3092113093548,8856993234948,3930301776361,7596953056074,3857841896859,5985913577259,3573030719704,5720270374920,3608263192708,4241264515981,3433578645174,3968892166870,3066273444059,3381131669014,3918257839121,3322489005743,4694944244387,2834152736331,3320336655768,2834033476589,3203305251147,2881538343916,3361029952650,2775499659056,3043074818056,2932010952171,3010170478999,2822148780127,2992166025880,3987580379576,3399526269906,6230290229158
3092401069427,8857258214381,3930590383751,7597222240618,3858123291001,5986179029457,3573317064014,5720541343475,3608551540360,4241535185138,3433869195660,3969151566972,3066588217368,3381405105816,3918537266712,3322752979905,4695226476955,2834421166356,3320630786960,2834295938021,3203583122206,2881805827458,3361317561743,2775772420971,3043352697450,2932280570465,3010459722378,2822424229069,2992461700037,3987842502265,3399810595380,6230576334976
3092717110186,8857534720849,3930902661320,7597482627107,3858426727919,5986446336324,3573618699199,5720811888966,3608861042517,4241796460770,3434175234142,3969408348952,3066924030749,3381683107216,3918848220784,3323003992434,4695529103445,2834686189638,3320932810442,2834557990706,3203880058101,2882082820919,3361625304105,2776031555800,3043664420479,2932536308315,3010761421869,2822693956254,2992767049830,3988108771737,3400114032680,6230875536246
3093021530117,8857806994683,3931206790374,7597755120510,3858720123048,5986711877662,3573897421870,5721083654912,3609152503435,4242069915444,3434459032330,3969686907275,3067205419926,3381940594575,3919138230792,3323279570466,4695815762277,2834940883083,3321202234410,2834827386322,3204156916210,2882354218134,3361908198492,2776327926684,3043958400305,2932808716406,3011056570203,2822963486497,2993058513070,3988370903116,3400405479024,6231172728466
3093278600714,8858122792340,3931473948708,7598064802001,3858985862350,5987013697183,3574159467265,5721379565935,3609416820380,4242380528073,3434729229506,3969996011053,3067466873889,3382251014535,3919412778418,3323584730355,4696079031604,2835254269352,3321467700498,2835131907718,3204422634763,2882675784187,3362176492986,2776632454610,3044218116285,2933108110569,3011316046028,2823308518298,2993324965924,3988675132681,3400664937922,6231496211430
3093537933685,8858408783377,3931718768600,7598333012050,3859239652286,5987297154313,3574407303818,5721650378033,3609672315886,4242665085890,3434983112224,3970271562291,3067714006482,3382521172059,3919696756559,3323855187907,4696347155747,2835538318065,3321715783142,2835402919994,3204683826719,2882954690440,3362441517723,2776914265496,3044470683324,2933371146049,3011574933834,2823580958915,2993579953759,3988949028879,3400922866254,6231791428277
3093799180029,8858684760990,3931981119552,7598587153595,3859504197027,5987567827995,3574658479935,5721912438808,3609941589910,4242929380269,3435263804238,3970535511093,3067971968164,3382786386654,3919965074856,3324114643309,4696606936415,2835799795870,3321971809748,2835664919659,3204951947852,2883224217336,3362705210940,2777174655910,3044736314310,2933631983288,3011842683607,2823848544860,2993843220016,3989215220668,3401186546155,6232077163017
3094061738207,8858967396298,3932232187245,7598869949630,3859756335585,5987849013184,3574904249958,5722193019363,3610197556312,4243207114985,3435514785484,3970819486595,3068227000992,3383098095227,3920255022086,3324406629607,4696856851719,2836078113038,3322231854600,2835970593675,3205207286433,2883522494070,3362963065384,2777455407160,3044974105737,2933909982385,3012086098073,2824129475591,2994096003063,3989499068114,3401435763302,6232395880185
3094316773869,8859263229442,3932481263728,7599174200727,3860006409216,5988139407007,3575157489687,5722482179130,3610454534021,4243495027795,3435774602257,3971113963002,3068482292187,3383381788621,3920515340170,3324707272901,4697129600995,2836365452675,3322481454158,2836267055752,3205466367478,2883817652155,3363218083293,2777767955626,3045219614583,2934216013851,3012326953080,2824449775979,2994353635450,3989805000189,3401684754761,6232716713885
3094611233336,8859571429767,3932774304142,7599472546058,3860295077947,5988442336082,3575456752921,5722789197916,3610747315968,4243791930490,3436069379229,3971426518268,3068777050143,3383682142667,3920806544410,3325005516342,4697427977845,2836675427002,3322779161882,2836578202844,3205774295769,2884119360539,3363515118015,2778074853017,3045516549861,2934520992666,3012640317715,2824764129378,2994648067141,3990115089044,3401987415354,6233051343184
3094900307822,8859856923362,3933044594081,7599758100763,3860587073482,5988728040626,3575735538460,5723078820014,3611023899541,4244078947104,3436347791563,3971710188306,3069051547166,3383975369293,3921079067873,3325295786325,4697737083287,2836973004065,3323052472670,2836901457792,3206052493223,2884415904916,3363777904064,2778378534559,3045785419064,2934832425372,3012923684221,2825072847474,2994926629219,3990412635772,3402267114149,6233373365549
3095166414541,8860148205878,3933316815325,7600041751623,3860853619156,5989019599634,3575994241710,5723365560506,3611300812652,4244369424165,3436627223303,3972025811786,3069310429358,3384263565713,3921343438919,3325577592602,4698028106214,2837254742839,3323308879671,2837171060509,3206331995666,2884712769587,3364050260584,2778674281452,3046048975781,2935113862705,3013202525198,2825355500950,2995205349167,3990706007424,3402533035685,6233688645613
3095441949272,8860455630164,3933590547953,7600347646814,3861136441001,5989325324782,3576265390564,5723673933249,3611564291999,4244685001904,3436893456849,3972332237556,3069564754976,3384567696948,3921611139463,3325873700096,4698299259605,2837551964315,3323578356199,2837470067644,3206613231340,2885010719848,3364323058598,2778973463460,3046321465008,2935420638253,3013480998584,2825673020347,2995484639339,3991021208144,3402795576718,6234016285232
3095705322071,8860747703388,3933872502635,7600638934768,3861418606109,5989602043413,3576550665121,5723964272734,3611846408424,4244969674322,3437185568341,3972644499814,3069837010292,3384857566483,3921891913311,3326177509226,4698582488399,2837841070888,3323871615560,2837759729790,3206883667571,2885313103199,3364595091858,2779259289178,3046595727850,2935716145261,3013755192146,2825963450699,2995750731415,3991318684923,3403063646305,6234331017222
3095982961516,8861035774347,3934137563657,7600921992627,3861694170379,5989888684985,3576831434749,5724237704766,3612112329930,4245245882657,3437468982980,3972937031193,3070115035186,3385138286750,3922170282147,3326464116288,4698861440576,2838120466980,3324192926784,2838034433859,3207161926441,2885626112108,3364874077665,2779546452598,3046876758424,2935994787081,3014034341786,2826251960158,2996035815297,3991601002888,3403343790778,6234632905761
3096262020958,8861342595098,3934412714909,7601216887107,3861971032907,5990182234739,3577100285922,5724543232312,3612384848262,4245544067071,3437738405751,3973260338916,3070393740571,3385434814870,3922442908195,3326763313379,4699139732489,2838417986384,3324471907306,2838330481680,3207440951148,2885917633795,3365151483173,2779835325502,3047146183032,2936290776533,3014301308597,2826550820727,2996318895835,3991892584017,3403616080700,6234956578013
3096532115896,8861635683243,3934677839654,7601505348435,3862235426309,5990470640976,3577360468005,5724829423743,3612642336540,4245826975730,3437997125849,3973557490536,3070657252542,3385733060333,3922714853665,3327051421928,4699401858680,2838701167147,3324751900103,2838613187682,3207703329838,2886202394529,3365417163520,2780119673742,3047420876290,2936574951405,3014569287017,2826838682275,2996593861721,3992175456533,3403887588314,6235266330678
3096799891214,8861948849141,3934946034938,7601809699341,3862503567730,5990773853476,3577632600255,5725144135654,3612916700327,4246126881247,3438264131430,3973883119410,3070921856103,3386043549737,3922986253257,3327355910281,4699665947682,2839001696895,3325057427287,2838920015245,3207987246213,2886500630730,3365693474936,2780430655816,3047690697688,2936878821722,3014841567188,2827143357198,2996882903691,3992476811451,3404165668474,6235605914393
3097080384062,8862265783305,3935254622869,7602122453789,3862782859892,5991070647940,3577919471934,5725452198332,3613218297334,4246441432641,3438568762952,3974212381151,3071220045493,3386358588956,3923281489072,3327667643301,4699951348502,2839310600946,3325347210127,2839266708436,3208287810484,2886824366442,3365989956912,2780741016240,3047976864465,2937181329533,3015144529486,2827451511497,2997168305202,3992782176103,3404462975479,6235919805562
3097366406042,8862559206845,3935539596150,7602409632374,3863071143779,5991364721527,3578204732067,5725732049426,3613511398177,4246733678469,3438854890753,3974511173826,3071503894412,3386640792017,3923562376536,3327958658342,4700237123660,2839608482433,3325654768718,2839553530195,3208585220615,2887112924120,3366266317275,2781023552517,3048253117659,2937459214219,3015415881012,2827737933473,2997446891889,3993074300518,3404741672093,6236218747832
3097632719237,8862887891052,3935804310894,7602705212818,3863335329371,5991657080496,3578460366274,5726034286263,3613775764563,4247024403823,3439114422304,3974808322235,3071765249230,3386939117728,3923824278975,3328254534132,4700490936057,2839909374233,3325906610764,2839855276357,3208846276707,2887424774576,3366528978737,2781328472770,3048513967277,2937768622433,3015665110953,2828053636174,2997716249570,3993368510250,3405013250983,6236551717748
3097872450067,8863156538713,3936037479272,7602971371358,3863562852617,5991918915439,3578685548194,5726299966563,3614010741983,4247279993186,3439340459214,3975080772422,3071999290638,3387198410287,3924065762548,3328517244386,4700723539093,2840173724192,3326167104622,2840114551890,3209077551250,2887683734114,3366770111352,2781576045632,3048753449377,2938051467391,3015898247828,2828307885085,2997939746125,3993637574755,3405251028880,6236837256477
3098161236627,8863457326700,3936329436112,7603265250384,3863857265900,5992215239741,3578968532734,5726603129700,3614299535350,4247602155044,3439635063338,3975389113836,3072286481093,3387491673556,3924347458776,3328806565500,4701016384679,2840458380367,3326479391093,2840404085203,3209357748963,2887972675447,3367058072998,2781869982247,3049036943364,2938334145748,3016183915280,2828598269723,2998233986292,3993917904306,3405535555257,6237146624312
3098450737671,8863742809868,3936618664762,7603563881848,3864154254763,5992498606396,3579269082904,5726892966385,3614598903170,4247888956326,3439921539387,3975682463362,3072580932234,3387784095602,3924635107608,3329101037961,4701301460722,2840759129078,3326772471271,2840697163972,3209647309883,2888264884372,3367354484278,2782155777461,3049328542921,2938633299200,3016466881743,2828896312573,2998517776137,3994216943095,3405830634079,6237470751128
3098707333045,8864059732902,3936884455166,7603855464062,3864414820060,5992790467676,3579526848122,5727191890226,3614860206180,4248188052081,3440184784046,3975976999990,3072830908399,3388073096534,3924880666121,3329407562789,4701560079772,2841056879470,3327025318835,2840990541801,3209930002341,2888553855413,3367605304480,2782448737124,3049582473136,2938922798536,3016724815874,2829200115681,2998778907386,3994505719469,3406092220081,6237772957671
3099018265893,8864400917345,3937195083709,7604185895755,3864724495130,5993119381804,3579833461754,5727515590938,3615168631165,4248527899177,3440487249173,3976309688523,3073129624200,3388401961511,3925190397600,3329740836738,4701859139942,2841378309255,3327336976272,2841325795911,3210241426835,2888894094211,3367952110159,2782781547788,3049890979250,2939248385583,3017045705378,2829535692329,2999093482198,3994846536440,3406411408381,6238139582339
3099268064260,8864691594562,3937450193849,7604469123252,3864983789910,5993392533256,3580082225736,5727795433841,3615449567810,4248799298083,3440746717819,3976583578935,3073380330091,3388679858847,3925447978803,3330018152599,4702123666360,2841663155138,3327595271264,2841600664646,3210504095579,2889172917569,3368218014599,2783057661713,3050160578526,2939525896133,3017301388612,2829815483543,2999355707541,3995124991486,3406672532455,6238441950084
3099570999156,8865040859200,3937760048093,7604788579807,3865284004084,5993710949610,3580365644828,5728120032394,3615731964217,4249127587864,3441034411002,3976901903415,3073660016189,3388999615134,3925749502032,3330363563507,4702429524956,2841996578376,3327891487072,2841926083617,3210796426273,2889509711577,3368558004370,2783383608197,3050468856986,2939842557086,3017599634570,2830126127408,2999671479231,3995435653609,3406974218853,6238785042984
3099857374564,8865357335970,3938051376938,7605099282198,3865567772144,5994012495224,3580652731203,5728436009090,3616028862343,4249440269240,3441327780262,3977209429308,3073942013346,3389315840535,3926030068927,3330686868254,4702713007774,2842304389138,3328167474272,2842243981315,3211086148664,2889827051192,3368843509791,2783696691684,3050743643525,2940158994412,3017883392313,2830451517094,2999944213247,3995745289752,3407259270599,6239114583935
3100143007584,8865638419434,3938340416031,7605368496433,3865851409713,5994275369706,3580943023087,5728704719719,3616318790520,4249723777715,3441622945253,3977493771705,3074233305702,3389584649078,3926315061221,3330963169349,4703002271605,2842578495086,3328448399735,2842521265649,3211369633603,2890113198849,3369128189793,2783990730142,3051039089682,2940438273967,3018167403120,2830722940168,3000244022125,3996026617950,3407546563141,6239414298475
3100433205773,8865891316140,3938634515986,7605620272784,3866130663682,5994528256778,3581226976403,5728953700311,3616606831113,4249982692850,3441922299878,3977746743081,3074526436441,3389833226791,3926604705212,3331202283791,4703290595821,2842857622248,3328735299872,2842761795758,3211651730172,2890357111104,3369403566017,2784242585693,3051327961437,2940685333216,3018447647165,2830983415719,3000539103066,3996280509564,3407871452416,6239691411978
3100658939251,8866162146867,3938857542221,7605902629103,3866348127367,5994803678827,3581450346252,5729217579366,3616838611311,4250250522860,3442151072019,3978013312098,3074755679267,3390090343127,3926826551286,3331464901352,4703523016890,2843117440255,3328960041087,2843022358926,3211884025855,2890637624348,3369638026466,2784504652799,3051556679634,2940953082272,3018667489931,2831250922118,3000756601369,3996549075740,3408123580441,6239978765356
3100936597793,8866468080731,3939132510473,7606199073846,3866631361152,5995103736031,3581727728264,5729520030117,3617115834645,4250548699369,3442424194014,3978306105009,3075026867149,3390395854368,3927105513053,3331770324612,4703799478993,2843436685371,3329235930612,2843336157814,3212158624528,2890956479377,3369934559092,2784812314164,3051841896429,2941268929266,3018944467335,2831571129868,3001038278141,3996864706412,3408400245882,6240314749857
3101261072576,8866754609550,3939430193276,7606471653112,3866932763092,5995389568490,3582017064100,5729807624026,3617405507746,4250828533860,3442716392291,3978585672270,3075321119717,3390667811386,3927396435813,3332045938387,4704088856168,2843739787871,3329522981526,2843623032820,3212441395013,2891236220330,3370215380642,2785091959963,3052137664381,2941542026120,3019239087024,2831839802463,3001326057092,3997135932344,3408689937416,6240627417256
3101529157702,8867032310203,3939666334000,7606756187472,3867165200266,5995668108954,3582259095325,5730091931586,3617643296461,4251114242925,3442957015865,3978858953929,3075566691302,3390940156838,3927636675352,3332317185522,4704337340939,2844013016162,3329756282556,2843891903509,3212685701490,2891520421040,3370452802649,2785367289853,3052378497776,2941851615791,3019474192220,2832130185270,3001562139067,3997415013975,3408927808385,6240952488784
3101773259218,8867304888206,3939901499653,7607023124422,3867405505849,5995925840753,3582496559786,5730359677749,3617876320949,4251375168594,3443190383953,3979116454105,3075799525375,3391217713766,3927869994143,3332592477760,4704570013362,2844282972607,3329990203241,2844165037423,3212925819568,2891786368991,3370688434328,2785644048013,3052617413775,2942117429627,3019712210832,2832402712805,3001805017004,3997698355836,3409176283870,6241235822568
3102056551534,8867606993286,3940196941546,7607333974133,3867689896041,5996229183019,3582779764732,5730657490790,3618167129688,4251669796202,3443462116258,3979436147094,3076083062021,3391529177148,3928144934457,3332892328641,4704833619780,2844587368771,3330263246145,2844461969547,3213196187657,2892079002230,3370956246037,2785945669443,3052889563623,2942426917063,3020003183214,2832702146412,3002088181445,3997999625009,3409464162170,6241556455008
3102345643324,8867902219026,3940507102121,7607625255032,3867981634353,5996523111245,3583056919514,5730957373440,3618449959048,4251969592895,3443740685943,3979732597945,3076361071008,3391829396638,3928450617983,3333192686887,4705121944887,2844881039848,3330539016578,2844749087334,3213474530994,2892381972541,3371244020835,2786238343835,3053179964836,2942741758551,3020290874311,2833003177373,3002374286814,3998291519742,3409751505617,6241874724740
3102620312933,8868202118126,3940776945502,7607910254751,3868256900549,5996807243367,3583330710837,5731252464675,3618728508879,4252249516181,3444019652034,3980024454521,3076638602787,3392121600732,3928726205609,3333477784840,4705400060648,2845173766830,3330822661787,2845035832853,3213726534958,2892686763435,3371514082526,2786538602562,3053446625586,2943034496790,3020567633774,2833296721016,3002641746128,3998591539443,3410037830526,6242206527813