112379356,169548722,64614693,173111050,134072438,81695209,46889279,45286143,50426133,208392110,93783621,94832655,180857967,264164512,56223921,112834371,62893693,195083453,588146350,217592717,56357312,113588326,70182511,116686401,115519249,132082397,252643740,57601359,202446705,210610128,118630164,5291346773
42435164,140527295,40202549,110737677,47085671,139035452,49442429,96950282,54536147,38780561,47846101,153001837,93085383,238815341,49750735,48050404,48279557,40953385,49164106,289076300,154335894,135592358,43212516,112017966,47123821,63457959,47620594,114977982,102023994,57039736,52343682,361103504
191504945,103733026,191989450,42289329,238264494,89764783,143512554,44572408,100239517,153678976,40774692,100850136,150321041,40865618,154971277,128683052,247693930,86805176,92477278,45656212,246103074,50920969,39808862,165536195,103581576,55650581,43993335,70091702,215369566,79174853,99231743,698713273
221423336,40254529,162301236,34101849,266215422,40574559,61502351,78339488,114316654,43361129,43597806,117017810,46125669,104131730,166161499,50719445,59364926,104196533,159393248,53009027,55191267,43145542,102877220,35525906,137791821,107481400,57940850,203193438,281675242,48375024,56609185,592720204
42873744,48903000,45242279,233194440,48698401,80940538,105959867,219164460,199996743,53374094,79915690,191678210,43901999,62214399,36835930,69129115,94753589,91748619,51599437,161006167,41548805,96650966,92171134,47050657,160202257,156318060,126332482,173836519,49453583,300341825,47000433,475020534
131472796,103462091,133589217,91480684,51255274,199377026,52098652,75936844,234604580,100452889,123221916,68719430,47109834,118188923,114472753,197613284,40868218,54800201,80903133,377934606,106977065,147127043,94144319,338980488,67183772,99453443,166594060,178455594,68120082,190523840,89292515,659477044
227496018,129339712,134575582,284767531,206261462,87842870,55597048,183580254,90271686,95662691,50776588,143337063,128700890,424056942,344393377,274749147,197273398,208746101,85722852,148250380,139046260,231022628,46325834,112487084,278524926,174830570,118140273,65894877,97283151,207910942,89899059,523357478
116901589,124499454,111589138,208754731,56204293,41257163,52431985,255768430,62385993,185544005,86088992,27501485,47394500,117727101,45985324,187376889,162066733,37167057,47597780,39195859,58799842,205064360,156724169,147578796,65006391,40389010,47786629,43030258,42783269,92149497,125445565,256667946
88287603,69017722,92716137,59398040,265063096,100414853,199227412,100157605,387359210,180713077,169319081,140860065,116389087,258347501,41889979,233994895,272672733,61413314,131260229,174904437,242271125,357833526,74707463,97200125,80117063,119743087,300797567,100899594,182143446,88381792,263809991,166570390
84937836,168969438,46580329,154689234,73917647,125945938,126381435,57981490,150208085,50801161,130372530,237621974,63346119,121768162,57447000,86013911,135404478,111889570,41944411,48945058,58188388,216891006,134884184,121711445,172960744,94862479,186934341,121642447,315522797,114298600,206167927,306649504
116182648,130538434,47561210,141328131,123705156,171350991,77615567,155579549,58407572,185985533,265096469,70756331,34325020,184853854,90704197,60067591,69466732,253727098,107996991,217619682,40787760,107820976,31732842,52350201,282677705,248006360,36069699,104267755,192666313,221678935,110166759,637988587
152050557,60415502,266123175,120550764,47933426,56332111,203462212,71165911,93123340,197639336,105734807,122628989,91263896,103875010,81788841,65020469,125533153,50302778,158586892,135261324,319102322,116072752,179151900,59487526,151374505,112142644,92342441,82902720,96524715,134630197,92879962,156140794
155931853,145916519,99455630,250042224,576437486,63020077,85447054,202193101,220859672,70498230,89092655,191457682,154569442,51419091,231734192,115159764,329717533,61237109,91829761,122600112,77889092,128727319,320388239,83198901,219679153,115477978,387638524,65464226,91626539,125916088,384570305,485340206
31517025,50661227,224750740,62431127,27784173,157117194,140224762,172933030,25825150,70563269,28755516,104602815,31603137,54099945,101515467,63113509,81788123,81581384,70989778,68608696,69005205,85998010,34632863,124297497,36207870,64820827,130106138,60855737,205530380,89724666,135204572,229819550
105016252,202225917,174866329,179959783,155459557,113222294,198131376,379284089,213683408,39739260,100307903,279756217,104864602,160086103,141905879,44269889,415590575,226876525,226747493,405868673,240232656,223965137,106631280,247728195,41311091,292998392,141246131,468342243,97462550,161190259,198300181,268582780
233172555,119773221,130921674,282869390,273664839,173201850,67229104,282033325,45625924,138273858,44181830,144044195,199277784,86870079,43093224,223686305,40794861,134053188,39804728,46471208,41503057,386254027,83535646,112386485,92839735,42890237,159404700,63085167,94039445,136418710,78886135,172318622
91929798,81013302,99523461,150300669,129440946,64864876,90427019,137762031,231330909,58815713,265404612,116095469,93491870,70144241,255884995,208475269,344881949,82317044,98979552,74528600,348008031,101129778,156632538,160939115,98385603,70169087,287577262,111082172,157090604,181874319,70886145,275778157
223828449,161014060,41417858,193160233,289474257,166113605,151959607,316926035,325611299,372043237,142325851,130890603,52702406,402395810,36773278,305084308,161149699,99960059,89188039,100648545,160668739,286214013,86302676,440676163,122569863,525827235,104955689,101068621,331623016,153566678,37400819,396776023
38809136,62100312,120032765,53672811,169479725,53428741,306548396,56036016,31744137,50078520,171215197,95366543,196258591,196382495,53080138,103283852,203412479,101184585,236971086,81726935,34177265,62240382,27672735,58884997,64879064,62234828,59928170,74050749,92346140,75630023,134595342,276891219
426618777,117199358,101637807,282668929,27550294,125218466,91214554,122569419,165743283,211766590,161019853,103561133,115056994,51629606,290086559,120916429,31347647,120037339,293680749,48213105,276624652,242573880,692747832,73276114,185803389,114603620,34384161,53806011,740558337,173642125,34723179,307731638
451536965,136568663,283385935,257883345,145618678,415051539,241999730,261095251,338414369,204046717,182676777,350690000,383536040,346294328,44706727,319227251,302926341,262947781,338530213,299644576,175710333,416342819,204609596,61700971,89322302,501746745,109935244,513852543,267217159,266624698,351412033,456146890
53432227,109383989,94767766,196256531,50102774,108640814,47074410,33407905,58608044,392647132,58425868,166566297,51560581,110152183,45290954,146258220,50694290,165125160,127989090,372922567,135008642,40367233,82101645,243289722,158511434,81591497,51921792,36213295,85174819,117063264,140767119,318801026
128064620,330014409,110029089,277109779,102265783,117661603,107951069,84891045,58955337,37952977,68167252,217222661,102666736,156031287,65459006,262548349,67747774,198086760,209533261,35021333,69074992,157379997,111661230,94260247,69670244,102960989,71908830,98857569,96853230,34070186,53959881,186087696
72190924,179900068,68986993,172605635,60988254,123258831,151641807,28682579,210354943,302805940,230696218,114259309,60910977,77717822,44790889,72225848,48787247,61096477,59565572,91630321,40486094,139533958,126849346,93666236,58707020,209922110,98267556,118136696,59451603,138500605,97511172,202033640
161746260,117627451,91088402,65589687,94936164,110216879,198901927,183084087,61224540,101980832,106295672,54911381,38577163,58777971,157931222,76809853,140293218,79022520,38559926,122623786,254246945,84094360,40518738,64496630,202277634,256267038,150042471,166346480,42055246,433160646,123358032,359778572
400554159,247770302,434491271,143327561,955763118,527089237,496672283,483922925,473386304,110973227,376261231,151718031,495145283,281328986,161148222,160209398,369405980,163454523,570087581,67608912,604773431,277655027,395343940,613780021,619434885,286327110,675582437,267933523,371599700,672135468,337908669,495628913
117582567,39257253,116045689,396409964,43536914,158007550,246444931,228990170,43432064,95917850,40206723,553974949,43017532,96031926,36741524,38937948,170056385,256197386,49276103,92815337,56054040,347901271,186068881,325306548,52392020,40961311,93859391,214732069,243242974,93057962,152450476,213952148
151238251,280681613,261878745,340524186,273911078,111097682,209344607,55519695,203368980,78736621,93526311,51304327,106987465,203404176,163381691,145908214,221391542,118141165,115863983,373666778,264051497,255486258,93600321,266211191,188033101,242841170,124848405,110253067,106373110,236117252,201517715,371250941
363472923,209176667,152909048,58774545,120499869,109537184,75116386,54161008,120099449,116502086,281187890,74416339,90949740,52910535,96461995,56214794,307802704,97872747,139290725,102456301,192513327,179584121,114638576,137701614,139276413,172757266,40327381,138071395,163362053,351650033,37402128,202657872
139243020,99873327,394075923,96876859,46555109,172852850,50887821,113502489,141883740,84497360,87801892,204725617,49481398,84158449,84221333,264130574,92163825,106776073,45027938,209172842,95331221,276627437,172186192,110611837,231061440,96999672,198423533,101476874,52087287,105804300,144722987,173060208
220568685,68965588,127019840,86593048,189619874,46664873,77219151,102105391,272811587,54761504,89902733,71922546,117039769,50086959,38418937,107051759,46530674,74068306,37735798,70813689,52653317,73536114,83991286,87738358,300964240,77302320,100345505,191577694,302249407,97742325,62750891,264903235
388463052,421568601,382561078,410943486,625133616,355786662,480392141,400967497,516668970,443272873,679045334,434275028,757317401,628363629,583889056,543415030,199036567,566892038,455189024,464681463,736961994,690239502,388428310,665629383,447308296,537071932,397683697,639172471,464083748,458522868,439323808,657643465
493872029,300574516,42679836,493529227,276733546,213219099,125841515,392461435,397680970,324668831,153189826,236667246,325194761,133416852,239541284,361249986,146145808,195147480,47835990,269830751,264300077,381950484,344385244,354881914,237236578,106652935,41590313,233345124,98480565,115805157,148140065,191054095
37532954,155204166,83400926,179407365,38748028,66827449,117827831,176829385,241217621,109603355,206865108,47384487,89198368,51827150,385252525,347634924,187101443,46746739,243163742,52692972,103179492,144755554,91848334,132834723,448598906,174784592,459175321,135917515,147967271,55956221,248827506,206804290
156131398,48726291,343674104,308356102,159551043,65074473,128673491,46097073,38770566,153728049,297644570,54802462,114204674,154630841,83181227,79972037,308985304,186757759,112945753,209970002,109092082,98478796,340890072,300086720,136886547,42576161,614798964,132480891,51957555,151298575,147072512,156275777
276267862,51174438,134829547,49948525,38825787,130439826,89955416,191315385,231529910,103128687,74795477,158716264,38714324,261994031,121162446,117760429,79048961,47575657,38397764,146349319,130990717,57844897,316036361,47345433,246488751,98844017,33826723,108674163,57425303,57657066,121469903,128323566
194905664,159733874,166922499,50432184,153731542,189424969,190787979,52002828,98326328,103527556,106149667,62190244,126531892,158231712,158361974,49776531,424500141,49220932,175489405,47851434,98682969,86448924,272129560,60920893,305749414,189483739,105532496,62695380,115222621,113071658,146216076,152541295
104655441,66902233,86648752,69921482,136470471,218794385,190138110,65154839,135627410,67842255,46227027,180407995,191437435,98049650,160355684,206580807,117873045,355886500,42201121,165688000,406991226,95397486,184186730,345067917,53056041,55906191,194236285,297884379,186447721,163087663,41149610,192700106
448554026,1108864212,696292509,641824290,407138657,464546041,575580412,929098224,420789518,943316890,674012564,747811838,1002993193,683625448,771039367,526204109,791075511,465452015,996217129,488879153,677492113,1132640372,656668889,524598334,658187140,525029090,710130941,437816055,465867922,642320198,732379168,701627879
207729052,173006422,366105142,106555709,53326603,236112484,149067211,360581014,114052042,47941518,115290378,39346839,111816799,122568366,40809977,45573217,227321210,91549153,152639292,44623122,299679692,27577238,42162901,49778011,190072325,87883205,214630990,57131639,405367338,163912574,48202578,116782227
239203163,62879575,190493741,66451849,37195077,138597326,37324109,283488102,228709848,68215427,46960574,147282150,172565668,77785719,77505755,225563819,87258444,54363341,116983910,161102674,168321146,57806221,105120169,278724359,76072825,191363688,181737154,131308414,133830908,374027166,162318411,201951742
235104604,158821407,338608007,55664151,108017944,53961490,150799109,56803755,478254321,97915760,98835712,62494840,35893934,57161754,105599743,54234822,309057032,55622068,284147575,40007123,105456180,82716472,338015296,122840005,37242464,203350896,34293548,59765038,101199124,103165140,151135751,194349515
235283750,131576466,199611310,220770329,93073600,55355257,412055731,162126781,134220667,126642022,132240122,149535425,331366191,95740931,83424902,199779997,291509178,136186688,181884561,137997170,128174438,59358532,46381098,97288619,175041119,94554783,56735014,146251114,49164792,282852083,156081602,233322336
304817770,129537891,116451594,51722306,63558136,139929723,191142544,132785319,215062941,94231494,40235490,131058093,76731911,62468953,170138535,93560201,273188529,82056470,194301103,54051045,93362496,46269417,240643469,89075332,52095176,46338846,99059265,101250722,99793912,83785990,192235487,228994033
95282183,238901885,223115632,56947832,262784699,54668193,152711165,293721975,233809557,251538798,159311068,113889205,193045967,138604950,32723111,97413173,41398475,67822654,78947292,273566375,301257823,102011947,147869441,150428311,373102663,216417528,42301285,428059745,79038797,77433074,49417177,194756218
46737535,61016157,303564469,180501855,157223432,67617543,164219828,62289188,335394431,65449086,97867175,132898082,78183981,114520483,230347521,81137889,124281571,263672433,185603071,64654928,101230982,64857743,161799679,61092322,193805240,194549394,216086634,115115383,120476661,136995126,130812567,175712129
194952487,389929912,89734747,171693605,101977937,192063416,166977262,58071958,155830608,82739605,47180688,202937815,151378913,88303342,248760960,301689179,367733580,136667414,37392311,108211440,99992954,210043258,310650049,222872019,288509148,255192898,177591479,60139352,143267700,57445537,139085542,189207302
486901069,387616818,813716948,278800278,829188314,215147391,614529513,645925435,614303687,275349368,433526216,429577311,485755546,428297032,474480535,109323995,505545120,531312005,289920972,193217354,423118669,504129303,544709385,492305557,539340899,462070157,474437064,252617472,549257949,166049295,425759339,552222208
771048867,569177683,626795702,851744939,331087742,1056327587,809427333,746344330,427815860,557611799,542422328,712576697,716630211,1107649280,361185445,602879694,932338627,1525089735,910501158,886126913,990837388,643629131,377019912,399043537,483754983,458027518,438803098,1056211237,668930521,569352359,546300149,1148466067
274546044,62058768,284124021,41722943,244331681,90695679,55767980,162560457,105733248,115755723,90201015,242179639,258137353,155952376,102636367,45361461,173242900,232142505,74348149,176909232,177813247,143485405,137560680,275130685,113437644,133317974,203081994,84314280,53689142,127131122,48720148,308200537
115379020,138669240,93280521,42622293,167258626,40784514,60376961,161289356,181329538,38756768,129125101,95678658,226912023,151165493,61325406,43884440,204328126,48612984,116455208,42356781,94209291,81513018,196022227,205763725,63322858,93202969,184622988,44349294,151946540,47845441,125991980,146297570
30681282,61059127,209778826,57423169,294057935,321085846,214006698,72575894,247796324,56556596,28376285,52021574,360877025,78281239,460811679,129941839,779158981,67542681,101928912,66037052,225895717,65620032,101344854,67561698,31286887,195587154,99527441,63555807,399035422,62338531,229563259,204951490
332159350,214418383,75441026,295557594,177472977,56046588,282191254,138531224,131122454,54865395,30090718,48041150,84633580,98237563,33627447,195427883,46730079,110058503,79463488,326966618,158102559,136130938,127333361,54848854,130739367,102899287,119993397,110402926,93477839,206486955,99300703,186864358
72940110,106012719,50455327,201982866,108902919,200981821,52793497,204087790,52869070,246309056,114130590,83807282,223620544,258672043,62595769,45048198,111639260,41668478,219680259,44708517,54558882,217770750,203500565,365392454,61611010,39773075,171275344,304048768,116996650,44927211,63750623,301920863
59589146,67981506,90959416,123640009,100612515,50202896,319220300,273518934,97461513,449873947,45140307,235432655,41976173,165190766,181176906,67466685,304514757,95241987,39800027,227519873,69791693,155020231,93023988,120739135,137262980,70301517,151006802,322441664,168250867,286673124,262015477,204633546
162221367,112300603,40651615,61319619,61456870,57405701,232592499,179873809,141504013,47328433,205450044,59340399,98686427,59459564,90112093,149513952,166969797,130079193,183118547,289918576,114555498,102160208,195296325,78915288,72198423,238940911,82756972,166661019,159083463,89889092,172606324,136647811
170383790,146873832,135430543,114512499,165676173,103771934,93547041,229680860,37242434,102267491,278006873,61958866,198525251,128542506,96120548,169472394,136833892,114104528,157872248,153288112,38198347,159607928,157842916,96042742,220859461,89836931,56230963,262576214,185864847,63709190,211928123,166751790
175132736,309834115,113987692,53361867,51223728,50736799,180649168,252493129,71557490,272455723,112384932,53710047,45049450,220067047,53611609,211953962,170405417,103972698,229813283,60638055,148269019,133870681,102641645,48877872,138146893,110454799,287872932,155283028,61598834,209882550,42477653,177324421
94185824,347503178,455690440,240938683,104861545,117220598,208806895,102305145,244759475,303097008,234174391,51594870,629807603,161640603,115203584,114129919,167556650,220037211,531417629,150480642,138399345,147936905,39035087,129289229,234191272,150186447,291645285,186605334,251124258,287669824,97235946,295733667
