10245632,40053371,7856556,7482355,8326976,6288220,4981072,6241708,6705471,5653192,4754331,5622788,4430448,5057824,9427510,5101751,3664995,4689592,6254296,4718801,5244160,4694529,10517971,4705644,4145779,4746883,4216448,4709741,4284492,10729208,4379903,55578639
10245845,40054074,7860700,7482551,8331868,6288241,4982185,6241725,6709129,5653195,4755224,5622788,4430498,5057825,9433706,5101752,3665002,4689592,6256678,4718801,5245561,4694529,10526010,4705644,4145780,4746884,4216583,4709741,4284752,10729273,4380389,55578682
10246060,40054543,7865799,7482745,8337857,6288251,4983466,6241754,6713268,5653205,4756461,5622791,4430566,5057825,9440612,5101752,3665006,4689593,6259537,4718801,5247274,4694529,10535335,4705644,4145780,4746884,4216585,4709741,4284754,10729303,4380420,55578711
10246269,40054974,7871183,7482971,8344190,6288258,4984839,6241765,6717553,5653207,4757790,5622791,4430614,5057825,9447674,5101752,3665011,4689594,6261948,4718801,5249019,4694529,10544366,4705644,4145781,4746884,4216589,4709741,4284754,10729311,4380456,55578733
10246480,40055467,7876350,7483186,8350211,6288268,4986201,6241791,6721723,5653212,4758998,5622800,4430667,5057825,9454615,5101752,3665013,4689595,6265071,4718801,5250860,4694529,10553828,4705644,4145781,4746884,4216589,4709741,4284754,10729339,4380479,55578743
10246682,40055995,7881518,7483393,8356239,6288295,4987528,6241808,6725896,5653217,4760284,5622800,4430756,5057825,9461659,5101753,3665017,4689595,6267654,4718801,5252348,4694529,10562671,4705644,4145782,4746884,4216589,4709741,4284754,10729347,4380517,55578752
10246895,40056585,7886429,7483563,8361929,6288309,4988889,6241826,6729586,5653220,4761481,5622800,4430809,5057825,9468526,5101753,3665018,4689596,6270871,4718801,5254289,4694529,10572092,4705644,4145782,4746884,4216589,4709741,4284754,10729356,4380525,55578757
10247094,40056960,7891674,7483742,8368082,6288334,4990318,6241851,6733613,5653230,4762712,5622810,4430898,5057825,9475210,5101754,3665019,4689596,6273732,4718801,5256023,4694529,10581304,4705645,4145783,4746884,4216590,4709741,4284754,10729365,4380555,55578761
10247311,40057339,7897040,7483967,8374390,6288358,4991772,6241869,6737869,5653236,4764063,5622811,4430942,5057825,9482291,5101754,3665021,4689596,6276617,4718801,5257998,4694529,10590059,4705645,4145784,4746884,4216590,4709741,4284754,10729370,4380569,55578763
10247530,40057811,7902370,7484168,8380610,6288375,4993248,6241895,6742232,5653249,4765451,5622812,4430999,5057825,9489329,5101754,3665027,4689597,6279566,4718802,5259940,4694529,10598746,4705645,4145786,4746884,4216590,4709741,4284754,10729377,4380583,55578768
10247724,40058242,7907432,7484364,8386538,6288398,4994596,6241913,6746436,5653261,4766635,5622812,4431065,5057825,9496342,5101754,3665031,4689597,6282386,4718802,5261669,4694529,10607869,4705645,4145786,4746884,4216591,4709741,4284754,10729380,4380621,55578775
10247946,40058765,7912290,7484575,8392596,6288414,4995966,6241930,6750607,5653266,4767779,5622815,4431119,5057826,9503162,5101754,3665033,4689597,6284989,4718803,5263350,4694529,10616722,4705645,4145786,4746884,4216592,4709742,4284760,10729387,4380647,55578781
10248151,40059199,7917368,7484770,8398534,6288438,4997348,6241973,6754634,5653269,4769046,5622819,4431161,5057826,9510089,5101754,3665036,4689597,6288069,4718803,5264952,4694529,10626034,4705645,4145786,4746884,4216592,4709742,4284761,10729391,4380665,55578783
10248381,40059678,7922642,7484972,8404533,6288447,4998680,6241991,6758746,5653276,4770374,5622819,4431208,5057826,9517075,5101756,3665043,4689597,6290761,4718803,5266936,4694529,10635316,4705645,4145789,4746884,4216593,4709742,4284762,10729395,4380698,55578787
10248608,40060236,7927896,7485183,8410887,6288455,5000176,6242002,6763145,5653281,4771675,5622819,4431260,5057826,9523947,5101756,3665047,4689597,6293586,4718803,5268718,4694529,10644172,4705645,4145789,4746884,4216594,4709742,4284763,10729399,4380728,55578793
10248814,40060673,7933214,7485402,8417338,6288474,5001607,6242028,6767386,5653288,4772845,5622819,4431303,5057826,9531005,5101756,3665049,4689597,6296447,4718803,5270295,4694529,10653314,4705645,4145790,4746885,4216609,4709742,4284790,10729403,4380751,55578797
10249029,40061265,7938490,7485619,8423487,6288497,5002936,6242044,6771692,5653292,4774140,5622819,4431364,5057826,9538083,5101756,3665053,4689597,6299805,4718803,5272153,4694529,10662670,4705645,4145791,4746885,4216611,4709742,4284790,10729406,4380781,55578804
10249243,40061818,7943341,7485831,8429415,6288512,5004276,6242064,6775835,5653307,4775340,5622819,4431426,5057827,9544900,5101756,3665056,4689597,6302554,4718803,5273861,4694529,10672217,4705645,4145791,4746885,4216613,4709742,4284791,10729415,4380789,55578809
10249451,40062280,7948513,7486035,8435441,6288533,5005625,6242083,6779994,5653320,4776593,5622819,4431500,5057830,9551755,5101758,3665057,4689598,6305072,4718809,5275570,4694532,10681056,4705647,4145791,4746888,4216613,4709745,4284792,10729417,4380815,55578816
10249662,40062829,7953566,7486245,8441559,6288555,5006965,6242113,6784102,5653322,4777698,5622820,4431573,5057830,9558732,5101758,3665063,4689598,6308135,4718809,5277109,4694532,10690109,4705647,4145793,4746888,4216613,4709745,4284793,10729422,4380839,55578818
10249875,40063277,7958712,7486459,8447720,6288583,5008307,6242130,6788266,5653333,4778899,5622820,4431626,5057830,9565645,5101758,3665068,4689598,6310985,4718809,5279124,4694532,10699553,4705647,4145798,4746888,4216618,4709745,4284793,10729427,4380856,55578822
10250081,40063773,7963659,7486647,8453450,6288608,5009646,6242153,6792263,5653353,4780104,5622820,4431708,5057831,9572692,5101759,3665070,4689599,6314170,4718810,5280972,4694532,10708613,4705648,4145798,4746889,4216618,4709745,4284794,10729435,4380888,55578828
10250298,40064273,7969059,7486867,8459703,6288631,5011077,6242166,6796494,5653357,4781447,5622820,4431767,5057832,9579813,5101759,3665073,4689599,6317316,4718810,5282712,4694532,10717361,4705648,4145798,4746889,4216618,4709745,4284794,10729440,4380913,55578833
10250515,40064657,7974400,7487065,8465792,6288643,5012485,6242180,6800662,5653365,4782717,5622823,4431843,5057837,9586875,5101762,3665078,4689600,6320274,4718810,5284452,4694533,10726377,4705648,4145798,4746890,4216618,4709748,4284795,10729446,4380946,55578838
10250740,40065128,7979651,7487274,8471803,6288657,5013764,6242191,6804856,5653370,4783915,5622823,4431907,5057838,9593871,5101762,3665085,4689600,6323236,4718810,5286022,4694533,10735370,4705648,4145798,4746890,4216618,4709748,4284796,10729449,4380982,55578849
10250942,40065545,7984870,7487489,8477977,6288674,5015130,6242223,6808983,5653397,4785197,5622823,4431968,5057838,9600913,5101762,3665087,4689600,6325713,4718810,5287641,4694533,10744440,4705648,4145798,4746890,4216619,4709748,4284796,10729453,4380997,55578855
10251138,40065994,7990173,7487702,8484263,6288695,5016496,6242255,6813152,5653420,4786482,5622823,4432041,5057838,9607886,5101762,3665093,4689600,6328237,4718810,5289502,4694533,10753368,4705648,4145798,4746890,4216619,4709748,4284796,10729462,4381031,55578861
10251376,40066497,7995313,7487898,8490450,6288718,5017846,6242273,6817364,5653420,4787755,5622823,4432088,5057839,9614938,5101762,3665094,4689600,6331043,4718810,5291524,4694533,10762638,4705648,4145798,4746890,4216622,4709748,4284797,10729466,4381044,55578867
10251598,40066968,8000276,7488103,8496533,6288730,5019190,6242287,6821538,5653434,4788959,5622823,4432127,5057840,9621697,5101762,3665099,4689600,6333807,4718810,5293155,4694533,10772003,4705648,4145799,4746890,4216622,4709748,4284797,10729471,4381076,55578871
10251818,40067539,8005465,7488324,8502663,6288753,5020623,6242301,6825763,5653441,4790237,5622824,4432181,5057841,9628581,5101762,3665101,4689600,6337015,4718810,5295186,4694533,10781321,4705648,4145799,4746890,4216623,4709748,4284797,10729485,4381102,55578881
10252044,40068109,8010497,7488552,8508530,6288764,5021946,6242309,6829819,5653445,4791416,5622824,4432236,5057841,9635378,5101762,3665103,4689604,6340359,4718810,5296953,4694533,10790881,4705648,4145800,4746890,4216638,4709748,4284826,10729489,4381119,55578887
10252241,40068544,8015650,7488798,8514565,6288787,5023346,6242327,6833987,5653460,4792708,5622826,4432305,5057841,9642347,5101764,3665106,4689604,6342939,4718811,5298655,4694533,10800001,4705650,4145800,4746890,4216638,4709750,4284830,10729496,4381162,55578896
10252461,40068983,8021046,7489025,8520788,6288800,5024802,6242346,6838298,5653463,4794020,5622828,4432367,5057841,9649342,5101764,3665107,4689604,6345606,4718811,5300732,4694534,10809163,4705650,4145800,4746890,4216639,4709750,4284831,10729503,4381186,55578905
10252666,40069371,8026250,7489241,8526865,6288818,5026148,6242369,6842445,5653466,4795275,5622829,4432424,5057841,9656272,5101765,3665110,4689604,6348226,4718811,5302464,4694537,10818572,4705650,4145801,4746890,4216639,4709750,4284832,10729507,4381208,55578910
10252893,40069884,8031173,7489442,8532828,6288831,5027534,6242385,6846368,5653475,4796431,5622831,4432481,5057841,9663106,5101765,3665111,4689604,6350953,4718811,5304132,4694538,10827654,4705650,4145801,4746890,4216639,4709750,4284832,10729509,4381229,55578915
10253099,40070315,8035942,7489632,8538710,6288855,5028754,6242412,6850316,5653479,4797526,5622832,4432525,5057841,9669954,5101765,3665120,4689604,6353567,4718811,5305611,4694539,10837088,4705650,4145801,4746890,4216639,4709750,4284833,10729514,4381250,55578924
10253326,40070634,8041292,7489844,8544931,6288866,5030170,6242437,6854493,5653479,4798865,5622836,4432578,5057841,9677091,5101765,3665123,4689604,6356435,4718811,5307477,4694540,10845941,4705650,4145801,4746890,4216639,4709751,4284833,10729520,4381274,55578929
10253534,40071219,8046181,7490045,8550740,6288875,5031558,6242462,6858620,5653488,4799959,5622836,4432627,5057841,9683946,5101765,3665126,4689604,6359176,4718811,5309014,4694540,10855440,4705650,4145801,4746890,4216639,4709751,4284833,10729524,4381294,55578935
10253770,40071591,8051515,7490266,8557032,6288880,5032908,6242483,6862909,5653489,4801198,5622836,4432683,5057841,9690974,5101765,3665127,4689604,6362586,4718811,5310837,4694540,10864409,4705650,4145801,4746892,4216639,4709751,4284833,10729525,4381332,55578942
10253986,40072002,8056685,7490482,8563125,6288898,5034240,6242501,6867052,5653492,4802390,5622836,4432732,5057841,9697816,5101765,3665130,4689604,6365431,4718811,5312764,4694540,10874095,4705650,4145801,4746892,4216639,4709751,4284833,10729530,4381342,55578949
10254203,40072472,8061969,7490715,8569320,6288911,5035657,6242527,6871305,5653502,4803768,5622838,4432809,5057841,9704794,5101765,3665136,4689604,6368448,4718811,5314863,4694540,10883211,4705650,4145801,4746892,4216640,4709751,4284834,10729537,4381361,55578952
10254396,40072933,8067430,7490956,8575358,6288928,5036940,6242556,6875323,5653512,4805105,5622841,4432887,5057841,9711732,5101765,3665145,4689605,6371409,4718812,5316860,4694540,10892254,4705650,4145801,4746894,4216643,4709751,4284834,10729542,4381392,55578961
10254580,40073399,8072431,7491151,8581472,6288960,5038302,6242577,6879419,5653526,4806331,5622841,4432970,5057841,9718603,5101765,3665150,4689605,6374197,4718812,5318667,4694540,10901227,4705650,4145801,4746894,4216645,4709751,4284834,10729546,4381429,55578968
10254818,40073940,8077963,7491358,8587883,6288973,5039710,6242590,6883824,5653526,4807684,5622841,4433035,5057841,9725775,5101766,3665153,4689605,6377235,4718812,5320566,4694540,10909956,4705650,4145801,4746894,4216646,4709751,4284834,10729550,4381445,55578969
10255020,40074451,8082903,7491572,8594010,6288996,5041118,6242621,6887958,5653537,4808888,5622842,4433099,5057841,9732670,5101766,3665156,4689605,6380003,4718812,5322155,4694540,10919044,4705650,4145801,4746894,4216646,4709751,4284835,10729551,4381470,55578973
10255235,40074961,8088220,7491780,8600033,6289017,5042506,6242647,6892212,5653549,4810229,5622844,4433163,5057841,9739759,5101766,3665162,4689605,6382889,4718813,5323963,4694540,10928043,4705650,4145802,4746894,4216665,4709751,4284865,10729556,4381487,55578981
10255449,40075304,8093447,7492015,8606157,6289038,5043825,6242668,6896334,5653558,4811526,5622847,4433223,5057841,9746594,5101766,3665166,4689605,6385565,4718813,5325461,4694540,10937330,4705650,4145803,4746896,4216665,4709751,4284867,10729556,4381516,55578984
10255660,40075845,8098498,7492208,8612059,6289054,5045145,6242692,6900302,5653566,4812750,5622848,4433296,5057842,9753447,5101770,3665170,4689605,6388902,4718814,5327227,4694541,10946494,4705650,4145803,4746898,4216665,4709751,4284868,10729561,4381542,55578992
10255852,40076298,8103487,7492395,8617909,6289074,5046514,6242729,6904355,5653572,4813891,5622855,4433383,5057842,9760304,5101770,3665180,4689605,6391883,4718814,5328924,4694541,10955613,4705650,4145805,4746900,4216665,4709751,4284868,10729571,4381565,55578994
10256053,40076749,8108730,7492598,8623997,6289099,5047954,6242752,6908475,5653579,4815118,5622855,4433452,5057842,9767265,5101770,3665182,4689605,6394763,4718815,5330674,4694541,10964683,4705650,4145805,4746900,4216665,4709751,4284870,10729577,4381601,55578996
10256277,40077515,8113851,7492803,8630153,6289118,5049334,6242773,6912703,5653583,4816253,5622855,4433504,5057842,9774359,5101770,3665185,4689605,6397433,4718816,5332415,4694541,10973684,4705650,4145805,4746902,4216666,4709751,4284870,10729585,4381620,55579002
10256496,40078106,8119095,7493009,8636326,6289134,5050757,6242811,6916987,5653593,4817445,5622860,4433551,5057843,9781409,5101770,3665189,4689606,6400527,4718817,5334450,4694541,10982917,4705652,4145806,4746911,4216666,4709752,4284871,10729589,4381648,55579010
10256708,40078656,8124425,7493217,8642425,6289148,5052163,6242830,6921133,5653604,4818790,5622860,4433618,5057843,9788230,5101770,3665194,4689606,6403560,4718817,5336475,4694541,10992161,4705652,4145806,4746917,4216666,4709752,4284871,10729595,4381668,55579018
10256928,40079142,8129575,7493396,8648579,6289161,5053534,6242846,6925443,5653607,4820039,5622868,4433698,5057845,9795085,5101770,3665198,4689607,6406286,4718817,5337933,4694541,11001393,4705652,4145810,4746927,4216667,4709752,4284873,10729601,4381696,55579023
10257137,40079567,8134635,7493599,8654703,6289169,5054897,6242879,6929553,5653616,4821221,5622868,4433778,5057845,9801742,5101770,3665200,4689607,6409518,4718817,5339607,4694541,11010929,4705652,4145810,4746928,4216667,4709752,4284873,10729605,4381733,55579031
10257336,40079950,8139687,7493824,8660835,6289201,5056269,6242902,6933859,5653627,4822403,5622868,4433819,5057845,9808637,5101770,3665202,4689607,6412159,4718817,5340993,4694541,11020191,4705652,4145810,4746928,4216668,4709752,4284874,10729613,4381755,55579037
10257547,40080602,8144890,7494036,8666994,6289212,5057684,6242935,6937974,5653637,4823637,5622868,4433863,5057845,9815494,5101770,3665208,4689607,6415033,4718817,5342770,4694541,11029634,4705652,4145810,4746928,4216669,4709752,4284875,10729616,4381765,55579042
10257742,40081054,8149819,7494232,8672882,6289243,5059088,6242956,6941836,5653651,4824915,5622868,4433952,5057845,9822306,5101770,3665219,4689607,6417492,4718817,5344459,4694541,11038968,4705652,4145810,4746928,4216669,4709752,4284875,10729618,4381788,55579047
10257944,40081641,8155155,7494448,8679090,6289271,5060425,6242979,6946132,5653658,4826140,5622876,4434008,5057845,9829415,5101770,3665221,4689607,6419999,4718817,5346612,4694541,11048011,4705652,4145810,4746928,4216670,4709752,4284875,10729621,4381809,55579052
10258151,40082161,8160369,7494686,8685235,6289290,5061709,6242998,6950231,5653671,4827361,5622876,4434078,5057845,9836335,5101770,3665223,4689607,6422918,4718817,5348177,4694541,11057471,4705652,4145811,4746929,4216671,4709752,4284875,10729626,4381826,55579052