764,72632,57556,2108,61598,2013,21963,1100,55017,160,16692,250,918,263,103687,76,499,852,34472,165,31565,183,90606,170,287,175,2025,62,3046,1641,8656,1568
573,81736,68458,1753,74334,1961,27009,1148,62579,131,21338,122,994,6,116854,172,444,1032,41194,126,37015,136,106119,128,143,4,170,4,169,2362,1301,2108
554,86800,71848,1494,77526,1805,27546,1160,62025,132,23245,144,892,4,117273,188,445,822,39310,130,38415,136,105874,128,133,2,176,5,113,1817,1262,2726
542,82968,70567,1474,75398,1945,27367,1224,64012,128,22041,570,793,2,117306,174,388,1362,43037,129,38462,134,106465,130,142,2,116,6,138,2306,1009,2309
571,85258,68066,1769,74649,1965,26507,1452,60551,135,21705,148,1137,4,114676,203,457,748,39007,130,34970,131,103741,132,158,22,130,4,108,2150,1777,2365
578,78080,66737,1986,71631,2065,26436,1049,61016,154,21132,120,805,11,116844,199,388,800,41211,133,37688,136,106857,130,171,2,154,30,142,2489,1030,2032
605,85377,69292,1955,76075,1981,27250,1364,61752,134,21579,574,1471,2,115863,201,500,1208,40094,135,37109,158,104788,136,166,2,149,2,130,2632,1832,2022
582,88507,72758,1281,79789,1818,28709,1320,64525,126,23364,130,631,2,114725,210,423,904,41478,126,39409,134,103907,140,165,2,126,21,133,2736,786,2220
588,87387,72172,1534,77907,1585,28129,1486,64944,131,23271,148,1002,4,115150,187,417,782,42873,140,39664,135,103272,136,136,20,113,8,171,2478,1749,2481
561,82201,67615,1904,73962,1934,26844,1029,61937,153,20677,168,1039,49,116739,196,446,792,40631,186,36037,165,106356,163,257,30,174,41,176,1932,1490,2543
685,83557,68307,1592,76305,1746,27860,1023,62906,397,20994,304,1054,866,114712,188,542,6,40650,143,36376,148,103746,140,284,6,183,329,268,2513,1210,2206
539,84067,68512,1685,73972,1933,26856,967,62638,141,21841,204,651,784,116929,204,421,4,41695,128,36646,140,106794,135,130,2,163,2,158,2262,999,2350
574,84057,70065,1700,74364,1965,26681,1126,61688,133,22694,136,991,708,116989,209,443,4,40140,148,38527,129,106575,154,162,4,158,6,130,2199,1533,2435
560,87280,70328,1493,78740,1713,28636,1297,64675,126,22966,140,808,940,116136,193,477,0,42312,128,37806,132,104976,128,143,2,188,4,152,2504,1015,2539
560,85386,69952,1708,77205,2095,27778,908,64418,146,20558,150,611,776,116400,192,460,2,41928,136,36354,138,105841,138,205,26,347,2,479,2225,1163,2376
561,83199,70236,1631,75452,1892,27533,727,65732,142,22481,120,1071,620,115848,190,396,6,44057,130,38620,136,105676,132,174,0,234,2,137,2234,1255,2371
628,81571,66755,2010,73459,2068,26105,1346,61513,137,20757,120,853,614,115989,204,424,2,40598,158,35444,137,105625,132,136,12,196,6,172,2291,1054,2249
583,82630,68580,1701,74045,1945,26711,1283,61739,136,21735,128,1310,736,115170,206,437,14,40179,130,36364,134,104650,130,147,12,161,6,198,2225,1888,2340
568,83511,68183,1894,75265,1953,27205,922,62528,128,20810,168,908,854,116054,181,396,0,41273,128,37143,130,106285,134,139,12,166,22,144,2027,1123,2578
554,81417,70326,1895,74902,2032,27007,1287,62093,595,21280,445,844,490,116659,435,452,124,41073,161,39111,173,106793,264,166,112,201,249,134,2347,1085,2186
548,83219,68927,1830,74224,2118,26747,1223,63956,150,21056,116,1238,350,116081,199,432,8,43385,133,36826,129,105991,134,145,4,172,4,145,2041,1428,2524
527,86477,70499,1538,78439,1447,28624,1651,66398,137,22029,182,818,920,115776,209,457,4,44421,131,37934,148,105169,130,147,4,197,2,139,2466,1085,2242
592,87378,71576,1449,76317,1732,27589,1157,62826,256,23344,4,1216,992,115173,28,390,216,41110,131,38315,132,104155,130,139,110,136,0,190,2009,1742,2833
520,83957,68769,1729,74162,1766,26702,1307,61860,265,21944,30,865,367,116164,224,456,198,40681,128,36739,130,105786,128,174,2,145,14,146,2435,1345,2184
604,86948,70364,1514,76586,1666,27371,1546,62528,305,22235,22,1050,908,115523,16,464,198,40114,130,37060,133,105173,194,228,4,204,2,170,2137,791,2652
552,85543,69116,1768,76007,2051,27554,1164,62329,408,22415,6,1314,1000,115272,11,482,192,40031,126,37282,130,105019,127,145,0,186,2,124,2399,1431,2325
609,82254,71660,1614,75672,1709,27624,1298,62829,262,22231,4,695,388,116448,10,471,200,41526,128,40074,136,106144,130,119,6,221,0,173,2263,628,2499
592,81238,66974,1551,74483,1701,26976,1415,62497,263,21548,20,723,418,116030,17,385,198,41072,133,35800,149,106303,132,122,8,180,0,189,2395,1118,2205
562,85331,70701,1542,77739,1929,28078,952,64737,268,23468,2,880,122,116130,488,448,220,42746,126,38980,135,105802,128,135,4,176,6,196,2663,1550,2181
551,80000,67928,1717,73996,2026,26738,1252,62824,444,21378,287,916,81,116810,457,482,520,41367,228,36708,248,106780,160,183,35,355,187,451,2341,1129,2168
544,85189,69424,1876,74845,2231,27061,898,62473,137,21565,250,1000,8,116268,0,421,0,41329,138,38175,992,106045,173,155,0,183,0,189,2313,1325,2395
539,85915,69924,1694,75672,1660,26786,1229,61872,136,22795,270,860,22,116966,139,420,8,40518,138,37390,1047,106713,129,134,6,139,4,209,2051,885,2676
633,86321,71179,1633,76409,1796,27555,1335,63580,128,22495,186,952,18,115304,222,426,2,40981,137,38503,1038,104404,130,149,0,118,2,166,2613,870,2207
598,81103,66463,1572,74024,1832,26543,1335,60893,130,20172,246,1103,4,115039,202,417,0,39648,137,35804,1178,105050,130,138,30,139,2,154,2294,1183,2228
560,83141,67628,1899,73651,1848,26832,1063,60270,129,21792,172,678,4,117118,203,476,4,39641,129,36813,1076,107612,130,161,4,134,0,148,2050,910,2483
557,83164,67998,1491,74778,1904,27079,954,62244,132,21048,344,834,4,116657,193,442,4,40809,130,35642,407,106380,909,136,2,150,6,142,2353,1122,2137
601,81963,68125,1661,75816,1878,27528,1359,63819,130,21233,140,984,6,115731,216,453,4,42511,132,37392,164,105265,1008,142,8,120,0,160,2307,1322,2438
551,85890,70929,1853,75581,1905,27250,903,64131,130,22264,136,1091,0,116082,212,469,2,42697,126,37996,128,105747,214,161,1046,137,2,164,2364,1238,2393
568,82695,68869,2025,74553,2042,26376,1347,62033,140,21285,134,765,4,116513,204,517,26,40920,134,37545,138,106837,144,154,1060,176,8,185,2342,978,2214
605,86722,74177,1582,76775,1739,28310,1112,64928,158,24373,176,1284,55,114479,261,406,61,43500,199,42324,193,104232,213,177,966,185,60,160,2460,1093,2673
574,85621,71224,1737,76454,1928,27618,1337,63798,140,22389,120,1098,0,116148,6,445,2,41830,133,39960,132,105396,128,150,878,275,4,163,2323,1494,2452
643,86162,70386,1260,76231,1725,27416,1343,62921,131,22868,132,1476,22,115644,18,426,8,40705,128,37152,134,105212,156,136,844,297,2,195,2183,1324,2557
622,81958,67801,1592,76237,2064,28082,1108,62779,130,21554,138,975,4,115062,0,443,2,40863,134,36027,132,105128,130,150,912,128,3,288,2038,1272,2518
607,86023,69910,1385,75964,1801,27674,1288,64423,142,23792,152,943,6,115562,8,455,4,43063,136,37557,132,104582,147,170,1076,111,4,336,2322,1330,2565
596,86897,71131,1898,76941,2287,27847,1146,61741,134,22669,164,876,6,116354,17,482,6,38888,130,37669,140,106572,170,170,1032,335,10,493,2251,882,2516
796,84377,67731,1826,73427,1941,25750,1064,63483,140,21258,182,1292,0,116339,148,423,4,42596,156,35850,128,106354,132,147,972,165,12,323,2389,1519,2086
673,82577,68986,1704,74719,1866,27311,993,62209,139,21676,131,1249,8,115531,18,368,0,40813,132,37479,142,105079,132,279,402,194,8,214,2720,1456,1944
573,84587,69678,1969,75168,2189,27331,961,62522,138,21302,566,1115,8,115285,2,361,4,40791,232,37671,134,104723,139,160,1240,159,14,355,2075,1351,2511
611,81365,67725,1493,74266,1654,26819,1152,62933,134,21860,136,1022,8,116216,4,458,0,41458,270,35638,137,106166,189,137,208,166,34,179,2270,1125,2192
604,83642,71753,1212,78098,1260,28087,1442,64370,293,22227,190,902,148,115076,42,487,194,41711,651,40002,350,104140,559,205,980,165,37,121,2424,945,2680
679,85762,70530,1729,75839,2068,27139,905,64235,182,22757,415,871,9,116422,18,480,2,42143,134,38210,129,105901,126,163,858,315,11,134,2171,1045,2520
556,82797,69463,1504,76686,1755,27835,957,63753,134,22395,386,1357,20,115615,165,439,2,41461,140,37511,180,105469,133,152,1188,143,236,116,2426,1324,2368
567,85951,69178,1820,77204,1972,28255,1170,64138,140,21709,339,1463,2,115642,178,430,10,42689,131,36618,132,105380,132,256,986,150,20,121,2383,1391,2213
606,83640,66984,1920,76375,2100,27207,1191,63236,134,20585,140,848,2,115878,190,433,2,41328,130,35106,128,105710,130,126,340,147,8,146,2466,890,2079
598,83976,69020,1569,77627,1436,28250,1585,63664,136,22436,110,602,2,116240,46,420,172,41370,130,36845,130,106625,204,121,1238,154,8,132,2469,1021,2250
735,83359,68860,1682,74763,1605,27185,1146,59775,138,21897,144,1356,4,115181,41,486,104,38124,139,36879,135,104938,191,150,794,170,10,126,2128,1235,2424
567,84442,71457,1684,74817,1425,26840,1533,62024,132,22770,524,1236,4,116912,6,395,2,40466,134,39852,132,106761,298,138,1120,158,6,121,2281,1139,2447
513,84087,70096,1647,74290,1531,26669,1504,61452,132,21469,132,844,0,116629,14,445,0,40249,128,36929,128,106580,185,235,900,258,24,133,2317,847,2347
687,79636,66384,1944,70036,2142,25044,973,56899,134,20212,462,1091,2,111458,4,441,0,36443,146,35589,130,101735,132,259,188,307,998,182,2134,1064,1987
