6338794,34779381,3433854,5348245,3176983,4336266,2959966,4255276,3079535,3658426,3093818,3614816,2941602,3203393,3174117,3235932,2388415,2824268,3329099,2847543,3122682,2828045,3480410,2844831,2824776,2872712,2799634,2843384,2779933,7499589,2820733,42382700
6339125,34779673,3434083,5348501,3177209,4336580,2960190,4255505,3079837,3658644,3094055,3615008,2941824,3203610,3174296,3236160,2388658,2824526,3329325,2847821,3122925,2828288,3480626,2845079,2825046,2872957,2799866,2843614,2780127,7499865,2821011,42382945
6339434,34780006,3434375,5348750,3177456,4336852,2960387,4255742,3080041,3658971,3094327,3615253,2942081,3203830,3174592,3236418,2388919,2824767,3329562,2848093,3123200,2828594,3480864,2845374,2825274,2873204,2800115,2843908,2780391,7500136,2821290,42383245
6339796,34780245,3434694,5348966,3177771,4337030,2960699,4255978,3080328,3659207,3094582,3615513,2942408,3204047,3174861,3236574,2389180,2825004,3329868,2848332,3123443,2828790,3481147,2845572,2825569,2873387,2800370,2844129,2780662,7500392,2821577,42383508
6340064,34780634,3434906,5349255,3178002,4337277,2960897,4256275,3080544,3659483,3094790,3615789,2942575,3204346,3175098,3236843,2389439,2825293,3330070,2848678,3123667,2829073,3481367,2845849,2825798,2873678,2800564,2844408,2780939,7500803,2821760,42383853
6340340,34780936,3435153,5349511,3178279,4337597,2961186,4256565,3080848,3659722,3095076,3616133,2942803,3204675,3175368,3237082,2389692,2825581,3330309,2848926,3123881,2829366,3481601,2846194,2825992,2873971,2800806,2844700,2781181,7501151,2822010,42384131
6340642,34781257,3435475,5349770,3178585,4337822,2961485,4256834,3081125,3659975,3095361,3616392,2943084,3204927,3175682,3237308,2389973,2825731,3330589,2849146,3124199,2829562,3481890,2846454,2826277,2874210,2801111,2844947,2781469,7501446,2822274,42384409
6340988,34781513,3435763,5350055,3178902,4338022,2961759,4257108,3081451,3660204,3095686,3616604,2943403,3205182,3175985,3237495,2390329,2825910,3330915,2849278,3124483,2829727,3482145,2846690,2826622,2874386,2801432,2845137,2781769,7501690,2822613,42384681
6341282,34781815,3436031,5350316,3179164,4338244,2962000,4257345,3081757,3660405,3095946,3616828,2943690,3205427,3176220,3237722,2390617,2826129,3331214,2849507,3124715,2829978,3482397,2846948,2826888,2874616,2801696,2845341,2781983,7501988,2822866,42384981
6341620,34782099,3436411,5350571,3179496,4338520,2962346,4257666,3082049,3660690,3096269,3617104,2943956,3205662,3176484,3237966,2390870,2826343,3331480,2849742,3125081,2830205,3482726,2847235,2827226,2874887,2801985,2845623,2782287,7502228,2823238,42385238
6341882,34782421,3436679,5350883,3179746,4338820,2962619,4257950,3082353,3660943,3096576,3617386,2944229,3205913,3176823,3238270,2391087,2826637,3331745,2850023,3125376,2830473,3482960,2847547,2827463,2875196,2802220,2845913,2782484,7502579,2823483,42385620
6342137,34782740,3436965,5351203,3180021,4339125,2962875,4258227,3082608,3661221,3096833,3617633,2944450,3206210,3177062,3238544,2391364,2826878,3332012,2850297,3125647,2830731,3483211,2847775,2827734,2875467,2802494,2846162,2782717,7502894,2823719,42385879
6342454,34783130,3437230,5351545,3180269,4339448,2963137,4258575,3082865,3661554,3097057,3617958,2944673,3206511,3177271,3238822,2391634,2827225,3332266,2850600,3125914,2831003,3483438,2848086,2827999,2875767,2802702,2846501,2782965,7503244,2823923,42386254
6342722,34783477,3437489,5351907,3180586,4339774,2963392,4258916,3083160,3661850,3097306,3618290,2944923,3206848,3177547,3239156,2391864,2827549,3332593,2850919,3126184,2831273,3483707,2848409,2828269,2876069,2803003,2846846,2783209,7503611,2824190,42386611
6343023,34783786,3437766,5352266,3180848,4340110,2963616,4259251,3083393,3662148,3097533,3618641,2945137,3207152,3177785,3239464,2392066,2827818,3332853,2851270,3126382,2831630,3483901,2848670,2828534,2876371,2803267,2847116,2783453,7503948,2824446,42386926
6343314,34784117,3438056,5352594,3181138,4340400,2963904,4259567,3083705,3662422,3097856,3618943,2945419,3207406,3178039,3239745,2392368,2828077,3333143,2851515,3126672,2831926,3484173,2848952,2828826,2876602,2803533,2847400,2783696,7504224,2824762,42387254
6343616,34784401,3438353,5352873,3181434,4340664,2964188,4259890,3083984,3662690,3098123,3619264,2945638,3207650,3178307,3240011,2392646,2828389,3333395,2851790,3126952,2832167,3484449,2849234,2829086,2876864,2803800,2847651,2783936,7504549,2825067,42387559
6343943,34784670,3438612,5353165,3181718,4340919,2964398,4260182,3084219,3662978,3098361,3619560,2945904,3207869,3178560,3240284,2392897,2828632,3333637,2852033,3127196,2832381,3484758,2849488,2829352,2877134,2804038,2847873,2784147,7504872,2825318,42387895
6344277,34784894,3438894,5353445,3182037,4341251,2964717,4260465,3084546,3663330,3098689,3619845,2946204,3208103,3178863,3240538,2393182,2828899,3333940,2852298,3127500,2832623,3485030,2849730,2829656,2877420,2804331,2848131,2784473,7505172,2825565,42388197
6344570,34785277,3439223,5353760,3182301,4341529,2964952,4260797,3084762,3663664,3098932,3620152,2946468,3208480,3179075,3240920,2393385,2829231,3334196,2852597,3127735,2832912,3485251,2850026,2829862,2877754,2804570,2848458,2784758,7505522,2825836,42388604
6344916,34785581,3439551,5354033,3182617,4341817,2965241,4261100,3085096,3663927,3099251,3620409,2946760,3208756,3179402,3241210,2393616,2829461,3334484,2852915,3128023,2833193,3485511,2850339,2830100,2878050,2804841,2848754,2785012,7505863,2826119,42388907
6345195,34785896,3439791,5354345,3182857,4342083,2965435,4261416,3085283,3664221,3099480,3620677,2946906,3209031,3179613,3241535,2393820,2829719,3334746,2853212,3128242,2833481,3485799,2850657,2830328,2878340,2805059,2849053,2785252,7506195,2826348,42389202
6345481,34786292,3440033,5354659,3183087,4342435,2965635,4261735,3085498,3664545,3099697,3621078,2947099,3209346,3179846,3241830,2394062,2830053,3334912,2853577,3128405,2833815,3486013,2850995,2830510,2878638,2805264,2849353,2785441,7506580,2826606,42389606
6345863,34786598,3440359,5355020,3183351,4342730,2965900,4262034,3085746,3664898,3099929,3621336,2947355,3209610,3180104,3242073,2394277,2830337,3335154,2853818,3128628,2834094,3486332,2851284,2830815,2878910,2805533,2849642,2785689,7506876,2826871,42389976
6346145,34786985,3440638,5355378,3183569,4343041,2966094,4262362,3085955,3665201,3100189,3621645,2947587,3209958,3180355,3242399,2394508,2830665,3335427,2854147,3128869,2834459,3486573,2851650,2831007,2879284,2805731,2849976,2785910,7507259,2827068,42390383
6346395,34787353,3440853,5355740,3183801,4343392,2966310,4262678,3086174,3665545,3100361,3621980,2947800,3210286,3180561,3242718,2394736,2830980,3335608,2854478,3129057,2834796,3486760,2851927,2831213,2879569,2806008,2850257,2786094,7507633,2827352,42390818
6346679,34787695,3441158,5356006,3184115,4343667,2966579,4262918,3086437,3665759,3100643,3622230,2948093,3210519,3180864,3242982,2394999,2831239,3335882,2854737,3129360,2835084,3487015,2852195,2831474,2879850,2806228,2850515,2786366,7507948,2827621,42391107
6346961,34788011,3441470,5356325,3184415,4343964,2966886,4263220,3086739,3666079,3100868,3622516,2948334,3210888,3181147,3243276,2395227,2831531,3336128,2855054,3129588,2835424,3487261,2852485,2831731,2880154,2806539,2850814,2786642,7508319,2827910,42391493
6347204,34788383,3441757,5356609,3184683,4344302,2967172,4263509,3086984,3666372,3101116,3622831,2948536,3211173,3181419,3243588,2395488,2831842,3336336,2855311,3129844,2835731,3487505,2852785,2831981,2880447,2806745,2851117,2786860,7508676,2828191,42391838
6347553,34788674,3442062,5357009,3185005,4344613,2967528,4263825,3087289,3666708,3101434,3623104,2948753,3211489,3181691,3243908,2395757,2832108,3336641,2855614,3130174,2836001,3487812,2853086,2832296,2880714,2807041,2851422,2787090,7509044,2828472,42392178
6347856,34789035,3442341,5357306,3185214,4344925,2967768,4264153,3087495,3667003,3101659,3623442,2948952,3211837,3181891,3244234,2395978,2832422,3336845,2855921,3130388,2836334,3488054,2853455,2832529,2881070,2807248,2851745,2787328,7509426,2828715,42392564
6348177,34789384,3442649,5357595,3185569,4345196,2968068,4264462,3087776,3667271,3101978,3623734,2949246,3212149,3182167,3244496,2396284,2832674,3337138,2856231,3130660,2836612,3488324,2853710,2832827,2881381,2807491,2852000,2787626,7509726,2829005,42392914
6348437,34789686,3442903,5357862,3185827,4345476,2968328,4264723,3088033,3667502,3102212,3624052,2949539,3212382,3182406,3244750,2396522,2832894,3337368,2856462,3130904,2836862,3488561,2853984,2833075,2881617,2807667,2852263,2787843,7510044,2829224,42393297
6348755,34790083,3443211,5358180,3186057,4345780,2968612,4265030,3088292,3667782,3102515,3624391,2949756,3212680,3182662,3245025,2396771,2833225,3337631,2856840,3131170,2837133,3488757,2854288,2833330,2881940,2807914,2852542,2788104,7510364,2829488,42393598
6349172,34790374,3443552,5358481,3186425,4346064,2968967,4265290,3088594,3668053,3102837,3624701,2950042,3212966,3182948,3245300,2397050,2833489,3337926,2857086,3131478,2837379,3489066,2854552,2833611,2882183,2808203,2852825,2788349,7510711,2829795,42393910
6349434,34790740,3443785,5358835,3186691,4346379,2969180,4265612,3088841,3668406,3103067,3625036,2950317,3213273,3183165,3245633,2397312,2833787,3338153,2857410,3131660,2837655,3489325,2854875,2833865,2882517,2808417,2853096,2788601,7511058,2830088,42394275
6349773,34791049,3444126,5359120,3186992,4346669,2969424,4265916,3089110,3668718,3103317,3625314,2950583,3213536,3183424,3245928,2397576,2834103,3338436,2857709,3131964,2837927,3489608,2855145,2834081,2882817,2808682,2853321,2788845,7511368,2830352,42394621
6350089,34791343,3444443,5359379,3187279,4346956,2969709,4266216,3089379,3669024,3103587,3625583,2950827,3213873,3183651,3246264,2397846,2834347,3338685,2858013,3132179,2838227,3489859,2855435,2834289,2883095,2808922,2853587,2789144,7511645,2830584,42394963
6350419,34791722,3444773,5359705,3187554,4347243,2969996,4266472,3089581,3669314,3103800,3625872,2951069,3214171,3183830,3246577,2398105,2834642,3338942,2858316,3132444,2838518,3490109,2855708,2834578,2883392,2809183,2853877,2789411,7511966,2830806,42395276
6350719,34792020,3445036,5360014,3187789,4347600,2970222,4266739,3089874,3669567,3104095,3626181,2951312,3214418,3184060,3246834,2398386,2834897,3339238,2858610,3132642,2838774,3490391,2855980,2834826,2883666,2809437,2854145,2789631,7512300,2831046,42395652
6351030,34792353,3445290,5360290,3188061,4347868,2970533,4266941,3090132,3669823,3104377,3626459,2951627,3214731,3184358,3247096,2398653,2835174,3339505,2858902,3132887,2839043,3490719,2856222,2835096,2883973,2809718,2854394,2789845,7512658,2831345,42395987
6351326,34792691,3445569,5360590,3188347,4348155,2970842,4267201,3090380,3670079,3104631,3626731,2951916,3214986,3184628,3247331,2398909,2835409,3339791,2859153,3133131,2839326,3490963,2856494,2835373,2884245,2809976,2854697,2790104,7513005,2831611,42396332
6351620,34793080,3445860,5360971,3188608,4348471,2971087,4267524,3090607,3670484,3104877,3627056,2952241,3215298,3184883,3247699,2399113,2835738,3340022,2859537,3133378,2839637,3491207,2856814,2835577,2884574,2810237,2854993,2790345,7513407,2831866,42396767
6351919,34793444,3446136,5361291,3188864,4348814,2971374,4267821,3090899,3670819,3105194,3627339,2952524,3215562,3185211,3247975,2399383,2835975,3340286,2859853,3133668,2840006,3491531,2857127,2835869,2884848,2810509,2855314,2790611,7513736,2832130,42397145
6352204,34793832,3446396,5361659,3189144,4349177,2971621,4268233,3091147,3671166,3105457,3627687,2952735,3215869,3185485,3248262,2399639,2836308,3340540,2860216,3133897,2840347,3491765,2857423,2836122,2885174,2810722,2855669,2790826,7514115,2832386,42397562
6352527,34794154,3446666,5361972,3189406,4349490,2971847,4268553,3091391,3671450,3105685,3628019,2953005,3216160,3185690,3248624,2399896,2836587,3340803,2860534,3134176,2840683,3492003,2857763,2836374,2885496,2810949,2856014,2791081,7514518,2832638,42397899
6352791,34794485,3446887,5362312,3189665,4349824,2972045,4268892,3091641,3671825,3105920,3628322,2953295,3216495,3185925,3248917,2400126,2836929,3341082,2860824,3134434,2841008,3492240,2858094,2836585,2885793,2811150,2856375,2791261,7514927,2832852,42398309
6353149,34794794,3447140,5362601,3189922,4350108,2972299,4269193,3091921,3672104,3106203,3628672,2953614,3216786,3186174,3249243,2400361,2837218,3341328,2861115,3134695,2841308,3492468,2858431,2836813,2886119,2811404,2856646,2791559,7515269,2833112,42398688
6353491,34795121,3447377,5362957,3190139,4350383,2972514,4269447,3092180,3672364,3106439,3628917,2953899,3217070,3186392,3249522,2400658,2837535,3341586,2861411,3134980,2841599,3492693,2858723,2837023,2886429,2811630,2856957,2791794,7515630,2833322,42399068
6353812,34795494,3447654,5363323,3190460,4350715,2972729,4269766,3092479,3672704,3106717,3629252,2954167,3217360,3186675,3249857,2400907,2837854,3341845,2861774,3135235,2841875,3492988,2859052,2837302,2886711,2811864,2857269,2792026,7515985,2833561,42399463
6354129,34795877,3447874,5363676,3190767,4350981,2973009,4270013,3092713,3672984,3106997,3629571,2954479,3217639,3186883,3250141,2401135,2838147,3342141,2862055,3135473,2842132,3493194,2859338,2837543,2887061,2812148,2857535,2792324,7516346,2833816,42399833
6354516,34796149,3448179,5363941,3191101,4351250,2973321,4270222,3093007,3673228,3107241,3629806,2954781,3217894,3187143,3250399,2401387,2838405,3342433,2862315,3135769,2842382,3493465,2859570,2837808,2887334,2812423,2857800,2792593,7516604,2834109,42400164
6354832,34796447,3448423,5364261,3191365,4351562,2973544,4270487,3093280,3673508,3107538,3630072,2955006,3218173,3187367,3250675,2401626,2838693,3342655,2862597,3136025,2842728,3493725,2859833,2838101,2887617,2812737,2858095,2792875,7516934,2834371,42400511
6355084,34796751,3448744,5364557,3191642,4351844,2973838,4270751,3093587,3673785,3107840,3630326,2955304,3218466,3187668,3250977,2401922,2838945,3342954,2862877,3136276,2843018,3494011,2860147,2838375,2887900,2813051,2858440,2793132,7517247,2834627,42400815
6355333,34797066,3448939,5364897,3191848,4352189,2974042,4271083,3093771,3674061,3108075,3630648,2955527,3218794,3187922,3251364,2402134,2839297,3343169,2863227,3136505,2843319,3494237,2860465,2838634,2888277,2813264,2858725,2793360,7517616,2834833,42401145
6355568,34797431,3449121,5365278,3192082,4352547,2974300,4271394,3094058,3674438,3108391,3630995,2955867,3219148,3188165,3251732,2402400,2839611,3343380,2863583,3136739,2843682,3494475,2860814,2838926,2888614,2813575,2859047,2793617,7517998,2835045,42401550
6355823,34797787,3449316,5365643,3192292,4352893,2974492,4271689,3094268,3674749,3108604,3631321,2956080,3219471,3188382,3252075,2402599,2839946,3343592,2863928,3136914,2844043,3494645,2861130,2839092,2888938,2813796,2859340,2793799,7518368,2835240,42401918
6356133,34798165,3449601,5365985,3192510,4353255,2974678,4272032,3094533,3675093,3108798,3631685,2956310,3219819,3188626,3252367,2402840,2840244,3343792,2864291,3137192,2844401,3494905,2861448,2839281,2889259,2814096,2859681,2794075,7518760,2835470,42402267
6356436,34798497,3449874,5366258,3192739,4353543,2974971,4272295,3094795,3675414,3109035,3632010,2956552,3220108,3188913,3252630,2403063,2840527,3344021,2864538,3137444,2844664,3495128,2861703,2839532,2889529,2814400,2859929,2794317,7519106,2835705,42402565
6356720,34798859,3450129,5366651,3192998,4353881,2975224,4272610,3095029,3675767,3109243,3632407,2956812,3220380,3189152,3253009,2403327,2840861,3344281,2864930,3137691,2844954,3495392,2861992,2839794,2889809,2814679,2860246,2794584,7519454,2835987,42402949