79699883,550061148,108520389,95565292,120633074,95914631,101840908,95160389,117877187,97567440,97978103,92354201,75647449,88018743,102577086,84103534,85448222,86338087,94964868,86619902,92492401,83314397,127304789,79719890,69839986,80630676,69628288,80680640,72573407,231265037,72097283,604176679
79713831,550073588,108533629,95578508,120647014,95926808,101854931,95172214,117891716,97579752,97992779,92366698,75661573,88031366,102591598,84115934,85462442,86350804,94978438,86632720,92505850,83327647,127318560,79733304,69853552,80643453,69642328,80694232,72587555,231277115,72110578,604189434
79727435,550087172,108546140,95592813,120659939,95940306,101868256,95186831,117904985,97594395,98005400,92380660,75674926,88046426,102605035,84130239,85476681,86365013,94992123,86646589,92518594,83341952,127331747,79747797,69867055,80656960,69655310,80707647,72600686,231291350,72123745,604204218
79740754,550101301,108558830,95606834,120673215,95954534,101880692,95200123,117916877,97607808,98017360,92395457,75687020,88061237,102617880,84144448,85490199,86379361,95005711,86660335,92531144,83354988,127344940,79761738,69880317,80671171,69668217,80721522,72613613,231305424,72136883,604218167
79753976,550115904,108571789,95621078,120686465,95968419,101893998,95214703,117929531,97622013,98029735,92408712,75700605,88074547,102630188,84158732,85503510,86393724,95018627,86673968,92544305,83368740,127357784,79775686,69892907,80685753,69680817,80735701,72625596,231320681,72150662,604232700
79767103,550129746,108584358,95634868,120698598,95982352,101907031,95228579,117942570,97635860,98043054,92422612,75713708,88089167,102643213,84172687,85517074,86407126,95031294,86687893,92556519,83381477,127371171,79789287,69906151,80699667,69694287,80750543,72639536,231335348,72164035,604247655
79781579,550142757,108598288,95648404,120712672,95993761,101921728,95240673,117956868,97648866,98057760,92435044,75728019,88101595,102657424,84184903,85530670,86420635,95045865,86700381,92570842,83393718,127384769,79801806,69920311,80712377,69708599,80763288,72653832,231348265,72178577,604260602
79796216,550155703,108612033,95661993,120726597,96006648,101936013,95253871,117971345,97662322,98071247,92447584,75740811,88113840,102670730,84196866,85544102,86433468,95059539,86713335,92584230,83406494,127398214,79815045,69933393,80725561,69722395,80776167,72667035,231361591,72191820,604273803
79809228,550168442,108625283,95675040,120739277,96019036,101948881,95267587,117984332,97675636,98083948,92460590,75753743,88126222,102682566,84209810,85556387,86446234,95072291,86725426,92596906,83418804,127410996,79827292,69945681,80737975,69735357,80789662,72680872,231374229,72205196,604286627
79823509,550181550,108639054,95688723,120752694,96032510,101962880,95280627,117998287,97689040,98098361,92473950,75767425,88139177,102696068,84223102,85569667,86458878,95086524,86738604,92611182,83432004,127424726,79840919,69958868,80751525,69749158,80803276,72694017,231388054,72219296,604300988
79835988,550196516,108651523,95701913,120765194,96046888,101975687,95294634,118011662,97702557,98111390,92487560,75780689,88153531,102709149,84236862,85582283,86473275,95099508,86752566,92623584,83446288,127436918,79855068,69971679,80764736,69762525,80816641,72706140,231401970,72231945,604315270
79849548,550209112,108664882,95714312,120779405,96060324,101988951,95307104,118025126,97715225,98124799,92500335,75794295,88165969,102723092,84249212,85596207,86484995,95113315,86764636,92638058,83459178,127451046,79868473,69985930,80778044,69776346,80829556,72719181,231415344,72244590,604328427
79863105,550222565,108678611,95728006,120792546,96073315,102001939,95320676,118038340,97728544,98138209,92513338,75807492,88179434,102736340,84262673,85610383,86498584,95126594,86778502,92650998,83472242,127464020,79882174,69999654,80792004,69789758,80843294,72732934,231429772,72258494,604341823
79877113,550236953,108692222,95741217,120806296,96087075,102015927,95333570,118052595,97742700,98152128,92526566,75821248,88193829,102749331,84275935,85624418,86511349,95140256,86791493,92665256,83486054,127478393,79896519,70014353,80805608,69804604,80856672,72747870,231443584,72272841,604356617
79889881,550250630,108705176,95755170,120819259,96101076,102028716,95347617,118065042,97755692,98165183,92541331,75834611,88207818,102762811,84290547,85637557,86525100,95153669,86805212,92677403,83499911,127491304,79910045,70027130,80819774,69816984,80870512,72760622,231457331,72285020,604370377
79903616,550264701,108718202,95768769,120832785,96114481,102042607,95361041,118078908,97768326,98178160,92553349,75848333,88220197,102776180,84303722,85651310,86538135,95166865,86818335,92691909,83512905,127504398,79923672,70041409,80832696,69830291,80883052,72773961,231470669,72298197,604383661
79916449,550277879,108731221,95781889,120845230,96127874,102055571,95374842,118091617,97780955,98190613,92567573,75861395,88232966,102788472,84317398,85664209,86551736,95179869,86832408,92704336,83525888,127517059,79937144,70053764,80846425,69841997,80897126,72786595,231484901,72310127,604397740
79928927,550291493,108743562,95795382,120858901,96141747,102067933,95388895,118104691,97794393,98203159,92581663,75873647,88246414,102800392,84331567,85675520,86564974,95190799,86846417,92716041,83539275,127529488,79950757,70066067,80860934,69854250,80910521,72798859,231498593,72323177,604412010
79941980,550306362,108756181,95809695,120871777,96155919,102079576,95402594,118116223,97808684,98215219,92595999,75885938,88260058,102812321,84346260,85686697,86578829,95201891,86860119,92728664,83552719,127541166,79964988,70077639,80876155,69865621,80924439,72810345,231513158,72335678,604426563
79954463,550319534,108768573,95822591,120883950,96169123,102092305,95416188,118128813,97822676,98226700,92609604,75897855,88273440,102825079,84359708,85699406,86592044,95214590,86873623,92741446,83567003,127553691,79979358,70089877,80889478,69878132,80938929,72822866,231526950,72347916,604440695
79968101,550333038,108780879,95836364,120896120,96182943,102104170,95430297,118142149,97836741,98239913,92622966,75909658,88286683,102837292,84372875,85712229,86606044,95227024,86887746,92754176,83581080,127566348,79993095,70101630,80903454,69891237,80952741,72835270,231541318,72360851,604454530
79979781,550346205,108793001,95849631,120907536,96196602,102116562,95444167,118154251,97850204,98252286,92636229,75921078,88300395,102849057,84386581,85724135,86620775,95238516,86902211,92765755,83594876,127578811,80007270,70113674,80916844,69902642,80966586,72847062,231555029,72373484,604468630
79992471,550359318,108806306,95862522,120920191,96210273,102129803,95457120,118166847,97863534,98265198,92650929,75934870,88312760,102862161,84400152,85737984,86633467,95251542,86915187,92778530,83608410,127592979,80020507,70126373,80929954,69914962,80979415,72859818,231568236,72386163,604481779
80006752,550372340,108819143,95875723,120933242,96223091,102143784,95469387,118180363,97876237,98278092,92664210,75948521,88325684,102875546,84413083,85752189,86646714,95265425,86927871,92791610,83621011,127605776,80032654,70139967,80941985,69928278,80991176,72873938,231580779,72399795,604494886
80020085,550385776,108832098,95890084,120946677,96237286,102156564,95482651,118192689,97891268,98290673,92677739,75961176,88339799,102887790,84427244,85764477,86660667,95278108,86941487,92804097,83634394,127617835,80046429,70152132,80955032,69940404,81004557,72887724,231595211,72412569,604509174
80033123,550398875,108845092,95903553,120959888,96250068,102170280,95496714,118205774,97904976,98303934,92690965,75974616,88353146,102900951,84440106,85776964,86674074,95291114,86954869,92816707,83648159,127630674,80059397,70165596,80968612,69953145,81018095,72900332,231608674,72425240,604522823
80045871,550411876,108857677,95915045,120972736,96262243,102183344,95509031,118219730,97916907,98317565,92703373,75988138,88365223,102913810,84451774,85790664,86686372,95303938,86967323,92829506,83660396,127642871,80071827,70178308,80980723,69965827,81030322,72912708,231620250,72438765,604534973
80058194,550425562,108870718,95928832,120986346,96276014,102196687,95522622,118233093,97929783,98331495,92717076,76000669,88379009,102926691,84464473,85803541,86700666,95317366,86980420,92842218,83673630,127655808,80085271,70191251,80993486,69979082,81043373,72925640,231633704,72451253,604548933
80070994,550439425,108882586,95943401,120999490,96289777,102208709,95536907,118245897,97944084,98344393,92730246,76011938,88392739,102938770,84478868,85814954,86714490,95329446,86993947,92854417,83687447,127667084,80099374,70204224,81007700,69991439,81056843,72938790,231647413,72463675,604563154
80083259,550452548,108895423,95956820,121012274,96303393,102220371,95551051,118257900,97957782,98356879,92745536,76025119,88406869,102950899,84493012,85826901,86727831,95341438,87007633,92866983,83700574,127679460,80113143,70216499,81021668,70003130,81069805,72950121,231661704,72476152,604576772
80095194,550467488,108907167,95971152,121023435,96317875,102231766,95564950,118269276,97972276,98368969,92760204,76037455,88421252,102963140,84507230,85838937,86741235,95353886,87021661,92879025,83714899,127691009,80126416,70228173,81035656,70014745,81084843,72962005,231676653,72487688,604590781
80106929,550480593,108918840,95984653,121035666,96331422,102243713,95579607,118281422,97985048,98381396,92774162,76049531,88434720,102975498,84520256,85851165,86754636,95366068,87034983,92890818,83727775,127703619,80138996,70240193,81049409,70026505,81098283,72973949,231689983,72499956,604604372
80119408,550493762,108932037,95997361,121047814,96344574,102256753,95592287,118294359,97997422,98394052,92788157,76062517,88448900,102988532,84532309,85864301,86767776,95379924,87047735,92903830,83740782,127717620,80152165,70253488,81062782,70039891,81112029,72986850,231703881,72512769,604618028
80133561,550506228,108945658,96010555,121061611,96357738,102270947,95605050,118308175,98009793,98407824,92801058,76076500,88461578,103002340,84545713,85878403,86780660,95393966,87060769,92918081,83753286,127732030,80164423,70267058,81075312,70054506,81123919,73000593,231716780,72527360,604631029
80145419,550519977,108957891,96023407,121073805,96371811,102282679,95618678,118320317,98023212,98420897,92814349,76089074,88474207,103015068,84557805,85890570,86794119,95406876,87074567,92930160,83766727,127743904,80177006,70280643,81088901,70066880,81137618,73013036,231731152,72540811,604645125
80159369,550533401,108971194,96036652,121087028,96384708,102295862,95631445,118333957,98036417,98434697,92827928,76103047,88486490,103028696,84570049,85904920,86808071,95421047,87088574,92942828,83778918,127757673,80189455,70293249,81101128,70080616,81149887,73026558,231744312,72555521,604659088
80173086,550545818,108984020,96048516,121101454,96397536,102309460,95644397,118346999,98049746,98447609,92841167,76117417,88499369,103042029,84583385,85918538,86819998,95434912,87100813,92955601,83791628,127770908,80201379,70306923,81113301,70093950,81162135,73040092,231756801,72569122,604672061
80187135,550558971,108997932,96061780,121114690,96410966,102322967,95657454,118360317,98061797,98460625,92854075,76131104,88511540,103055224,84596266,85931895,86832387,95448694,87114092,92968966,83805191,127784329,80213432,70319825,81126141,70107128,81175092,73053545,231770104,72582836,604684804
80199798,550571355,109011022,96073001,121127874,96422752,102336522,95669181,118372686,98074008,98472900,92866562,76142818,88523897,103067664,84609169,85944601,86844645,95461501,87125687,92981604,83818189,127797057,80225768,70332692,81138063,70119730,81187167,73065422,231782920,72595483,604697326
80213939,550584548,109024943,96085785,121141651,96435601,102350160,95682196,118386355,98085266,98486521,92880290,76156235,88536056,103081796,84622165,85959540,86857603,95475089,87138308,92994954,83831408,127811017,80238764,70346395,81150542,70132952,81200374,73078769,231796273,72609555,604711554
80225536,550597390,109036904,96099126,121154114,96449187,102363000,95695454,118397970,98098096,98499134,92892662,76168314,88549850,103094057,84635287,85971196,86871069,95486789,87150961,93006950,83844179,127823667,80252241,70358469,81163440,70144846,81213182,73090700,231809528,72621774,604725451
80238646,550611292,109048684,96113090,121166622,96463776,102374985,95709152,118410969,98112323,98511677,92906283,76181168,88564457,103106858,84649187,85984116,86884975,95499893,87165101,93019053,83858722,127836551,80265755,70371332,81176699,70157401,81227169,73103291,231824391,72634701,604739130
80251530,550625486,109060884,96126924,121179092,96477855,102388221,95723614,118422871,98126051,98524455,92920359,76193442,88578952,103118502,84663405,85996633,86898857,95511760,87179144,93031049,83873138,127848751,80279467,70382366,81191872,70169436,81241673,73114506,231838965,72645606,604753909
80264309,550638989,109073886,96140186,121192080,96492766,102400806,95738163,118435007,98141004,98536252,92934749,76205722,88593277,103130869,84676185,86008927,86912736,95524569,87193496,93042849,83887195,127861638,80293546,70394749,81206021,70182946,81254945,73127445,231853360,72659197,604768219
80276468,550653772,109086856,96154397,121205103,96507679,102413224,95752063,118448363,98154913,98549339,92949487,76218360,88607515,103144315,84690909,86021806,86926665,95539003,87207888,93055296,83900982,127874493,80307563,70407460,81220092,70196292,81268463,73140273,231867699,72672033,604782693
80288672,550668560,109098261,96168581,121216468,96521639,102425212,95765088,118459698,98169405,98560731,92963581,76229620,88621313,103156382,84705541,86033103,86940630,95549701,87222103,93066413,83914904,127885615,80321992,70419842,81233572,70207323,81282440,73152183,231882186,72684609,604797405
80302527,550682744,109111954,96181860,121229515,96535690,102438528,95778968,118472415,98182572,98573068,92976029,76241824,88635700,103169490,84719037,86045468,86953671,95562553,87235202,93079357,83928745,127898355,80335628,70432457,81247121,70219500,81296326,73165389,231895837,72697266,604811116
80314649,550696264,109123556,96195345,121241012,96550146,102450305,95792774,118484091,98196001,98584553,92989714,76253097,88650233,103181643,84733013,86056758,86967776,95574418,87248645,93090994,83942857,127910604,80348685,70443929,81260178,70231223,81310715,73177151,231909888,72709500,604825052
80328021,550709660,109136507,96208369,121252917,96562299,102462684,95806408,118495833,98208791,98597269,93002682,76265668,88662759,103194041,84745912,86069541,86981225,95587863,87261579,93103859,83955852,127923136,80361255,70456435,81273259,70244790,81323580,73190055,231923331,72722218,604838382
80339477,550722444,109148259,96221997,121264647,96574928,102474287,95818853,118507479,98221672,98608769,93015069,76277380,88674828,103205549,84759257,86080641,86993622,95599524,87274549,93115791,83969173,127934373,80373529,70468352,81286328,70256113,81336856,73201353,231936733,72734039,604851667
80351512,550736209,109159928,96236245,121276985,96589177,102485781,95832904,118519268,98235432,98620719,93028398,76289174,88688477,103217339,84773669,86092557,87008351,95611667,87289495,93127343,83983223,127946689,80387708,70480094,81300816,70268164,81350396,73213383,231950880,72746386,604866188
80363834,550748721,109171733,96249177,121288881,96602052,102497327,95845924,118531485,98248394,98632161,93041144,76301897,88701972,103230110,84786819,86105483,87021921,95623640,87303114,93138587,83997001,127958743,80401568,70491787,81313892,70279766,81363311,73225884,231964502,72758982,604879625
80376071,550763288,109184271,96263675,121301303,96615938,102509744,95859698,118543703,98262694,98644931,93055337,76314251,88715256,103241999,84799752,86118071,87035071,95635623,87316893,93150292,84011072,127971335,80414807,70503779,81326972,70292150,81376500,73238231,231978862,72772197,604893603
80388706,550776237,109196246,96276753,121313114,96628464,102522834,95872824,118555836,98275116,98657202,93068235,76326935,88728766,103253940,84812793,86130654,87048959,95648046,87329989,93163188,84023659,127983437,80428241,70516150,81340056,70304946,81390122,73250759,231991545,72783694,604906507
80400314,550790956,109208297,96291445,121325931,96643584,102535078,95887359,118567692,98288892,98669436,93083181,76339177,88744272,103265968,84828109,86142216,87064674,95660092,87344627,93175148,84038917,127995169,80443443,70528599,81355575,70316778,81405688,73263260,232006770,72795313,604921910
80412148,550804423,109220887,96303948,121339099,96656741,102547527,95899975,118579609,98301014,98681191,93096402,76351791,88757005,103278357,84842297,86154280,87077880,95672181,87357906,93187347,84051689,128007751,80456292,70540725,81368746,70329179,81418614,73275964,232019914,72808262,604934641
80425142,550817632,109234234,96317359,121353012,96669257,102561077,95913075,118592508,98313614,98694698,93110008,76364719,88770339,103290996,84855642,86167490,87091207,95685446,87371275,93200807,84064932,128020694,80469041,70554522,81382260,70343487,81431249,73289044,232033104,72820831,604948269
80436130,550830833,109245917,96330277,121364871,96683014,102573221,95926646,118604581,98327770,98706978,93124238,76376627,88784610,103303263,84869119,86180212,87104836,95698473,87386041,93213322,84078664,128032494,80482802,70566413,81395599,70355762,81444369,73300797,232046449,72832517,604961978
80449420,550845290,109258213,96345176,121376733,96697823,102584567,95940941,118616622,98341984,98718734,93139203,76388705,88799351,103315440,84884119,86192435,87119271,95710391,87400239,93226000,84093554,128044797,80498235,70579135,81410520,70367731,81458395,73312831,232061479,72844769,604976973
80455929,550851869,109265772,96352000,121383951,96704617,102591469,95947976,118623370,98349007,98724523,93145214,76394780,88805946,103322244,84891317,86198191,87125989,95716709,87406838,93232028,84101163,128051231,80505185,70585603,81417746,70374753,81464472,73318974,232068293,72851952,604983305