6835826,23526687,6627417,8342540,12102071,8031008,3938864,10462749,10524842,10261709,5989797,10170489,8332659,17504155,6092870,17849020,5699492,6228381,5696889,6248879,13302351,20707551,6033017,6259395,4735643,5909712,4471795,33374780,4078738,49485920,7468244,76678779
22779746,18022390,16308932,9308975,17612241,14263106,17881879,30519098,6454514,27291947,11934331,24675882,18343297,8229382,15074215,7391684,7594716,19792117,13635171,12804706,6788935,5942874,23835684,26094458,9395490,5148265,8384985,5827450,6477059,21627111,17036637,12872858
9767941,6975970,8983556,11804837,13319448,11981078,7149238,17070162,21502035,5494510,9474168,10737622,12768543,5097125,27964538,10494642,28556171,27660072,18115670,8931585,8485937,21426555,9239388,10450721,11891434,12230441,28097221,14810176,12045243,37674144,11543708,25470702
12032617,14778055,4972211,6271861,6483921,6309966,31673099,16847148,5033359,6742117,16266816,5301484,30834943,6211122,62275782,5863699,11459009,7302391,17437838,12239040,25908977,7005273,18065313,6396713,7236211,11058949,8870166,13458680,11104820,9533211,24031001,10834152
16852768,39397999,42661181,16310298,36752436,7278496,10084524,12427072,27755864,7491585,5157201,9370382,23126411,16529028,13330658,11021831,20020696,32618982,16079108,30513044,25552515,6854879,12549667,9903728,18615788,6307613,15145949,7672364,19706148,7532991,6773941,10890595
7755742,5581907,4446213,25255356,7592019,33382597,7796543,11552599,5884710,21705234,5597944,24906369,5539433,18080560,17647690,11022674,6615112,16490412,5186223,13932727,47710384,4686088,6385920,4540089,5928728,4424957,4161278,21810171,6321335,37447831,18128381,8891436
18056875,5617843,6790449,18013929,8535690,7002333,6420526,30915181,7356224,26986517,17328306,28061549,9364789,15019154,7801750,21149431,27874782,14191450,26084772,10086898,17327140,6172122,42027430,15371024,17201181,33944883,6272152,21654924,5319626,18753403,9339069,50672181
11242191,29237704,5822346,20999262,17349762,44325822,8331946,26394810,24294106,44993465,4980397,29116696,4847990,35070445,5652680,19491185,5373945,19877144,33202389,4771997,4740084,5969916,5869652,29291526,16612324,8849741,6107649,16487949,14167912,41720564,76542165,13500504
12506936,7311436,8059334,18487360,7337967,5358646,28307065,17807500,8780018,6124435,13592654,12053808,41367674,8969546,32411302,13129855,25567815,27084829,7471732,16792357,4959968,16903955,7669743,16958606,4771987,7574606,13552336,24219601,17074875,19922248,7569805,20333251
10524126,18297607,16111812,12334851,14422775,16132154,11324805,15687295,18129453,15227143,6371560,6692682,9612706,12540154,22524462,22736090,21321594,6693738,7114374,19707639,48064824,5465341,45772759,7666422,20793306,15726868,34910418,5382913,39826475,26262528,8509813,8684695
9649726,24501727,9938330,76351765,7797940,4281719,4920313,75049783,29472166,27980690,4753507,85747513,4534643,8843492,7221206,35825299,7298017,44015768,28034141,17303620,108651663,21626062,5057596,8029264,24256244,89742973,7961572,18278808,5368966,36481908,40684253,23452807
23854318,5891202,35848861,13723419,12436477,27447458,8312849,18691440,7400451,7726325,6804153,23555345,15130773,7168828,24197455,5290515,6322334,5197326,5973518,27189812,14330456,6402263,8251392,10355242,30576409,10989526,23941167,15863871,6487105,14745094,18373167,14629919
11628589,39152531,9777852,15459570,17044900,99689323,19076980,8048275,16086054,7856999,6892682,16655201,14773635,21897516,15965270,30513152,17946989,11160475,12433417,94223003,57238338,23243836,72368633,132856019,48343952,10119736,54192550,99341300,12508190,25289296,73274226,17663479
28748634,20843255,26438935,5611154,7020733,16393337,10829121,28019203,21890993,41858795,66954586,18269377,51895106,5677167,4239348,6383538,4752134,27614746,34613192,8948908,13604919,18846701,11212885,18866145,26544498,15663922,21653578,6197186,30985565,12118696,16677269,10732818
19056427,4417150,15884314,19118457,6512046,18759244,8185302,4378126,11294282,17766077,8277746,12683027,19665318,4244907,5835312,52727383,12607225,17123458,4205994,4897478,7362739,21628441,5788208,6260518,20374624,7509218,5395968,16808729,5362190,27326833,23342394,33134519
11204031,50462243,12139175,9204814,10297160,8000420,13611061,8265408,14020154,6671083,28383604,28598648,11602928,21164624,20782921,24047286,27703338,5422786,19444571,12327555,24006828,22313766,20555270,33221186,32373104,6170772,47949095,7731932,19990308,10008688,19837562,23919485
11289238,6340421,14021515,5455498,8542947,5105317,18127644,9372911,5048254,15208511,23041625,26822370,13945040,5346687,4972338,27828970,35142280,4638798,4393669,36037592,5406747,41459512,29661980,7967269,8903508,17853805,8040124,5575254,10110294,6243565,4562255,70141615
10406606,20375249,7141658,10978327,10131371,5584169,41919418,7336236,14658204,13725896,14616754,17492540,29627541,19923286,25377506,3683811,24529770,15157624,31114582,7062717,12781520,5927511,14852997,5480118,6767072,5105777,10745584,16759209,6332654,27878941,5694171,7753087
9545912,24703061,4110258,45561566,23654675,6111455,10015060,26378017,3994689,8510998,5015645,26515511,17218438,21251777,5096554,14198259,12457706,39557529,19198805,9718205,7277922,11298976,5581122,60809006,9382542,16614909,14044660,7237522,21840900,27704997,8004762,32713819
10723227,208278134,23463621,173319283,86098168,146459942,157483479,336836816,21983990,10819508,13403409,11239781,88713159,44274683,144752135,165614714,40892030,167079096,186078193,32584818,177360949,76739098,79308457,27304233,10263040,96813009,27235134,76673476,76419746,14591879,142184490,89332674
26405329,25799773,21724853,7576458,10178790,20418389,25894692,9973340,52479173,9693991,20469974,4246441,7149313,8128652,23858604,9409765,7277943,11504316,5312257,5316191,7079823,6254409,22366572,9801099,16521921,53204554,4844610,28702374,4985410,13552966,67154610,11561669
15360945,19830006,26937068,6992946,19542352,9096859,44482857,7956759,13271624,22825436,44062550,8853134,35364011,7559117,14055552,39020060,30558267,5014422,3435825,11668018,6134863,33348668,15981290,7853459,6254237,8074917,34889930,21128308,5163672,18764142,8441029,26167691
35559292,42522160,5652496,26550245,13844531,36659719,22002362,18389060,12939830,22239899,11791783,34188610,7434122,17111580,5666255,41665277,19527235,32946053,18381271,38781841,21759673,17821821,8136984,44585536,7143384,6696991,36498561,39944247,22865377,38188354,47620109,29069400
137939938,212654581,169213772,107985293,7697113,107866393,16465604,118127034,41670506,12923756,20832612,20972278,38977649,138124832,126412792,14411520,16192398,18116902,37020533,9281018,18932400,106341842,17867979,52149441,112416300,19698314,38197075,15317956,23151520,32951000,28027871,17276044
27741688,20675976,21415857,8055554,4164103,9030769,23533168,8365607,21968818,8988649,7138579,8761303,27002680,6661946,23423224,21966554,20431279,19383722,15230275,26430859,6403046,7131546,15200730,9640332,27547013,7988030,15764908,19362299,5152193,12967212,9021301,24253289
12645333,12139968,7394647,32062423,9602090,33416800,8491587,34057972,25719258,36290057,9043042,46599297,4234347,25053092,5000806,5658721,8186960,21156674,8784315,52770087,10020246,21654107,23221531,24520135,9854294,4710605,8030794,16007568,23309390,26033482,8449541,44708829
15646528,9247651,11882120,30137294,12620639,20122597,10877357,6997289,5614863,5541702,28907266,18772658,25769268,7139860,15055829,6985201,5415275,22978958,6897761,10998349,24085766,34858146,8278932,38335452,6654434,41767143,24182701,10394638,5813409,44116798,19205189,33682120
13640284,8384453,7262601,35257351,6270189,15581174,4528663,35186024,8682915,13188361,10392322,12923099,30711307,26420065,11670758,11344560,5852320,6299564,31210319,7642255,17673709,5671642,17983477,6962863,47857704,11870651,27153449,10423328,3952782,64977185,6422494,20008128
7873715,38593194,9573349,73054208,7840781,10487977,26049790,23899581,52221130,48710024,48026009,18247365,21986400,16311501,55100498,9650885,41760777,38552421,52357701,12986163,51405082,53512093,38713644,9046913,48991763,20317096,15452470,41509414,48249334,43801135,10110896,47378571
112297059,105281005,5739389,32372854,15542767,128640861,25546093,116825426,10670824,26923357,117704022,48318291,135491597,105892702,327643081,273887401,6044107,105474439,274911733,106369065,26909363,231358159,104555583,9182751,103248315,104476562,226007544,109688232,22925620,105587847,133814402,18607309
33591542,34739977,5013840,19373344,6602322,23480731,12944923,13715208,26684513,20826879,31408845,28323956,11706582,23951154,17331646,5186489,6134876,7164257,17242960,6515736,12776091,21129231,19826038,29474363,20753616,48493705,17788705,36106991,25586328,32567353,21449120,48768331
44517853,6564611,14813824,11137721,29289947,23065572,20361035,7553877,55141145,7102314,5369860,7315484,19881551,8314937,56090054,6379660,5714629,50633307,6849727,8584855,68612186,6217701,5485156,6370122,9249634,6714579,22209458,40628040,20430181,30902622,9077313,59811328
13877016,10970487,38008662,32703162,5737222,9613466,82192971,51725763,14125257,16086080,28793781,17659152,33364358,35870146,43337143,21485903,18247767,25997760,41191124,20320640,16767627,18265604,17617206,26449273,19955518,9347682,17954214,26712040,31451035,59031319,24709500,17925237
29812083,20773849,45498506,9153322,13408064,20647278,33553633,34220622,4412658,12711620,17555026,31736290,13348138,32315848,11990802,6024885,12301625,6403929,15462612,66544115,18443134,9347475,28942000,48017030,25665846,51115591,19889028,7334832,13161755,13642956,5867216,68158660
34306357,8685010,6783139,4898534,43235139,19723218,46123233,4534320,74647419,8291431,6863100,9849964,66618458,6207465,45840567,5656910,98420866,21560017,77796519,29680876,24309126,19113406,63640634,37851683,21900198,30246070,29568167,17083124,40879311,32928669,93122079,54202498
111235838,202824180,107860872,106281655,214711147,143627843,329134745,644339048,110722086,280160843,236039128,216129255,264628384,196976343,27754655,404242943,210442708,211576790,39764151,124899926,127394349,138578590,104448348,337010409,109152673,114613893,106871326,112390789,307623785,309245983,412666142,397936501
20742285,9341489,6696269,5289212,18801005,9116637,24015015,10396299,33936201,5639756,12259077,7775951,29329447,8435110,21980481,25588635,9870094,21836168,7115888,5454569,21392134,7664051,4604766,8781654,18854994,9998185,18844051,15242027,22131617,10307387,7030975,32697593
7546900,7421377,16190179,7989840,13570064,20957063,36725799,12612232,26725947,44077334,6279084,16457734,3975866,7952706,21084729,5752823,7157050,21153011,17327988,31174485,23238695,14010017,6195542,20353175,15560060,9627515,19122723,15613238,13702005,35040577,7777002,37960739
7227452,9706660,4601403,8740943,6989466,6505471,20438149,18910441,19020477,6037246,29284079,5591304,6545860,5246148,23726804,18509207,4693374,12368439,5343880,19911805,4819913,30602101,36248524,11272048,31006182,33504388,9461792,65147958,9289570,19981505,55074962,7937082
6774339,6589760,9344294,12381394,7288873,6261399,6362691,5544255,22317849,31219723,13991323,9635370,12744353,18299386,31243235,26606542,24539809,21444107,17310986,15053078,20962844,7797063,35459400,6783854,19870996,5840314,17364766,8201278,21070742,12204102,5996206,9459774
53063086,19458330,4480614,34095770,18460357,19422367,14686968,26682457,6792964,20398925,24807193,27138035,5920803,24686270,12103057,40497124,8465988,4661124,8259772,79143349,5577119,22285343,14145229,5950548,9554805,10286116,15519554,7543029,5917844,19722288,18833661,26849823
6383820,19882223,25178581,8925039,5197751,24956665,4611317,29790703,4954097,27568587,4018629,12627729,14157401,11637877,32188382,9013698,16493923,7169848,19550484,23239753,20255760,27038468,13674393,22484935,6085549,13267626,6041534,8081696,14431110,14522679,20028150,12326266
14489131,10177264,25640782,22611781,51149847,5715970,26589862,9438754,88149441,8981346,26622719,9559989,33227237,32076901,30921504,23954046,49724828,10953154,50634160,12446369,7316837,8972985,15821641,22337834,53847381,13653643,54916525,22549699,43531297,28746746,30734454,17016641
21604053,10687595,12039812,17878479,21288384,11621109,18572183,9638868,7049840,10005201,21904294,10034899,25537714,7338343,7211411,7987066,14081835,8063497,6298470,23396039,21733899,18106222,26336636,11383978,20272314,21008698,5749288,34934628,23507692,47649726,86839503,25583675
248406693,360641531,107822620,350803852,128709188,174180693,112405396,197659795,559863004,150873756,95420926,335734365,105270458,130861793,10517963,181236187,351842443,261135509,28390320,13944486,359843367,204172007,316835516,460445144,224360277,297723145,565099079,349277577,407990001,358534824,363937911,725498052
4507303,37184383,45976417,12761474,10926030,13123386,33525547,8835657,56665672,19797864,20120928,11042985,17732449,31000661,19685559,40468319,19503570,20571784,7424891,15739732,38540424,8410324,6287326,9088007,5334084,18866745,47660849,21554422,20333673,35933277,6406899,22343855
42018589,4782755,6001418,20785763,40473028,13614201,38290356,12476717,38972487,24484278,7888152,17858097,71472237,5957008,4502231,9738661,10066698,8453946,26560423,5799317,5849337,7447910,26533492,11816572,77511084,13649058,7594061,5730667,12197730,8512737,20560925,12759158
22817370,22931247,13309743,47225718,6656316,6471629,5261872,11858503,6543768,20664213,37815160,30405487,53482096,21120881,28335193,9652531,8937769,8962383,41170993,15081197,62215438,6384519,60752969,7336010,4785358,9890421,6156431,6734914,26038761,11932752,12456679,12316394
5647552,10462929,7264448,11695144,63460867,57103810,34062025,9715227,60439477,19160823,30263736,41490107,21445852,10384660,39944976,44289365,92244639,17161644,31327907,9251077,3796163,58022438,5938697,7779979,16313138,43316105,18663435,5135979,11425092,11760422,4773914,25785037
76939730,20063946,18604842,6542628,30813837,18383701,42643838,16086442,20230497,13290914,44014617,6960019,16767973,28510098,7697043,20273131,61766096,4960855,32384450,5996278,35224873,4646242,6877299,16403341,9966009,6432382,36192515,9388708,33358173,17524011,16970862,11567327
11595184,19663860,25865488,13982690,9878014,7427697,6938063,53128142,24544098,6523814,18931962,15884834,10145740,28377115,6719663,4869831,7182673,14029790,6345329,6283595,7494949,9915203,8252491,53186171,18285142,36239682,13838039,32255951,6509540,35309857,25804584,8373677
7031370,11639289,8011391,31247471,6567400,12831462,59250424,4488040,40560995,9464922,4846172,4860427,11150620,13116321,6667163,7509270,5749266,6177245,6149975,12148059,20804444,7108891,7884056,43672051,8308508,26359054,23942983,41768050,5050907,15590216,6811859,20143730
7989743,7157691,13435895,11347583,28299185,13098682,51749201,13048477,28448343,18791232,20044058,7920279,30256505,13307898,10050602,28767575,10997670,31438141,38649068,11290045,16018920,13021868,45264142,10014144,44962937,46182056,17725149,19961570,29810737,45597390,13080255,35338598
43244729,28379482,39176930,13984334,21806816,6725550,47741553,27768596,15755878,29371148,82326288,18360103,37619488,22213728,86340640,38145337,16011983,33199963,41587258,7474550,27756130,5022497,15782287,4339872,15376924,8741126,26128027,57913064,22575528,13785639,50921212,30444431
491196348,505036137,666096961,321503563,766208201,1143426211,496119222,493199268,494491256,392781546,554809054,606646523,578224152,397118105,669777207,320581890,283008650,522184784,536430996,393656493,687709941,402975816,456587560,594032059,630757765,399022987,626827021,411357044,531586700,132857365,406107604,314975863
34791282,19478255,15650608,31935102,4881959,6332571,22844301,21768862,6746395,7474489,16936679,27703412,38739107,8220002,5158746,7405460,14747889,30638345,24010777,7002945,36466650,11147920,5923255,6706377,5055887,30747797,61330443,7630443,6205444,22752926,9859490,13383995
57160816,12436424,9976374,21275667,6894402,34590945,6711501,16618105,4402884,15736182,16243974,13135021,22221703,28874295,44926816,10403416,12192962,33439405,34490964,8763340,12316181,32609139,78738659,9771853,14811448,7408124,6684987,18952142,36218569,32832984,17905659,9913277
3924091,6219941,4916680,5304619,23178664,31967362,24814151,7967908,15560012,7625594,12196767,9825599,18468990,18945808,26579299,7564619,5635312,4572657,40320622,21972296,70845487,31360491,8683437,9862279,24015722,19890662,28558249,5580375,26467628,16720650,50955185,21777313
13430408,11363904,29578733,9708351,4755683,7200680,9647537,10326386,7614442,8491166,13565196,9292795,12633281,7899109,25099668,12079496,14063657,9755706,23363566,20640158,20068308,18613900,15940987,9334058,5830360,16612566,11479379,10780088,19117341,19707806,6163875,10842519
