157,98,1992,37,2362,5,735,1,1623,13,482,0,38,0,3626,0,16,0,729,0,397,0,2255,0,23,0,58,0,125,5,191,9
223,21,2560,64,3296,6,856,1,1941,13,665,12,37,1,4451,0,1,0,797,58,480,0,3797,0,10,1,7,0,6,3,38,2
234,17,2598,24,3172,34,891,20,1961,14,670,0,30,4,4560,2,0,5,979,13,455,0,4268,2,0,0,5,40,0,0,25,1
211,40,2476,21,3404,13,886,28,2040,87,603,4,37,3,4542,0,1,3,869,3,410,3,4073,4,1,4,1,3,0,1,18,17
227,48,2730,8,3209,39,840,8,1922,52,705,9,28,3,4127,2,1,0,713,0,592,0,3419,0,0,0,2,0,0,0,23,0
224,25,2589,2,3263,45,883,29,1945,41,625,4,41,0,4352,9,1,6,952,0,493,0,3531,1,0,0,2,0,0,0,33,0
241,7,2778,0,3283,0,836,69,2037,26,702,10,18,3,4666,0,2,9,941,0,484,14,3898,0,0,0,2,1,0,0,4,0
223,15,2654,5,3401,2,848,1,2061,74,682,1,36,1,4314,0,0,14,794,0,510,57,3299,0,5,0,0,0,1,0,15,0
242,6,2579,1,3387,0,840,0,2003,11,637,67,27,6,4625,3,2,0,936,0,428,39,3737,0,0,2,1,14,0,0,31,4
233,11,2529,0,3241,3,877,0,1938,0,566,0,40,8,4693,28,2,37,1120,0,450,49,3841,5,0,0,1,11,1,2,36,2
235,8,2644,6,3311,12,838,0,1969,0,702,0,41,0,4571,3,1,4,844,74,483,16,3874,40,1,0,1,0,0,1,31,2
222,11,2700,0,3543,12,886,0,2065,0,645,0,31,0,4565,0,2,0,956,63,423,25,3798,5,1,31,0,0,0,0,18,1
228,7,2677,5,3264,17,844,0,1980,1,691,0,45,0,4451,0,2,0,965,57,462,55,3874,0,0,9,0,0,0,1,12,1
231,15,2658,3,3344,4,833,0,1997,1,622,2,31,0,4376,4,4,2,946,97,506,39,3721,0,1,8,0,9,1,1,14,10
222,36,2588,38,3420,1,850,0,2017,0,644,15,37,0,4244,0,0,0,782,97,363,2,3642,0,1,0,1,10,0,0,23,3
228,49,2972,13,3280,7,847,1,1869,0,795,7,33,1,3959,1,0,1,979,112,591,1,3046,0,1,0,0,9,4,11,22,3
235,3,2618,16,3005,15,795,15,1958,0,659,0,24,8,4545,3,0,2,942,55,399,0,4319,0,0,0,0,11,1,1,12,0
220,24,2706,0,3443,0,883,23,2078,28,666,0,41,0,4662,1,2,14,782,68,371,7,3800,1,0,0,1,14,4,2,44,0
214,13,2613,3,3254,0,856,23,2088,26,656,3,35,0,4551,2,2,0,855,67,497,10,3849,8,0,1,0,0,0,3,25,9
217,17,2770,16,3439,2,867,0,2005,0,765,58,26,0,4589,1,0,2,862,24,444,64,3708,1,2,0,0,0,0,0,31,2
223,13,2624,11,3330,4,830,27,1940,6,704,23,32,1,4284,0,0,0,967,0,474,76,3350,0,0,2,0,0,0,1,33,3
223,17,2742,17,3397,7,880,13,2011,14,666,0,29,0,4462,1,3,0,868,0,607,90,3408,0,0,6,0,0,0,0,27,2
219,22,2698,3,3492,12,891,28,2088,18,624,3,46,4,4765,4,7,1,850,22,446,94,3672,2,0,5,0,3,0,3,22,5
212,22,2682,10,3503,3,886,7,1961,12,715,0,48,3,4354,1,2,0,865,64,423,61,3586,12,1,1,0,2,1,5,58,4
220,12,2636,41,3313,11,897,5,1999,10,683,0,44,12,4586,2,0,0,806,84,334,0,3559,0,0,0,1,1,0,0,44,3
213,4,2619,1,3362,1,860,0,1953,10,643,0,37,2,4465,3,2,0,883,72,500,0,3402,1,0,0,0,3,0,0,32,37
226,13,2511,1,3304,1,867,1,1868,12,625,0,53,0,4094,0,1,3,931,81,443,5,3167,0,1,0,0,2,0,11,24,44
215,23,2637,3,3119,0,835,1,1876,6,705,0,29,0,4120,0,0,0,918,74,526,10,3195,0,0,0,0,4,0,4,25,29
237,29,2501,1,3445,3,863,1,2011,15,651,3,35,3,4578,1,1,1,626,90,542,9,3353,0,0,0,0,0,0,0,15,25
227,44,2565,9,3587,1,907,1,2093,0,621,9,42,0,4589,6,2,0,870,106,467,11,3709,0,1,2,0,0,1,3,31,20
218,47,2652,15,3404,0,896,1,1931,0,679,15,50,0,4368,0,1,1,766,134,493,11,3639,0,0,0,0,0,4,3,20,4
225,18,2600,39,3307,1,832,0,2052,0,647,11,42,0,4809,1,0,0,814,83,415,7,4034,0,0,0,0,0,1,1,36,1
215,44,2824,37,3450,0,884,0,1936,0,723,6,35,1,4440,0,2,4,814,92,444,12,3461,0,4,0,0,0,0,1,22,1
226,28,2585,6,3147,1,833,2,1966,4,659,17,30,3,4197,1,3,20,958,120,586,7,3396,4,2,0,1,1,0,3,15,3
236,7,2477,0,3281,0,856,0,1947,0,663,2,44,4,4409,2,0,30,896,78,437,6,3316,32,0,3,0,0,0,1,22,0
224,13,2690,3,3471,0,910,1,2006,3,648,0,41,0,4437,0,1,6,879,61,453,5,3517,23,1,9,0,24,2,1,29,1
230,5,2861,5,3410,0,901,0,1950,0,725,0,40,0,4204,0,4,0,1027,72,463,3,3409,19,0,15,0,29,0,9,36,9
233,31,2703,35,3514,5,899,4,2071,1,694,0,25,0,4571,0,0,0,1137,87,423,12,3418,0,0,0,0,12,0,1,15,3
235,13,2788,0,3515,15,857,11,2013,1,639,0,35,0,4706,0,0,0,893,57,343,54,3762,12,0,1,0,7,0,0,9,0
239,7,2787,0,3459,0,888,0,1958,11,710,13,42,0,4208,0,1,3,777,0,404,0,3379,3,0,39,1,67,0,2,26,1
239,25,2737,29,3343,0,881,0,2021,10,713,10,32,0,4522,1,0,0,968,0,523,0,3613,0,0,0,1,101,0,0,14,14
237,52,2655,17,3379,1,838,0,1902,15,719,7,38,4,4181,3,2,1,825,0,572,1,3217,0,0,0,0,121,0,1,4,2
227,43,2536,11,3490,0,909,0,1966,19,642,4,40,0,4477,0,2,2,560,0,394,9,3602,2,0,0,0,106,1,2,33,1
227,17,2489,5,3112,11,802,0,1839,42,599,13,37,4,4364,0,13,0,758,1,492,2,3460,11,0,5,0,55,0,0,32,3
234,14,2651,24,3394,16,896,17,1974,43,677,3,48,5,4089,4,5,0,813,2,450,13,3447,0,2,4,1,0,4,5,13,36
237,19,2670,11,3416,1,888,0,1990,100,690,0,39,0,4522,6,0,0,868,1,516,0,3660,0,1,12,0,2,4,0,25,31
224,34,2543,24,3299,2,842,0,2036,115,642,10,33,2,4420,3,4,0,1113,1,391,0,3149,0,2,16,3,5,4,0,24,3
231,14,2649,3,3435,0,874,0,1973,75,641,48,24,7,4634,0,1,0,919,0,576,0,3603,0,0,16,0,5,0,0,7,2
233,11,2709,0,3271,0,843,0,1961,63,721,43,17,0,4551,1,1,0,830,0,563,0,3859,0,0,9,0,8,1,1,12,2
236,12,2646,4,3165,0,819,1,1994,82,639,40,35,8,4667,4,0,1,793,0,464,0,3819,0,0,0,0,11,0,3,36,4
233,11,2526,8,3292,3,827,0,1993,79,675,57,36,10,4352,0,1,6,856,0,504,0,3743,0,0,0,0,0,0,0,18,4
238,3,2909,0,3570,2,889,9,2137,99,781,40,34,10,4614,8,0,2,772,0,411,0,3141,0,0,0,3,0,0,0,17,2
238,9,2802,0,3499,0,876,6,1889,83,749,10,28,1,4377,10,0,8,976,0,521,0,3329,0,0,0,2,0,0,41,13,4
233,23,2603,2,3437,0,875,7,2003,87,609,6,31,4,4312,2,2,1,1097,7,450,0,3130,2,0,0,1,1,0,30,15,2
224,53,2660,22,3394,0,864,1,2026,0,640,6,28,0,4639,6,0,9,989,0,474,0,3760,3,0,1,1,0,0,113,25,5
230,36,2754,24,3442,1,856,0,1924,0,703,0,33,0,4636,10,0,7,822,4,358,0,3771,1,0,1,1,0,0,120,2,11
244,21,2649,35,3494,16,885,0,2054,0,711,0,37,1,4556,0,0,8,717,7,502,7,3735,0,0,1,1,2,0,101,7,8
222,16,2639,12,3358,33,918,1,1992,0,608,0,50,0,4504,0,4,0,784,8,303,7,4070,1,0,0,0,6,0,78,41,9
241,33,2583,29,3222,31,860,0,2016,0,670,0,57,0,4550,1,1,0,944,12,458,13,3524,0,0,0,2,0,1,36,22,3
