1052290,88567550,135277455,195942,144662947,5827167,68658402,181497,120482331,10090,58308126,89170,2137108,16622,191833337,0,3343634,126258,78122040,0,77462945,28461,132720307,74177,742072,156795,10378558,192651,10746961,0,48302472,251439357
582976,103204621,143806837,283801,163341477,12935,79040759,202030,126513012,21590,62544056,78041,6765934,0,208580648,0,3458958,44750,82606811,0,110969254,0,151259837,60809,586335,200613,1699252,20229,816605,0,21064436,11708584
565549,74309329,155441548,213687,170675548,83089,81010939,243652,128509868,22598,67621434,106110,4546925,11474,221925757,0,1977747,120744,79869806,0,94035627,147805,161886601,183840,424046,401030,371112,278661,306921,0,31391954,1832626
437693,78084111,152851245,187991,175798873,16283,82542008,213234,132122546,87259,66763347,179894,4791775,11909,220655922,0,2200272,45864,79480080,0,75762660,0,158002146,160439,543778,227101,246263,217062,965725,20703,18798727,34297326
527111,90849768,154244312,222744,174128398,16936,82746276,160023,125667665,0,67158464,326679,4740925,42760,222289327,8054222,1811023,100382,80315785,23624,76789209,0,157961823,91975,319617,243148,213728,37796,13692,0,16552337,12436239
2880689,90136867,156428625,173338,178103685,7678,80760131,61052,134389057,0,69196867,659100,8720817,0,207915173,91581,1934028,36272,79846753,0,78654178,0,160804239,19912,302702,214341,434880,17192,9243,0,20491095,21365929
468135,77028050,149321343,208855,172457165,2638,81960940,141638,134646128,0,65574851,73792,2999698,22399,237762716,148235,1839835,24748,80911077,0,76312787,0,163660613,74937,8163721,130125,391369,74087,89767,0,23265046,12255243
438610,84203474,155995936,222172,172198001,6933,81107088,105176,129464304,18347,69339595,82612,2047187,6716,211141927,298422,3969389,370146,76998894,0,81691580,0,146756682,239716,9449001,50504,304823,131503,514756,0,15223605,26507355
6464083,85070978,152191892,914193,178147606,3250262,82032724,2003020,134897643,52269,66004810,167310,4688402,1407260,216892392,194702,3388026,156039,82975981,0,79763261,13680,150559551,87531,8420695,192291,355486,66166,413199,129684,18367055,20951092
2005904,101637856,153980482,232063,172884299,74791,81192731,148941,132241990,0,66914008,114061,4813745,14857855,216306912,0,2128900,16787,80259848,0,79506822,0,150260122,35103,8219397,240340,1651975,112406,0,0,26118399,46847107
497994,75930750,153293122,171124,167545166,27385,77683280,133507,132541918,64248,68517480,180291,2811118,62558,212173125,0,2164622,288436,77448536,0,84152141,23604,151795847,149124,12083119,345145,781608,101729,159868,0,18340839,11583418
649851,74611311,160799327,237842,178910828,36676,82199739,117244,138015615,0,69018721,109361,7448927,4699,213551475,0,1990889,79491,83583112,4324,80099413,34070,142873297,346179,12139091,3275,268958,578598,144265,6005,16880189,20304274
874971,84243074,159789364,182978,174922997,5182,79777475,68467,133657688,8295,66853913,145367,3535098,0,219484146,30530,2066956,70898,77982811,0,83331379,0,153992619,98667,248554,64998,840348,553086,265820,88519,22812287,5428502
1281721,72210820,158429729,161361,178026237,35003,81413562,204264,131809582,4032,73698483,177078,3998730,3047,224454927,0,1752894,117068,79800467,0,80108709,15286,153571846,97447,12129506,116960,525581,108365,133960,162922,17228301,43385742
815288,66226726,157185774,223592,179719816,10437,82535538,562157,134897636,64933,66665686,34539,3623247,0,220901322,0,2144053,103904,79301105,0,76912564,0,150784073,16985,1118942,19606,491434,165069,119399,0,17389208,22770940
4722912,74572128,155705567,215411,168107304,4389,79916275,198542,130495805,61790,71226940,126403,5349410,0,214336379,0,1805509,243745,78526849,0,76742183,0,149255975,38155,686428,132663,1347029,180154,1220593,0,20576398,10096060
2679937,99390312,158309457,214363,168034918,27511,78847736,73035,135310246,14061,68889838,104758,5332666,0,214822587,5041,2111790,547665,80065516,0,80140853,0,144395882,542236,169043,84013,677892,76877,249175,0,17319583,52456858
723548,84119291,153714612,166894,180092181,24462,82156374,191062,131877556,0,65994671,30503,2890091,0,210880637,29800,5029053,749113,80634671,26522,78485384,0,147337307,725848,65622,60604,362741,394347,1040282,0,14421014,1444087
3239631,92259988,153204960,1249144,176188909,1605795,79841073,693455,133916327,1009,65089111,136078,4653592,76219,217800315,942535,2010379,1434845,83722562,711741,79122005,521273,150562800,132383,174382,152921,4084244,612470,70911,5514576,15680320,35855135
956272,84171407,164841148,220090,169639493,2261,80721282,125086,129279769,14167,72605843,182859,5709028,17426,217630843,0,2065385,684303,78962567,0,83039166,0,148764745,183542,211720,265207,319706,282253,91848,87451,43124408,677463
10108151,88684752,164668778,227718,176221992,7010365,83456509,159256,133607941,0,72018230,89839,3198573,314539,210120822,0,3141849,306799,79367226,18618,82403268,8438,144566681,123901,496085,183654,737719,293902,255952,313660,16448486,20935036
1051277,75767184,158171990,177473,174301392,9919506,81579413,90220,128570345,94858,68153745,94883,4281995,0,225431436,22706,5655854,296244,77383575,0,81514611,0,152934890,209876,51841,138588,231999,247151,114652,376921,16745268,12938574
1401983,72881356,150473614,939611,177303252,41359,81687114,13104752,136059008,0,61284708,191514,5975904,11293,223449659,147525,2221067,190810,79526652,0,75675893,31031,151851856,298541,366221,125174,510791,125849,234442,184147,34373528,12205102
428621,81609712,154653554,229637,176075383,63632,80826363,123406,135161111,4020,67848149,141172,5710471,17114,204134013,0,1844462,81935,80262066,0,78487019,5639,140329639,111846,262262,23235,283451,175342,448539,141124,18530122,33474422
578432,74188967,153488182,185502,177088696,5657,79007305,12165480,133275316,32132,66149950,381100,4261582,17405,219181581,3385,1827563,180762,77849871,5082,77464180,15382,156809810,84442,334997,251117,582404,5714,0,0,16175511,1079439
1960286,79558380,160229491,206002,173541111,38755,79813216,173780,130497207,4072,68969765,67971,3908054,157329,222545918,0,2045013,163424,78478133,0,80379640,0,160486748,197640,319980,109200,737429,186226,5463,0,25906109,48203281
1388240,79590861,151978639,175282,165870719,11662,77799904,176220,128475309,12073589,69759529,154859,6450812,105547,212205985,103628,1902034,43562,77854395,0,77312396,19645,151146281,151444,232545,219973,1590594,215750,230754,0,19473532,842787
989633,66558970,162146411,197369,178863812,5227,83264578,95890,131110535,54280,72455662,83335,4121179,0,207605838,43127,4692486,551099,81700115,67688,81324412,0,140125112,121755,1411261,114061,286118,233737,202115,0,18238300,44317546
14741754,88742691,161465276,275068,178322568,0,83135655,500346,134010361,855474,67324562,117542,3877262,0,217784108,0,1974749,70535,82567932,239333,80204404,42779,146877827,33620,236546,132959,523684,1414544,179065,0,30393227,18936869
927113,95412062,161768099,205781,176454940,6376,82041833,112844,136228988,0,71534039,163356,4145664,0,219902282,16676,1874728,171051,81159248,289102,78331668,0,152770148,7759402,697802,121082,4110717,199931,86722,0,22097793,4630007
3165503,73082492,163898772,179972,175549508,17507,81735510,183522,130277960,1842,72228277,56371,12129569,0,220446438,0,2187496,248208,79383877,98800,80316410,0,150687524,48978,453899,54684,1162708,85718,3000654,0,16432166,25644821
870417,69088862,157032827,198080,172915316,51373,80933483,111550,128250192,4415,71114927,40784,5178446,0,225938776,0,2097794,12601382,77903517,168812,80016913,0,158297523,243446,433547,128808,912126,155428,252164,0,13398445,640853
700019,86019425,158451643,206684,171097111,57720,80769802,153663,135570355,9607069,68397819,65490,3644650,11765,221402169,0,2135278,114559,82038902,179813,81281131,146058,154278596,38310,95300,76303,348402,169968,343345,0,28614877,32028328
590483,74625351,155834205,252170,175376863,4187,82370731,190451,137277667,11695040,68039170,86332,2795425,0,216700177,3033,2074794,77813,78836191,24805,79272587,234404,149713935,47558,348543,57928,290909,243967,358862,0,12629502,11496427
1090579,76260647,158245033,195867,178791667,1114,80914506,105589,127841780,2142,69958728,77748,2426396,0,213457601,4957,1855776,102152,77822762,207448,78038359,191781,151719614,153107,417925,79292,1679557,51206,178587,46037,17036029,24155031
961367,90869937,156360163,193555,173535717,21352,80753231,144511,134608730,5048,69673869,69607,3473909,4070,225408431,5070,1828422,83072,80543166,0,80562043,203496,157630420,8580,159620,130984,217798,151715,54830,14099,13385640,29954765
595149,86261952,155887661,190557,171370730,0,80823697,63862,136359776,2369,67646995,109854,5130047,3171,219246190,0,2010118,0,80421106,70599,79022253,224654,153227457,45043,92562,195235,402857,43185,227020,2945,17986085,783948
857065,67523556,156273229,176836,174201794,2924,81067288,158311,137273265,0,70957138,88710,3749633,0,217949772,0,4026710,90359,84017791,344533,80184558,152706,153334430,59999,2314115,70350,194181,108580,4681434,19901,13066039,22287934
2040934,85869789,151718529,4364994,173346958,1459095,83382009,231398,128924544,10619,66246616,3516941,3187771,0,225197256,226952,2942018,156643,81433212,76419,80833119,1187323,158475025,1904473,1883735,224799,4552062,147372,1924216,12133,14004379,6300579
414782,82883805,150777222,181239,176242098,38250,81345517,180915,134367902,8792239,65195176,89764,5451588,1988,227545531,5006,1974696,243131,81277051,12007416,75509296,0,155117800,190875,377724,632743,2035702,112724,38871,9310,29139459,29274847
1289479,79961233,164259599,209744,172767746,0,80406422,80669,133190924,0,73762983,7800048,3214615,19575,214704697,11558,2144069,389175,79144506,1345,82159602,0,149598122,159452,589649,676658,531363,149840,155584,2578,16176546,19744509
663727,84341342,157647017,197208,173926962,4367,81022475,114047,132824431,2806,70040019,79957,5322313,27037,215096368,0,1715076,36696,78615398,0,79359785,5005,150133715,160828,646624,201083,110110,32457,54280,238830,15212266,13944977
1031193,82588055,151454674,225720,175020368,67404,82751425,68304,134064609,9128,63481069,132828,2440334,4791,227800017,317215,1916528,122706,83375632,0,78055733,0,158750406,34534,300051,108547,117820,197205,88391,150624,21933172,41711543
621215,81411506,154270820,171965,176802220,2986,82393770,340584,129128294,31776,65977321,145709,4482836,0,220450473,23946,1850066,778103,80199200,29964,80937671,5060,153409675,135005,1813204,70291,184668,64507,388346,0,11017069,2272916
8916010,88488632,155291584,207431,176101918,4868,81285553,167085,136289826,1219,66519890,124010,4017883,21668,221435585,206219,1955205,453151,80685583,0,75951737,0,157395894,101354,613198,135712,584544,212392,0,11221,18208336,18608450
936503,75833909,156073488,249705,175388028,118103,81910070,121126,135001401,0,66229672,85075,3947298,0,213534097,0,2223395,737766,79726441,16804,78419226,1719,151265204,49769,380484,192556,1470737,46190,1148240,0,14295826,11902170
909711,82027030,154327624,213493,177106280,0,82681352,174345,137353202,15366,64389410,94837,3490912,21171,222075353,4817,1967998,874039,80879344,3275,77889745,19003,153676342,27437,229385,53872,2638900,191675,353167,0,14498372,10553998
1745072,68549935,152614066,168674,181984562,12389,84609028,109600,135234224,5857,66115422,134945,2323397,0,213676365,0,4909821,70721,79661603,235567,77976384,172830,149395277,29552,150754,138879,225690,101109,200222,3376,16260770,22138546
10724753,84473073,155580763,1357187,174407506,818984,81731905,1715828,132972601,2131,68409399,177941,3866222,378894,226348775,101454,1830332,3762397,83556596,0,80820077,109211,159841531,685584,181508,90943,463549,953554,186179,18227,17158208,22018647
960393,91988759,154245980,205330,180700668,10209,83374097,183522,128146453,1651,68674869,164485,6797306,19341,211644490,0,2247287,8310,76928989,112648,77175265,203352,147393768,27419,2714634,199441,908569,205707,2514245,0,32189588,27716247
1881114,69813158,156540242,195715,169965762,1477,80127073,172113,129407368,14291,66801654,153459,597742,8458,220146851,0,1679475,328321,79678597,0,78836087,108469,161766673,95924,359612,72927,2968583,80178,110930,0,25976408,20963812
1705288,65526694,154976103,180366,180430868,25291,81861975,99306,133468459,11596,68429486,184473,5402901,4539,226778926,0,2044662,54994,77602435,22544,77885112,179946,151917015,119198,2267837,203807,1294953,183485,380159,24223,17770386,23322267
731301,96371562,153008486,212092,177804918,26880,81904839,113121,133202170,0,66218469,183282,5669336,0,216788865,5900,2324666,76125,80031293,0,77076078,214462,148602682,28515,270877,94332,2550450,112103,105251,0,27985093,8621971
1305151,82501037,149888562,167733,180830254,8890,83448361,164536,136114165,0,68606880,89003,7428516,0,211756095,7709,1947656,42647,80749593,4750,76764823,180380,144441332,52232,1517024,137737,3895633,59939,63518,0,17692877,16439876
1038293,67712512,162688060,210979,179751576,6693,81886779,98433,136388178,9463,72285149,64007,4675197,0,212488463,3185,1784013,238535,80576248,0,80848963,184951,150016783,227910,396886,68400,475641,141217,60015,0,16440047,21402093
814439,78819610,155734638,170784,175286357,0,80771652,77560,135358110,8169,70056608,129745,4280238,18915,222407196,0,1566885,279360,81775947,24648,78081156,0,154700420,287748,387474,322408,4938135,20656,303225,8885,14294696,15058676
836923,81005107,154445963,202416,173089813,4279,80525035,155119,135874732,11810,66707646,107823,4610671,0,221790598,17686,2009331,103545,82944389,0,77758832,36945,154193404,44494,586170,185896,282509,46480,91595,4644,13648833,19735100
1229874,99066446,152147033,191849,177414059,38618,82163181,180252,137423445,3509,69841125,236959,6698112,0,219286270,3566,5979064,161738,83811582,1416,77258913,0,152644651,99516,393801,166962,536245,171326,335138,10239,20143376,15392923
1885894,92359504,151492075,2809726,173914497,392995,81577125,10850459,136559421,1370986,73287858,215813,4624986,1177949,216917531,145287,8164678,8650521,81938598,584190,79504194,14940,152602407,1050112,407004,226345,319193,637100,1622281,874537,13938638,11477990
