35742633,1573362,623000772,1970308,607175396,1470816,408724210,10205096,519518452,283294639,290237382,36541101,50701533,207459084,701599874,73735960,85498188,544460371,272722172,194685327,281449392,175133554,465753352,1369598,22008155,1698331,76719230,10199235,67681094,617586,196970722,241332805
37794318,1249726,647591396,1142030,683404176,1103546,411058965,2005212,546817424,112785315,300485370,11960244,34277516,1402271,741944055,76370915,119950055,806259061,323691522,269512844,288254931,221166530,542361770,39815069,12792889,169642118,27396030,1311621,19637147,19230,64494174,91364611
23776634,101034373,677751685,1284195,662022263,1077116,410451069,1933384,520995295,164515,313973660,3265907,55666045,1606019,727152770,44696173,98582137,797430529,314037627,201054269,309487732,108505285,560702283,16578127,22698942,40347175,13852123,272919683,17676032,229383261,69410043,65669314
25816984,244494963,670269189,1304654,694654012,1150329,426764905,2178408,566024626,209575,294353177,2643224,36301555,1676374,712104253,79540058,117265568,796424612,340088149,301385235,290226267,1152391,550625751,1152574,19944735,0,15798434,2500962,17904300,375015034,76140587,71255291
43380865,101775823,646587450,25611727,707016166,12663907,414611591,10665232,557033868,25609700,296572357,21338123,51192249,17634958,750705922,121169380,110010173,410553150,326713185,241107542,286282942,75052997,569469325,32867617,41774150,13202642,44731568,325389372,20150329,578745458,75099849,63491163
27482647,1276806,648924267,1252567,709243484,1284499,426598065,2139795,545832879,171718,273953946,1591055,28079732,2199344,750589315,1601745,85889810,272189340,330265217,104212109,283570705,206036160,565968389,53801793,27851942,1120933,14260823,346312884,27203884,807622408,51470725,69085676
31149637,26939062,667828600,1173450,690806817,1119284,427867532,2463291,554635887,362192,311416568,1259995,24110642,2232521,736420111,1411658,117399248,243908219,322869878,135727367,299127068,8427974,555630110,199704415,11182640,812176,30721205,335463633,12143784,807492916,42417324,60727244
24949018,2395187,669523006,85590787,725271294,10523744,416667463,227414897,585953620,24824593,296312566,1387404,35398731,2727325,722795278,1411044,123270109,224841,324745152,107568719,302221735,292421836,532330469,147661996,21070009,93487101,17317436,1225776,21021892,833154309,41094372,60897556
26060640,1342993,682486213,1274716,691503269,1269165,408184150,274195384,549390226,115247213,303061812,4565329,36454000,2624809,748813983,1522885,92277298,44665,322704640,2220146,305453785,175874469,560776599,134772629,12699067,241858870,38225749,1146575,12975563,807961249,42944716,66966989
28847245,49496819,639320874,84302068,690263870,2393420,415716519,2104852,546911970,319981655,288569207,32376376,38744719,2623682,732457996,2615435,120713201,1360621,328076874,2301090,282203079,143994093,564351199,153940065,13909793,58030367,25881140,63159984,13562546,794720744,65011863,61398641
34288961,1405409,669758017,96679396,697203614,4409927,435617876,113575462,554486674,232678003,300296161,60953023,35960857,181874753,770159792,1813734,78549814,2013886,319202288,2706067,292946596,112166187,591679995,197392955,25230486,324989,25336409,1211299,13869124,813059294,53921434,70184613
22437509,1529078,655529561,1647580,699248768,1288788,428690627,235281997,566696404,90760731,302055104,7463306,27739684,48756496,723464860,92731060,132751602,199602376,321244122,2286585,295285116,142574580,547911652,165533047,16893768,4923626,40349967,1742351,14488937,818939727,43425427,60696297
32224129,1282918,687633797,1388526,693629952,1735730,413766041,1342977,532202309,250460823,318000148,41700801,20998120,1776456,746587526,2099501,96073556,341835536,299804581,2883443,299700358,65577794,557153347,1519530,13928832,239240643,10817336,1785200,13950632,815706185,49366400,57419868
26325557,1357439,648281203,1235493,713395342,1232025,408844618,1230847,546565238,255066785,296485140,35685261,37031254,1614979,755658568,1114552,125801673,442659624,333975662,2681911,285221650,2362174,582120112,1530266,13444417,301078793,39304787,1254816,15879081,787542053,68272118,64537674
47488702,11941843,638600599,33064634,680354070,13947511,406837394,24421536,554693932,218198554,291287677,47989712,52007318,21715923,724469395,24847898,91272711,292540274,321067639,14685431,296273628,28023590,546240907,14616722,24606669,195514906,30209474,109401566,21701106,808474313,71972515,70436618
43784003,1694967,626986733,1315912,673948019,1591620,407649273,1282212,523777265,275959246,285406217,57058669,42137079,2121732,731386696,18368281,79476886,294295544,326078331,1951581,291502027,2431830,569799497,2918865,23608243,291826456,14687310,1541934,29569034,784331249,71643300,69993271
39638497,33493492,656120687,1359934,688784009,1230870,420980528,1249014,550624857,209512144,302739073,47420543,34748552,2278144,738718994,6435385,157214328,425990709,328472679,443546,291050536,1513569,556576193,2611250,12911462,255469945,30595271,22683540,12194661,814182170,47725114,66844695
29958072,17674066,652741850,1531428,706273570,1199372,422624492,1197401,561389141,178818624,292861146,59280301,35417510,1888455,742662985,9632824,107431620,428159669,338269793,518005,286586474,2454242,564001640,2947262,14635382,642680,12488671,143821974,21437624,773792640,42790900,194489391
21785201,16471986,670560550,197071202,699870252,1365319,426795051,1173014,560075425,222539621,306626341,46687240,19484047,1621132,746740503,4312736,86896994,432097006,305328456,123180,293690923,1470069,566258636,2211963,15462005,95273,26162107,1280542,32393827,799646671,47663128,157836798
25595031,17674612,657517897,196558834,708516450,88589021,431517392,1921065,560791010,286913391,288715728,67968050,40534014,2017267,776255605,22699509,154866554,24072226,325533443,237082264,285742069,2260751,597754693,4758992,13811200,856983,22891413,2204364,12796133,830596226,59459721,64177010
23633859,17230896,658735320,1654846,690730270,178352158,417850345,1571868,551554206,302133901,300551322,136089954,23489108,4995647,745652501,4776903,83354656,1091815,326388056,237628252,291343133,1653912,550880600,2707837,15985105,141976,30080004,1358344,30153059,806408869,86793763,65993539
25836269,16640985,666912375,1390999,680857472,1361796,405431774,1156697,565419481,276828148,303847084,239617926,37868428,115643741,745386615,17022731,75580978,774980,323148721,314734798,297984294,1534239,542788982,2357134,16506881,180106,33792327,1380072,24742332,804732441,69559105,57985738
31879309,18429515,660322471,2299923,689647332,1370682,400992732,1647182,550864125,48770686,303752170,145663120,30751142,161411605,708579291,50691431,97950219,195890604,306844584,382729440,288633477,2545922,530838991,2842936,12625094,756507,28785147,2293008,16165507,806639836,45421023,71133658
20657635,15675539,670208911,12382023,672864151,2627992,409256907,1382936,530565479,58018,325491891,209940143,26461608,97485682,726590423,74105903,97665117,248367940,308236080,315697766,301884319,22330637,542404605,1828873,13382744,274167,14848417,1104645,16220674,811584497,75661656,64294552
34659886,60608593,672399046,26679467,717908256,34582906,415014035,20076646,561765284,13880944,287034975,148836283,35512602,176576091,725294224,16163150,164560645,158962423,329821518,280852513,292058324,114375868,547885611,385676112,29169844,19561164,23549102,203596566,35441637,392820708,58085886,65425412
30018456,15830317,637706523,13473261,705455653,1300639,405978256,3687388,552601817,105832,289877287,1117041,32935098,239326241,737660556,63005995,87380640,18457,304476627,291887049,277921975,23470759,554551867,344118894,13513332,464457515,31589051,283090263,12835215,20177867,59934191,63494027
25097261,15610307,618335606,13371383,688772132,1460933,398161501,2107340,540264296,3019003,278729547,1157413,24628269,144271254,723898717,154024661,99979653,0,324228418,281255057,281680617,22429433,555065660,3095094,13125585,795703914,12062331,1935049,26151542,335273982,49405804,53048780
28066470,72601201,656479020,131612141,669435240,11125389,399786425,1157137,528317591,1656283,293139199,1896072,31769192,9074484,728750050,268643484,86028709,24837140,309973973,325916433,284932680,38875541,547856265,4468006,26058406,75868554,12020215,18696481,10039661,741748436,55225699,73738996
32191939,15490225,657528144,135215195,709224232,122589316,435612597,23783711,549924036,3242186,290813735,2229124,30081004,1121703,718838967,12368335,100594480,295103617,316314988,302880579,288578832,60343940,525747110,4005598,27469437,774630,16405688,1830409,13230351,813366511,43228552,57622552
26542146,13732689,663542903,1287317,693737675,1227719,419150265,229762332,563172681,18976999,308042581,12138751,19879449,4609325,727861464,1845709,95963024,305205036,318550262,306779244,293287334,10360111,550506040,12711888,14387471,62611519,21165007,2108510,16464047,826592313,40624154,65866573
23919664,13733068,663852501,1243836,695943534,1268673,403055939,357085770,548492100,405269,309544183,12228894,21543647,2910157,764382843,2180041,199469967,299721167,322638463,199631271,297838333,1280926,594823972,5998582,16663405,84807665,12018307,2041052,14951423,809595144,38853535,63916414
27089765,12406026,650143601,1258697,685089520,1276334,432494264,193562164,540916343,103677945,293854924,43388813,25780127,2822694,746548391,239858646,77237173,64629321,322816301,228576554,285499651,1419887,582444119,4019918,13219945,11652040,15605801,1777172,29076021,813134761,65162922,51681932
22051470,17680245,660829412,5584750,687210588,9834629,400892655,1197694,529035166,219635,303183175,89000473,17917685,154365580,739767705,128373793,81735855,36733435,304292413,266217103,298702303,173946293,537497900,5407051,12725831,65852534,34067735,1900666,13722479,802650722,71850122,70889985
20665278,17965502,639535432,1150053,691010442,15326119,416786793,2913005,561689575,2879660,276530275,1208524,23092304,1133935,737280514,326494724,84113971,73717183,327009534,190820461,284574177,161138261,553620742,51788054,31977225,118720971,15189319,3172704,13237541,807086296,52877306,52113632
51278179,168701899,654359908,124394884,713074802,266968351,427032607,99624956,551850570,20974599,301435302,12893774,32424477,25718653,727265951,48528923,85427374,100104691,327751570,40100636,291954374,147812720,548800279,160949090,32528090,114896828,22041892,83114707,36762571,565639159,90465080,88328285
40376660,93992548,666508491,239796270,700925650,118667859,438744771,339468412,557093806,540749914,290152844,141327234,14709758,1883420,743480201,4914609,76962908,2441522,329863345,308942,294938229,1428537,552133526,5254332,13126094,93256418,13850737,2032368,16138608,273931326,44721974,70165163
41928765,85347336,656488828,2725974,701682330,235738038,412786143,34851100,569953637,801125521,300865147,87986392,32345379,273879769,765678209,8914593,191029547,3043180,310828361,542151,281278717,1388850,577452046,6540147,13393734,31051451,18683740,2509331,22442278,238728518,60087047,66156693
27381611,17627202,669914308,2481294,685420205,76489301,429547360,192519644,553455713,842895428,308524956,247005104,36885071,15319265,736059851,3350848,126371494,3143591,320163062,469737,291467629,1308014,543661820,5192257,12611755,90087579,12930772,2233353,17638466,308327806,47933872,58880324
39888790,13186783,675022437,1599818,708003267,1250789,434181756,78572837,562369398,830238137,298901456,233592400,13257982,7687211,746870124,169770399,89651692,73662852,332787335,22404720,297982012,1228148,564484689,4742317,12869037,54854407,12900713,2199129,14499059,296391408,43067357,80657235
34402913,18093561,655732471,1317472,684480742,3149368,408431747,2177035,538462776,808381372,301294816,188011849,33182116,1370616,724924675,15854302,92792281,6891860,304460507,360571676,283377248,1371749,548194721,4916117,12637555,49175085,28291490,1934747,13398277,158779758,65177137,184520110
26404209,48457097,660648554,1642063,702862402,1587087,422229603,1667668,557636026,791154441,311142736,41238485,34036968,210311177,744625122,12524185,113909724,4520319,299068617,397160123,283511563,2492647,559501608,2289360,13476161,35475526,14428998,1830239,14168616,272825840,56422646,62886031
46702051,76432440,684472765,211283643,695147798,1441417,431303741,2144232,551169081,825353473,318262580,2126581,20959732,61493140,747250971,137513098,84220197,87671558,315486639,321704867,297826573,3129825,568383077,2849488,13433819,52425025,14411592,2135191,11457793,39551585,53775134,67357751
43785161,14620450,665679906,7985636,714505708,2046638,423298998,2391798,555197235,828855059,285978945,1584874,28975234,1442573,734866384,12084304,289960357,291178900,319968456,270422944,281313610,2915693,547552654,1442341,13270967,56536412,10888822,2340922,13224624,302509012,52874933,53981586
40586467,15447341,655810467,39910504,707393642,1952862,415249424,2367608,531810886,809392666,300608255,1145599,21142148,1281949,743568315,12392457,91219276,266888697,307803937,348765589,295702766,3932471,551406345,1376893,15373289,54100195,9143029,1618845,15991511,270852240,61483687,77280504
53039420,53427171,629816330,127369968,687466182,34995498,421469886,15920823,542753309,462082654,285087468,29342833,35798677,13366156,725849504,19506421,100144066,198618655,312050485,166815203,279048450,49541771,550811362,96197723,34778481,135106111,40461524,337630467,28596202,300508878,48357957,70783195
31890883,30773565,658421435,182895392,686057216,2332013,406598532,2582582,536240531,550544,300236613,1212554,18667267,1476441,756542713,1615217,86631781,107581889,319677988,13228667,288792869,120353388,577011298,2502118,28787424,340904081,14739142,420702921,12725406,520096283,47297591,62854505
29745567,76564030,679690117,184004138,717354149,1923727,437613538,3181886,562530995,5937101,311642297,2339283,17687831,4453327,740053314,1807874,84473012,261120053,324130603,12089307,287580511,132131021,557096900,2428075,17265973,380201089,26721615,4100245,23442937,828036181,48514435,61575723
40743883,74471551,654594150,185212146,694149031,1481169,401890081,2349957,551787355,1953569,287232356,6033132,16945124,1630984,769304996,3080460,83960916,267022744,321503901,7729591,284159645,128990636,593970329,1951098,14216487,232454712,18417441,2372259,15626752,813811116,49602861,59657337
37358221,35231015,672689949,68166561,675994339,1706338,427322856,2685723,539850239,1707430,314735451,5713837,25835973,1279984,727941373,2813919,110737102,297248558,312587142,13499996,301955265,107498815,548306286,147382846,15899055,270027989,10629873,5363596,23703913,812416616,59793823,69127614
42568003,19285756,650162394,14897035,704782213,1491088,432399544,2364116,551280827,1592636,282003192,5775557,22974346,2856290,749485507,1448138,106596421,185883819,329053214,10971028,287979914,231678922,562665232,72006740,14623825,502476300,21325498,4016002,12631416,777235056,58360340,59710276
40892674,41428044,650228621,114491256,703862797,14002229,431033816,6184404,556147932,1751601,281535791,5659493,22840117,1637347,743044357,2493718,229430382,255667007,319936147,28039862,275400356,26767274,562696640,76480012,17056659,336047699,13726769,81478599,12752320,792652111,62152123,66043832
30243513,2281895,648607115,14493712,699722636,54299480,409512912,5832697,553463547,235304956,281371489,1967447,30928491,1347842,737607527,1604744,86478966,287243514,327910686,50687301,274631681,11614194,543088851,3885439,13737472,247890546,33608311,55370156,12375200,828806349,57814967,51467546
43887277,2653284,671426075,14762199,694783685,1173909,412828257,4693498,548722825,240935760,295464755,70964116,18664376,1399163,730165190,1161855,96563996,261605923,322982368,62047671,291360065,12192873,551283526,5018032,12914048,300038943,9353494,1402141,12582248,824620245,48771710,67448756
38130208,4193321,633206865,14668130,649547958,1428360,402528825,4230315,522080933,1281574,287990222,19905195,20601757,39713053,739015904,201185769,82328177,301399949,313077807,49666498,279284950,13524723,576102674,3901689,21561126,185696703,8967015,106632642,11927827,795789368,55231913,57187423
27041984,17439807,665286693,29149667,698497063,119478959,425580340,142685608,556056080,38165550,287722151,13127256,49103650,26809067,739508157,180431956,95142715,81863103,323890652,216802832,287189410,58357674,539186047,22544773,33896681,116231584,17747191,108712226,33495021,815528560,81106121,79800847
37488392,3080123,637748058,14790780,685950941,106171849,405093079,50840644,552220149,330272965,277424741,3262580,15742323,2700530,748723218,5829698,88964940,1475425,328513310,234074708,273161767,40488144,579803959,70750909,13048067,80558782,12575648,63801509,12072276,792269476,29898146,49885376
23737548,3431494,684587487,19150274,692738408,93011968,402558813,6669389,545630549,214404230,308497732,1941320,18271757,3637799,757195474,30967573,96054041,29073183,328940192,231384658,301638072,7080042,580267231,2675533,32307952,322738296,19245892,2114335,34295635,834423239,45698849,72265094
25676231,3253996,660782610,15684096,692098095,55758169,415481733,1278593,557649256,245426951,299555666,1468553,54081034,2633561,741703908,5913913,105706990,43951433,318973762,180032737,295404275,1474304,559502511,1443137,11040593,401880712,12948628,1309362,40407522,798874350,48021445,60361690
28887310,3310323,661592098,15399162,718693233,1191556,415124805,1335707,559282111,288012788,307531174,16783508,32932558,2369136,764224261,1169843,282738176,46804591,316426875,252615381,289940498,1439093,574542936,1509750,9886530,430278267,17526630,1136707,12737224,791837926,58510104,60714914
