397470199613,488983983606,571568183965,453684463236,594603019529,463712486386,521181685328,479504513963,547000937351,492262768341,518431772324,463823511968,422208600379,424437129168,564819791080,422287732470,413184215423,397487084393,543327432169,437003119383,471888736976,429587907641,533984392955,455093027461,431501223555,413652224819,407858702456,403601512444,428080134290,369718403700,414842404290,332278231332
397505942246,488985556968,572191184737,453686433544,595210194925,463713957202,521590409538,479514719059,547520455803,492546062980,518722009706,463860053069,422259301912,424644588252,565521390954,422361468430,413269713611,398031544764,543600154341,437197804710,472170186368,429763041195,534450146307,455094397059,431523231710,413653923150,407935421686,403611711679,428147815384,369719021286,415039375012,332519564137
397543736564,488986806694,572838776133,453687575574,595893599101,463715060748,522001468503,479516724271,548067273227,492658848295,519022495076,463872013313,422293579428,424645990523,566263335009,422437839345,413389663666,398837803825,543923845863,437467317554,472458441299,429984207725,534992508077,455134212128,431536024599,413823565268,407962817716,403613023300,428167452531,369719040516,415103869186,332610928748
397567513198,489087841067,573516527818,453688859769,596555621364,463716137864,522411919572,479518657655,548588268522,492659012810,519336468736,463875279220,422349245473,424647596542,566990487779,422482535518,413488245803,399635234354,544237883490,437668371823,472767929031,430092713010,535553210360,455150790255,431558723541,413863912443,407976669839,403885942983,428185128563,369948423777,415173279229,332676598062
397593330182,489332336030,574186797007,453690164423,597250275376,463717288193,522838684477,479520836063,549154293148,492659222385,519630821913,463877922444,422385547028,424649272916,567702592032,422562075576,413605511371,400431658966,544577971639,437969757058,473058155298,430093865401,536103836111,455151942829,431578668276,413863912443,407992468273,403888443945,428203032863,370323438811,415249419816,332747853353
397636711047,489434111853,574833384457,453715776150,597957291542,463729952100,523253296068,479531501295,549711327016,492684832085,519927394270,463899260567,422436739277,424666907874,568453297954,422683244956,413715521544,400842212116,544904684824,438210864600,473344438240,430168918398,536673305436,455184810446,431620442426,413877115085,408037199841,404213833317,428223183192,370902184269,415324519665,332811344516
397664193694,489435388659,575482308724,453717028717,598666535026,463731236599,523679894133,479533641090,550257159895,492685003803,520201348216,463900851622,422464819009,424669107218,569203887269,422684846701,413801411354,401114401456,545234950041,438315076709,473628008945,430374954558,537239273825,455238612239,431648294368,413878236018,408051460664,404560146201,428250387076,371709806677,415375990390,332880430192
397695343331,489462327721,576150137324,453718202167,599357341843,463732355883,524107761665,479536104381,550811795782,492685365995,520512764784,463902111617,422488929651,424671339739,569940307380,422686258359,413918810602,401358309675,545557819919,438450804076,473927136013,430383382532,537794903935,455438316654,431659477008,413879048194,408082181869,404895609834,428262530860,372517299593,415418407714,332941157436
397720292349,489464722908,576819660330,453803792954,600082613137,463742879627,524524429128,479763519278,551397749402,492710190588,520809077350,463903499021,422524328382,424674067064,570663102658,422687669403,414042080711,401358534516,545882565071,438558372795,474229357748,430675804368,538327234404,455585978650,431680547017,413972535295,408099499305,404896835610,428283552752,373350453902,415459502086,333002054992
397746352989,489466065901,577502146543,453805067670,600774116406,463744148792,524932613278,480037714662,551947139628,492825437801,521112139162,463908064350,422560782382,424676691873,571411916641,422689192288,414134358009,401358579181,546205269711,438560592941,474534811533,430851678837,538888011003,455720751279,431693246084,414214394165,408137725054,404897982185,428296528315,374158415151,415502446802,333069021981
397775200234,489515562720,578141467417,453889369738,601464380276,463746542212,525348329797,480039819514,552494051598,493145419456,521400708369,463940440726,422599527101,424679315555,572144374637,422691807723,414255071210,401359939802,546533346585,438562894031,474817014612,430995672930,539452362202,455874691344,431707155877,414272424532,408163606194,404961142169,428310090861,374953135895,415567458665,333130420622
397809489195,489516968129,578811225434,453986049134,602161583890,463750952139,525783947673,480153394976,553048538272,493378097459,521701004530,464001393749,422635487958,424861190308,572914534429,422693621457,414333621024,401361953688,546852548873,438565600098,475109961208,431107839117,540044042197,456072084299,431732386363,414272749521,408188942603,404962353468,428323959985,375766195189,415621380099,333200605235
397831926704,489518497207,579466754995,453987696714,602860832658,463752240927,526212638300,480388676973,553615234676,493468858190,522003059634,464008857055,422663227642,424909946804,573637999289,422786352517,414466372626,401561556064,547173792995,438567886683,475405246324,431250413697,540591953849,456237617346,431749280131,414277673147,408229292570,404964095819,428338448922,376585134916,415664805526,333261301532
397864150833,489519780125,580154388792,453989085240,603554462610,463753976657,526626404341,480390019950,554147436985,493719319013,522321059782,464050557856,422684225762,424911723260,574384586815,422788452018,414562446182,401903391600,547473597576,438570770126,475704946682,431315991491,541149107196,456239136876,431763208963,414516913790,408240109906,404965881019,428352399554,377400841101,415714171926,333318721400
397890476390,489521137564,580802669995,453990320733,604267857952,463755208682,527035248959,480391250797,554694002223,493974385798,522617544922,464086243117,422721257016,424913338239,575140245383,422789566570,414688247855,402346051224,547807573238,438573452037,475990168332,431318353665,541731227308,456240667142,431776653380,414817992583,408279414693,404967135835,428368278635,378188383154,415782444044,333383259074
397937965092,489533079407,581441270594,454023385367,604948212022,463769156193,527442086353,480415672333,555248696155,494192584352,522908832599,464134232829,422773264334,424935054162,575864714778,422814414468,414779520566,402638591498,548128640877,438588137468,476286441960,431346377255,542277468215,456255283864,431801260049,415013507489,408309624167,405076537401,428389979741,378996857467,415854416559,333453695692
397981749095,489534774374,582068257327,454024701279,605622160041,463770747813,527849735626,480416954545,555772473420,494468543598,523194238816,464191291498,422815401413,424937175894,576596101474,422832782749,414858997452,402932887042,548454719208,438590089049,476577943987,431348809085,542847267712,456258202729,431824868292,415305333945,408324311477,405078079335,428419548775,379781188716,415926059859,333523688963
398021387592,489568267866,582724378014,454026061213,606310944050,463771978683,528270716154,480418203559,556323098277,494678055742,523496977889,464238712041,422850149965,424939454038,577334820468,422839218134,415016211780,403358877751,548783191887,438590532595,476868994523,431350322654,543403843905,456260813979,431837779754,415560803890,408354906748,405100762875,428431743436,380595370886,415973784973,333590533658
398051345664,489585941932,583377119864,454027592641,607017217620,463773178055,528693340646,480419400960,556884487418,494856874366,523789839035,464297992342,422885567475,424941342493,578077483453,422848850958,415123643400,403787037420,549121461680,438591050600,477155580997,431352776896,543967845545,456263761241,431852415136,415561446570,408367395419,405244584849,428453181060,381369163526,416016575873,333785023049
398073130865,489602413918,584047680414,454224663843,607717087872,463774543374,529120135697,480420573974,557444562843,495079413987,524096465376,464344679582,422905051522,424942963625,578824223956,422853163694,415210540394,404219134426,549426790136,438591173780,477449271920,431354246965,544534104181,456265973204,431867877141,415561541843,408393557526,405245865391,428485574887,382168810197,416064239001,333942859847
398098725896,489620088530,584705198311,454421222677,608425604322,463863132395,529551653089,480422495039,558005353853,495366327378,524385181104,464412647632,422945585536,424944980892,579600479561,422875863203,415365406948,404243206652,549752323579,438828256044,477735013989,431356507716,545131858874,456270732196,431881688341,415562398826,408416448939,405248069755,428498371020,382999406423,416123698722,334007036857
398122359755,489637319426,585363933631,454422877523,609116334592,464041484553,529969503434,480424066907,558556908059,495668461279,524685732426,464548737586,422969074644,424949976539,580346132062,422880640106,415448761604,404244298467,550078711635,439065884296,478026357122,431358161628,545682739474,456273440033,431897673446,415562540802,408446528943,405249428099,428528524079,383805815292,416210492485,334073030396
398148196024,489653960411,586030846006,454424268522,609797192064,464042846349,530374935208,480425223604,559122327540,495945289427,524989579510,464788355512,423006943072,425065620280,581091518677,422897662837,415524342582,404245073447,550401860356,439380619094,478324341416,431359695867,546225528456,456275797167,431914180327,415562720908,408480321270,405250808171,428553266411,384610547733,416280051590,334131016134
398180075333,489672389926,586691168477,454426568445,610486839396,464044217031,530775927940,480426870786,559673191665,495994060113,525293331680,464934018632,423037694214,425227031885,581800097968,422948354268,415622292801,404440964051,550708704940,439763348534,478612974893,431362241789,546756367447,456278640103,431926805421,415563477415,408509106417,405253101179,428569431918,385417187569,416325472613,334202149792
398200732968,489688065465,587361377388,454438950468,611159703547,464046845023,531185184847,480428253722,560203757144,495994118131,525618823571,465143958775,423064155822,425324517567,582526688391,423022460171,415719957918,404689331991,551016941020,440079046300,478914859212,431384572426,547298772052,456280468976,431940188165,415563751582,408523954834,405254205824,428585652592,386228772066,416401134269,334266444344
398235392854,489748674058,588033776434,454465629935,611877611803,464081427929,531600198882,480448330368,560765522428,496007999075,525905858546,465292795058,423099668424,425501093658,583251982615,423038623321,415884518563,404848294414,551346762538,440359898813,479206917536,431498948294,547846657663,456666145088,431969358009,415583312746,408547503936,405457802390,428621094229,386621592774,416459220155,334331869756
398265411310,489764504375,588671482957,454479103196,612583067456,464082728568,532006177138,480452017756,561318124245,496008104907,526195735833,465293912099,423132603522,425740419899,583989643171,423101629316,415971899203,404848312871,551651239165,440651785862,479484839511,431522419053,548401209530,457010263982,431982871341,416047770261,408579092987,405740892653,428633929444,386641770641,416519154346,334395363783
398290508571,489780114682,589289818563,454492474579,613271839588,464084189501,532404338639,480454125096,561858388541,496011123910,526474465380,465295069512,423157231791,425884691153,584713541888,423255653977,416071878856,404848312871,551975467583,440933040919,479766520128,431544848486,548956275190,457013359076,431995996926,416843474175,408591155318,405742827702,428660080986,386977044623,416568560150,334448412563
398318575041,489852715883,589946297583,454624086720,613941274828,464095314890,532804125064,480455282233,562386706132,496012780193,526767604579,465296965584,423189000983,425893765637,585442291938,423524297461,416157907565,404873150011,552285441556,441258957352,480051452808,431583724027,549504131455,457017827082,432022055332,416919342729,408603175533,405761524183,428670120647,387718793059,416623785849,334522151559
398350766980,489868206108,590603825727,454759301915,614650499060,464217904206,533239737661,480479065944,562936630168,496016022379,527058418314,465299194708,423219081987,425894887340,586161130905,423536665796,416258502045,405168253628,552601756544,441561837931,480340031640,431644067967,550029878565,457021832680,432049524769,416920117359,408619581221,405763354592,428683350998,388532159570,416667014401,334579774111
398377309126,489881938797,591267368630,454760589232,615344236735,464219131925,533658887926,480708828276,563499802849,496034999378,527366460895,465311333459,423238961436,425899496665,586888992369,423538511505,416354465069,405473458664,552920306806,441868617175,480633318974,431654428078,550580384605,457034544568,432063912240,416982728878,408640746228,405765463102,428699815045,389358751883,416707638555,334645640684
398401228790,489895671865,591931221131,454761833068,616040180269,464220400598,534061943865,481065914046,564048294949,496035404647,527676005078,465323562353,423260505083,425902406822,587653375212,423540691546,416553935036,405773179831,553242945269,442068248446,480931157307,431655709004,551175208577,457040543150,432080575645,417067536543,408652764535,405767504154,428714766468,390168347027,416746492090,334709557098
398428318555,489908077891,592581364732,454763091765,616725269789,464221676932,534494438129,481259476210,564589211292,496139082592,527969860002,465366951166,423286285210,425905229516,588399923603,423780550192,416631172209,405837809152,553565761570,442296825000,481216656958,431657128891,551757652696,457044563068,432093795590,417079188583,408668370336,405769281326,428743842489,390981481788,416811655012,334761239030
398450370025,489925758136,593242194144,454768676515,617412480377,464231511561,534895330784,481260673904,565118246458,496139302227,528273043177,465455951639,423304202895,426059595096,589139691308,423908923985,416712908064,405874542587,553870053983,442563042103,481515359261,431831075184,552295150596,457049970119,432106521421,417145041117,408702438071,405771181992,428757564968,391784132510,416883505134,334832129015
398471035303,489943723638,593881729576,454769826568,618103490819,464246837680,535312117577,481263586909,565679936033,496142181887,528549573452,465457160163,423327295199,426060729031,589876971822,424235418709,416797022035,405948259770,554197063517,442753862564,481799933438,431992213445,552848771338,457101758173,432138498646,417263762088,408717627390,405774354696,428770802509,392591218806,416936382440,334884242647
398522313482,490112425537,594536089484,454894221452,618816565621,464513806031,535739150184,481363211865,566231786603,496163156486,528851008754,465470053937,423359719676,426086447684,590604237773,424283947632,416882449409,406048364461,554524815087,442793963200,482091887812,432140026165,553397571617,457262707263,432171026736,417378658916,408739669282,405857469403,428807565080,393156857965,417026847520,334972570932
398562690142,490206418085,595202597975,455134017722,619517491271,464632473890,536177894955,481702680277,566788880409,496703906400,529141161598,465611381171,423374429434,426088331104,591347717974,424288862241,416959412317,406050805983,554854678432,442794272142,482386826041,432141454702,553949705143,457267961595,432184152830,417471915334,408753520019,405859501771,428823703688,393430789291,417071569494,335042736095
398604618907,490291765421,595859086803,455136743696,620219173601,464868211928,536590681098,481737531377,567358834046,497505031921,529442026745,465699367563,423406774813,426362210873,592113396183,424297776834,417150441864,406053849163,555165506793,442794814293,482668104758,432142843552,554527157189,457274501742,432197546564,417502966785,408772203759,405862011102,428846145966,393669517809,417131656541,335108892788
398632000518,490309392623,596529001111,455139224990,620904593806,464944701229,537020228458,481930051021,567912289759,498347927349,529750551701,465946372667,423443659884,426377530138,592849456034,424301127682,417276813358,406056992754,555485669855,442795284030,482959572387,432144151566,555070819009,457279693999,432210158319,417593054364,408785134531,405864244455,428863784432,393977845615,417179590413,335167773112
398671889308,490322579406,597204023548,455140824808,621612597073,464945952018,537454410214,482008623858,568474659157,499178165486,530049453157,466179965067,423456917866,426385217349,593596326158,424470898081,417366465050,406130655606,555818457190,442817688750,483257554399,432145379714,555635303698,457284436316,432223027356,417647908771,408798035244,405866443584,428878283491,394274237023,417222657770,335248430347
398706292221,490340672967,597859756019,455142142280,622297077815,464949101386,537862841961,482010800893,569013121933,499986546858,530350747973,466367976916,423490099982,426386587965,594321250833,424486752383,417459257331,406137547466,556122917697,443178260426,483540931647,432146751463,556183498419,457289352433,432235664911,417697083856,408826326734,405868378331,428891681768,394433016781,417287834907,335432950457
398732696430,490389130064,598520404573,455143784343,622999940217,464950688473,538285071564,482012468561,569570757959,500777701299,530661890709,466409215401,423524136950,426596899142,595065875955,424499276568,417573167055,406142067785,556421986314,443575420549,483824443210,432149244110,556743000027,457291641793,432249141072,417732559382,408840755732,405870208570,428905850384,394705842621,417344257553,335495836488
398779398481,490465562504,599204877338,455355067986,623695088015,464952129890,538716375305,482014612793,570121927040,501603054772,530980153289,466411341982,423545096682,426658392282,595813126926,424636789666,417657387252,406229739343,556737472953,443897125416,484122269783,432152373935,557311383104,457294491281,432262574891,417784984407,408855167324,405872343761,428917308177,394745394206,417398032687,335563194239
398823183642,490480182954,599870557244,455363053622,624409593723,464954176528,539139674303,482017004591,570677124275,502431909831,531266132234,466412926856,423574071916,426659834855,596547993310,424648873970,417947347609,406520918243,557057441409,444167548360,484403583393,432155289628,557858935758,457295933622,432275845858,417841520819,408866056146,405874684683,428930532801,395047903218,417450907620,335617175825
398863770109,490495630295,600526367711,455402964126,625116987365,464956129390,539554923727,482019372199,571208935161,503241302497,531566740489,466414072455,423595214064,426661116804,597291561625,424661266427,418038566885,406787806940,557365245346,444516313949,484699286159,432159222099,558410342103,457297310515,432291219147,417895621014,408875199175,405876303528,428946524312,395318755458,417512391307,335694456329
398916809529,490549057466,601156184041,455530334094,625804453547,464991124888,539976393613,482035293022,571751688470,503703385151,531851827957,466443415288,423631012741,426674482960,598017411129,424680772848,418138710951,406986425595,557677295831,444683129152,484978334609,432208763870,558961153465,457393508238,432325997628,418030727125,408915660699,406213933995,428975120514,395619264336,417560749264,335765239524
398948700412,490579831031,601814605476,455713229486,626490510763,464993456901,540382992145,482037875604,572287929001,503703935695,532152064570,466444627842,423649680008,426675959401,598773953842,424682388065,418225342732,407094007484,557996973819,444696357819,485267127478,432329117258,559538164763,457396010356,432354785052,418371631206,408930399841,406634636916,428987845920,396139360619,417608046855,335828094029
398978445979,490656395061,602494295593,455897233624,627207864912,464995380628,540820605683,482041057490,572850459996,503709872796,532463706867,466446967125,423667367839,426680412728,599514007156,424684195939,418309815744,407355127537,558321104422,444708447126,485554707989,432461248279,560095261663,457398438431,432372051025,418751832295,408957121456,406638737161,429011288857,396967396800,417656561290,335889669752
399019189862,490730866612,603148889743,456082445770,627902013943,464996861797,541222495764,482043407447,573402247351,503711826365,532750939223,466453000257,423684312963,426682043712,600283312152,424687276399,418393776660,407622150281,558642608323,444716176717,485838867634,432590238915,560689231992,457400389529,432386267512,418984287007,408975538897,406641109420,429026915609,397781207916,417706164151,335949327089
399056548083,490766097627,603821579692,456150612331,628578008282,464998568135,541649818620,482046093170,573942097590,503713533795,533065674674,466458714094,423710148936,426683323696,601011253525,424690090318,418504513762,407919398839,558955195465,444729676713,486140822899,432697737730,561237538278,457547772375,432402166567,419254314996,408986168770,406646473016,429050619522,398593624532,417765957974,336018454703
399099116086,490785383383,604471742086,456165509366,629282790495,465000059223,542082218164,482048457286,574493378417,503715126431,533347677866,466464489651,423733123282,426686179986,601760739032,424691538456,418611110183,408105282658,559284248679,444740647741,486428802813,432929416652,561800203510,457619779115,432416790392,419756791296,409007494268,406650489018,429063250938,399370859588,417824318314,336078164979
399140008760,490826811427,605121970707,456280000622,629986653292,465014061452,542513251980,482054641690,575049526349,503716878032,533629213657,466470149144,423755963399,426687817333,602503783389,424694032174,418840540565,408360949665,559604184826,444768687603,486704203169,432956183926,562362900150,457696259127,432433847051,420092838995,409021221037,406731967617,429076003258,400163511699,417886470437,336144208811
399170252273,490829093322,605770577822,456294494334,630686375928,465068360932,542922764892,482060474387,575602989896,503952182988,533910585146,466472116591,423786891890,426689165175,603241390916,424695636918,418927019531,408648193179,559932095512,444819374904,486978834850,432967798120,562905989001,457700144566,432447584523,420340729541,409054829348,406787337773,429088378458,400992318048,417944285404,336195676357
399214139550,490831746606,606442003897,456309256533,631381159613,465069534841,543335593149,482065167885,576151712721,504193118748,534206049901,466543080707,423805556266,426690564338,603971556106,424696798773,419023583527,408909799102,560255077880,444881422575,487270194915,432979990993,563457272527,457705162598,432460498571,420640768484,409064182842,406788739914,429100960706,401816938293,417993057114,336263125113
399252269758,490835939927,607075210762,456323924663,632030707571,465070963201,543738121974,482069398200,576673793654,504194400322,534494040123,466562985902,423826158023,426730277391,604710572010,424897984542,419105911704,409211199051,560568155687,444931089073,487549479865,432993515716,564033375201,457709064287,432482059697,420826465187,409073149857,406895372556,429112888533,402612727661,418048289027,336320312536
399279311742,490853379734,607740497455,456353074330,632729204634,465190442160,544163702314,482212083808,577229849734,504232565872,534781762274,466576113158,423875261673,426757086458,605450080167,425078416498,419201054419,409293062154,560892046339,445147891905,487836669275,433051873390,564572561248,457731609060,432515956378,420942696771,409090897048,407004084782,429146383554,403428256221,418129395148,336400113383
399316800134,490856459857,608378245513,456367865110,633415155575,465296614009,544568795393,482262924452,577782069883,504562838837,535059187015,466579375738,423891003996,426759786988,606198803385,425084246196,419290019359,409294537579,561220559649,445381966613,488109831042,433092361534,565152365207,457802359969,432529004445,421023255553,409103472696,407067886291,429158455830,404220525697,418159293294,336449998759
399340537682,490859891351,609062833000,456387015384,634107893983,465389625977,544971354206,482269593841,578327700432,504777243067,535367684747,466581317058,423909275753,426763424787,606955998859,425115213769,419386073400,409323610762,561549499841,445613351271,488411469114,433099441576,565732632438,457805035502,432561312397,421345993849,409122718588,407070000626,429192751465,405054948936,418204992143,336522263853
399366213913,490863145347,609723615610,456402699480,634799992078,465445384146,545386835939,482270872434,578885349688,505022670018,535667240413,466582785611,423963356787,426766058348,607697702767,425121127682,419491780390,409367562195,561868473603,445793384008,488706873389,433100915880,566292134949,457806478639,432572352990,421747874561,409135667216,407071309988,429233158987,405853823286,418253013588,336582625543
399395101223,490866455670,610385207708,456418098642,635518685311,465446575702,545801960744,482272208141,579444631799,505310682806,535974771587,466599569119,423996289345,426768427484,608461927028,425122297525,419774518566,409414366786,562184900478,446045999389,488996813887,433102354973,566866677885,457807988389,432582239520,422178152828,409153193846,407072446695,429245896211,406645661212,418311523692,336643340457