60969210,481135689,115380790,76218820,131796149,74362924,103948910,74950513,122339846,78447803,94449817,72329845,65084909,68650560,119502233,65832008,80366630,68207576,82488036,64868668,80494201,64722978,107882650,60031516,59474668,63110048,57594482,60713421,60494022,157822931,57591472,420690900
60970720,481136916,115386773,76219914,131803085,74364042,103953696,74951818,122345329,78449233,94453774,72330752,65086046,68651694,119505815,65833299,80368917,68209244,82490108,64869799,80496337,64724580,107887782,60032717,59475955,63111136,57595711,60714583,60495457,157824064,57593112,420691939
60971777,481137900,115389820,76220938,131808194,74365104,103957532,74952694,122349099,78450372,94457215,72331604,65086955,68652598,119510650,65834342,80370579,68210731,82491922,64870786,80498163,64725817,107891435,60033687,59476979,63112141,57596608,60715538,60496161,157825023,57594049,420693947
60972839,481138821,115393674,76222042,131813682,74366282,103961100,74953704,122353595,78451653,94459935,72332620,65087624,68653640,119514163,65835436,80372235,68212230,82493746,64871818,80499948,64726743,107894580,60034631,59478371,63113159,57597379,60716651,60496952,157826014,57594922,420695656
60973974,481139934,115397690,76223675,131818870,74367184,103964767,74954880,122358185,78452723,94462647,72333631,65088693,68654443,119517861,65836472,80373935,68213207,82495872,64872774,80501724,64727679,107898036,60035571,59479159,63114123,57598534,60717700,60498385,157826916,57596157,420697760
60975153,481140876,115401539,76224485,131823813,74368299,103968301,74955737,122362450,78453685,94465625,72334429,65089720,68655407,119521911,65837164,80375584,68213939,82497971,64873549,80503549,64729051,107901449,60036532,59480029,63115037,57599509,60718821,60499300,157827728,57597267,420699247
60976178,481141737,115405279,76225328,131829510,74369286,103972036,74956655,122366612,78454635,94468420,72335311,65090591,68656370,119526700,65838784,80377192,68214858,82500032,64874627,80505638,64729966,107904636,60037475,59480845,63116031,57600535,60719800,60500005,157828628,57598167,420700789
60977364,481142817,115410136,76226221,131834171,74370267,103975617,74957676,122371139,78455732,94471199,72336214,65091771,68657471,119531086,65839604,80379421,68215646,82502383,64875655,80507541,64730886,107908613,60038378,59482044,63116851,57601671,60720720,60501050,157829485,57599257,420702491
60978718,481143670,115413960,76227123,131839027,74371287,103979358,74958569,122375532,78456685,94474276,72337611,65092931,68658324,119535335,65840480,80381381,68216452,82504533,64876768,80509583,64731678,107912494,60039056,59483150,63117825,57602861,60721893,60502161,157830293,57600507,420704178
60979659,481144614,115417667,76228026,131843972,74372420,103982776,74959708,122379380,78458311,94477211,72338928,65093750,68659323,119539190,65841475,80383549,68217447,82506349,64877596,80511322,64732580,107915853,60040022,59483914,63118656,57603913,60723003,60502968,157831275,57601335,420705818
60980731,481145741,115421276,76228976,131848722,74373433,103985891,74960584,122383544,78459157,94479813,72339770,65094793,68660170,119543835,65842345,80384951,68218554,82508217,64878497,80513126,64733561,107919262,60041015,59484742,63119864,57604862,60723989,60503743,157832047,57602275,420707392
60982028,481146953,115425329,76229991,131853663,74374498,103989300,74961687,122387560,78460357,94482595,72340637,65095528,68661178,119547807,65843510,80386676,68219625,82510152,64879462,80514852,64734618,107922833,60042177,59485684,63120962,57605861,60725108,60504673,157833205,57603101,420708952
60983139,481148066,115428570,76230886,131858425,74375244,103992973,74962625,122391846,78461245,94485387,72341516,65096172,68661972,119551437,65844418,80388440,68220624,82512119,64880629,80516725,64735598,107926711,60042955,59486810,63121802,57606751,60726452,60505769,157834007,57604086,420710462
60984355,481149078,115431805,76231828,131862967,74376223,103996125,74963567,122396231,78462074,94488037,72342607,65096767,68662843,119555950,65845388,80389977,68221499,82513916,64881722,80518389,64736659,107930197,60044052,59487458,63122735,57607504,60727296,60506965,157834900,57605205,420712295
60985312,481150021,115435451,76232767,131867276,74377196,103999785,74964726,122400349,78463314,94491066,72343634,65097487,68663899,119560988,65846371,80391354,68222668,82515816,64882757,80520109,64737583,107933562,60045055,59488068,63123699,57608081,60729091,60507600,157835934,57606184,420713825
60986309,481150967,115439226,76234408,131871995,74378193,104003503,74965851,122404925,78464460,94493718,72344544,65098513,68664850,119565890,65847407,80392974,68223607,82517774,64883859,80521829,64738854,107937164,60046205,59489002,63125249,57608825,60730132,60508538,157836820,57607383,420715510
60987275,481152166,115442994,76235422,131876734,74379315,104006966,74966878,122409244,78465490,94496447,72345444,65099509,68665851,119570486,65848536,80394696,68224596,82519832,64884859,80523843,64740091,107940582,60047227,59490197,63126276,57609805,60731666,60509341,157837744,57608268,420717173
60988431,481153624,115446989,76236432,131881838,74380323,104010964,74968087,122413913,78466499,94498986,72346422,65100162,68666914,119574011,65849988,80396471,68225556,82521815,64885796,80525679,64741228,107944182,60048355,59491222,63127393,57610875,60732548,60510924,157838677,57609719,420719104
60989518,481154956,115450977,76237411,131887568,74381088,104014540,74969199,122418536,78467449,94501672,72347320,65100965,68668153,119578695,65850852,80398018,68226335,82523852,64887044,80527604,64742217,107948147,60049321,59492387,63128354,57611995,60733770,60511933,157839713,57610824,420720890
60990387,481156115,115455042,76238781,131893713,74382186,104018191,74970167,122422657,78468450,94504594,72348481,65101805,68669447,119583126,65852004,80399487,68227470,82525640,64888096,80529504,64743704,107951810,60050488,59493523,63129501,57612878,60734921,60512862,157840903,57611688,420722797
60991359,481157249,115459007,76239753,131899912,74383140,104022321,74971654,122426776,78469751,94507374,72349381,65102617,68670462,119587802,65853019,80401125,68228441,82527612,64889064,80531172,64744825,107955401,60051518,59494276,63130604,57613457,60736211,60513518,157842050,57612646,420724481
60992423,481158216,115462971,76240916,131904698,74384228,104025758,74972677,122430593,78470747,94510139,72350313,65103314,68671518,119591074,65853969,80402507,68229553,82529360,64890216,80532870,64745768,107959006,60052614,59495246,63131592,57614348,60737715,60514829,157843518,57613624,420726526
60993476,481159273,115467148,76242006,131910341,74385517,104029602,74974120,122435156,78471697,94513491,72351257,65104048,68672404,119595412,65854932,80404139,68230506,82531365,64891305,80534667,64746910,107962884,60053864,59496360,63132677,57615047,60738751,60515653,157845036,57614544,420728244
60994735,481160186,115470973,76243201,131915015,74386647,104033134,74975227,122438999,78472674,94516097,72352259,65104776,68673396,119599138,65855945,80405564,68231331,82533104,64892305,80536419,64747753,107966318,60054804,59497076,63133929,57615872,60739669,60516397,157846072,57615347,420729844
60995950,481161298,115474738,76244086,131919818,74387476,104036972,74976172,122443722,78473586,94519131,72353100,65106162,68674311,119603621,65856891,80407433,68232858,82535277,64893334,80538360,64748550,107970239,60055575,59497880,63134982,57616779,60740664,60517364,157847010,57616207,420731609
60997343,481162202,115478662,76244963,131925200,74388274,104040856,74977557,122448473,78474505,94521810,72353948,65107012,68675268,119606997,65857705,80409358,68233989,82537118,64894418,80540270,64749340,107974051,60056349,59499063,63135973,57617936,60741538,60518418,157847851,57617253,420733561
60998296,481163236,115482476,76246140,131931300,74389699,104044822,74978557,122453333,78476299,94524621,72354945,65107832,68676318,119611124,65858538,80410907,68235780,82539129,64895347,80542065,64750503,107977769,60057343,59499962,63137080,57618651,60742828,60519355,157849194,57618117,420735402
60999345,481164292,115486556,76247363,131936752,74391301,104048495,74979680,122457782,78478239,94527382,72356004,65108726,68677358,119614753,65859630,80412767,68236653,82541107,64896409,80543963,64751844,107981362,60058327,59500763,63138196,57619693,60744006,60520128,157850202,57619128,420737347
61000662,481165372,115490193,76248275,131941802,74392281,104052403,74980744,122462100,78479042,94530299,72356939,65109667,68678147,119618522,65860684,80414391,68237689,82543123,64897414,80545756,64752744,107984975,60059346,59501724,63139436,57620650,60745298,60521118,157851147,57620856,420739000
61001689,481166587,115493400,76249366,131947519,74393184,104056144,74981840,122466460,78480254,94533027,72358155,65110389,68679096,119622802,65861580,80415727,68238692,82545230,64898520,80547565,64753805,107988919,60060359,59502562,63140274,57621543,60746211,60522304,157852136,57621802,420741060
61002638,481167516,115497502,76250330,131952037,74394378,104059558,74982707,122470300,78481455,94535625,72359249,65111321,68680098,119626986,65862675,80417412,68239709,82547386,64899599,80549491,64754988,107993016,60061355,59503182,63141229,57622227,60747429,60523137,157852943,57622780,420742662
61003739,481168506,115500938,76251655,131957235,74395806,104063225,74983648,122474899,78482566,94538616,72360185,65112126,68681258,119632475,65863720,80418735,68240688,82549184,64901213,80551314,64755919,107996520,60062645,59503973,63142326,57622921,60748962,60523681,157854002,57623747,420744444
61004854,481169395,115504604,76252517,131963159,74396762,104066860,74984536,122479337,78483572,94541360,72361055,65113120,68682118,119636951,65864567,80420249,68241588,82551323,64902091,80553206,64757085,108000681,60063576,59504746,63143310,57623921,60749971,60524432,157855053,57624879,420746135
61005746,481170319,115508930,76253683,131967920,74397630,104070900,74985394,122483850,78484436,94544264,72361946,65114227,68683087,119641407,65865605,80422477,68242498,82553374,64903088,80555137,64758053,108004336,60064337,59506068,63144128,57624925,60750886,60525482,157855886,57625672,420747824
61006954,481171339,115513011,76254612,131972121,74398684,104074621,74986247,122488356,78485379,94547059,72362798,65115014,68683978,119645287,65866617,80424752,68243467,82555559,64904111,80557163,64758962,108008455,60065283,59507419,63145175,57625978,60751955,60526467,157857026,57626662,420749667
61008088,481172139,115516340,76255602,131977515,74399593,104078558,74987048,122493017,78486258,94549925,72363702,65116058,68684759,119649602,65867495,80426203,68244408,82557534,64905121,80559093,64759899,108011862,60066127,59508500,63146262,57627403,60752919,60527677,157857856,57627634,420751343
61009197,481173346,115520441,76256733,131983572,74400524,104082072,74988141,122497485,78487069,94552620,72364586,65116785,68685698,119654780,65868422,80427954,68245473,82559548,64905981,80560891,64760939,108015122,60066993,59509300,63147347,57628434,60753724,60528835,157859522,57628585,420753320
61010387,481174545,115523797,76257704,131989578,74401706,104085866,74989131,122502174,78488162,94555431,72365501,65117669,68686749,119659214,65869244,80429827,68246427,82561526,64907091,80562841,64762212,108018638,60068122,59510055,63148486,57629414,60755111,60529729,157860650,57629604,420755094
61011558,481176023,115527827,76258674,131994835,74402590,104089127,74989941,122506733,78489204,94558931,72366458,65118593,68687729,119663029,65870553,80431735,68247242,82563432,64908132,80564925,64763093,108022197,60069100,59511148,63149411,57630280,60756046,60531032,157861508,57631003,420756753
61012756,481177155,115531199,76260086,131999895,74403613,104092927,74990813,122510902,78490289,94561727,72367622,65119598,68688603,119666841,65871486,80433500,68248177,82565488,64908990,80566738,64763950,108025996,60069978,59512119,63150260,57631350,60757031,60532330,157862385,57632009,420758404
61013825,481178113,115534415,76261194,132004308,74404711,104096792,74991825,122515420,78491342,94564523,72368792,65120498,68689570,119671421,65872423,80435256,68249245,82567468,64909931,80568780,64765013,108029689,60070945,59513158,63151121,57632225,60757993,60533236,157863366,57633196,420760189
61014702,481179099,115537671,76262324,132009649,74405782,104100242,74992726,122519400,78492344,94567127,72369731,65121478,68690563,119675506,65873380,80436659,68250021,82569373,64910838,80570523,64766080,108033005,60071886,59513911,63152329,57633121,60759379,60534201,157864343,57634054,420761668
61015652,481180182,115541941,76263530,132015035,74406976,104104198,74993805,122523739,78493340,94570142,72370660,65122171,68691728,119679185,65874457,80438129,68250986,82571371,64911731,80572387,64767204,108036826,60072853,59514571,63153472,57633948,60760484,60534988,157865436,57634866,420763823
61016628,481181309,115545834,76264624,132020818,74408014,104107493,74994713,122528325,78494347,94573284,72372040,65123250,68692769,119682748,65875511,80440167,68251881,82573299,64912946,80574139,64768135,108040354,60073712,59515435,63154398,57634937,60761430,60536030,157866539,57636240,420765544
61017812,481182144,115549450,76265708,132026578,74408867,104111469,74995610,122533390,78495534,94576034,72372884,65123994,68693685,119686055,65876397,80442284,68252945,82575417,64913856,80576088,64769151,108044317,60074642,59516399,63155341,57635665,60762416,60536828,157867671,57637523,420767296
61018855,481183260,115553592,76266647,132031374,74410091,104114873,74996662,122537667,78496710,94578741,72373765,65124962,68695039,119689439,65877430,80443888,68253909,82577445,64914827,80578035,64770201,108048270,60075603,59517331,63156383,57636712,60763284,60537675,157868779,57638630,420769090
61020084,481184289,115558358,76267823,132036043,74411091,104118843,74997737,122542125,78497775,94581581,72374828,65126007,68695960,119694014,65878389,80445560,68254939,82579370,64916047,80579807,64771280,108052113,60076631,59518232,63157302,57638335,60764327,60538699,157869712,57639733,420770753
61021035,481185404,115562025,76268808,132041233,74412183,104122417,74998616,122546785,78498858,94584326,72375972,65126811,68696842,119699051,65879496,80447624,68256856,82581393,64917054,80581890,64772316,108055582,60077791,59518925,63158198,57639226,60765425,60539628,157870680,57640558,420772501
61022602,481186513,115565621,76269850,132047096,74413886,104126095,74999762,122551191,78499976,94587339,72377190,65127826,68697878,119704071,65880650,80449267,68258213,82583306,64918330,80583677,64773924,108059352,60078899,59519715,63159657,57640124,60766999,60540630,157871774,57641648,420774465
61023684,481187609,115568984,76270976,132053332,74415335,104129947,75000768,122555789,78501141,94590263,72378257,65128594,68699003,119707908,65881512,80450929,68259660,82585347,64919469,80585728,64775054,108062840,60080048,59520491,63160654,57640876,60767859,60541664,157872707,57642716,420776311
61024862,481188763,115572201,76272063,132058341,74416296,104133428,75001840,122560366,78502158,94593149,72379174,65129346,68699843,119712231,65882443,80452543,68260775,82587363,64920545,80587621,64776030,108066091,60081060,59521500,63161576,57641634,60768895,60542607,157873615,57643764,420778069
61025960,481189850,115576352,76273036,132062735,74417112,104136512,75002859,122564714,78503132,94596140,72380103,65130609,68700756,119716470,65883212,80454238,68262059,82589215,64921500,80589455,64777194,108069354,60081976,59522534,63163091,57642672,60769892,60543553,157874641,57644844,420779815
61027014,481190722,115580045,76274103,132067526,74417896,104140028,75003924,122569072,78504097,94598652,72380889,65131572,68702038,119721431,65884329,80455920,68263007,82591224,64923092,80591091,64778099,108072656,60083010,59523227,63164142,57643481,60770849,60544418,157875509,57645845,420781547
61028256,481191831,115583766,76275136,132073124,74418903,104143849,75004791,122573447,78505014,94601554,72381885,65132776,68702983,119726009,65885313,80457802,68264256,82593341,64924080,80592951,64779158,108076259,60083933,59524353,63165137,57644467,60771995,60545464,157876553,57647039,420783454
61029585,481192717,115587997,76275965,132077871,74419784,104147196,75005975,122577404,78505809,94604269,72382660,65133716,68703631,119730540,65886077,80459449,68265010,82595363,64924882,80595098,64779922,108079451,60084857,59525610,63166064,57645485,60772973,60546344,157877499,57647954,420785273
61030549,481193881,115591944,76277005,132083542,74420884,104150878,75006890,122582168,78506991,94607191,72383519,65134876,68704814,119734149,65887056,80461191,68265998,82597628,64925883,80597094,64780948,108083233,60086168,59526610,63167503,57646575,60774151,60547215,157878354,57649041,420786945
61031792,481194833,115595017,76277847,132088775,74421937,104154239,75007792,122586431,78507843,94609956,72384307,65135689,68706273,119737387,65887932,80463044,68266952,82599757,64926643,80599093,64781928,108086446,60087016,59527704,63168492,57647285,60774946,60548275,157879281,57649884,420788571
61032894,481195965,115599275,76278929,132094584,74423158,104157946,75008738,122591194,78508892,94612603,72385480,65136793,68707204,119742316,65888890,80464625,68267834,82601743,64927689,80600742,64783031,108090024,60088185,59528683,63169623,57648300,60776174,60549230,157880393,57650766,420790446
61034233,481197006,115604007,76280120,132099853,74424229,104161766,75010026,122596006,78509866,94615741,72386640,65137770,68708285,119745765,65889809,80466419,68268960,82603707,64928633,80602683,64784106,108093534,60089242,59529954,63170506,57649242,60777178,60550337,157881454,57651872,420792441
61035692,481197859,115607356,76281208,132105758,74425348,104165244,75010877,122600786,78510732,94618623,72387774,65138650,68709322,119750169,65890764,80468280,68269819,82605728,64929529,80604685,64785081,108097619,60090674,59531303,63171645,57650636,60778100,60551227,157882407,57653101,420794218