100,18,142,88,45,162,44,52,61,47,44,19,45,70,87,24,33,53,178,18,95,24,34,83,53,53,63,77,36,31,104,713
93,101,137,47,56,163,44,177,56,76,44,43,75,41,41,29,48,28,197,10,49,47,33,4,63,19,48,60,69,37,128,1494
113,173,78,52,133,102,85,259,48,31,16,12,28,38,56,16,30,47,163,13,37,28,26,44,55,38,47,16,97,12,71,1036
95,124,71,63,62,60,55,179,103,39,42,27,81,38,93,44,50,15,63,7,212,8,40,39,41,16,33,53,18,11,19,1224
82,110,78,41,48,57,69,125,116,97,30,73,60,32,36,30,57,40,61,13,122,8,78,68,140,8,36,18,91,24,48,728
107,133,66,11,133,53,28,18,104,105,44,96,18,35,22,43,45,49,96,19,74,31,10,80,198,40,14,62,46,14,100,774
120,164,82,10,98,38,22,17,35,216,74,58,58,24,30,60,36,40,27,6,70,13,17,29,197,14,31,36,91,47,38,635
115,132,112,94,68,29,49,20,105,14,99,210,70,48,48,37,37,6,33,32,47,43,32,19,98,58,19,28,150,36,61,413
86,136,134,55,49,39,62,40,189,30,115,169,92,11,30,88,20,18,7,14,39,30,42,24,78,10,30,59,47,26,70,580
89,141,142,85,39,42,45,35,243,8,49,210,124,15,64,81,65,22,56,7,50,6,48,14,72,16,44,24,63,53,24,467
149,127,158,85,78,67,44,34,207,42,25,240,75,28,32,37,11,83,52,10,14,14,59,13,82,15,19,37,31,13,28,518
129,158,107,71,116,52,62,45,236,7,45,207,51,21,46,48,37,54,20,20,50,30,47,12,129,12,50,17,50,60,72,442
120,101,105,40,79,58,38,18,215,38,66,219,48,51,62,5,29,21,84,11,33,68,45,34,39,6,48,24,68,13,99,637
73,84,88,86,77,33,62,68,222,28,24,200,69,27,75,4,53,11,54,12,44,74,83,54,33,23,73,14,58,33,64,410
86,61,128,44,60,73,39,48,186,22,68,180,44,19,41,32,142,8,13,4,97,75,55,16,43,7,49,61,90,11,45,424
78,129,122,79,84,43,75,25,59,34,65,166,34,15,33,53,74,27,54,19,30,76,59,16,116,3,89,32,16,17,26,365
50,137,106,87,46,48,52,32,24,27,27,213,90,56,39,40,27,24,44,14,38,54,125,37,206,40,51,26,45,24,50,128
164,178,50,62,39,31,60,63,56,14,54,58,88,41,42,149,115,29,28,21,42,48,15,24,204,13,35,27,16,40,59,198
179,48,22,45,79,36,40,14,33,34,63,63,33,69,104,166,108,50,43,12,70,56,61,67,222,7,48,13,28,17,26,187
108,101,96,44,45,29,12,9,27,12,37,39,43,99,28,215,80,49,48,76,75,18,112,86,189,7,115,47,50,16,34,154
105,133,37,29,50,28,48,45,48,24,32,20,62,53,31,182,28,78,43,39,41,48,98,99,222,12,136,27,61,36,59,360
101,195,107,64,37,55,27,23,39,42,21,32,40,17,32,155,81,71,23,34,36,25,72,65,181,11,50,33,43,20,75,186
114,146,78,20,74,23,87,28,80,64,41,52,48,15,36,154,19,75,47,40,51,54,41,104,221,4,32,27,14,34,48,145
91,115,110,69,50,62,45,16,31,34,36,6,90,12,22,173,25,81,90,33,35,44,40,65,43,39,72,42,50,83,175,189
94,149,84,65,158,34,46,98,40,21,67,37,65,13,44,46,46,57,51,41,43,118,94,37,95,44,57,8,25,33,75,252
119,170,115,58,115,64,70,77,77,32,48,13,134,13,86,133,32,16,19,14,28,22,52,66,45,30,32,14,68,27,78,139
124,181,82,46,53,43,61,70,76,47,69,20,196,45,27,20,55,45,62,36,64,50,31,82,77,27,67,45,62,41,53,186
99,158,75,23,97,56,49,52,94,38,54,73,41,19,43,18,69,25,242,78,20,51,40,35,97,22,44,54,30,19,41,260
110,149,94,111,58,30,27,45,97,90,43,14,30,21,21,31,39,65,69,23,197,43,48,39,23,27,41,72,71,26,59,235
129,69,67,147,86,53,40,58,94,114,41,47,28,26,51,21,71,33,121,21,215,32,48,24,30,20,53,13,36,9,22,298
65,53,94,123,105,71,37,38,51,37,50,118,49,11,77,8,79,16,112,18,227,28,34,41,50,41,25,71,28,22,58,140
135,53,100,137,61,77,63,33,34,61,37,32,28,14,45,32,18,48,109,8,242,86,8,18,108,24,66,39,48,73,27,125
86,54,121,118,59,70,33,61,53,58,33,93,7,22,27,23,54,34,56,28,247,8,139,32,39,27,119,36,24,27,21,152
103,71,91,86,60,40,43,49,26,19,29,83,37,47,75,75,33,5,25,81,130,8,136,13,47,69,62,30,87,33,63,83
87,129,88,59,49,64,30,14,22,22,90,75,44,45,26,144,56,112,23,35,17,22,203,10,72,70,88,21,40,49,110,224
94,62,119,94,106,99,42,42,70,34,27,66,32,27,31,38,41,139,82,77,36,15,232,8,34,39,25,21,25,29,35,157
107,58,109,63,40,88,44,37,32,12,87,69,32,65,26,51,55,165,31,43,41,55,138,9,90,8,107,26,25,14,51,141
147,112,82,50,180,55,116,52,125,25,54,99,15,27,21,84,27,244,20,38,37,33,54,64,32,32,41,38,19,14,61,139
112,63,80,87,192,95,35,41,33,21,93,80,134,28,70,74,59,168,17,18,15,40,23,24,27,13,16,48,31,9,46,207
107,123,57,48,39,28,49,29,28,19,121,40,137,36,62,38,55,188,101,82,97,75,33,27,28,30,14,42,32,39,17,95
103,138,46,29,34,72,44,36,30,27,70,41,147,58,38,36,219,209,25,66,102,56,28,34,17,42,25,47,33,3,48,180
73,136,57,44,35,26,15,15,36,61,46,3,133,21,31,96,184,179,24,41,31,76,87,31,26,42,21,37,91,24,56,112
134,94,131,39,34,62,39,19,35,95,58,2,99,25,67,24,195,297,77,29,64,92,32,51,28,26,29,60,29,31,42,181
154,43,70,40,20,59,44,6,42,95,87,26,51,25,128,30,169,159,33,37,42,71,20,70,45,35,70,14,80,14,25,160
122,111,66,44,10,75,85,38,36,47,13,23,40,8,33,10,196,141,72,48,54,27,55,29,45,79,58,89,56,15,64,219
106,140,87,93,98,82,36,39,134,38,59,37,67,7,35,35,170,202,19,45,52,23,48,78,85,22,25,8,27,3,29,154
64,58,94,88,71,72,47,37,105,17,69,54,44,15,88,39,177,154,52,14,46,16,21,23,44,71,25,52,27,55,41,392
95,116,107,41,81,77,46,43,56,37,37,35,2,45,28,44,192,65,43,26,116,150,41,38,29,27,23,13,56,68,61,422
104,158,126,105,92,82,63,51,71,42,49,75,23,23,19,2,181,31,36,43,68,149,25,39,57,20,26,42,24,10,32,129
100,173,88,46,65,78,61,65,54,76,47,42,56,17,33,13,47,31,40,36,16,210,142,46,102,23,45,17,39,4,46,135
92,131,96,16,40,69,18,21,80,62,38,85,126,22,111,25,51,37,75,10,29,179,5,43,21,5,47,39,74,94,75,173
109,184,85,65,29,92,26,22,31,17,10,88,37,92,90,31,36,34,61,25,62,89,150,24,63,29,29,48,63,31,85,208
89,148,109,78,95,87,34,26,30,24,70,73,15,17,36,16,26,31,54,21,40,52,203,140,44,50,23,9,43,31,66,306
97,102,93,110,54,79,68,26,40,33,68,73,107,31,42,20,50,22,51,15,11,30,213,180,26,37,23,36,50,23,39,404
80,119,89,95,60,53,37,73,63,38,57,19,57,32,56,13,78,1,62,65,104,22,97,174,88,20,52,46,42,66,28,99
115,59,76,108,66,64,20,86,113,29,85,26,33,22,47,26,18,5,36,8,35,16,43,152,207,43,125,48,77,27,26,118
61,98,87,39,41,67,7,76,120,47,34,34,120,28,17,21,55,34,73,17,51,17,63,104,187,141,36,9,62,66,21,117
103,125,66,51,50,95,24,24,35,53,15,51,35,40,54,27,51,66,213,34,46,43,46,19,93,119,51,20,94,45,31,243
79,50,134,81,78,223,50,3,73,54,51,40,0,41,23,97,52,113,235,19,25,58,41,20,26,38,48,26,61,25,102,156
