10711983,9918270,229528230,20750,243255072,0,95227888,0,223059012,14310,81144497,53763,21834842,38058,392299679,0,19123013,57029,124432142,65032,113067200,0,265508040,76042,28393192,0,30389087,75532,20154897,1088079425,64022549,818062672
396713,56263136,263408703,90004,282175888,30852,102543671,2175,241682680,67029,95261946,53707,8060897,159207,429940898,10283,4183124,62618,124354047,135864,120483693,0,312984187,91137,3630256,0,784033,274020,1118271,1150378,24717742,289313301
339817,58801179,261031669,53199,280536828,0,102387155,13014,235972076,86112,94750638,16271,6897006,31101,428271867,0,3767651,89274,125293559,157936,113809951,15905,317050130,155699,0,22871,407154,93233,364558,68708,29454131,605111731
602708,59432928,271080100,100136,284678151,5070,104210542,15453,232185077,3936,95203138,16792,6705255,493348,429704400,2165,3961335,7513,123483914,5590,117327274,0,310103242,16482,122592,0,309497,622048,750991,169783,19902307,276363531
259414,60635109,271193800,49420,294144261,7745,106851289,0,244321590,190808,98431825,79261,7819715,122393,426857155,0,3614511,75800,128867332,23752,119526516,2567,310913975,62784,37877,19666,665758,260476,302618,29331,22516651,84303095
188020,60030508,270609547,5344,288834867,12675,105112211,4306,242768742,242006,96703829,270352,6879740,172523,420645771,229032,3448953,146690,131736637,189309,118932394,0,304903840,125955,385512,0,3920158,1998,402153,18819,20093224,51896369
464578,60039620,269316368,0,282196773,22796,101974696,1353,237106740,83641,98549573,44928,8861263,65697,427273863,0,3995705,36766,128574359,128195,118582567,2152,313636374,50197,39311,16409,88223,36050,91785,975,20144069,132256030
278885,60728835,262850168,1181933,284486095,931,105004126,42764,230547363,76852,96285958,61187,7569353,121125,428855465,55234,3109578,49912,123359214,30552,115631790,0,306540227,36683,170048,0,171903,354366,259221,74833,25543720,119857264
510485,59682346,264295405,24634,286724781,10136,104827145,27560,234069877,11568,95172441,89293,8807878,430891,429407598,136101,3738870,71152,125811528,19086,119132417,19464,311602331,27074,18623,44738,107871,89354,333231,145017,16978446,433668
1437320,7234211,267336676,1695575,283821097,872668,106263952,68945,237486629,288760,98338198,547420,6581103,2148282,429773315,5043165,3731592,40889901,123215013,10088631,117828852,1381606,316036587,2374713,916367,1538062,7572364,1030960,164822,8306774,34930055,12015112
204357,27153,268966504,2465,285472317,38618,102654003,0,234373365,67624,96153852,281528,8845237,264598,428118294,25726,3584950,16601398,127260368,21435631,119556872,3367193,317216391,974090,39613,20624073,296899,59750,53089,1222796,38357153,449817
486299,90567,269622417,0,294081352,0,107705409,24230,243034582,44710,94997215,17760,11032293,33337,428029918,7602,4735220,52940,128199973,64172,116209021,995325,313297677,540539,344324,57960102,382325,789857,211954,98740,24712060,367883
585029,27816088,266462308,69483,287460078,0,106511051,10527,244157010,96866,95512065,15872,6752086,56426,426976005,0,3908599,489278,129586921,491842,117410428,7093,309579958,211484,34951,19756841,406245,5647945,37508,4135932,26177147,7603027
655920,59765991,262893163,6129,286196475,21577,104998320,0,243311888,37782,90255154,16838,6646110,7844,431396268,5286,3615291,792401,132767035,62322,114370909,29240,312325310,88988,133565,40945,309960,100559,492572,952185,16705191,266099
355855,59989540,260130198,0,287673424,0,105133788,227746,236568141,124790,94710518,149879,8538570,3795,430407451,0,3361159,855292,125392042,140881,113823054,25817,316832972,186016,316107,12692,571659,48376,495491,3338968,20296665,2035810
4851428,59041335,257185568,0,272122321,0,99510297,31684,241010551,6081,91826783,53407,8751821,52532,431764269,0,3160647,835998,125452802,59455,113395560,28805,322467114,21646,659970,8635,7673911,65173,3406205,2507781,20230991,532160
820409,38368311,269338001,16874997,282427051,0,103057798,0,244275058,12181811,94939921,48687,13253270,139460,426866389,0,3439815,716282,131921233,77040,118267544,7489,314432171,4183396,2518,7953,218866,273236,307445,84732,17122294,360185
880605,3204,261239080,1762441,285648471,55635534,104873938,506657,238080588,41254,94877282,107094,11248907,41269,428588236,35300,3591034,1016796,126558530,174795,113934051,8945,315837964,271679,79050,22068,393223,8043944,497979,690126,22678482,422673
435104,48587,272416263,30859,283739298,57397345,105725905,0,226598007,40809,98872933,22480,9646225,11311,431323695,0,3744855,5340,124020884,575545,118479988,31879,313070091,274373,37731,23872,911697,153479,71925,1678823,25897664,9355498
4353136,32917483,274413408,82575,282500827,8198338,110214615,135708,235960293,2470084,97463843,4450628,10549756,474371,429542243,0,3819707,1084164,125517116,768811,122356301,611361,311968647,250274,553558,256452,293017,17191339,2201721,13506437,39990953,15127132
1065140,57233703,257164189,828058,278346696,36227,104656498,136647,230072494,185309,98269260,163453,6177168,10655,432688216,59148,4964390,215024,122632861,98982,115038675,7244,316876538,26489,55378,1647,220979,2900876,78933,29946101,15359167,872916
672718,46994820,260693767,155908,279046170,115459,103706934,1226935,236122121,117673,91263079,4865315,9664906,6284016,432274751,96853,3294717,182867,126664271,18842,116472332,17554,313017138,45098,354024,28141,663376,4669,113453,179154,18022837,376072
984760,28540928,267147913,155866,284032927,0,103433104,14653,231540647,42430,96181475,122981,9571394,1873798,430992730,101201,3590803,117731,121837884,8598788,117659521,174979,311778384,6395494,51073,7443,151078,10969991,80467,14872660,28237201,5186413
249445,53755250,271130447,74881,291718372,0,107132084,15362,236587133,104303,93899077,31672,14037946,9376,429956556,7807,4077638,59486,123532805,23232,118242421,0,313913433,109632,57290,35580,477431,11678,344089,119115,20772291,7277612
427979,60299067,265877827,188512,290592090,100886,104061565,0,231694744,55115,93596483,46569,5786201,100831,428839985,5608,3259592,155615,121484725,115991,114086698,229543,320864204,30787,50278,9537,528007,122206,32075,102175,13156962,206634
623434,61359867,271875542,0,294297752,20203,107469592,35730,247660787,164285,99811883,666029,11242855,242417,427111897,41623,4028963,263974,129569901,64595,116679399,3160,316878679,127875,357498,30051,3881110,20480,181446,4307232,17834884,866930
789827,59581631,263109072,15022,280328811,0,104801357,2466,233847638,138509,93798565,596722,9466278,376649,431410013,19134,3694077,51774,125033798,68892,114665970,0,316459023,33741,181680,18961,348183,42466,19399,25377,19152673,254467
686857,60221139,262917967,0,292724918,0,104074962,0,242926423,112026,97117764,95458,8036856,997387,429331611,51535,3119690,130123,126507087,43051,115547525,0,309757116,22309,40555,20132,264515,92926,163162,5220475,19819311,2050984
902545,59972150,261501918,19101,289248180,0,104883650,0,240131734,75019,93458191,190020,5425549,764351,430688500,499174,3746777,207961,125604601,44699,116343116,32701,315985442,5516,111693,17535,407044,109280,438785,10260749,13436990,10754510
894546,11582478,257863223,1185218,284170133,2420128,104309021,36496,241776195,2206617,95474794,597886,10694227,929797,430710545,57796,5055483,1007383,127004799,2749120,116217521,972346,313416410,1379392,1025115,34685535,461449,8825533,62166,4983983,53107948,3998126
1774137,0,273445725,25200,290290966,21757,105157001,0,237370009,11407,98539854,94784,8174900,73253,430542118,0,3995811,504932,125950341,0,117209830,0,314951865,66675,415702,58355554,1353962,172011,3434225,147850,22445933,407011
271575,5116,262826628,7325,283918102,0,103246142,0,239045104,38418,94037530,38861,6615940,12392399,431254823,4832,3166157,38658,123953470,11228,116148872,3726,318974953,30690,332166,38341635,447111,19191263,176262,296183,16519394,8808447
536466,13909,274780417,16782,297586494,73003,106615019,10435,238702723,76953,93782735,177211,8867195,6110,426792489,0,4272953,43909,126479624,20155,119314105,0,310755607,36849,15725,57807897,145708,1301924,98273,14869912,25706215,651573
450779,11975017,258371275,13504,283991122,15523,103211537,129473,234212099,325031,91654928,34600,10963025,5526,430220305,16824,3080617,0,121460793,46293,111967690,3985,311182909,5359,4739794,20180739,200657,26004392,265098,928600,16038760,73679974
1674123,60863210,275128217,21238,292382097,97506,104580913,173723,237579487,142834,98321994,30719,13019666,9294,427751388,4584,3893768,5373,126704918,11015,118677622,0,312751083,10596,11738,19064,2136005,232442,101716,361865,24105805,5256081
2206173,29050261,266475326,7416,285340319,29744069,105069809,189870,235242286,38617,92882435,24503,9986903,59249,429539450,318164,3945339,101531,122556019,40981,116567230,3876,309696387,221013,96294,0,3969207,156752,151101,12517093,19889914,15770992
1845098,30525358,267383005,24100,289953760,29076234,104484416,172982,240981699,238382,95497245,251434,9987103,178646,428828442,0,3272265,21455,126632227,16682,115339610,0,310315638,112296,182736,0,638879,194589,74633,463521,21362275,11235788
219740,2117557,283540677,16483,292407955,56350169,106501710,17278,243925932,154475,100425884,789303,11325759,66739,427943741,20632,3837570,133273,129100264,5966,123800608,3938,310747028,109891,0,0,366389,105461,159623,3332105,16041004,20663034
238153,54010,275115859,28569,293302661,57977382,106555530,0,240446123,47525,97524707,20008,12247411,857808,428189726,248044,4053503,218916,124920457,5430,117067782,5298,313916316,19151,31892,0,182747,771578,7334,970248,20219478,4174028
1004224,384544,274649859,3126942,295901469,16934368,106429869,6399164,244273181,269949,97663714,140444,10132759,1966781,429774159,815678,4070866,905902,126608122,605208,120931106,38429391,310281064,2251374,3342,618633,698871,1679733,43265,3606406,32558614,16694282
313180,0,270879152,0,288899745,42514,105966098,3491,236067551,2299155,95302392,175140,7990491,4929548,428829902,11478,3554156,29932,123539018,3515234,117137449,47017241,318965694,11478411,265903,0,284825,122454,206907,289365,18169195,445911
442443,26239,266486732,0,293099787,27042,108668161,49579,244751359,219340,90177923,284740,7852229,141215,426909175,209927,3614869,278075,129189955,166475,117764397,19299995,315429537,38529285,24368,6395,263010,243921,2268209,261411,17058118,4878427
1063994,0,276078698,5027,292495699,3557,106533098,1335,249200727,427176,96032502,74395,9037927,313896,429427763,4679,4627868,313634,126844321,685426,117178420,39179006,317467386,19815755,0,0,90802,50284,310213,214278,36242857,360988
288574,5590,267567552,0,283758527,0,101861016,25227233,230260951,28127345,94107876,2356390,6432551,262362,429543269,21223,3411631,44389,125183170,55939,117295716,1414942,320802696,842876,34152,47894,144914,474283,0,725778,30134466,9995015
639744,0,269091890,47713,286072737,36482,105011039,0,233292333,19892042,97314515,19167510,10049559,21531245,429096356,2561,3643413,35781,123460698,155537,116898546,0,312443647,1221722,318570,3234,489345,14509,7017,171078,15119094,4627102
558632,23402,270105453,1838,282069711,0,103923914,0,236364670,158524,95485352,15950819,8256569,2892666,431047111,49008,3395133,39439767,127128544,170585,118634311,0,315006133,1112508,583428,19421,5059024,177795,3519294,4156191,24975872,3463925
992943,0,251716290,0,281854332,27818,104717384,0,237931126,141835,90040896,42289915,5958743,16905308,433493915,13072,3659060,335638,125978151,136227,111824460,36896,313756813,635478,242501,128554,82852,389983,348157,311464,21029812,423469
554267,5898,263094626,0,281530356,0,102774157,0,233542395,11069,92705967,181754,8805092,48346365,432751818,41983,3978389,351996,123044593,3063283,116382306,6393690,314278098,38823,298755,192462,251260,355229,208622,862632,19718816,334679
949642,6783,276968779,5292,291528318,0,105303623,0,244609991,43244,98669972,49408,8319892,10437,429177004,15912,3802373,13034539,126861149,277808,117866065,36146196,315784518,4952767,91273,4692830,199272,500427,1553627,333208,19249488,4674615
5354187,111160,272525178,1970865,289983837,14456925,108004540,18321,244520287,819826,98447166,27059432,11803136,13470686,429677032,2231908,3870478,841193,128411749,1573463,117172023,2094291,315441499,3296061,8550,8688327,1043363,2006754,10599036,10182572,28346466,1711405
408234,0,259654275,205176,281466174,21094,104907882,163932,232763833,39971,90543138,32179717,7990793,25589190,430854508,0,4713231,16782,124526474,22194,118085785,0,312346666,56668,296035,903,1294402,200628,141972,34651,16992202,84012854
776940,13188,267076183,29493440,285117910,13511,103344771,0,240066323,13400017,91665814,199397,9644802,3643175,430928339,10168252,3646087,100928,128181705,402753,118005519,0,312767892,36300,167280,69446,62725,231036,0,281423,16505339,5696518
662565,26958,265216231,16848080,283231784,4465,104225707,3234,239425157,22393129,91417626,19291396,7756602,43161,430954675,70880,4054550,20865,126390192,351216,119335241,159062,309945714,84322,0,6236,94785,301202,40850,263384,35472030,269829
600230,25051,269004301,39135,294029876,0,106476344,544671,233625763,25176186,95021580,34479805,10306184,65603,427682055,45136,3339054,18705,122194777,77929,119062523,68163,318249733,177503,917288,0,86666,122235,244616,130439,19239844,53361635
414098,40813,263384949,32277,289121010,25095,104244710,0,241091665,38390502,94692641,21806535,10646494,18233,428090447,18776,4629921,128715,124910938,0,115426222,238092,313496716,213466,6204,16052,476304,31108,162080,16794891,18559535,23836991
460534,10228,261375708,51653,289788420,3879,105684044,28536,244052440,14639214,91060435,44849220,9010202,27174,429429614,2628,3309073,29848,127498691,40653,118471731,149909,314782546,346003,65657,0,4097510,98366,104431,7247131,14923445,338308
2119868,21849,258522343,9990,290369272,46264,107921726,0,238376967,16162281,92825000,14303765,7128254,38123,430514316,1934,4118787,9583,124073807,53269,116051868,28391247,312415275,439011,41116,3580,372980,22358,70224,155593,17593976,629517
102497,18617,263375458,0,284939687,3749,105531399,20263,237731915,132784,93759292,41950,10425509,8296,428748091,0,3871864,15067,126688727,95220,117675841,57674679,319172701,647547,114727,0,109956,28333,110446,4958130,22547802,5332058
593959,46364,259362057,9278,284722240,0,105157716,0,231217361,11579,93176936,26582,11561814,0,430582958,2314,3119029,60867,121147176,58763,114119329,57295936,318386061,719907,253651,0,96976,33692,43324,170067,15415290,539141
