971984748023,3000186101251,1001390889276,1353724539305,989639064144,1308533002618,969163550879,1301523577693,990691622894,1092307709237,970765731165,1074658251911,990299557472,1057164864965,956782633162,1058824994548,862150765947,1049799556049,940761705261,1057358467543,932702869995,1057921385002,926846060160,1044534726867,988434477803,1047352077856,993822202221,1044317859832,1010523030625,1647697430282,1774561771515,7210069907343
971986098034,3000186971270,1001435504441,1353725620622,989685826368,1308533267922,969194146456,1301523722290,990736888546,1092308696830,970796313750,1074658646740,990302129123,1057165237175,956832688402,1058825382539,862154102660,1049800274077,940769179519,1057359360325,932710125523,1057922640665,926866500016,1044535172674,988434755485,1047352547187,993830254205,1044318163772,1010533598919,1647743901469,1774587867398,7210122480863
971994014286,3000189482472,1001488681221,1353728547272,989735654156,1308534611057,969230510577,1301524308080,990787004682,1092312924719,970823923281,1074660140635,990308066286,1057167165844,956884427464,1058826522278,862157796026,1049803742325,940803081809,1057361181037,932716131551,1057928026436,926886236547,1044538524300,988438615818,1047354013290,993837322180,1044322835779,1010538974441,1647752366576,1774615120938,7210153983752
971995384316,3000191501308,1001534671903,1353729458483,989781325702,1308536927266,969258840132,1301525938925,990825130097,1092314255609,970856492456,1074661342724,990309797502,1057168066232,956930393897,1058828297511,862161731018,1049805234727,940809874941,1057363100844,932722052682,1057929793759,926904528465,1044539863914,988442691843,1047356344483,993841177850,1044323832031,1010542988053,1647754928851,1774634918623,7210167078227
971996306973,3000192517563,1001587260387,1353730588199,989822503325,1308537856789,969287999385,1301527010313,990864693610,1092315953432,970886936309,1074663008725,990315538322,1057168760313,956977923258,1058828686715,862165545614,1049807519346,940819185888,1057364503453,932729189142,1057930748452,926921404833,1044540697873,988443189637,1047357190317,993844282071,1044325862756,1010547028404,1647757843112,1774656771315,7210169804055
971999808777,3000193144010,1001632472230,1353731504975,989870914401,1308539953809,969323074134,1301528053810,990904984590,1092316941432,970915265131,1074664247820,990319661997,1057169901176,957022585982,1058829473927,862170398649,1049808587257,940826634916,1057365016528,932732811831,1057931856089,926938392518,1044541061051,988444654858,1047358319448,993845381271,1044326244568,1010547286182,1647760207656,1774677918805,7210177638087
972003130316,3000194359056,1001678791830,1353731954203,989918825164,1308540737013,969355827293,1301530093196,990944907560,1092317432604,970948436048,1074664961939,990322200106,1057170929550,957068553240,1058829943637,862174139662,1049809661525,940835343995,1057365994216,932740075498,1057932177397,926957579123,1044541896657,988447711213,1047358637511,993845704817,1044327052439,1010550738622,1647761669171,1774705895889,7210179551681
972004467518,3000195109106,1001723266535,1353733867894,989960445755,1308541240034,969384013011,1301531103435,990983721746,1092317993525,970977582519,1074665497759,990337832460,1057172112811,957115998131,1058830687839,862182166086,1049810211754,940842145223,1057367560190,932745094037,1057932512001,926977936808,1044542725800,988449701206,1047359717847,993845786520,1044327504607,1010551391682,1647763849488,1774718444398,7210189392905
972005667164,3000196567099,1001777408867,1353734787194,990010994917,1308541808558,969414213416,1301531623992,991028395579,1092319121601,971007685797,1074667250504,990342641103,1057172972977,957160517952,1058832488998,862186419522,1049811905074,940848744733,1057369616866,932748880871,1057933755054,926990225584,1044543351647,988450347679,1047360911005,993846150367,1044328775211,1010552045970,1647775209080,1774734181354,7210192276510
972009450060,3000199625746,1001823913954,1353735834161,990056216918,1308543938593,969443388398,1301532760454,991072505473,1092319946274,971034505229,1074668444370,990344867023,1057175086109,957208392949,1058834562536,862190060019,1049813229848,940855671441,1057371134797,932753342902,1057934617925,927006340982,1044544946069,988450504057,1047362002760,993846350548,1044329592698,1010552213309,1647777856830,1774766914807,7210204147675
972029562519,3000202193065,1001870266288,1353740196624,990097992963,1308546247319,969470224681,1301534816487,991110058769,1092321049053,971067278398,1074670069103,990347395282,1057177401058,957253595309,1058836333792,862194371730,1049815184089,940863052213,1057372414627,932759586066,1057935594101,927026345258,1044547418522,988451151456,1047364000767,993846591225,1044331767831,1010552628453,1647788775733,1774784968289,7210209195076
972030100718,3000203451640,1001916179591,1353742710055,990141824976,1308547687613,969502748529,1301536685046,991150104849,1092322968334,971095727857,1074671678401,990349979736,1057178585378,957300245915,1058839567220,862198492767,1049818249885,940869076663,1057373645078,932763293591,1057937538388,927043243168,1044549537196,988451741069,1047365323486,993846646475,1044333290721,1010552770426,1647802790920,1774802267526,7210218246266
972035438484,3000205956456,1001967647752,1353744961994,990201769544,1308551245341,969538377968,1301539553182,991199124347,1092326330610,971136989457,1074674316572,990354695281,1057182338027,957354179068,1058841703025,862203824214,1049822169766,940889696885,1057375537171,932775879754,1057941466740,927068940162,1044553442178,988455986133,1047367460279,993855173169,1044335084009,1010553786803,1647806538496,1774845988325,7210224997009
972036797809,3000207663540,1002014535966,1353745819273,990245477948,1308552331840,969570350470,1301540681448,991239513599,1092328429460,971164508521,1074676629268,990356297611,1057184117010,957398600899,1058845193582,862207494108,1049824088583,940896230899,1057377094575,932780043973,1057944816893,927083163652,1044555988859,988457710319,1047368836735,993855376894,1044336878704,1010555253888,1647809628030,1774856253639,7210227799602
972038619340,3000209417734,1002063337359,1353747862702,990287092960,1308556183607,969600101772,1301542575846,991281464132,1092331031690,971193071503,1074679292441,990360627152,1057186789199,957442849124,1058846881127,862211109910,1049825586819,940902807771,1057378428035,932785233778,1057946120371,927101295444,1044558409708,988458205389,1047373269335,993859886901,1044338956442,1010555564498,1647822639980,1774872758060,7210231554910
972039073311,3000212032966,1002107439847,1353752390178,990333833642,1308558680141,969629751986,1301544697438,991324688517,1092333699801,971224343497,1074681991096,990362869010,1057188466170,957487765640,1058850786019,862214669330,1049828087873,940910597292,1057379681042,932790836982,1057948087801,927121949725,1044560610243,988458324732,1047374102475,993861924031,1044340145344,1010555711962,1647837961825,1774885801764,7210236349617
972046514426,3000214731562,1002150923120,1353754532428,990378162033,1308560236714,969664696205,1301547021668,991362901916,1092336415293,971254502385,1074686413130,990364945692,1057189998854,957536481308,1058852498245,862218680949,1049830132316,940917172836,1057380396500,932798576228,1057950616785,927136933395,1044561969815,988458542483,1047375432015,993862095762,1044342755884,1010558561133,1647840950614,1774905294270,7210239904988
972071875633,3000216683058,1002193646668,1353755838135,990426142854,1308562842247,969690700615,1301549609836,991404419920,1092338388692,971282949406,1074689626668,990368030215,1057191300456,957585219887,1058853658148,862222996033,1049832046808,940926376446,1057381565425,932802129441,1057951868260,927154127179,1044565087281,988460310074,1047376235952,993862706960,1044344595208,1010558832492,1647844038924,1774922066400,7210263186984
972072729274,3000219007968,1002238899097,1353757332641,990470995104,1308565496533,969717493493,1301553483992,991447756972,1092339960198,971313049791,1074692051371,990371245871,1057193246144,957633028492,1058855373250,862227339922,1049834194185,940934933752,1057384074145,932806065921,1057953935198,927166571956,1044567844807,988460634703,1047377718432,993862965926,1044347634341,1010559091673,1647847578283,1774943348947,7210266828619
972081610466,3000220060623,1002284539157,1353759228745,990517173215,1308568121826,969746324569,1301555781231,991488200350,1092342117238,971345317494,1074695048382,990374052234,1057195037804,957678908800,1058856774356,862232335731,1049837143016,940940998207,1057386102558,932809820359,1057957095766,927179412973,1044569968450,988460802260,1047379295881,993863079355,1044349863416,1010559529024,1647889381062,1774968165489,7210272548766
972109707017,3000221473579,1002331673881,1353760200217,990563836177,1308570886513,969777593158,1301557658696,991527878640,1092344653550,971378094583,1074697568494,990377900407,1057196715151,957724603878,1058858254820,862236315138,1049837836108,940959790327,1057387186119,932813627590,1057958443802,927194735034,1044570631737,988461349627,1047379797337,993866026839,1044350844297,1010560075183,1647891601199,1775004790593,7210275013782
972110287715,3000226078598,1002379200609,1353763387557,990611018699,1308573175710,969803199578,1301561360453,991570722198,1092347649682,971409208719,1074700433873,990381631405,1057198028015,957772667810,1058859996082,862239858561,1049841619511,940968703447,1057388411407,932817541790,1057961210600,927205605451,1044573157713,988461788377,1047382849364,993866158805,1044354040973,1010560106864,1647906485784,1775020553661,7210279309048
972111706603,3000233477040,1002427886752,1353766481290,990658409286,1308576795472,969842267604,1301563299049,991611583547,1092352124577,971437516500,1074703383866,990383401379,1057200861626,957820099864,1058865483467,862245331913,1049845230399,941004359314,1057391659003,932830720822,1057963545212,927223085452,1044575408629,988464004103,1047387156673,993867300390,1044355433997,1010565487627,1647910667885,1775037792272,7210284149095
972113368012,3000235694785,1002476438558,1353768473890,990704481738,1308577471203,969870954562,1301565807719,991654023955,1092354188028,971471086060,1074704337184,990385810205,1057203807281,957867724473,1058867007896,862249354477,1049847020354,941012499029,1057393257561,932836099048,1057965158125,927237513704,1044577054488,988464059273,1047389420965,993867472674,1044357115538,1010566199900,1647913209179,1775052224608,7210308508627
972139708630,3000237005557,1002525235907,1353771865164,990748303905,1308578794350,969898235469,1301567035023,991692925504,1092357233573,971499437297,1074705507975,990388256889,1057205875393,957913550598,1058869895936,862255368678,1049850582741,941018549531,1057394504962,932840221472,1057966939196,927249379745,1044578394942,988464315451,1047391663547,993867624958,1044357892886,1010566890028,1647922976496,1775075322704,7210311061354
972141225750,3000238019932,1002573355757,1353773064426,990796344510,1308580563352,969930091266,1301567937604,991735445511,1092359365291,971532004162,1074706169351,990393112552,1057207558821,957959670490,1058871003862,862258900286,1049851838888,941024805851,1057396252949,932843834637,1057970413278,927258651737,1044579987477,988464840830,1047392303947,993867841394,1044358786296,1010567595666,1647924895219,1775089970153,7210316268978
972142266236,3000238650156,1002617236589,1353774397845,990840718159,1308581550555,969962427948,1301568693371,991775921968,1092360581101,971561497718,1074707662367,990394671764,1057208586052,958003347237,1058872445835,862263889424,1049852387430,941034094468,1057396758475,932851323121,1057971762705,927273708223,1044581318994,988465451935,1047393402428,993868582497,1044360187075,1010567984013,1647940496088,1775104784341,7210318961909
972149350796,3000240421479,1002660936482,1353775060646,990885672077,1308583501224,969992462246,1301571337905,991814943034,1092361597375,971595587499,1074710850588,990396238863,1057211791777,958047781351,1058876633692,862267627192,1049854362770,941039533447,1057400124600,932856267106,1057973537881,927286884940,1044583645117,988466192845,1047394032842,993868799203,1044361356636,1010568441906,1647943288593,1775149840461,7210325251349
972150373834,3000242172130,1002706919268,1353777407550,990931820185,1308587237208,970022725678,1301574404934,991854043393,1092363929507,971630649432,1074713310983,990399126097,1057214917528,958092171385,1058878578555,862271411980,1049858801407,941046237724,1057403283599,932874648521,1057975712665,927301872769,1044585642594,988466972180,1047396756762,993883718450,1044363210960,1010572527437,1647955922133,1775181392127,7210331227225
972157835621,3000244311774,1002750552942,1353780274325,990976751089,1308589635577,970049885560,1301581593156,991894234847,1092366154976,971659561052,1074716735702,990403479861,1057217176715,958140955860,1058880613578,862275009344,1049863859063,941054859741,1057407920927,932883615412,1057979922062,927312766290,1044591982964,988480454000,1047398143516,993883995026,1044364738645,1010572709962,1647961489677,1775227365824,7210334848586
972158388938,3000248413116,1002797167851,1353785102803,991018339518,1308592598204,970080246685,1301583694882,991934951125,1092367789342,971698213131,1074720167696,990406794680,1057219715482,958187462541,1058881981421,862278761156,1049869806416,941064770748,1057411662504,932903301544,1057983014703,927326474773,1044593232522,988480822949,1047400284226,993884354224,1044367256125,1010592833747,1647974112811,1775259140498,7210338693582
972159529410,3000250736457,1002843560865,1353788448938,991062396948,1308596715313,970109355003,1301587207627,991976299294,1092368967456,971727191899,1074721748339,990416251936,1057222559455,958232195424,1058884097098,862282676626,1049871894075,941071022497,1057412672473,932907198085,1057984322323,927338430783,1044596288252,988480874745,1047401311909,993884779532,1044370035305,1010595192878,1647977472319,1775275304965,7210370049960
972164876998,3000254542802,1002893735616,1353794245253,991111420305,1308600007177,970156495119,1301592512367,992026161113,1092372119536,971757613984,1074723818739,990423026638,1057225480997,958284171696,1058885941155,862287519432,1049875195711,941083392110,1057416373051,932918478130,1057988976378,927351117442,1044599096176,988482011958,1047403917582,993888706023,1044373282060,1010602657804,1647983036949,1775290428379,7210375509707
972165678181,3000257730037,1002937256775,1353797510970,991156009366,1308601796188,970187924168,1301595159568,992065697853,1092375232815,971786030145,1074726074406,990428999264,1057227301518,958328488993,1058887846685,862290971148,1049877005612,941090003259,1057417677575,932922892954,1057991483286,927366977446,1044600165628,988482166378,1047405879471,993902471229,1044377133524,1010602821773,1647987047870,1775307006294,7210379323577
972167144586,3000258745057,1002982429007,1353800129281,991203456341,1308603217671,970220761393,1301596534895,992106992283,1092376251607,971811629650,1074727751711,990435291980,1057228763904,958374119634,1058888522986,862295719384,1049877777762,941097636725,1057419261071,932927628361,1057993212182,927379725844,1044601260527,988482731362,1047409092300,993902695954,1044378049043,1010603358820,1647990905369,1775325551548,7210382237981
972168984338,3000261135987,1003030790151,1353804251790,991256538966,1308605059181,970253779365,1301599181819,992148328822,1092378002824,971845606582,1074729217300,990436294233,1057231967789,958418655135,1058890346554,862299504089,1049878797803,941114668999,1057421014475,932933853478,1057997731071,927401714903,1044602912849,988483103480,1047410021698,993904481020,1044379310687,1010603652607,1647994022324,1775339127416,7210395623389
972170006962,3000262106754,1003081666763,1353806528909,991297911491,1308607013356,970280305247,1301601836853,992188136981,1092379745425,971874534409,1074733455943,990440909032,1057234901290,958463687786,1058891111085,862303668108,1049880723123,941120909515,1057423274259,932938044362,1057999208021,927418814788,1044603494921,988483179987,1047412097055,993904576764,1044381260421,1010606407851,1647999299509,1775354554187,7210398384731
972171475734,3000265058664,1003126308596,1353809100672,991346144405,1308610932749,970308892754,1301603376266,992230836327,1092382670703,971904216378,1074736132873,990444675746,1057237556615,958509768648,1058894661495,862307983861,1049884820139,941127132635,1057425225556,932941075018,1058002640059,927430794457,1044605507415,988486852162,1047414294823,993904702891,1044383569572,1010606461296,1648003466322,1775369357240,7210403139085
972172389449,3000269068557,1003171171130,1353811793857,991388345898,1308614791703,970341180318,1301604825175,992272862388,1092385924414,971931454060,1074739542419,990446301192,1057240006440,958553485781,1058897401243,862311876148,1049887236473,941136544073,1057426565836,932980327631,1058004194044,927443119427,1044608387536,988487087451,1047415932627,993905361077,1044386307263,1010610067263,1648006368819,1775409716473,7210407921675
972173147378,3000271003614,1003217713325,1353813693659,991435415771,1308616616084,970371501176,1301606963085,992313476341,1092387384159,971960673712,1074743633526,990448546845,1057240688132,958597876798,1058899725949,862316052144,1049889034128,941142378243,1057427531073,932984029382,1058006260567,927458178910,1044609426301,988488397086,1047416491182,993906001013,1044387740907,1010610202862,1648009833987,1775451367844,7210410702365
972193069947,3000272674420,1003262073297,1353815850424,991483950921,1308620065273,970397449779,1301610056252,992352520212,1092388315789,971992941821,1074745129159,990451071475,1057242162043,958644738321,1058901114438,862320947258,1049890459610,941160880500,1057430285151,932988215325,1058008561339,927469451802,1044610772082,988492466675,1047419870029,993906239364,1044389166826,1010610508639,1648014984981,1775466160193,7210426487621
972194249379,3000274238514,1003304419103,1353817964874,991528151473,1308623052716,970424885293,1301611729000,992394107404,1092390471425,972024642406,1074746994579,990453098532,1057242807502,958690909444,1058905376582,862325353013,1049892693380,941166825925,1057433384150,932994523521,1058011192667,927480770762,1044611803056,988492556154,1047421105954,993906665287,1044390844892,1010610766598,1648024865051,1775481899948,7210428633113
972197478492,3000276854250,1003353078868,1353821248889,991581066834,1308625174645,970456109454,1301613487835,992458740412,1092392269520,972055422120,1074748936928,990460059555,1057244093242,958741460908,1058906284292,862346772808,1049894592388,941186055430,1057434860779,933053943207,1058013288496,927494247396,1044616430659,988496236609,1047422237279,993907183407,1044392977001,1010617055872,1648031238844,1775501644757,7210438357720
972198666780,3000277975588,1003396381271,1353822471454,991625837121,1308627084523,970483146760,1301616353830,992502372740,1092393853090,972081877385,1074750200439,990463485954,1057245771699,958787436200,1058908944603,862351088117,1049896163258,941193862826,1057436583121,933059099060,1058014738106,927508870280,1044618020939,988496450213,1047423593891,993907452572,1044394205616,1010617343153,1648034568175,1775520088101,7210462742142
972205646691,3000281676854,1003436865021,1353823789273,991670374368,1308630523195,970514501643,1301618869712,992541917166,1092396711926,972111538458,1074753259612,990466158214,1057249986174,958833211373,1058910853169,862353955651,1049898399784,941208714466,1057438960752,933062071049,1058018646187,927523710296,1044620911926,988496966386,1047425583557,993907795802,1044396275972,1010617664131,1648062653799,1775536056328,7210467205341
972226195063,3000282875735,1003484527266,1353825823241,991721762794,1308632820745,970543848871,1301621177115,992582993766,1092398862957,972141778098,1074755407039,990470633470,1057251531450,958879333050,1058913575520,862357437997,1049900778544,941216707848,1057441118164,933067562719,1058020146775,927534942534,1044623751374,988497095226,1047426398885,993907957774,1044397184073,1010617691322,1648080412850,1775552187841,7210470673106
972227358444,3000283939200,1003531188475,1353827841571,991766396651,1308635085171,970575970716,1301622996589,992622144078,1092402193528,972174925367,1074757452445,990472467784,1057253516113,958921998974,1058914788874,862361093940,1049902480403,941224883044,1057442132467,933071367281,1058022484706,927550064944,1044624748114,988498435915,1047428333349,993908289677,1044398755832,1010618002619,1648093412398,1775560206152,7210474713016
972256473914,3000285990088,1003578295950,1353829367504,991811086876,1308637793451,970603433293,1301625678972,992662650905,1092405433968,972207777461,1074760209854,990474937921,1057256129499,958967054409,1058917613906,862368052275,1049904477271,941234261072,1057444785921,933076729437,1058025228154,927561015694,1044625443891,988498501781,1047430029142,993908782227,1044399865751,1010618132011,1648097199001,1775579711259,7210478195383
972257264208,3000287064700,1003620677473,1353830891057,991854956498,1308641561432,970636680025,1301627908541,992700992811,1092407459169,972236322093,1074762200713,990478961729,1057258478676,959012696654,1058918694926,862372414957,1049906959853,941246448763,1057446270200,933098636482,1058026803252,927581679184,1044628277268,988498827237,1047433996113,993909059512,1044401387949,1010618420628,1648102433758,1775596784513,7210482917722
972261642824,3000288393153,1003667547047,1353832202401,991926488838,1308642973826,970663605559,1301629249707,992739856112,1092408362941,972265506606,1074762810590,990500491312,1057260442978,959056240892,1058919477812,862375919341,1049908410917,941255912463,1057448703310,933104143103,1058028912423,927595794484,1044630761684,988499712332,1047435532647,993909264150,1044401871274,1010621037638,1648115515837,1775638618783,7210485332553
972262407637,3000291696172,1003716756105,1353833475970,991970234600,1308643883966,970693457820,1301630880398,992779967522,1092409827032,972291389333,1074764305490,990503986595,1057262986925,959099906303,1058920560949,862382678054,1049911051754,941264836170,1057450757078,933108456076,1058030717132,927617199982,1044634719159,988500083169,1047436853176,993909336262,1044404129903,1010621333367,1648117432038,1775662715905,7210503183967
972267139096,3000293162298,1003764094761,1353834142824,992016124974,1308644906369,970725071117,1301632403223,992821929035,1092410805314,972319498760,1074768097995,990507082288,1057263469892,959147503349,1058921352501,862386963035,1049911573591,941280766770,1057451151323,933114235905,1058031431255,927629743350,1044635260137,988500758723,1047438484416,993909779637,1044405366784,1010622055526,1648120329603,1775686033808,7210505441625
972322292851,3000296236487,1003816116000,1353838627379,992064742325,1308647012315,970755967182,1301637150993,992867466649,1092413300748,972351285237,1074770254414,990509591327,1057265639207,959196303220,1058922207455,862395932489,1049912571105,941327332479,1057452827600,933133194259,1058035362533,927645784644,1044636906921,988501971436,1047441508681,993910575445,1044410775783,1010622568751,1648124824373,1775704042825,7210514537944
972323195798,3000299313426,1003859273735,1353840119548,992108229904,1308648342728,970783946744,1301638541013,992904895583,1092414808834,972382134593,1074772506815,990520977148,1057267650982,959243991970,1058924716501,862399085454,1049915108966,941334969832,1057454742706,933147863021,1058036698943,927658600048,1044638074768,988502379667,1047443241356,993911292759,1044411981522,1010622822912,1648137880871,1775723281048,7210519418852
972324724169,3000300924330,1003912773387,1353840841437,992154545343,1308649246048,970816581093,1301640324927,992945176154,1092416657596,972411914250,1074773946043,990525676643,1057268572361,959290160850,1058927261655,862402176882,1049916700282,941343763752,1057455644114,933157345492,1058038092768,927673368795,1044639488363,988502459624,1047444183639,993911584223,1044414319135,1010624993054,1648141827095,1775741070340,7210532481644
972326226991,3000302508223,1003962193324,1353842931162,992203695131,1308651404314,970847140208,1301641310116,992984436695,1092418913648,972440814527,1074775341933,990530367710,1057270649622,959333259611,1058928870244,862405551077,1049918620016,941350298850,1057457057139,933167497556,1058039873547,927693182171,1044641091979,988506858919,1047445409275,993912234561,1044417547390,1010625589524,1648153603480,1775763321443,7210535608157
972327602731,3000304760758,1004009207921,1353844118049,992251499011,1308653047643,970874941533,1301643577300,993031351060,1092420250840,972471454150,1074777541257,990535131118,1057273355659,959376455234,1058930127902,862414222333,1049921673439,941357061754,1057457691035,933180770840,1058040788921,927704282340,1044642174999,988520741181,1047447333738,993912897693,1044419228843,1010625820245,1648157461171,1775782579763,7210548815184
972328313810,3000308205404,1004055881530,1353846284115,992300884104,1308655154452,970906437955,1301644764067,993071179320,1092422731079,972501110831,1074779491209,990538171407,1057276232775,959423369721,1058933299345,862418597222,1049924261008,941363496806,1057459098634,933194909854,1058044401495,927719419231,1044644194747,988520909452,1047449311335,993913087327,1044420344952,1010626304789,1648173368528,1775802974856,7210565512698
972329079004,3000309688287,1004098334020,1353848909686,992344795039,1308657148837,970932773422,1301646754102,993110632472,1092423897517,972529689333,1074781222918,990541009171,1057278179702,959471625456,1058936097756,862422420455,1049926427850,941370765720,1057461249107,933205015230,1058047740527,927729413930,1044645838626,988524585971,1047453783557,993913401297,1044423148404,1010626411051,1648195057448,1775851294737,7210570580286
972330977716,3000311460325,1004145694727,1353850463878,992390257350,1308660880629,970963898914,1301648225200,993149301352,1092426015033,972559504102,1074782556648,990542941637,1057280690415,959517565624,1058939854217,862429020613,1049927678784,941377638586,1057463544819,933215012760,1058048932172,927742044013,1044648815723,988524923330,1047457017774,993915091862,1044424406095,1010626535681,1648211227883,1775901340667,7210574505730