5422,5178,5347,5355,5561,5159,5230,6067,5488,6324,5295,5101,5471,5297,5022,6074,5285,5900,5370,6134,5510,5695,5314,5514,5202,5817,5080,6102,5636,5625,5760,2579
4456,5182,4608,4995,4550,5247,5191,5006,4223,4851,4732,5183,4524,5008,4542,4879,4734,5706,5081,5560,4892,5485,4680,5352,4222,5547,4267,5420,4994,5389,4592,6700
4801,4593,4950,4317,4984,4739,4959,4906,5263,4517,5200,4741,5084,4444,5029,4678,5092,4738,4863,4567,5427,4903,4718,4842,5119,5429,5241,4438,4934,5092,4855,6067
5533,5430,5397,5369,5500,5764,5416,5999,4995,6155,5086,6062,4969,5584,5000,5440,4978,5601,5133,6292,5530,5892,5558,5734,5476,6150,5311,5937,5421,6080,5409,7034
5300,6112,5225,6125,5149,5745,5338,5683,5406,5935,5256,6428,4851,6148,4933,6267,5330,6210,4876,5683,4893,6088,5029,6008,5271,6118,4993,6404,5103,6539,5000,7282
5569,5887,5825,5976,5531,5749,5641,6059,5296,6481,5465,5644,5288,6246,5515,6566,5234,5860,5736,6013,5737,5878,5681,6003,5954,6125,5625,5647,5873,6317,5714,7057
4950,5256,5248,5399,5184,5646,5515,5735,5098,5566,5516,6025,5340,5793,5058,5899,5298,5958,5191,5978,5362,5740,5241,5748,5080,5616,4975,6155,5072,6093,5263,7288
5578,5514,5653,5216,5551,5402,5475,5509,5602,5151,5745,5190,5426,5108,5655,5257,5341,5152,5815,5376,5602,5241,6026,5448,5694,5523,5681,5074,5831,5693,5971,7687
5692,5342,5142,5040,5721,5306,5801,5210,5653,5362,5743,4842,4842,5044,5753,4996,5643,5186,5116,5562,5613,5302,5030,5378,5544,5764,5433,5422,5508,5163,5198,7744
5482,5364,5602,5503,5724,5460,5704,5446,5512,5808,5101,5409,5659,5374,5270,5261,5371,5636,5136,5211,5452,5501,5305,5291,5394,5223,5914,5496,5358,5891,5885,7855
5168,5151,4946,4964,4713,4999,5186,5427,4984,5277,4907,5091,4644,5325,4923,5257,4998,5291,5071,5454,5060,5124,5194,5483,4918,5609,4956,5446,4709,5654,4952,7354
5541,5669,5421,5296,5372,5411,5221,5125,5358,5700,5196,5522,5070,5240,5141,5823,5646,5453,5036,5315,5144,5729,5086,5404,5309,5316,5253,5503,5204,5690,5313,7516
5315,4764,5339,4968,5433,4925,5359,4554,5460,5076,4878,4791,5510,4842,5524,4353,5403,4785,4827,4991,5094,4785,5059,4966,5563,5141,5510,5251,4870,5068,5191,6835
5464,5698,5475,5596,5724,5336,5970,5635,5658,5843,5818,6005,5339,5711,5729,5672,4949,5781,6104,5469,5436,5916,5362,5919,5541,5905,6020,5591,5720,5887,5912,8474
4911,4990,5120,5384,5552,5319,4959,5172,5066,4754,5108,5285,5071,5683,5310,5099,5156,4940,5432,4771,5253,4869,5195,5124,4873,5067,5101,5000,5084,5296,5170,7358
5312,5549,5350,5996,5617,5686,5554,5463,5450,5416,5476,5745,5542,5568,5245,5380,5674,5311,5416,5250,5296,5205,5567,5671,5996,5758,5660,5885,5782,5514,5605,7608
4367,4566,4237,4481,4542,4834,4348,4758,4357,4543,4105,4685,4392,4958,4007,4700,4328,4429,4061,4272,3934,4516,4248,4634,4310,4631,4421,4485,4592,4276,4301,6460
4800,4318,4478,4458,4880,4559,4715,4343,4732,4447,4661,4292,4863,4456,4860,4550,4897,4955,4532,4179,4720,4447,4885,4537,5066,4573,5630,4466,4744,3916,4585,5949
4600,5056,4506,4965,4470,5022,4282,4929,4259,4983,4377,5137,4659,5009,4787,5391,4885,4963,4698,4761,4928,4807,4738,4772,4803,4990,4833,5444,4952,5384,4725,6506
5346,5116,5205,5030,5739,4977,5187,4896,5272,5190,5341,5110,5197,5221,5252,5043,5345,5008,5505,4978,5842,5555,5483,4837,5183,5552,5544,5369,5442,5510,5418,7182
5712,5211,5190,5920,5635,5463,5647,5232,5532,5889,5695,5686,5151,5236,5326,5315,5163,5733,5392,5381,5523,5531,5440,5747,5496,5361,5185,5390,5436,5924,5492,7894
5742,4983,5136,5346,5328,5139,5083,5064,5481,4959,5363,5353,5567,5481,5473,5337,5435,5418,5475,5851,5353,5396,5403,5224,5483,5599,5640,5309,5812,5420,5330,7734
5554,5137,5682,5620,5409,5257,5450,5417,5683,5305,5424,5481,5660,5698,5356,5291,5611,5683,5461,5699,5503,5749,5190,5410,5763,5634,5890,5053,5650,5297,5608,7946
5214,5275,5637,5019,5023,4967,5559,4715,5530,4916,5308,5113,5343,5358,5326,4872,4793,4906,5111,5315,5111,5192,5044,5384,5064,4809,5276,5226,5468,5269,5294,7325
4890,5277,5158,5239,4765,5321,4891,5562,4983,5380,5274,5595,4921,5658,5050,5640,5102,5379,4800,5697,4951,5460,5060,5441,5547,5675,5043,5247,5376,5335,5037,7863
5250,5149,5336,5008,5137,4728,5119,5049,5165,4953,5150,5075,5183,4945,5350,5003,5240,5281,4879,5102,5382,5159,5248,5033,5015,5217,5148,4924,4886,5122,5485,7404
5112,4622,4573,4922,4797,4940,4850,4791,4888,4428,4719,4294,5111,4631,4661,5189,4815,4540,5131,4830,4798,4786,4696,4826,4659,4783,5078,4904,4401,4987,4713,6995
4326,4361,4474,4508,4415,4664,4586,4548,4425,4933,4503,4375,4331,3998,4100,4511,4416,4361,4142,4307,4295,4848,4036,4346,4712,4850,4360,4903,4258,4907,4116,6449
4714,5094,4900,5621,4454,5139,4629,5284,4719,5956,4973,5318,4778,5183,4372,4883,4726,5018,4758,5117,4891,4833,4643,5287,4725,5248,5017,5405,4731,5382,4858,7589
5150,5569,5277,5528,4648,5668,5179,5622,5228,5670,5231,5277,5005,5137,5068,5252,4844,5449,5127,5425,4820,4970,5406,5148,5245,5597,5040,5350,5182,5197,5087,7615
5414,6050,5559,5694,5165,6304,4879,5915,5093,6044,5183,6263,5532,5644,5414,5662,5286,5412,5333,5943,5483,5771,5816,5519,5426,6276,5428,5720,5883,5910,5900,8165
5434,4762,5139,4716,4944,4960,5302,4998,4801,5265,5043,4782,4627,5051,5551,4761,5257,4868,5578,5239,5181,4783,5182,5184,5387,5676,5349,5093,5238,5460,5314,7448
4822,4955,4492,4934,4972,5049,4765,4683,5066,5002,4915,5262,4960,5386,4859,4709,4654,4911,4771,5169,4803,4723,4862,4610,4712,5293,4438,4944,5144,5397,5042,6807
5046,5237,4981,4698,4789,5083,4764,5249,5020,5052,4600,4781,4788,4819,5017,5231,4974,5272,4796,5351,4862,4915,5006,5303,5412,5105,4827,5031,4794,5225,4763,7460
5379,5857,5051,5860,5274,5494,4746,5615,4737,5630,4823,5500,4958,5596,5010,6142,4804,5545,4978,5352,5040,5651,4962,5835,5215,5687,5223,5744,5139,6156,5299,7861
4700,5276,4898,5337,4846,4803,4729,5158,4976,5127,4481,4996,4639,5061,4577,4852,4442,5050,4574,5138,4687,5238,4693,5575,4522,5391,4527,4811,4706,5690,4961,7128
5171,5279,5185,5322,5259,5122,4976,4993,4983,5267,5132,5573,4916,4826,4907,4786,5479,5181,5254,5133,5030,5057,5151,5172,5450,5191,4994,5436,5280,5695,5089,7855
4477,4505,4258,4682,4210,4483,4193,4310,4374,4527,4398,4030,4406,4453,4668,4722,4895,4434,4429,4476,4643,4654,4554,4818,4576,4356,4300,4848,4343,4719,4307,6964
5509,5067,5062,4862,4964,5240,4514,5076,4801,5026,4885,5002,4772,4891,4824,5627,5027,5105,5423,5135,5245,5336,5005,5300,5135,5079,4855,4541,5288,5175,5295,7614
4982,5056,5298,5181,5097,5123,5168,5265,5091,5337,5166,5132,5358,5303,5170,4816,5176,5094,5300,4993,5379,5052,5165,5121,5285,4964,5079,5129,4939,4964,4993,7671
4783,4819,5111,5206,4722,4959,4866,4673,4723,4804,4837,5077,4631,4834,4736,5208,5106,4822,5122,4968,4819,4866,4993,5039,5010,4981,5212,5214,5259,5218,4779,7273
5399,5439,5269,5149,5365,5478,5430,5549,4776,5337,5220,5713,5637,5774,4909,5379,5416,5334,5455,5185,5717,5115,5596,5417,5428,5566,5233,5295,5451,5220,5399,7907
5081,5034,5286,4874,4964,5074,5015,4722,5145,4807,4668,5193,4828,5322,5008,4543,4998,5011,4890,5098,5096,4870,4693,4894,4889,5215,5114,4954,5289,5509,5209,7224
4484,4361,4546,4242,4559,4331,4782,4437,4580,4398,4451,4517,4480,4273,4739,4157,4277,4388,4444,4258,4449,3949,4480,4315,4373,4685,4600,4615,4476,4499,4593,6245
4262,4408,4120,4376,4304,4328,4393,4183,4044,4194,4234,4500,4297,4250,4248,4084,4230,4176,4168,4075,4252,4008,4275,4327,4441,4282,4194,4094,4392,4529,4311,5995
5497,5270,5274,4955,5173,5370,5192,5108,5086,5058,5388,5300,5218,5197,4916,5175,4957,5391,5391,5076,5412,5266,5033,4845,5284,5385,5394,5203,5524,5041,5471,7637
5412,5353,5506,5486,5298,5594,5699,5455,5161,5502,5155,5583,5527,5536,5356,5324,5769,5470,5542,5155,5852,5456,5489,5536,5913,5307,5628,5440,5633,5335,6064,8584
5174,4496,5357,4747,5614,5203,5456,4736,5523,4702,4848,4815,5032,4764,5335,4772,4877,4602,5698,4913,5559,4872,5446,4595,4948,4985,5419,4717,5177,4545,5679,7236
4711,4695,4396,4648,4618,5056,4802,4688,4791,4868,4811,5278,4668,5041,4698,4620,4601,4853,4203,5039,4277,4873,4582,5119,4691,4745,4870,4667,4836,4991,5119,6852
4752,4212,4416,4663,4699,4457,4832,4871,4327,4453,4679,4803,4337,4572,4661,4559,4706,4569,4727,4136,4177,4448,4720,4311,4297,4636,4773,4614,4585,4460,4595,6043
5492,4965,5238,5258,4953,4990,5387,4756,5253,4691,5076,4957,5148,4713,4969,4568,4979,5026,5416,4834,5236,4692,5035,5072,5009,4804,5129,4793,5143,5073,4987,7172
5439,5297,5382,5229,5189,5551,5599,5390,5633,4950,5055,5443,5436,5185,5500,5292,5268,5350,5272,5487,5180,4981,5296,5263,5382,5086,5382,5691,5290,5268,5466,7697
4577,4087,4815,4609,4513,4567,4919,4581,4474,4592,4886,4798,5202,4538,4939,4629,4718,4788,5116,4604,4949,4662,4613,4706,4903,4485,5020,4610,4838,4778,4902,7001
4762,4990,4808,4775,5208,4581,5000,4519,4765,4849,4648,4582,5083,4525,4863,4702,5071,4734,4610,4719,4577,5033,4624,5086,4904,5281,4786,4957,4882,5141,5101,6730
4047,4758,4322,4410,4201,4818,4280,4667,4748,4639,4097,4568,4356,4669,4387,4725,4471,4613,4339,4596,4089,4527,4097,4501,4138,4787,4053,4713,3994,4729,4027,6890
4534,4334,4510,4776,4381,4804,4373,4772,4286,4681,4338,4680,4215,4555,4689,4756,4364,4623,4516,4844,4288,4714,4306,4756,4525,4696,4412,4924,4560,5113,4215,6744
4642,4249,4756,4457,4787,4191,4613,4485,4945,4151,4813,4920,4843,4268,4910,4898,4912,4323,4979,4293,4455,4596,5229,4129,5403,4375,5162,4719,4791,4235,5042,6468
5320,5512,5210,5335,5292,5105,5531,4932,4905,4933,5299,5300,5562,5111,5143,5184,5367,4854,5405,5310,4894,4730,5084,5002,5428,5099,5224,5209,5448,5360,5363,7838
4511,4654,5011,4307,4985,4374,4699,4558,4720,4779,4489,4647,4627,4461,4454,4709,4514,4539,4899,4793,4800,4773,4722,4811,4469,4836,4589,4721,4698,4776,5048,6772
