25491878,1406190,15966253,1365168,23489469,6152802,16861495,10289045,10320210,10808367,21886539,9880923,27846952,4250636,16877022,8197179,15056857,2328227,18165,11850187,14765528,9531352,23003896,14004641,23046309,5557709,26385514,3080676,29938388,10649538,36657161,4146595856
12206299,3076115,12421002,5983592,20177611,3958748,36134358,10709058,20122052,7789042,32294284,11570105,49295807,4329841,38090421,9524529,17913591,12949475,0,19035845,1620216,21229185,13066306,15874426,9766405,7221227,15693958,7096324,5222446,16018402,9816836,1384656236
21769180,462384,21945755,5558903,13862359,10871775,13808322,3200295,20418466,43174,12510957,3893367,15099267,37779347,13794105,14560,20908793,10222430,17780,16964868,30608352,6663061,40007269,25390751,18047565,12629997,34928762,27315,10327137,8249317,15659510,1065524400
33949474,10987559,36741652,4988958,21335404,3481386,37039437,27578050,12110201,72695,27719461,14795,21319467,275485,9160449,30460076,3143715,7121318,1152090,1385634,11211799,3586552,4176019,24400122,592742,7631382,13451672,832183,33816596,8788935,39409146,728920351
18518693,1917217,17320959,22847323,18846240,7321013,22586521,32448308,24033991,2350124,13808648,26827,20297096,13195056,13160296,30413711,15394118,1743910,8121,15941,3708517,27883825,21748039,1074953,30276058,1517995,13527247,1422451,16105464,4665094,40679418,989594522
8061449,22397914,12383551,22969410,26355081,10997646,6940143,31669410,21058678,18755500,8794500,10861487,17646748,23043953,11515730,23967794,8867751,11470705,35985,6409835,15245312,15775930,11534345,6265880,26542628,292195,31697401,1994689,6578436,18143794,28828285,869923484
13747580,3392477,9702297,10575143,24100843,14033587,22989369,187886,23002217,28474657,6672374,38192627,2299845,24223165,7352785,27793971,3286985,20808028,19051,19536704,39913941,13410944,97209,22327142,22732183,288449,7643781,3690319,8967164,30756508,10379363,289865386
2390017,9040814,2453766,20360578,23658064,14161283,29393602,26030,24999339,15866147,20914928,44268856,57114,44752104,38381783,12548141,24307779,22783864,9241,1750811,27626584,269212,10493733,1677955,10592799,4452636,3657733,6198399,18252359,8064005,3999234,109514804
12189409,2299427,1003668,351961,18171598,1647964,3494048,31726700,21057630,0,3536416,2649847,4246427,45553212,24929362,15799719,34964536,256352,7656,17642784,34649352,8985742,43443958,25796928,15109647,12901775,34089,43739170,726021,41097,18655056,107181412
9675981,14114778,16036783,16753205,20061152,8258731,17635589,6017802,11932524,3989,14604005,34742186,4223238,5994377,2196901,29121313,1479155,3806775,20293,24816305,10865581,11837048,20001980,8007602,20478490,23930443,29549114,30300380,26048945,9224,20369028,369911192
24186308,11315542,17856761,2244116,34256608,7971348,17597949,50467968,9819765,1427525,19130302,38125,13165241,19590058,7042162,39755878,19971458,22343051,25680,23917436,5664569,7026531,5246174,25610455,1078844,7113948,6322495,3466300,5406817,5668360,47414995,86668691
19386008,15873587,26816197,3693214,18372799,6059724,15203003,40598781,18200476,33922966,26089166,9553,20058327,282127,30097538,33122,19315141,8869813,22861,35799049,5953043,941299,6619753,5597070,4925305,18284085,255141,4417646,889876,38029756,35212718,206733792
967635,1982326,13893530,20032352,15425742,2116944,15093978,21459154,7904833,11737977,34129331,14491291,23844686,4876127,18933026,20056,25653592,10034786,8501,5367552,3515446,29133353,21607334,19495027,13444404,50459456,10799275,25086388,12088498,560057,28431880,243049996
8068342,338939,3608352,1461401,13593317,4905515,35470722,36458604,73923,37005527,17149750,5972296,13236431,2065662,19282838,65175,45450823,585085,21807,6259,34595597,9684928,11940737,20436232,2189398,8660805,2216013,47326895,14588341,48518564,10337923,128043491
1012376,231648,490473,2213918,17431752,1893385,6375921,5132216,41437,36234035,22617633,15095910,38845,234531,19046481,404307,38831646,4484346,7960,51979,42075380,13350011,11367788,18373205,41287496,800451,3553516,59633456,24455070,57539773,698223,137388510
7442223,25504124,10983769,19450175,25912450,5623899,28302342,4430300,23494025,19268457,7916931,33727887,10086205,18673821,17794836,21060698,11469989,11919333,46816,5948047,19828374,3919013,15850620,16522907,21043042,4065309,11434994,27614356,35374093,5858847,30373900,156733897
6241968,14755426,4362060,7623258,30711720,8676308,20440986,13228005,21454310,95411,20707286,4466565,20111013,9057540,14178763,15077139,10860199,33115524,0,31023493,13739218,267362,25174035,11173,24065191,28860859,19558809,11752238,24814496,18229739,3809902,207214031
15455594,5492655,10823759,2463820,20081370,328268,10693848,60464,29791371,37662,5717032,11487870,4646119,15847114,9430049,722115,5046743,26449928,22049,6512997,6691027,20849296,36661819,14864778,24472379,34227642,30876500,39514486,14977523,42604148,2637250,228696104
19776011,4928585,11023349,20186859,19886322,189781,10536937,40625,6413657,9118896,7891675,5060409,13591509,9621472,13525964,5221163,20525949,10806935,0,37813352,3535828,30081089,18685223,27916520,5939737,22430174,20023209,14880781,19970085,33101846,27598498,198813285
4929904,307774,5537485,14822502,8094101,24568361,6557804,4676956,27912918,16407,18324578,9211,21586518,7551237,18326441,636215,39081213,9352974,8152,10160511,29843030,16189199,17340799,38999375,6071357,43584746,1116842,37115285,715909,38084903,128214,224073052
9009943,6632220,5429163,36503139,27202533,20387137,6193775,12135479,13359307,35901563,99176,19242,19163259,311213,8313161,55730,5425490,18533117,8573,20891381,30488952,18347588,45504112,17563379,18435630,19260217,610065,5129051,93197,38952943,13357521,164604835
11011071,42007240,2570046,16404786,7486031,12345489,2730646,1209107,44106044,14215699,15852639,2176334,4391603,5829799,15883115,11491,161926,24429567,58868,29768642,3624786,13640408,16600571,10415736,12272446,16870481,43670884,648860,26722697,14276035,36934361,187710082
2718651,621716,23110322,27734998,3066678,31079557,4619409,19269019,34119405,13931751,9239937,13090577,15023193,10070643,11195108,13371,15835273,30110838,6492,24101879,36971742,9407286,19592885,11796,2465303,26326162,79501,8873662,34836414,4328931,18082299,123215476
15798747,1184753,9966232,3773566,26369811,2858854,20116825,18169025,5688076,2049700,28134770,15283565,1822079,15358963,14031698,59999,322044,45460340,46779,25741719,25614716,22276981,22126717,8024785,96509,18628377,11902046,15085738,22740390,16566653,27745849,170195108
7504865,43343456,8972279,13611605,25851196,17927509,31288116,17096196,13675465,9362071,36590491,12452036,14301487,17950577,29751617,0,12730070,16114213,6730,1335716,27909692,4935036,20647837,2661466,661025,2564202,763240,11737479,3971306,38316333,817476,168766084
28692780,15302858,11361892,14033377,4032787,4816756,6875240,4973873,6535159,35674944,5496037,37688733,13806481,28756032,24394690,10019573,6253902,11051860,23701,11254077,21887554,18861763,16399458,6723178,29611372,22244479,19659920,2292345,23507988,17091202,29048418,163583167
17612843,48885236,32349559,17569637,15052701,5436010,18723527,144680,29982414,4309189,3684133,676164,25627470,32164593,5340363,34214427,40333329,7489635,0,4377027,18446128,1348093,152392,8963651,6268377,16163677,4311282,20366453,12057489,15208944,1188655,121581179
4014550,23430668,18161034,6343881,9701158,14326060,11788189,45103,13322492,2442180,9592138,30631,11826257,17117465,27247391,25852057,17156077,50383985,3083680,10195763,17119926,26080138,13696094,21470251,22175450,12091886,995734,14445583,26324160,5512556,22890007,180013150
17985679,14689208,7001456,18840117,18908016,12299257,25567063,72663,12043113,36886,14566787,11400255,14845498,16258114,33785953,15454205,3346418,20555275,19121886,2363406,32259,40830115,16419791,4817870,2539503,2759412,588863,30653420,21360334,9955483,38937347,102949949
17421444,13229943,2188171,4732134,31456213,5766894,29724643,4865863,32607217,20247752,24078579,8256937,27087004,20707885,9171680,23971127,26417122,8672450,12990182,25882,17084,39474117,3063065,8015503,2984540,3941565,589272,17491268,172119,24083486,26964575,142026405
22373777,7093732,6901914,16598417,874124,42233000,553985,39673826,10763931,24303639,14590,7786,17208567,34022020,28916484,4173309,25994650,28922736,37622767,16751635,6989,3595450,24273422,28101230,22618742,441778,14234544,348480,1988446,3221044,4554093,245677373
1289621,16505527,2413715,17295230,31041922,13360612,21101560,22423875,11801544,15884647,27042273,4671,17456499,7417648,5369044,33392461,37667194,22114526,23822997,33207849,9651,15252522,1190771,28453525,13029157,15743220,9918510,8165,2037223,3127114,2601148,143555724
4939004,12566683,4282991,22126392,131670,7158188,1948122,57625330,11075587,72398,4963008,11058,43630524,366138,4738,47215632,4794185,15890993,43591240,19668451,0,2156345,1365036,17256399,31360887,15030618,49954237,0,1262525,8462189,26406941,149994060
22049661,10166531,15289635,10483147,8725012,3800813,8602119,41600234,11960087,28427,13178388,7677101,27746659,3165411,23531524,60045782,6365839,7678710,22923120,31185584,16415,10403786,9193605,9667890,18009686,5879468,33832808,10701,1491897,7340077,20169503,113859849
19396112,5578824,27130617,366012,14187143,2476301,6410996,32876010,2405663,926368,18304872,687622,23649,11352943,2878301,16783108,32212592,30648283,27603932,58549909,6590,18147851,13467995,33492,13068058,17690645,35868471,0,19046315,9231473,14544507,138377626
7914707,27782408,8719746,8166350,11718574,7561899,22816614,16406016,8002510,12360103,2656676,1010985,25433047,16577152,15148912,10750435,24812210,15078740,34084269,53164819,0,25125356,5936374,5958905,12629725,12632986,27799175,16024121,21548039,3129433,21025996,114638719
10869486,6589665,4613188,10732873,12218268,18730775,5653339,15433419,17919259,5158527,34039884,2654962,19345585,6298897,167082,46967754,30342171,7291182,25572397,13385204,0,18818795,10798981,8641725,18977138,5816458,25332651,47733511,4867628,18673431,2011097,92466067
21879009,39941438,13974574,20142627,11278692,23542889,18888161,38517383,15577552,2271102,11442887,33686130,13344138,4123361,10577944,9759966,4375689,10016504,23896684,317570,11958,22872128,11855028,5196203,23654027,1201494,22504458,1711427,18660439,21722956,10590073,140714844
18943055,15826349,6524752,16560939,15160501,9588003,3876944,21199456,6810760,22882609,3147384,36022836,31337688,16926674,14518912,26773875,20158273,17033166,1968575,33992,0,1158399,17578299,31096385,19696008,8142859,12226570,110125,24738487,4974141,34442558,102519184
12711833,11326291,34493179,13964748,16451223,8928419,5992576,36354497,4705622,5208361,6533914,46658732,7520292,3566089,9291205,29056650,11250130,7707428,33331112,20732,0,7975172,6507089,27835446,29148220,19522389,36639,2603570,20787623,11230056,24678034,139517722
9298695,1342903,33837383,3305276,15182388,2361893,5415300,16739,12867653,34811137,41913059,17154636,13799445,26717442,33338501,54542003,1050379,3370448,757062,52827406,0,12229900,34203,2685440,3477089,6717047,1196757,46009722,5243594,37945,5080187,110491137
10471018,29977004,2206768,7846630,7858035,11037003,24860462,29428415,405811,18765263,13656863,32172247,15291835,11168672,4652487,10506487,18037096,18378908,19589187,34405599,18718900,20538612,12905724,16592195,5920474,10052092,230024,23609143,5828512,7388,17830072,88367594
2904255,5987610,16539451,18699410,20832651,15781234,21047129,10571736,250321,12845455,26114390,8790250,8429876,12278584,7577999,16274114,5174992,14426436,15763630,45170873,15308775,8184493,3939270,37607931,28205070,32300310,7454690,4363118,8528,9108790,13521889,173180689
12698890,7022097,20764120,448218,27842579,12924739,26620402,21528,74549,43883000,2627305,17307434,20017513,19697715,33041753,14105914,17140271,25372191,18905384,4387474,8069766,6628131,1501856,2250165,7745387,31426032,7634176,26674480,37736,28603312,6764597,43162835
37286458,22253199,12171157,9890690,40476,30765729,9907781,10895,25321291,30511059,3987869,34527672,2563258,27753326,7037989,29090693,9496109,10455155,4968216,13111293,5237210,9285840,21406180,1114394,15764794,26349866,18115237,16640191,7607,20151967,14097509,163802239
25374727,15321349,12525454,32638265,17607445,42357383,9148409,15211263,24525429,15473026,16689946,19206361,9652303,20019065,18566284,8087910,7761912,32798854,4115495,13880530,8975154,26248799,6225265,21813764,14155040,11829316,22051180,13874166,595034,4205140,14534086,170886665
10939211,12906877,18711709,8653642,8995055,25821693,7860326,8227,10517672,18109841,4030,20016631,20131163,19712622,26167363,11672664,13246405,12198218,7816306,18501169,16955421,18778384,13885851,28786647,16226679,26574017,9317410,31800917,7412,14003229,6293339,73435165
4706134,17252884,10969228,293703,4241055,9765246,2244188,0,26652775,12239,3792,19999084,204810,19046965,22276712,27040930,23348050,7758032,6426934,10425320,37393023,42527691,25922207,24877390,4243760,37956498,11467817,37452352,19211,28443403,1561868,100614201
12047584,20274776,5011098,30008746,13266731,9013451,9279441,38079813,2860236,10973451,16392304,257089,34495,17186464,19132787,17679930,11235605,13863493,16053266,21637997,3943813,9214624,1592390,7935598,23103352,12838109,26754098,18399293,7264,34120344,34554315,210611255
21729517,9306061,18933169,15265061,6528722,14762055,14115306,23421600,42363933,54984487,20431211,8898656,15943167,7442214,18709,17433448,4041111,23796228,7194392,201547,18494602,6992110,13575407,206202,17072588,7685320,8759035,5549160,17789,18403040,24876164,138858531
22537568,3621688,19009350,32659565,24211136,3431467,22475285,22541,20063570,8222078,19480827,0,6140900,20882490,6234111,10075810,15834341,20741835,13047089,24035780,6030138,3371710,5322200,37588674,18921507,23449041,17929918,17261727,13650,4813945,24090413,146809860
6695494,1317528,19357919,4709055,38329001,39528648,2719468,20508,724666,20084,33192789,235322,16853000,51144871,3943695,9981533,15957318,3085243,32911772,11062,19995666,13196464,11749390,16013353,33415527,2035950,17402455,11257675,7598,19740354,23312124,58887006
19774571,22110311,5788906,15119013,7830408,17380220,3706099,48851,18035447,19790096,3828921,101292,9500676,34688720,7312277,37167339,15470286,8175294,14407496,12660118,17657403,11106450,14829761,5619876,12379793,18043778,35468259,22559847,6934,25139948,16243015,136396706
9925539,5610454,6286436,2134962,21249537,16976377,16665698,6338152,10163434,6220000,22957950,26819,23271074,25731688,17149476,33121131,1516737,26741808,79383,35011123,893204,44659711,27851808,15059738,12710422,8550481,31296171,15047645,31013,16577001,4434695,86368158
26811587,31896430,17655715,20829681,16138647,25795247,7899424,9670308,29697698,47657,16898213,107443,7454087,11052879,18679284,17270244,7473455,19412051,392271,8386434,10276871,13000700,27315164,32052046,10921069,4245809,19303940,25460280,0,15800466,3938140,134767003
14861724,10512129,9674523,2465417,9737777,3322683,24370192,18493378,21894507,525721,13469507,2765833,28064375,20346106,15123523,10475870,17166763,18789348,14233636,27764060,27554323,47929111,23107379,17147012,2379305,21068670,25371923,15043203,1424007,2924849,22137058,97955934
16777174,51090236,24191917,19390603,24247746,4763083,14129139,3439026,11553548,7057,18855393,2478492,7827467,10093602,22717943,7112843,6882250,12397867,13624380,9910,21873019,8883359,5763440,5296244,26540269,28135304,1048411,39503664,8119,8757350,36543344,153396047
22416762,35188148,12715755,15699089,41710728,6489948,26285678,2048227,38184168,37269,10759972,22219015,9254422,20506737,13796499,14120662,12848161,483665,29565179,5529339,3258398,17263051,15881202,4638756,2836607,1336095,22681,31879257,16523,19652777,21849433,109434231
6176624,13194442,5637536,18585452,671977,23328984,18343348,45774733,10278182,39294251,14233735,32425,10830900,11690001,21866086,26031515,28989557,321984,28719675,318403,9833928,20459203,39074870,10473406,25236003,7717509,18886235,5436401,6563,50588,2982,142004147
