2993586,5199610,5216078,4354271,4836317,4009535,2982738,5503938,3240886,3689865,3358933,4362782,3107528,3144832,3165863,3206104,3380836,3309780,5079785,3821463,3429879,3814829,3251761,3791423,3111677,3657997,3739861,3487477,2975646,3024890,3212245,3307738
3026333,5203639,5233119,4358616,4869748,4017504,3005239,5514730,3254003,3702984,3382355,4376108,3140880,3150802,3184186,3217676,3397258,3314841,5079868,3836321,3444106,3824565,3276984,3808577,3137752,3662624,3768377,3491158,3018716,3039081,3261159,3311231
3039242,5206325,5249459,4368317,4894680,4022846,3050046,5530689,3278666,3711153,3425908,4388353,3211638,3158849,3236595,3227252,3428467,3327658,5079870,3853607,3449517,3856238,3288399,3827863,3148709,3672462,3782283,3504728,3026638,3056779,3275684,3316353
3066006,5208194,5272553,4372682,4911478,4033611,3066232,5537252,3303635,3713120,3443452,4392153,3231700,3209569,3255903,3230091,3452321,3337807,5079886,3870657,3484268,3861585,3343384,3871222,3172807,3682548,3830757,3510525,3045121,3063527,3294545,3321187
3110968,5215914,5318844,4376852,4939543,4038083,3115459,5562669,3316150,3717824,3482322,4393187,3256006,3210241,3268201,3284794,3462033,3347941,5079916,3872958,3500018,3867234,3348984,3904610,3177563,3693772,3846369,3511867,3075415,3071165,3346687,3326229
3134969,5218773,5341987,4402877,4961092,4044689,3140294,5592032,3348810,3719911,3499405,4394323,3284900,3224485,3285942,3323540,3480135,3350863,5079954,3875034,3509632,3919541,3375981,3907150,3219870,3694851,3866764,3512302,3095085,3077246,3402691,3331228
3151390,5245133,5355023,4430296,4998192,4059098,3148107,5626852,3370811,3740604,3509954,4420270,3303254,3249110,3297289,3364250,3489295,3367478,5079988,3886509,3525757,3937169,3391955,3913748,3249779,3696788,3900104,3515068,3101452,3102329,3434441,3336546
3170356,5248736,5364129,4442339,5027714,4076143,3183642,5627879,3392592,3776972,3518684,4475015,3310107,3280824,3309455,3388145,3491149,3393823,5079990,3908585,3575100,3952036,3395409,3948473,3287994,3697974,3911376,3520002,3116639,3149764,3447101,3343039
3173177,5260996,5367134,4460494,5053696,4085830,3212580,5628918,3428477,3792797,3542944,4532242,3313631,3355992,3361054,3421091,3515816,3430027,5079992,3909319,3613276,3954020,3415740,3950047,3303211,3702733,3915611,3530902,3139363,3154115,3455228,3349167
3193544,5263038,5371359,4460876,5085440,4086459,3215501,5658139,3456102,3795576,3549607,4543019,3318900,3419671,3388180,3435788,3558202,3433445,5080116,3923869,3648164,3971312,3466113,3975864,3318087,3722933,3921630,3599359,3140309,3156058,3485766,3355272
3208223,5285191,5392056,4485260,5114026,4109515,3243035,5676371,3470018,3798310,3570302,4591221,3324338,3425965,3394889,3480318,3566142,3438748,5080122,3954554,3657493,3978307,3487061,3984344,3344839,3744341,3960220,3622634,3177567,3157026,3512911,3361176
3240419,5304362,5413442,4486680,5153022,4112779,3269397,5745125,3487885,3804701,3595347,4593225,3349784,3452479,3406800,3542249,3575213,3469964,5080144,3979188,3663415,3985309,3496450,4005605,3349179,3753707,3963093,3625046,3182373,3172367,3572876,3367227
3261501,5323428,5452024,4490397,5173214,4119045,3283896,5820212,3501993,3838976,3623607,4600860,3368351,3453890,3456678,3544930,3586219,3476699,5080164,4029574,3670477,3991104,3500486,4010740,3355023,3775241,3967355,3633665,3189031,3228011,3625975,3373307
3267190,5325685,5466807,4509508,5188565,4126883,3309588,5840547,3513984,3849802,3670172,4627192,3405943,3459201,3476456,3547731,3607258,3491407,5080166,4030541,3674818,4035614,3531005,4049783,3367103,3854034,3982153,3656309,3202760,3241540,3658367,3379381
3272608,5327783,5470480,4509988,5212570,4127587,3353073,5872736,3517328,3886540,3693277,4631046,3414211,3459518,3502084,3550175,3667386,3492448,5080174,4031457,3736717,4043910,3546548,4069651,3379633,3858539,3986160,3755132,3213865,3322043,3667732,3385339
3274803,5329380,5471830,4510858,5229094,4129134,3356073,5874320,3520569,3930782,3733500,4644715,3423949,3467486,3526258,3552913,3714282,3496220,5080208,4032519,3779242,4058041,3557718,4084813,3432014,3863440,3994223,3856131,3251205,3395086,3675200,3393034
3280545,5381435,5487865,4543739,5260852,4132848,3380903,5879566,3559295,3941555,3737485,4699380,3439724,3482531,3543878,3586412,3726534,3505372,5080214,4048350,3804105,4060372,3577629,4095734,3457554,3865699,4005292,3875644,3284126,3401284,3712826,3399806
3293136,5382634,5490795,4547834,5301151,4137765,3392282,5894356,3595799,3944200,3765889,4704073,3461650,3494638,3563430,3593397,3733396,3563219,5080218,4087343,3813838,4061058,3613606,4098432,3481969,3935669,4037098,3914637,3308028,3435698,3718686,3406546
3309328,5392285,5506091,4550924,5330388,4139425,3410900,5895109,3615378,3950962,3777250,4721090,3468470,3505149,3573144,3595344,3751827,3583298,5080230,4089496,3819597,4116777,3647661,4136425,3510514,3979047,4071560,3955866,3324854,3493032,3736334,3412858
3324742,5395001,5519063,4575747,5358006,4155751,3426714,5896124,3630827,3957607,3802022,4723722,3492817,3511699,3589686,3603054,3785844,3594031,5080238,4154661,3827307,4153142,3665761,4190795,3517922,4007810,4084156,3978562,3348437,3520538,3760844,3419573
3335503,5397789,5526443,4605747,5375481,4176987,3428709,5911578,3650239,3959159,3810630,4725966,3522239,3520678,3609941,3603565,3823773,3596817,5080245,4159983,3869978,4162793,3709214,4224216,3531973,4094864,4088778,4009881,3352543,3610817,3764191,3425812
3343509,5407533,5529249,4645548,5398261,4199096,3432561,5914992,3678936,4015977,3821672,4727167,3538482,3523465,3623943,3605462,3829761,3644115,5080266,4205921,3915622,4185027,3755208,4248332,3557082,4098655,4105672,4010627,3356584,3641578,3786907,3432309
3356961,5471269,5543284,4681217,5406125,4227808,3436890,5927698,3736549,4030078,3841880,4736223,3548754,3535114,3637375,3606368,3848753,3654378,5080286,4234084,3928632,4201443,3770572,4250904,3561330,4128479,4151874,4014772,3398056,3656442,3824851,3438418
3364705,5472644,5568067,4696897,5412028,4264868,3451880,5942342,3763319,4039538,3846537,4746404,3561536,3549943,3666461,3607484,3853757,3727148,5080332,4275682,3975973,4209327,3802268,4256443,3566122,4165304,4163790,4024536,3450611,3664785,3848873,3444595
3383682,5479496,5574906,4699759,5466707,4270905,3484404,5965802,3778264,4040310,3896079,4764293,3565571,3569954,3680790,3608670,3862445,3779740,5080338,4299897,4009290,4242641,3826700,4265365,3569874,4184748,4171658,4045062,3468966,3705829,3867816,3450841
3388536,5540468,5582902,4735611,5484038,4291525,3509889,5972583,3784948,4086709,3932751,4787921,3585581,3588639,3709187,3609702,3871962,3795687,5080338,4314174,4065684,4256192,3858362,4265807,3587646,4187396,4180440,4049532,3481446,3734815,3881203,3456846
3427186,5563145,5607210,4744991,5491125,4299296,3538638,5978192,3796230,4111854,3942728,4828867,3604394,3648350,3730477,3632031,3886376,3812849,5080376,4317785,4071364,4268447,3866384,4277652,3616074,4214668,4201791,4058492,3515384,3745527,3904689,3463425
3435623,5630537,5632923,4760291,5510440,4305503,3553475,5979043,3839974,4115442,3951882,4831639,3636780,3679612,3753627,3709583,3938922,3854637,5080376,4324485,4097917,4275699,3871278,4284607,3624508,4223913,4202941,4076388,3537318,3759859,3907726,3469714
3444375,5644537,5654402,4764375,5518932,4323262,3586504,5980274,3845013,4116942,3977364,4834506,3644618,3714362,3774058,3719828,3950796,3912658,5096889,4333497,4114543,4342276,3892777,4310380,3641935,4242188,4207439,4086666,3574423,3761835,3957357,3475731
3472367,5653500,5658289,4801348,5558355,4330708,3596795,5981237,3886470,4122628,3992048,4855119,3682828,3733064,3818395,3730874,3969800,3930744,5103861,4335275,4114561,4380110,3903882,4313774,3644704,4245019,4211256,4159606,3590298,3798303,3995800,3482136
3499968,5674208,5662838,4814112,5572223,4362792,3627058,5990651,3920155,4159143,4011470,4856433,3719931,3751502,3830369,3755771,4008727,3943758,5133807,4347338,4114565,4414465,3917871,4357680,3660079,4247070,4224887,4162607,3594090,3808972,4019774,3488579
3511063,5675325,5671644,4819892,5601784,4394088,3655213,6055550,3923102,4192048,4014436,4857487,3726172,3810127,3860870,3800906,4039279,3974914,5184859,4381357,4114565,4419581,3942386,4369428,3692018,4249163,4232901,4165211,3596812,3811643,4026549,3494716
3515029,5704975,5678161,4848189,5618823,4406906,3659455,6107614,3956198,4195607,4059821,4859240,3768741,3814882,3869124,3835722,4065178,3997399,5218443,4403687,4114569,4439946,3946313,4402686,3703914,4300028,4276006,4167865,3597624,3825535,4030973,3500769
3531232,5709735,5686912,4868787,5622741,4412713,3665173,6203704,3971583,4197317,4062553,4862111,3827669,3816081,3883141,3938689,4068733,4003219,5259471,4415491,4114573,4447369,3951801,4426288,3729864,4302768,4342170,4170641,3599420,3827216,4072333,3506824
3572574,5718858,5712401,4870870,5640919,4415458,3674819,6243301,3978078,4198610,4084022,4867977,3842052,3822159,3902200,4020086,4088217,4022868,5306297,4490631,4114593,4456274,3962594,4428032,3743935,4309045,4375814,4173557,3610654,3834896,4106309,3512838
3577053,5760580,5734306,4873441,5649018,4416641,3686267,6257864,3980090,4203850,4103883,4869611,3860485,3848778,3906330,4021744,4122058,4055540,5342317,4591885,4114593,4478003,3978877,4429032,3764110,4344955,4437501,4178538,3633597,3842066,4130875,3519056
3586890,5762108,5745112,4889067,5666602,4433062,3709205,6278845,4000197,4208113,4134251,4871487,3892922,3851386,3918376,4077748,4165465,4071955,5363558,4640941,4114619,4511657,3997543,4441716,3788443,4350977,4451790,4228973,3655345,3848178,4140135,3525284
3615242,5814403,5752565,4890003,5681492,4469118,3729169,6315844,4026415,4212867,4155344,4891833,3899611,3859450,3921097,4107287,4179988,4090616,5403664,4643983,4114629,4533773,4007816,4450032,3804615,4356951,4488786,4273455,3661064,3890629,4156166,3531809
3630444,5836382,5767776,4925802,5699855,4490602,3738868,6384810,4033050,4236583,4166861,4938015,3941190,3872527,3947886,4124384,4197431,4096507,5427785,4646279,4114631,4546919,4026040,4458991,3830925,4357993,4495911,4275798,3703177,3897440,4192369,3538088
3645952,5865300,5808166,4954100,5723662,4502430,3744500,6431525,4042453,4243209,4172871,4995472,3959039,3884066,3959452,4143313,4221502,4116901,5455145,4648973,4114681,4554615,4035340,4498344,3865255,4380133,4507273,4277407,3717748,3921433,4217040,3545063
3668082,5871756,5834234,4959596,5739842,4506275,3746363,6442123,4048116,4265431,4217686,5035553,3973460,3901019,3978678,4232713,4225827,4127835,5470669,4690059,4114681,4558130,4043057,4534918,3884774,4400609,4510702,4316171,3742264,3922523,4244189,3551276
3671126,5888414,5847216,4968675,5748808,4514840,3760503,6450832,4060169,4297258,4255657,5056596,3993340,3917254,4013600,4282430,4239551,4145774,5487993,4768203,4117264,4608850,4059574,4538624,3892058,4412430,4515460,4369661,3752730,3923545,4261299,3558389
3689024,5903318,5863610,4977148,5770769,4517715,3799561,6489493,4063269,4314010,4297950,5092308,3997910,3928247,4019990,4291077,4247254,4170553,5510385,4838138,4143967,4614943,4064227,4597043,3916507,4447083,4521693,4376394,3752747,3924619,4269772,3564800
3703136,5911705,5884510,4996400,5807537,4549534,3832710,6498322,4066775,4368237,4304594,5113312,4021296,3944032,4043805,4315183,4256836,4194556,5518840,4857781,4165544,4622863,4067215,4606727,3941026,4486134,4538655,4394944,3752753,3949451,4290732,3571739
3732089,5936199,5896672,4999629,5815268,4565232,3853068,6500870,4103192,4400650,4308027,5134426,4038638,3986681,4075459,4363835,4269183,4224438,5545677,4867497,4176155,4635918,4089251,4609734,3950488,4529965,4549980,4418520,3752781,3990507,4296102,3578349
3776232,5957820,5907964,5050180,5839044,4635154,3867216,6520961,4130048,4427981,4328193,5181957,4047521,3989947,4080556,4376055,4280149,4248441,5552463,4874592,4180096,4644584,4096841,4622831,3982027,4542933,4574066,4436563,3752831,3994499,4320196,3585689
3785281,5975130,5923241,5064572,5852807,4683044,3880058,6522298,4144350,4443779,4334544,5202273,4072628,4020025,4117740,4379764,4302393,4283228,5562051,4916706,4195152,4671000,4105733,4668222,4005733,4569926,4587001,4464289,3752843,4001924,4331122,3592585
3803574,5982654,5947002,5067310,5858197,4710970,3886125,6523263,4169584,4452732,4337272,5231002,4079199,4030650,4159925,4416748,4316011,4285923,5572511,4921442,4236357,4729162,4135345,4714799,4016780,4617471,4591976,4522666,3752845,4030867,4336061,3599667
3812006,6007243,5948571,5081372,5872002,4718352,3896768,6553926,4178640,4454104,4349007,5237277,4083022,4055802,4184602,4430777,4337180,4314105,5589477,4933904,4252929,4755240,4155179,4719422,4051294,4670252,4620575,4558414,3752857,4108736,4360269,3605922
3831234,6024174,5961978,5118680,5884315,4745952,3903710,6615100,4213614,4520404,4374504,5251519,4094386,4066828,4191331,4453268,4345697,4320570,5602237,4948654,4282541,4761224,4171306,4722528,4068264,4683369,4637999,4562482,3752889,4132918,4393799,3612636
3867726,6028810,5989103,5151054,5915021,4746807,3934860,6617873,4256234,4566354,4389657,5253138,4109642,4079901,4197627,4478115,4357028,4377060,5606158,4979996,4287882,4768377,4177079,4747311,4088345,4703116,4648350,4579824,3752919,4142187,4437986,3618687
3876408,6030401,6005300,5166074,5947935,4803166,3944684,6620816,4267948,4567483,4425611,5255120,4117848,4145444,4212614,4483272,4377902,4381357,5658452,4987036,4310110,4773116,4180484,4788652,4130996,4720716,4664225,4609803,3752957,4154195,4468074,3624708
3891388,6034490,6012828,5186860,5969514,4815272,3946784,6623645,4293927,4585967,4447442,5256484,4139743,4214369,4227284,4532181,4396420,4387041,5679805,4994779,4333911,4793899,4198263,4809947,4147121,4742647,4693780,4637199,3753009,4198791,4483705,3631863
3905249,6071459,6019922,5191434,5984814,4854915,3960631,6631177,4306905,4604691,4476968,5257382,4171958,4244188,4245458,4565029,4405847,4403231,5683942,5044802,4340343,4841015,4224085,4830940,4154862,4755009,4741536,4651651,3753013,4216795,4500031,3639380
3932683,6098484,6030691,5221419,6014818,4893926,3977511,6641768,4332253,4607284,4490395,5258418,4174151,4272104,4274015,4597667,4414023,4432055,5687309,5054978,4352946,4876380,4265851,4865469,4174787,4761623,4762326,4666979,3753015,4247194,4507860,3646464
3958637,6135256,6046618,5223033,6030548,4897178,3990344,6655708,4356886,4610729,4508022,5261928,4202520,4293512,4287571,4604388,4422058,4461494,5695436,5104973,4384262,4930100,4292572,4889222,4180357,4776266,4806888,4706644,3753059,4251150,4524134,3652887
3975957,6197377,6074580,5228443,6046587,4898300,4010631,6667583,4385166,4612378,4531201,5263833,4216232,4306278,4306580,4629074,4442426,4475049,5719209,5107468,4409735,4968617,4301716,4894130,4210127,4810051,4811317,4766797,3753073,4255146,4573257,3659195
4007144,6244263,6090430,5251507,6101880,4910413,4031483,6670366,4430291,4614162,4537568,5295206,4224342,4334292,4323052,4642274,4459618,4479393,5744823,5114177,4420399,4990014,4316387,4899139,4215374,4812724,4816370,4815924,3753089,4278819,4617394,3665280
4014286,6278635,6102326,5290407,6115792,4943271,4065480,6719892,4449969,4658013,4557410,5298721,4238157,4346522,4349433,4656803,4486027,4482419,5790092,5116760,4426804,5019091,4353746,4905544,4239444,4818895,4842107,4826680,3753093,4279829,4621280,3671624
4029699,6287542,6117738,5309176,6126227,4951369,4077817,6756452,4463817,4723586,4569907,5334318,4249101,4366089,4366236,4661162,4531167,4528416,5808865,5159963,4436961,5022319,4420115,4914394,4252714,4833341,4851467,4831366,3753142,4281018,4624773,3677963