9103171,9319099,11546922,8980409,11088051,8906244,9554021,10720717,9469997,8900425,9836807,9136383,9825740,8239911,10352085,8663714,10569265,8512357,11817529,9181719,10458230,8773271,9697599,9383261,9969458,8757534,11063027,8755992,9668454,7011735,10440685,5775113
9119167,9340874,11562511,8986785,11119977,8931624,9555129,10775748,9502527,8900715,9857172,9174771,9844153,8273111,10388036,8713212,10592195,8545313,11820826,9214173,10473554,8823250,9704533,9429986,9979993,8799575,11082585,8782476,9673794,7045252,10462112,5777309
9135614,9398663,11576281,8988446,11130977,8974533,9556678,10799308,9540390,8924247,9866035,9208601,9855155,8294494,10398328,8742355,10620958,8589175,11860726,9237526,10511800,8877264,9733441,9456251,10008068,8809368,11110730,8795553,9710308,7066076,10486386,5783649
9150705,9458188,11578572,9049568,11134256,8985490,9586585,10819247,9554978,8971556,9877285,9264012,9877544,8335334,10412214,8764438,10646942,8611432,11881098,9284178,10544473,8954502,9743221,9472649,10040631,8855001,11132454,8795693,9733943,7067894,10513334,5789747
9161352,9459307,11601739,9123966,11135027,9010171,9637144,10845483,9592677,8983528,9915862,9270976,9902269,8354067,10427107,8774590,10650836,8627329,11900523,9338609,10556311,9018397,9750101,9492852,10052956,8878153,11162997,8816318,9745288,7142027,10521009,5795272
9175312,9475870,11647909,9164149,11175226,9078041,9648720,10860040,9623215,9008808,9951009,9281272,9906091,8357011,10427207,8805626,10683953,8661253,11921273,9363345,10592205,9024107,9768956,9540272,10067746,8909357,11168983,8825605,9787184,7209282,10532244,5807551
9179276,9483714,11714668,9198516,11236177,9086008,9650646,10914873,9637126,9019341,9969582,9324011,9927857,8357718,10427357,8866866,10733680,8699892,11942428,9392759,10611651,9089787,9783176,9592739,10073318,8927738,11172080,8853869,9804584,7211377,10562799,5821606
9206872,9485929,11769406,9234988,11248781,9109111,9653031,10930702,9645832,9030597,10007899,9345798,9942011,8369094,10427521,8877144,10752527,8764175,11969732,9448212,10634454,9141623,9825010,9617897,10086779,8998492,11192812,8911552,9808727,7248382,10569992,5835589
9213947,9533447,11784517,9282479,11270512,9118082,9660057,10955814,9651212,9036286,10018399,9379423,9970468,8420259,10427715,8909775,10781396,8775101,12003616,9461842,10670604,9168965,9874937,9704352,10092256,9017442,11239501,8927092,9829447,7291104,10579281,5843839
9251820,9564102,11795374,9319417,11274742,9145337,9692568,11010184,9668552,9037372,10020547,9398745,9979577,8485144,10429874,8953276,10782533,8776655,12051243,9500768,10683414,9191933,9890791,9767857,10100008,9047091,11262006,8937175,9868566,7354694,10590558,5852583
9259528,9601323,11801328,9342367,11286495,9167932,9757582,11054577,9710393,9039791,10037300,9444948,9986639,8569139,10459298,8974361,10806097,8779715,12058585,9587854,10699146,9202998,9894477,9819929,10107225,9057896,11272409,8949757,9885527,7368863,10598206,5864554
9274903,9622211,11815657,9345293,11303703,9191896,9757829,11089700,9749091,9043297,10048421,9516173,10019570,8578663,10461321,8993900,10813806,8804864,12100482,9625906,10735837,9229227,9894640,9824469,10157657,9077389,11303064,9025431,9926555,7418486,10616749,5872201
9295756,9683123,11869924,9417386,11339264,9198122,9810451,11103711,9779047,9049519,10048529,9527196,10043701,8593446,10470800,9021789,10816105,8839360,12114111,9648290,10763437,9238156,9929858,9841758,10157885,9106530,11347600,9040730,9948430,7460154,10646797,5880580
9322731,9687631,11893542,9431222,11365539,9227352,9835493,11117219,9797603,9052909,10066571,9594625,10065439,8631508,10490929,9039131,10857914,8851484,12121343,9655771,10772619,9257519,9934185,9945078,10161833,9163955,11408418,9042531,9961619,7489873,10676727,5888268
9370405,9727498,11917296,9432128,11380593,9273466,9854193,11178767,9800792,9074162,10114874,9653087,10074262,8637049,10491213,9062834,10871735,8891542,12129185,9689283,10775267,9270658,9944386,9978323,10170255,9205484,11456863,9044016,9961801,7544176,10703780,5920679
9384478,9743117,11968439,9433061,11396349,9339370,9890459,11207471,9834839,9088094,10116916,9701902,10087092,8663436,10502445,9117658,10881048,8930940,12133412,9729952,10786650,9335349,9998314,10013119,10177028,9217964,11468287,9071976,9961973,7564128,10711869,5934085
9390736,9752720,11990083,9473774,11408321,9363376,9909895,11259394,9856421,9105195,10129299,9733580,10102559,8678032,10539122,9165324,10888443,8999654,12153783,9755281,10799656,9374372,10020660,10060068,10192590,9276371,11469103,9132053,9962289,7565663,10726439,5941552
9400693,9794727,12027946,9501948,11433071,9412016,9912423,11285411,9860157,9131887,10134757,9772226,10102699,8699785,10544760,9180833,10897266,9019425,12168735,9755934,10827673,9423342,10040398,10151847,10216160,9328646,11490855,9148700,9996678,7630453,10742202,5949495
9435213,9833446,12029786,9564151,11471555,9432330,9914337,11306193,9896091,9160091,10151242,9835150,10102863,8766332,10551425,9187032,10911914,9042913,12176397,9783533,10838233,9460905,10076142,10171709,10229265,9367987,11499350,9189098,10049605,7651438,10746765,5957639
9455537,9871389,12058042,9591408,11490186,9473952,9916983,11341561,9906329,9231333,10151476,9881692,10102975,8815260,10559759,9286788,10924883,9043825,12205387,9784843,10848067,9505304,10116311,10231049,10252280,9380878,11524875,9207752,10064691,7659633,10751123,5966695
9470759,9909727,12074088,9623458,11505109,9486548,9942373,11385026,9911353,9294377,10192129,9923432,10105270,8903758,10565943,9324025,10936820,9070379,12225059,9793546,10851510,9512311,10132873,10262042,10266439,9410388,11536146,9226316,10104168,7705865,10784715,5975982
9489455,9965865,12075621,9631355,11538292,9534697,9960344,11415583,9956739,9399083,10208326,9988795,10125702,8945788,10579693,9341779,10947012,9120772,12227840,9821506,10864391,9525899,10139697,10305160,10299901,9411796,11550278,9240634,10115388,7714592,10789601,5984315
9495624,9982131,12075678,9652440,11540220,9562154,9975998,11441485,9974875,9465708,10238868,10017137,10149610,8965853,10590427,9386026,10965387,9165902,12248923,9890500,10886740,9528473,10183232,10379853,10320067,9450327,11559467,9276199,10137290,7742002,10795223,6000418
9512191,10007577,12075814,9653855,11563657,9616018,10007260,11455414,9984100,9482171,10260247,10084392,10169603,9015763,10617881,9412371,10972323,9231318,12257209,9894046,10915494,9603652,10202511,10418017,10336000,9458834,11564081,9313666,10144259,7797292,10810064,6012151
9527160,10017269,12076030,9656982,11574328,9623427,10009526,11482130,10038117,9487929,10269752,10122403,10181590,9046086,10650879,9487564,10995282,9252105,12280598,9992698,10928335,9650532,10229895,10456738,10352264,9469331,11573214,9328043,10166677,7853054,10826079,6025561
9539633,10066509,12095122,9690003,11588421,9629486,10027109,11513343,10042310,9533807,10304758,10137724,10189331,9111094,10667567,9541328,11027896,9293884,12293602,9998368,10942358,9710726,10242052,10482389,10362138,9470677,11600517,9351220,10185739,7900523,10857460,6033847
9553482,10100750,12095310,9691429,11595711,9648393,10076304,11537437,10065346,9571188,10328930,10157649,10201711,9154037,10681843,9594130,11049576,9322385,12326285,10007702,10946941,9769703,10256555,10491307,10386255,9532771,11616102,9385610,10194793,7969352,10881428,6042615
9562895,10123654,12095400,9692092,11601448,9686053,10112551,11574921,10083773,9620943,10336245,10166273,10240599,9235044,10702402,9628625,11072293,9356757,12340893,10081997,10968218,9775112,10271853,10539112,10392107,9557137,11618266,9418126,10215866,8012434,10913735,6050772
9572908,10139495,12096966,9692900,11626211,9700299,10121528,11624171,10119491,9675473,10354382,10226079,10257793,9236466,10708238,9667464,11078516,9394981,12358625,10142176,10982782,9817684,10324617,10581533,10404379,9577514,11650376,9446390,10222437,8042070,10938370,6063212
9607601,10167485,12133305,9698386,11636815,9719012,10121716,11690571,10124586,9676603,10376618,10286191,10270407,9280632,10728759,9682309,11080976,9423968,12375184,10190648,10995354,9824469,10328357,10604681,10417176,9624605,11656547,9556945,10227498,8091994,10954931,6072917
9626095,10211838,12172766,9709891,11654468,9742833,10122520,11707151,10129400,9723359,10401539,10302165,10281786,9306142,10752459,9698225,11094868,9435160,12391625,10256855,11009448,9842287,10342829,10655850,10420381,9642875,11664137,9651263,10249419,8170594,10986769,6085030
9644673,10255172,12172851,9712574,11674922,9757276,10124712,11718982,10144859,9740255,10463433,10311632,10330630,9326520,10785554,9720522,11120690,9482971,12427232,10314846,11045224,9976062,10348956,10673766,10444528,9651122,11668177,9652993,10274801,8174936,11002373,6119113
9656288,10273897,12172901,9713350,11691915,9827694,10135743,11726996,10166594,9764194,10472177,10357201,10366781,9362404,10826401,9744159,11138198,9485477,12465261,10387923,11058719,10050422,10357458,10703520,10456610,9705877,11684024,9655314,10315640,8216432,11014429,6128084
9656324,10278600,12173075,9714238,11740042,9890974,10158110,11760026,10193236,9765447,10496474,10372895,10381936,9384186,10830378,9823043,11163579,9506106,12467544,10412695,11090625,10062659,10389280,10759653,10475096,9734854,11700272,9710925,10319329,8300955,11032721,6137361
9657771,10289859,12173265,9718717,11752016,9927887,10179265,11792440,10203980,9788676,10501874,10437457,10397495,9431431,10832559,9867445,11198319,9540494,12470685,10421472,11110349,10089760,10457354,10794201,10478440,9789158,11723813,9764622,10345403,8359294,11042381,6146685
9663199,10296588,12179870,9784058,11763173,9961313,10217549,11795087,10254961,9801909,10515846,10531657,10408183,9433502,10834716,9908936,11226772,9550257,12528537,10454283,11134439,10108957,10469048,10826413,10480860,9798241,11779736,9807440,10352462,8434771,11049642,6155562
9685193,10301698,12192996,9834188,11764332,10017021,10217705,11823976,10292313,9816102,10545392,10602876,10442337,9515697,10837557,9922521,11243647,9580221,12545879,10474604,11144675,10110759,10493304,10869052,10489146,9869868,11811056,9828559,10364150,8444903,11059198,6173384
9705882,10303046,12229053,9852224,11780879,10023272,10217781,11839711,10309340,9876758,10546318,10622694,10460869,9577641,10879079,9967325,11248169,9638910,12550881,10530492,11163166,10111604,10522101,10874489,10521268,9896880,11832414,9892630,10390525,8503011,11070246,6187094
9738500,10350404,12281135,9867801,11808244,10054191,10217837,11873775,10322577,9914662,10547410,10646067,10498697,9613271,10890377,9979133,11264747,9650302,12573479,10554643,11179850,10112188,10531166,10933617,10531358,9936340,11863679,9978802,10392299,8546128,11104764,6195031
9760255,10418935,12301837,9949132,11816324,10105831,10217961,11875232,10351174,9939418,10558508,10691987,10515961,9647151,10929491,9996257,11272502,9706773,12602149,10582712,11195539,10113145,10533969,10959615,10556478,9978961,11875933,10012845,10395036,8578355,11121281,6203218
9780771,10444121,12305348,10001093,11822658,10139647,10218151,11880198,10365556,10001796,10566071,10721683,10532977,9724550,10964856,10038360,11293330,9738835,12616862,10635918,11213519,10141978,10544580,10997901,10581255,10015901,11883759,10059378,10415548,8589106,11128898,6213992
9787705,10445658,12332795,10045947,11823692,10162880,10218340,11908433,10370059,10072597,10574283,10724005,10550429,9799759,10971801,10082048,11312726,9791729,12647903,10675690,11265519,10205125,10566449,11023650,10598671,10038447,11891347,10099761,10417797,8627810,11136709,6224607
9789615,10523878,12352295,10047463,11854488,10207309,10218424,11947629,10376713,10084764,10603305,10734484,10550599,9847511,11005997,10111283,11320766,9833888,12652129,10695616,11275820,10280448,10583439,11044728,10613439,10061422,11917281,10147381,10457770,8678776,11162471,6232744
9805016,10560688,12360600,10111003,11866358,10247258,10218638,11970939,10391855,10121716,10605620,10761849,10566328,9902335,11041506,10139162,11340988,9864454,12662208,10696401,11285935,10306453,10589813,11092056,10630729,10110452,11952221,10207287,10491221,8680860,11179120,6246850
9823281,10607365,12369096,10178769,11887007,10257669,10218898,12012643,10404565,10137185,10618412,10787873,10579672,9928386,11078259,10169227,11377583,9883819,12674376,10702103,11296305,10318454,10605757,11169404,10638610,10199664,11965486,10212484,10540622,8703127,11199780,6257367
9832681,10737091,12369846,10232154,11896550,10328631,10219088,12036960,10421472,10138475,10630967,10859868,10583661,9988713,11089957,10171707,11390508,9932653,12707418,10726909,11320536,10318595,10629603,11186784,10667220,10229338,11984196,10213258,10552107,8730393,11220482,6265004
9846271,10803279,12369887,10264231,11901262,10371859,10219252,12070870,10433519,10139435,10662930,10873249,10615720,10036487,11116606,10216668,11398947,9954181,12709516,10790981,11348842,10369906,10658277,11224499,10685910,10243223,12001915,10259599,10573521,8743119,11224102,6294719
9888197,10839617,12373075,10310737,11922579,10459467,10219458,12142837,10456834,10154136,10673226,10933295,10632323,10040709,11127292,10266357,11412990,9985433,12717484,10807616,11369085,10385180,10671255,11255668,10702169,10255518,12011833,10285854,10593738,8770304,11248796,6306062
9891025,10839900,12376631,10346816,11979578,10493217,10257496,12219347,10493508,10192168,10677885,10958398,10668127,10041387,11143621,10295834,11439998,9994810,12726678,10829230,11409441,10423232,10677907,11305496,10710405,10283798,12038225,10339727,10595688,8807013,11272443,6318716
9918321,10843162,12403327,10379357,12006644,10553053,10285713,12244080,10511051,10238826,10678031,11003787,10672481,10054701,11166925,10331695,11456028,10016405,12767477,10835313,11443643,10467362,10684577,11353262,10714898,10340135,12053613,10398955,10597478,8818878,11299275,6341789
9928905,10857200,12409075,10412840,12024598,10572547,10290901,12274027,10538259,10283233,10680879,11024487,10683671,10093816,11180991,10360421,11468941,10045538,12801731,10849396,11461411,10526616,10709574,11398377,10740189,10380723,12067822,10444224,10625015,8851218,11339496,6352220
9950113,10885385,12412159,10451178,12031758,10612558,10301622,12328035,10553419,10309826,10685754,11063410,10683825,10156673,11234819,10404440,11507433,10065329,12808037,10863600,11485094,10526792,10724556,11431219,10775817,10398407,12101226,10473128,10646099,8881980,11385790,6367488
9975469,10892106,12433736,10482157,12033522,10643314,10354247,12435925,10585906,10359577,10709340,11110184,10686172,10166511,11236258,10445569,11540850,10084988,12829752,10864589,11517951,10565425,10764973,11441035,10788192,10410583,12117670,10503176,10683680,8897594,11396206,6385983
10006360,10910273,12456848,10555583,12074066,10677986,10383856,12436410,10601722,10375133,10760821,11130656,10712291,10187149,11236476,10474965,11599848,10116664,12864801,10873428,11546911,10628543,10798549,11441378,10809068,10413523,12129265,10552657,10689216,8912606,11417107,6402006
10026241,10918935,12471296,10574955,12084613,10693616,10399726,12444202,10639375,10398103,10783293,11180062,10737343,10187715,11236764,10504933,11624413,10154506,12923577,10891318,11596343,10650807,10838406,11462928,10860223,10453067,12153356,10603192,10710744,8921873,11441606,6430997
10052110,10941382,12485668,10627821,12089900,10735331,10427820,12453622,10656592,10437076,10791927,11211776,10739304,10231191,11236816,10545336,11633068,10168162,12962142,10929346,11643549,10687250,10866328,11492948,10882381,10474167,12180693,10647318,10746408,8955115,11461650,6441309
10063130,10966020,12504925,10658164,12122964,10759734,10444536,12493628,10676916,10473397,10805272,11252535,10741551,10248921,11242110,10578153,11635063,10186904,12994503,10989311,11663327,10688152,10894811,11535808,10906209,10498214,12210864,10693117,10780942,9017001,11472996,6455216
10063244,11014549,12520845,10710216,12143666,10790468,10457463,12533102,10700917,10505332,10814032,11301334,10750162,10253786,11269106,10624027,11648023,10258459,12994890,11014953,11687147,10689556,10937754,11559563,10940207,10525924,12223982,10699423,10799003,9052982,11486901,6463879
10065061,11025134,12536431,10717458,12156057,10834147,10474332,12560237,10727429,10549530,10822346,11323412,10771268,10289401,11301629,10676113,11685271,10319629,12998116,11082090,11700682,10699874,10943238,11622494,10947103,10571253,12230611,10745527,10808870,9071443,11506205,6473547
10077403,11064501,12540317,10720752,12165998,10857364,10494829,12582382,10768215,10583760,10853904,11337770,10790282,10318026,11303328,10716636,11720131,10355374,13010701,11085210,11734675,10770464,10982098,11668378,10960567,10613732,12245199,10767099,10809108,9104184,11521879,6480802