15996,21775,15589,6376,31926,25380,1108,55031,32530,290,20365,38388,18413,33200,35951,49498,22930,32956,3297,32454,15324,49979,6934,46725,10535,42041,19558,26484,5340,33517,21427,2196
16447,57789,13770,1661,11000,42909,1549,23560,37863,23532,8863,33830,11002,21383,10292,29143,28763,43862,39900,23353,38246,54014,28908,26265,28075,9793,28145,13077,36514,20824,24274,6340
15091,59525,2291,61122,3279,10957,29907,19939,14588,47309,11250,55411,22389,40840,13886,22083,25984,22257,20372,46652,32673,77238,9780,16398,32563,45633,21724,140,23635,1818,26948,6098
10647,1119,23167,74398,771,24681,50559,26236,37699,11972,38577,6964,24725,18733,14893,10152,3894,15897,19425,54431,11838,63895,6880,20203,12325,23152,30543,20625,11345,74133,7675,5525
13960,16563,46170,40183,40199,67870,11576,14557,30538,25280,35147,10296,3822,2944,100,31036,33117,33924,20750,24736,35894,5710,18855,47420,14790,31204,5986,9287,41896,67255,11235,12279
3964,7844,66759,34367,60951,7967,1926,54833,13911,10533,18573,42739,21766,707,150,61240,49727,38639,21155,29414,19446,65680,14220,52467,5572,18381,3097,28264,17400,2095,30555,14055
27596,2215,54738,36472,12604,23103,2385,15829,8706,11256,38317,21787,14154,11376,164,10278,18847,64283,27304,55453,22803,51836,41834,25158,13461,70754,20732,57683,4143,37005,7193,13983
7075,47518,15111,47491,21731,8971,7026,25112,5380,5689,10500,33625,28457,51165,194,32631,28869,10926,33884,13630,36150,27342,49927,86455,5477,18950,46689,15540,20720,42722,9289,8250
37873,30655,10857,36938,4230,27255,32511,54370,17340,1086,2148,19322,9109,64885,2159,43501,1137,1554,47627,38926,12810,22968,15854,63505,7752,29649,22505,10083,39119,63590,11277,8744
7708,37221,5954,22950,11753,22595,65014,44393,41841,2419,16753,46203,7062,83995,29424,21085,23564,3060,7342,87086,15732,11065,3686,52072,7217,10805,10403,12582,16961,14169,7648,11971
15375,20888,14329,2926,17208,23964,247,35123,38698,3506,11121,71225,32931,9524,2023,19539,7709,25149,41897,38052,36691,26229,163,4540,50432,19493,30655,75674,41028,49623,18543,7647
20853,60912,54267,72093,35561,6226,52622,14011,29956,6222,108,11023,24131,14783,9479,27889,2299,34496,13629,22384,27600,8929,35218,17289,228,29141,44536,15299,21875,41668,30048,8379
26975,4508,23618,13836,26275,29230,25042,13508,18556,3390,18042,67429,21738,38062,20129,17342,41809,12124,7232,7481,9182,19363,4327,103320,3948,57425,60818,1801,13189,29719,29930,7688
47674,39867,23754,906,15054,46114,18700,61548,3189,21253,48303,58462,8823,5541,284,23703,13821,40058,7842,33512,2648,13139,10201,33245,8422,41529,48445,1485,182,54303,27053,32411
14073,15619,51143,933,15756,65904,36266,28704,34047,13932,2042,48815,12830,26387,11232,54824,9313,39398,4227,40669,11383,64691,53928,34796,6773,12480,11424,27960,172,19952,8089,13406
6258,9603,21644,40713,11972,24006,19436,51923,21582,17101,12383,31678,15467,14596,36677,47666,7395,68714,20371,25329,13006,39023,22346,46949,15562,58407,816,60077,316,1535,14570,7467
9957,42007,37863,28174,24750,48640,2528,26017,3736,26692,5458,38646,140,21753,5638,15509,8823,19771,14952,653,28017,48970,19738,91779,23570,52275,21752,16647,34389,64790,15763,7943
34520,38719,1840,62203,38484,20314,1914,20782,35934,28204,16485,62924,164,66547,6665,6199,14648,23488,7662,27599,10560,37563,35744,19862,13105,39341,8495,40398,52927,20985,4563,8144
20324,37943,28256,27257,18631,41622,2646,35368,10238,71242,234,46542,112,48928,8334,99756,12969,912,28990,1310,9834,44399,40169,59340,23015,12891,25525,18654,15086,8195,4358,9056
15222,38338,16046,32050,14923,12596,25390,43465,5024,63044,40653,41740,2295,88498,6184,37237,11937,26554,19672,8703,3443,7007,16562,30993,14159,29510,11271,18564,39477,46232,33592,9287
18696,56138,1533,7897,33183,48149,17971,30557,45386,104706,16197,65363,20432,42030,13750,17754,10192,50393,2781,27960,12881,13588,6824,43118,33462,1408,14132,14318,11220,8727,4886,8333
6169,16266,57,21085,1928,27457,15654,25902,18136,66625,30542,28342,23908,20065,10734,44247,18375,45130,21083,68994,22349,2574,43535,74693,20166,38531,9189,35565,21902,27410,5622,16103
16567,25446,136,1415,23437,53864,31262,13929,9225,16463,21379,67255,19993,49910,27454,26345,6936,65416,8286,3546,28754,75179,19279,38164,15933,8507,4614,37467,6969,55290,14841,11733
14969,9692,216,3127,10671,7409,2266,26716,54017,5758,9505,38011,11987,30323,32998,75193,22959,20787,23389,98652,12841,46880,27384,38721,16264,10497,9133,14377,22418,55762,16015,13410
12473,49240,19092,33021,14093,6059,17583,31213,4193,45878,35006,15321,7741,65008,16688,53764,32614,41779,13004,5670,14023,60194,12157,25651,9874,1346,27303,23177,19062,47469,31381,8286
13849,34241,188,1426,7290,18907,49195,24094,23036,37381,24172,19925,12380,42943,14276,52802,21680,28501,32683,9334,4583,58977,14503,8918,24117,62094,15585,34390,9054,68829,23968,8768
9413,22904,90,663,5737,37660,36247,37484,18427,49755,7315,8624,38888,81007,20559,34495,22717,34372,14608,74295,21277,5409,15298,47805,5852,24366,2164,32516,21073,43082,32307,8157
10013,15841,1566,808,24763,14246,8977,49250,35718,54530,18137,59806,17194,1422,5836,38839,6223,38224,17732,60179,14564,42572,52764,42421,12272,20377,32110,28264,6571,29636,24635,12440
34693,27990,36339,5486,10604,18713,188,66400,5095,1130,22236,60112,12614,44166,20521,14845,2460,28987,16559,48472,12572,6785,3740,23148,12797,47091,6171,110555,5061,49924,16561,9705
18494,44353,39461,11505,17653,23821,804,16580,4814,46756,24921,15974,11379,25510,23700,15916,13892,11192,16441,66207,14094,17818,14472,51169,3205,18270,7590,94318,21921,78600,31838,12113
18578,43334,85,2683,20454,14443,2192,11831,15459,16896,61894,9467,48844,20378,33095,22297,25822,47811,35607,57991,35776,133775,6127,17916,24147,8247,4040,1730,25382,4342,15604,34083
11615,18725,50,776,16993,70418,11031,8014,21735,23939,8744,45569,36151,35884,40847,23637,17508,2506,38029,73077,13495,74360,8502,29754,12082,54755,15847,2321,40839,41496,12056,8971
36,4703,174,888,48127,63280,22367,33030,26642,1253,24297,15694,15155,21782,3977,78884,25381,20629,2283,24772,31906,12237,31822,56133,18486,28977,16248,55611,3689,84523,18292,9277
1447,11259,190,4479,11974,36913,21155,32414,10744,23229,5400,64562,15559,47245,2181,44402,34740,34388,3141,8777,19724,27101,68074,34548,3344,54304,23541,53697,26074,58339,9660,9324
5428,6729,6605,65341,11157,33426,38284,2647,50981,13233,13972,94200,10688,2071,2157,41491,28453,9763,57852,32811,24090,19197,11694,32212,2420,9083,55923,42818,7059,75477,7261,8877
21994,5110,13126,50130,1159,55708,156,28889,37352,14193,29546,71219,34154,82195,2841,13585,16875,29964,17342,20321,10236,1802,24256,42639,8286,71627,31320,21119,11688,10132,9556,17822
20689,1348,36057,18036,16547,6251,76,15735,17027,60656,926,19818,18532,61944,41522,44804,4522,58689,5002,55888,18491,845,28797,5437,32122,27012,21358,64071,26375,58108,11048,13710
32618,47358,52082,15577,27365,30919,56,34064,13237,37904,1092,23373,37828,35630,11298,11808,16578,11392,22598,24151,16684,584,9065,59128,10090,39460,31265,86172,1774,43117,34518,7937
21755,68531,20702,81331,8080,51640,124,1457,28597,24756,11098,45920,17264,33880,39114,17124,7755,56471,28670,28069,15689,957,2803,25998,25120,42621,12254,34043,2737,32227,16517,8187
20516,25186,3511,51961,6334,33816,190,4966,14382,62378,7563,29696,17016,77399,35365,42103,20828,32062,14713,53206,17980,28833,10611,38286,24777,36940,7826,46533,20512,10751,7617,10774
6934,1537,27447,44854,1034,23233,189,28235,4503,70801,8212,2322,17452,75209,6945,43688,19396,52894,31041,39772,52000,63147,21869,25749,17416,22546,7588,40383,2249,38704,7811,10615
1910,78220,19500,1516,30796,44429,84,39196,6654,12167,29022,10479,170,47752,34196,29235,8040,42159,4226,19926,10301,75323,16990,21078,14768,22975,25934,47620,39973,50966,25762,8137
15401,36810,8305,63540,11870,39949,214,23310,15142,36952,2315,27365,15729,54824,35509,27879,20222,30566,10079,785,10115,26005,6374,47328,17290,49030,34940,59906,33451,2084,16649,14106
18265,46677,8496,67766,20649,10411,260,41704,12710,15469,12792,26024,13344,26051,36753,30065,36595,19365,12168,5702,10370,12001,15944,77348,7881,89212,13265,5197,49401,22267,20660,10517
9400,129726,750,53385,9543,70962,190,24317,16907,1290,12555,71995,3989,60327,11698,2480,12925,48834,33042,24806,24231,141,23846,17380,28610,29674,18710,774,11485,27266,20702,7637
13590,66188,41,32077,4712,43228,164,33910,12047,960,31963,13381,32059,47774,26649,44961,8439,21528,2098,64072,28306,51311,28674,37715,18690,13885,17719,46341,21414,12726,3620,29715
41926,36338,3188,46506,21317,87608,206,71967,23315,14701,10296,60046,16603,4222,10686,49689,14043,31252,7968,16635,20243,15274,12978,31169,16259,12295,9918,26255,20217,27185,24694,11343
2828,283,3556,36079,56999,33750,38038,76510,36674,38032,4659,25103,35804,678,16329,29477,27008,9377,9194,21614,40356,38052,6652,49828,8236,28280,26392,53873,1950,36709,23647,12654
27296,3262,26696,32541,27066,59836,28217,24733,17543,46658,146,45389,4354,13314,23304,35861,16030,21595,40799,6083,34202,44130,6670,47766,4493,56337,15388,59228,1790,11865,26832,23073
10584,14038,5748,33483,17954,19494,5188,29947,27208,44407,2848,20700,11190,39115,14066,28726,12913,29133,34254,14083,17768,59254,24997,45115,25291,40588,14209,45269,27537,32340,40221,10431
21208,28185,3084,38338,7160,40011,10721,54008,15160,26593,4875,38923,154,62857,53828,44019,38492,19791,6306,14204,23683,176,14982,32842,35628,17684,33404,28904,21084,30762,46294,15268
25356,6721,21577,30979,1764,30756,52625,107890,32487,49751,23586,46774,2347,9838,1439,41129,33417,19659,21715,989,32857,38633,40417,9816,12375,12176,16444,30048,37581,15614,10416,18495
30891,18167,23112,73426,40544,34672,29609,485,15816,15556,51481,20472,26119,20638,218,29396,58998,31676,35049,8839,28960,63118,33576,343,20876,2940,11595,49481,5536,15012,20901,16023
19881,8662,14448,19372,10547,15630,15870,7792,37653,22970,22472,49406,25052,566,288,29968,24565,37842,58776,17890,49432,22264,39857,21550,51155,39544,24091,50535,21528,9267,24499,28991
25869,22447,14372,52866,5287,41715,28094,9420,17217,38973,8634,31714,1961,43476,52,40403,8655,13656,38565,38028,47206,36443,27922,30020,22158,21100,27337,44126,35664,33242,20044,10312
11020,24638,19257,30343,33064,24403,16716,40006,20324,36321,13345,40759,2247,17730,5294,32817,1995,18742,32361,59965,19778,902,28483,42860,23828,24047,30171,45799,34534,61886,11346,13907
114,48529,15920,52052,20702,30734,12927,39474,24001,31935,8760,48799,8611,4865,26996,45874,12960,71555,387,25642,23820,1404,42943,23755,33998,27710,13118,6306,18061,35981,13905,8663
1817,10585,15586,7242,12391,43679,16869,27135,26512,44198,8314,22078,21106,35615,32523,52086,37248,61170,3226,67137,13535,10318,5484,62931,6896,45329,6629,46104,9867,18461,19304,9668
12342,39367,3886,3294,9941,23217,20497,22145,40786,34230,31558,14358,19014,28625,1699,40523,34860,35745,12585,3120,33993,70590,38860,45884,13464,42479,14588,21572,238,32741,15674,7255
