279888,140838,572748,87934,675955,69514,223313,79936,417757,94334,193859,88673,65766,53831,847986,56117,54861,54737,229095,58166,140043,56168,683157,60337,59797,54152,58515,51757,58758,83371,61287,195300
280108,140851,574725,87934,678279,69567,224002,79957,419409,94334,194338,88673,65790,53831,851980,56117,54864,54738,229571,58166,140428,56168,686042,60338,59797,54155,58564,51838,58856,83373,61428,195303
280328,140883,577225,87934,681588,69567,224863,79971,421444,94334,194908,88673,65823,53831,856156,56117,54869,54738,230556,58166,140928,56168,689122,60339,59801,54155,58574,51918,58858,83406,61471,195306
280545,140902,579755,87939,684888,69569,225723,79989,423445,94334,195498,88673,65861,53831,860434,56117,54871,54738,231519,58166,141374,56168,692419,60339,59801,54155,58575,51990,58861,83453,61513,195310
280772,140917,582278,87944,688146,69569,226587,80024,425395,94334,196135,88673,65897,53831,864657,56127,54872,54739,232526,58166,141910,56168,695897,60340,59803,54155,58575,52074,58861,83464,61548,195311
280994,140931,584896,87944,691574,69575,227467,80080,427445,94334,196784,88673,65933,53831,869344,56127,54872,54749,233338,58170,142334,56168,699416,60340,59803,54155,58575,52140,58861,83465,61583,195311
281205,140953,587234,87953,694526,69646,228288,80081,429232,94336,197351,88673,65958,53870,873526,56127,54873,54749,234448,58172,142781,56168,702972,60349,59804,54157,58577,52144,58861,83472,61624,195312
281411,140966,589643,87953,698001,69713,229178,80081,431234,94336,197949,88673,66006,53907,877916,56152,54873,54752,235192,58176,143298,56168,706381,60357,59804,54162,58577,52144,58861,83472,61644,195312
281634,140976,592199,87953,701317,69788,230013,80081,433307,94336,198596,88673,66049,53907,882397,56160,54874,54759,235865,58215,143700,56171,709639,60357,59804,54162,58577,52154,58861,83473,61676,195313
281853,140986,594736,87953,704725,69865,230866,80081,435290,94336,199244,88673,66093,53907,886922,56160,54875,54759,236652,58216,144091,56227,713169,60358,59804,54165,58577,52170,58861,83473,61702,195313
282093,140989,597335,87953,707893,69946,231684,80081,437311,94336,199897,88673,66122,53907,891503,56161,54876,54759,237409,58217,144601,56227,716612,60363,59806,54216,58578,52184,58861,83473,61734,195315
282317,140996,599932,87953,711253,69999,232545,80081,439321,94336,200553,88673,66164,53907,895926,56163,54876,54759,238420,58219,145033,56227,720177,60384,59806,54248,58580,52202,58861,83473,61762,195316
282542,141011,602576,87953,714631,70081,233385,80081,441245,94336,201239,88673,66206,53907,900441,56169,54876,54759,239033,58222,145534,56227,723519,60412,59806,54264,58580,52211,58861,83474,61815,195317
282763,141026,605196,87956,718021,70159,234257,80081,443249,94336,201864,88673,66247,53907,905298,56171,54876,54759,239740,58223,146009,56227,727499,60437,59806,54271,58580,52236,58861,83479,61856,195320
282988,141045,607847,87963,721273,70239,235061,80081,445164,94336,202538,88673,66279,53907,909604,56171,54876,54759,240628,58223,146513,56227,731322,60437,59806,54271,58580,52308,58863,83480,61875,195320
283197,141072,610344,87969,724805,70311,235929,80093,447310,94336,203099,88673,66309,53907,914427,56175,54876,54759,241580,58231,146867,56228,735122,60437,59807,54271,58580,52361,58863,83480,61891,195321
283383,141115,612967,87977,727996,70332,236765,80101,449286,94337,203721,88673,66343,53909,918755,56182,54876,54771,242754,58284,147275,56230,738428,60437,59808,54271,58581,52367,58864,83484,61901,195349
283556,141171,615768,87978,731269,70332,237633,80101,451204,94337,204448,88673,66373,53909,923048,56190,54876,54771,243604,58362,147785,56230,741563,60437,59808,54271,58581,52367,58865,83486,61952,195390
283770,141219,618471,87990,734442,70332,238472,80101,453054,94337,205131,88673,66408,53909,927500,56194,54878,54773,244367,58460,148244,56230,745243,60437,59810,54271,58583,52367,58868,83487,61987,195402
283974,141284,620935,88016,737697,70332,239304,80101,454985,94337,205746,88673,66445,53909,931793,56194,54880,54773,245126,58576,148613,56240,748816,60437,59811,54271,58584,52367,58870,83487,62029,195402
284169,141324,623562,88032,741087,70357,240210,80101,456920,94337,206387,88673,66475,53909,936365,56194,54882,54773,246074,58668,149031,56251,752092,60442,59811,54271,58584,52367,58871,83487,62044,195402
284362,141362,626164,88034,744450,70382,241084,80127,458932,94337,207027,88673,66499,53909,940805,56194,54884,54773,247128,58697,149481,56302,755263,60455,59812,54271,58589,52367,58874,83487,62085,195402
284556,141384,628812,88034,747769,70419,241951,80139,460930,94337,207697,88673,66523,53909,945006,56194,54884,54773,247892,58697,149958,56382,758798,60462,59812,54272,58589,52374,58874,83489,62087,195402
284737,141428,631361,88034,750904,70419,242764,80202,462791,94337,208398,88673,66577,53909,949193,56194,54889,54773,248873,58697,150402,56461,762592,60462,59812,54272,58595,52384,58876,83489,62138,195402
284937,141463,634035,88034,754318,70419,243644,80247,464799,94361,209061,88673,66614,53909,953859,56194,54889,54773,249692,58697,150865,56533,766253,60462,59812,54272,58598,52393,58876,83490,62166,195403
285128,141520,636776,88041,757579,70419,244511,80247,466708,94385,209728,88673,66633,53909,958038,56194,54890,54773,250456,58697,151387,56623,769774,60462,59812,54272,58599,52402,58876,83491,62187,195404
285326,141552,639405,88051,760716,70437,245334,80247,468732,94399,210343,88674,66663,53909,962532,56194,54892,54774,251330,58697,151815,56688,773337,60462,59813,54272,58602,52406,58877,83504,62197,195410
285517,141574,642168,88064,764174,70478,246218,80247,470837,94399,211018,88674,66710,53909,966775,56194,54893,54774,252273,58697,152265,56775,776195,60462,59816,54272,58604,52406,58878,83507,62241,195420
285723,141616,644814,88071,767554,70522,247075,80251,472837,94402,211689,88674,66741,53909,971222,56194,54893,54774,253105,58697,152716,56859,779459,60462,59816,54272,58604,52406,58878,83508,62260,195427
285937,141654,647473,88073,771043,70534,248002,80255,474969,94402,212302,88731,66769,53909,975617,56195,54894,54774,254086,58700,153090,56947,782828,60465,59820,54273,58606,52406,58878,83509,62264,195428
286142,141677,650086,88073,774190,70537,248834,80262,476829,94403,213003,88764,66795,53921,979994,56195,54894,54774,255038,58700,153551,57024,786492,60465,59821,54273,58606,52406,58878,83509,62281,195428
286338,141727,652458,88073,777554,70544,249708,80271,478830,94403,213618,88802,66843,53933,984543,56195,54896,54774,255898,58700,153953,57074,790043,60487,59821,54273,58606,52406,58881,83509,62298,195429
286552,141755,655219,88073,780852,70625,250556,80282,480711,94403,214321,88821,66874,53954,989045,56195,54897,54774,256749,58700,154297,57074,793522,60487,59821,54273,58606,52406,58882,83509,62305,195429
286764,141782,657560,88073,784194,70696,251454,80300,482631,94404,214953,88836,66924,54009,993389,56195,54897,54774,257455,58700,154648,57074,797292,60487,59821,54273,58606,52406,58885,83509,62347,195430
286963,141821,659969,88074,787718,70765,252383,80311,484646,94404,215495,88836,66953,54036,998079,56207,54897,54774,258233,58700,154994,57074,800934,60487,59821,54273,58606,52406,58885,83511,62369,195430
287189,141833,662581,88075,791218,70835,253302,80325,486686,94404,216152,88836,66981,54043,1002469,56237,54898,54782,259024,58700,155389,57074,804167,60487,59821,54273,58607,52407,58886,83512,62388,195430
287397,141869,664959,88082,794331,70895,254126,80338,488610,94407,216747,88850,67012,54051,1006703,56244,54898,54784,259680,58701,155805,57074,807534,60526,59821,54290,58608,52409,58888,83518,62416,195433
287586,141893,667684,88096,797597,70975,254994,80338,490474,94407,217414,88850,67048,54051,1010838,56244,54899,54784,260499,58701,156325,57074,811115,60551,59821,54317,58608,52409,58888,83519,62449,195433
287803,141910,670281,88108,800958,71048,255840,80344,492485,94407,218055,88850,67081,54051,1015224,56244,54900,54784,261429,58701,156823,57074,814481,60579,59821,54334,58609,52409,58889,83519,62478,195434
288010,141940,672727,88108,804369,71127,256707,80352,494420,94407,218681,88850,67137,54051,1019715,56244,54900,54784,262428,58701,157200,57074,818123,60602,59821,54366,58609,52420,58889,83520,62521,195434
288204,141985,675222,88108,807625,71193,257528,80360,496343,94407,219322,88850,67177,54051,1024046,56244,54900,54784,263265,58701,157753,57074,821421,60602,59821,54390,58610,52433,58889,83520,62549,195434
288418,141998,677823,88108,810942,71268,258399,80360,498306,94417,219932,88850,67201,54051,1028330,56244,54900,54785,264017,58701,158173,57075,824886,60602,59821,54391,58611,52475,58889,83521,62555,195436
288638,142016,680373,88111,814238,71315,259245,80411,500304,94422,220594,88854,67228,54051,1032725,56244,54900,54785,264866,58701,158659,57075,828165,60602,59821,54394,58612,52531,58889,83521,62566,195438
288870,142025,682989,88112,817459,71315,260094,80478,502266,94423,221231,88870,67276,54051,1037276,56244,54902,54785,265668,58701,159127,57076,832267,60603,59821,54394,58612,52577,58889,83522,62586,195438
289077,142048,685525,88112,820780,71315,260963,80538,504301,94423,221821,88873,67298,54062,1042092,56244,54902,54785,266623,58702,159549,57076,836105,60603,59821,54397,58612,52610,58889,83535,62607,195438
289291,142064,688148,88112,823925,71315,261801,80583,506308,94423,222515,88893,67325,54076,1046520,56244,54904,54785,267412,58702,160125,57076,839478,60603,59824,54398,58612,52610,58892,83576,62613,195439
289511,142082,690632,88119,827140,71361,262612,80615,508243,94428,223111,88895,67370,54082,1050860,56254,54905,54787,268430,58717,160488,57079,842835,60606,59826,54402,58613,52610,58897,83579,62648,195441
289720,142106,693179,88122,830419,71455,263520,80673,510320,94440,223740,88895,67395,54082,1055231,56254,54908,54789,269573,58728,160873,57082,846335,60608,59826,54403,58614,52614,58898,83589,62661,195444
289940,142127,695740,88162,833775,71455,264494,80673,512365,94470,224351,88903,67440,54162,1059697,56254,54908,54789,270582,58739,161259,57082,849542,60608,59826,54404,58614,52614,58898,83590,62683,195445
290140,142163,698568,88195,837137,71456,265379,80673,514373,94488,225100,88904,67480,54187,1064052,56312,54908,54789,271779,58752,161773,57083,852612,60608,59826,54404,58614,52614,58899,83591,62729,195445
290351,142196,701208,88196,840524,71499,266270,80673,516377,94488,225766,88905,67512,54187,1068363,56318,54909,54837,272558,58779,162148,57087,855820,60608,59826,54404,58614,52614,58899,83591,62762,195445
290588,142200,703740,88196,843794,71537,267163,80673,518291,94488,226419,88905,67539,54187,1072578,56318,54911,54837,273464,58852,162618,57099,859345,60608,59826,54404,58614,52614,58899,83591,62775,195447
290829,142205,706189,88196,847141,71589,268049,80674,520421,94488,227023,88907,67575,54187,1076931,56318,54912,54837,274141,58940,163037,57115,862475,60608,59826,54404,58614,52614,58899,83591,62783,195447
291028,142227,708776,88196,850224,71646,268903,80674,522415,94488,227682,88907,67618,54187,1081473,56318,54913,54837,275137,59015,163449,57123,866277,60608,59826,54404,58614,52614,58899,83591,62799,195447
291227,142255,711260,88197,853493,71675,269768,80675,524364,94488,228245,88907,67663,54187,1086018,56318,54913,54837,275800,59083,163841,57134,869915,60608,59826,54404,58614,52614,58899,83591,62830,195448
291453,142273,713939,88197,856863,71723,270637,80678,526383,94488,228921,88907,67687,54187,1090922,56318,54914,54837,276704,59166,164281,57143,873624,60608,59826,54404,58615,52615,58899,83591,62849,195448
291674,142292,716518,88201,859963,71730,271464,80679,528311,94488,229540,88907,67726,54212,1095103,56318,54917,54837,277666,59183,164712,57147,876853,60649,59826,54425,58616,52627,58899,83592,62884,195449
291890,142316,719211,88201,863233,71730,272331,80680,530211,94488,230171,88907,67755,54242,1099367,56318,54917,54837,278364,59183,165128,57147,880309,60662,59826,54465,58616,52641,58899,83596,62915,195479
292118,142347,721835,88214,866630,71730,273203,80680,532274,94488,230850,88907,67796,54277,1103857,56328,54917,54837,279233,59183,165602,57147,883654,60675,59826,54465,58616,52656,58899,83599,62937,195535
292331,142367,724348,88241,870005,71792,274083,80681,534252,94489,231442,88907,67835,54323,1108184,56337,54918,54838,279963,59183,166047,57147,886822,60675,59826,54465,58616,52677,58900,83600,62968,195536