1097185335161,3503524860416,1386915357894,1518132591777,1448043615007,1528148382584,1175841942633,1455333408127,1375398691996,1293756721019,1221110433411,1287792551262,1174029455009,1258753417794,1528852681733,1265813226150,1033525284990,1198533452153,1185406220492,1200721452023,1138726355312,1264524965684,1303717930636,1241094544250,1094865169474,1188193944341,1161783797025,1198212519264,1139431067299,1798990581173,1997527719715,7546685635912
1097201604196,3503538247435,1386921647885,1518144845124,1448052442165,1528155820520,1175849440132,1455345919540,1375406700153,1293762011775,1221115457138,1287797805840,1174039393160,1258768126884,1528868415944,1265825951302,1033527807777,1198540708538,1185419527552,1200735851566,1138733399629,1264541009381,1303730631411,1241106201491,1094871459033,1188206753096,1161791979701,1198226467822,1139440152095,1799022334438,1997538561314,7546708875359
1097205346897,3503560056014,1386933684756,1518156758500,1448062078843,1528164825956,1175858568346,1455357921599,1375427930910,1293770954750,1221130396906,1287804618860,1174050837649,1258781309595,1528882948625,1265835234976,1033540473519,1198548202060,1185424722925,1200746544649,1138739082676,1264552001008,1303735653476,1241117331507,1094877977387,1188226726453,1161792070145,1198247220790,1139445160764,1799056890779,1997544879820,7546726162515
1097215432359,3503567142618,1386938711554,1518167372419,1448079804048,1528165381895,1175867385763,1455370759387,1375435015147,1293771343667,1221133103159,1287811717208,1174051575820,1258798228758,1528888068746,1265853145309,1033548441179,1198568008752,1185428170094,1200760592924,1138768070606,1264556329784,1303747235449,1241135772719,1094888624728,1188243560448,1161803417775,1198257934725,1139450318636,1799066538209,1997561632425,7546735065548
1097224072111,3503572684343,1386946983328,1518171920662,1448082881110,1528175093648,1175883364154,1455381397838,1375452180273,1293771546670,1221145113062,1287818968086,1174055108514,1258817002980,1528889998062,1265869072504,1033559495972,1198592919368,1185432929812,1200794193232,1138770304935,1264574652123,1303776628417,1241144002689,1094892189706,1188250143114,1161812464853,1198272825943,1139458984862,1799077913912,1997561657722,7546738944987
1097229057475,3503573650899,1386950295260,1518191479091,1448095656419,1528178419873,1175888222671,1455381877757,1375464024330,1293777647640,1221172982377,1287823922257,1174076562413,1258821811875,1528906031689,1265873569045,1033565930494,1198614827015,1185436634923,1200810421312,1138770408578,1264617522061,1303789874647,1241155690788,1094912871134,1188259482587,1161825477114,1198272941223,1139471986812,1799078517331,1997561682007,7546739286827
1097234910497,3503594016529,1386963522755,1518218710389,1448100557164,1528203686956,1175894317538,1455384138561,1375472866291,1293787513762,1221180217656,1287830789971,1174079892279,1258825802023,1528908720587,1265877850414,1033570326749,1198622127537,1185447342330,1200820722269,1138786047335,1264629586246,1303813852664,1241160103948,1094925358105,1188270626084,1161856799856,1198283350356,1139487993978,1799084917816,1997561773029,7546743255475
1097236051476,3503600687071,1386982912188,1518228733345,1448118636227,1528214634071,1175896719486,1455392782845,1375478640964,1293788797182,1221187146792,1287835980036,1174091859878,1258839817684,1528908895065,1265896200254,1033571351411,1198622922196,1185452560469,1200820794996,1138788487361,1264663654811,1303821711901,1241169807485,1094947815003,1188271629874,1161895180697,1198283533050,1139510844376,1799099422872,1997594610781,7546749365017
1097258222096,3503607677440,1387002825020,1518238536663,1448124531398,1528237933835,1175899331536,1455412085093,1375478872067,1293797564769,1221198723915,1287849500942,1174095572321,1258845939079,1528908987904,1265912175632,1033573532801,1198624282739,1185454680323,1200833493975,1138808447161,1264667609952,1303823861007,1241170568728,1094965157089,1188279722056,1161922549083,1198295569595,1139534501607,1799101221877,1997620393999,7546756154628
1097264034731,3503615438822,1387008451316,1518251897870,1448125462200,1528249438000,1175914959139,1455435041707,1375478918129,1293818317654,1221244190289,1287869041853,1174096445065,1258857586231,1528924673093,1265921137924,1033596711499,1198624354406,1185459721012,1200833802023,1138822009183,1264673297238,1303830206772,1241170721313,1094972545214,1188286382446,1161935967517,1198311474025,1139538511070,1799102938118,1997637961848,7546770858691
1097280117105,3503615877271,1387011328705,1518270145452,1448143048515,1528273530605,1175940898767,1455449270209,1375497369513,1293825693353,1221261891621,1287872294140,1174096474459,1258857714879,1528932135356,1265921146648,1033606621157,1198657332286,1185485296169,1200834236562,1138836347802,1264688711440,1303841071145,1241177704093,1094985805707,1188288577404,1161945633711,1198318713417,1139543078487,1799115732315,1997638706027,7546781447950
1097290531291,3503620766587,1387025606701,1518274832260,1448169084003,1528276899313,1175954758768,1455455135920,1375507429706,1293832147619,1221264048654,1287873797006,1174139547853,1258878430304,1528934019769,1265931540108,1033621859955,1198657905093,1185491600400,1200836838820,1138849401329,1264723345751,1303852356128,1241186571949,1094987268399,1188306166004,1161962176678,1198335964663,1139550586920,1799122192755,1997654494048,7546786439510
1097319202074,3503650531481,1387030899869,1518279380872,1448184983519,1528281994024,1175968625267,1455465594891,1375512519022,1293842874396,1221267930773,1287878096186,1174168271522,1258887458778,1528939588267,1265936028832,1033632058898,1198682767781,1185501198307,1200843763302,1138857274194,1264743787450,1303864196286,1241186718113,1094999706196,1188309634402,1161963472565,1198336415382,1139575127010,1799127361892,1997668406419,7546788912988
1097341344125,3503668301749,1387053264380,1518297190879,1448218158177,1528320416775,1175979920032,1455484048116,1375525971855,1293845554858,1221276520532,1287879560401,1174170797481,1258888208206,1528943156632,1265936047002,1033642733614,1198695103589,1185505064592,1200872238765,1138857437333,1264757584356,1303871238796,1241186763414,1095011358869,1188310859222,1161963740155,1198340929895,1139596655986,1799128478539,1997676729285,7546790068651
1097347352072,3503691118504,1387072243504,1518306934636,1448223376930,1528353036938,1175998693592,1455489034031,1375541072665,1293848059890,1221293556731,1287888132035,1174171431532,1258888378585,1528949374178,1265937588705,1033650405340,1198702259195,1185512755408,1200887901987,1138875898450,1264766756348,1303887360192,1241186960674,1095020628222,1188311589622,1161980069566,1198359349596,1139623042425,1799131469373,1997679405054,7546799241982
1097353494034,3503723094106,1387097765159,1518336209090,1448237708552,1528367635197,1175999534408,1455498551656,1375559835503,1293850453922,1221310519654,1287895263835,1174188770978,1258910099440,1528956499274,1265957379251,1033664789594,1198702434782,1185520199877,1200903199499,1138879375273,1264776842376,1303898462592,1241187083168,1095020948424,1188322449024,1161990320437,1198368229037,1139630789151,1799132359715,1997688587872,7546799958716
1097355744351,3503738241416,1387099164033,1518357505721,1448247633118,1528388931247,1176023575453,1455498774414,1375567096259,1293853447930,1221317503616,1287910759453,1174201537651,1258919770347,1528979832434,1265980688125,1033672377668,1198708448846,1185563504953,1200912193533,1138885503501,1264785398184,1303913172225,1241187709586,1095023709945,1188335796617,1161990399770,1198368352308,1139630803802,1799136716798,1997700724374,7546810082249
1097373320828,3503755013453,1387110868833,1518364012622,1448259366612,1528411163298,1176030305073,1455519884559,1375573368947,1293858747105,1221317692909,1287916074218,1174201537651,1258924021480,1529017030628,1265983093156,1033678769596,1198709631855,1185586414758,1200912244462,1138915295421,1264802450200,1303929430445,1241187746972,1095029506381,1188362792412,1161990603659,1198368589258,1139635884968,1799137533088,1997718420557,7546815902976
1097374163968,3503763253751,1387129229856,1518365536546,1448265668001,1528432567127,1176040250297,1455538427532,1375584962474,1293861894906,1221331488755,1287931839167,1174231085830,1258929030358,1529022008719,1266006340314,1033693827216,1198719890367,1185596527820,1200912258567,1138915561837,1264811035324,1303935620064,1241187927154,1095032165867,1188377039652,1162024233620,1198389486580,1139645259870,1799151970633,1997723129454,7546821683663
1097383571851,3503777887026,1387152597865,1518380696171,1448278217493,1528435764270,1176049010074,1455548795082,1375585065502,1293885103322,1221335320643,1287940326729,1174251634959,1258940946462,1529035036461,1266015005083,1033707104449,1198719998051,1185615408418,1200916655697,1138929909357,1264811431416,1303935909853,1241218662936,1095043752869,1188382922765,1162037739869,1198391144252,1139666548576,1799154604796,1997733612530,7546827359601
1097416269105,3503778028261,1387173344227,1518400352390,1448291352537,1528435939662,1176057425838,1455548795082,1375585094729,1293907755916,1221355461735,1287958333326,1174257250303,1258950487982,1529062285805,1266025293245,1033708353938,1198720057999,1185615738036,1200919478332,1138946517556,1264823820611,1303936199812,1241250490206,1095046328590,1188387041096,1162038350908,1198408911172,1139696323754,1799167340824,1997741539321,7546827670280
1097438435655,3503789329625,1387189328254,1518406015624,1448310959098,1528445665996,1176078637792,1455551128930,1375588010108,1293921191153,1221368581801,1287973561541,1174262927802,1258958919646,1529077383295,1266025544968,1033721270526,1198728577934,1185625898813,1200930009748,1138960828901,1264827938253,1303945154386,1241265608871,1095056113946,1188394064658,1162039605450,1198446681391,1139731197930,1799183521103,1997743633127,7546840312277
1097440133203,3503804383202,1387208552584,1518434440606,1448315647583,1528458707312,1176083212720,1455565245180,1375603161955,1293944351217,1221386155706,1287988713563,1174265960704,1258961032784,1529080578762,1266027917522,1033722722969,1198730784645,1185650215048,1200930009748,1138963889380,1264828115619,1303982332443,1241266769793,1095075995907,1188398293074,1162044716307,1198451213101,1139733398252,1799190288906,1997775067186,7546847422574
1097450056053,3503819782995,1387211288048,1518464153032,1448340075127,1528468468425,1176091220113,1455577603209,1375614745371,1293946898165,1221409215587,1288002765372,1174276386750,1258964155189,1529083492740,1266035675219,1033728822497,1198735521708,1185659675845,1200938500147,1138967605471,1264835465786,1303990494330,1241266789196,1095089288886,1188407493542,1162069844190,1198469864380,1139738633202,1799192835735,1997791137997,7546848181442
1097454774969,3503842218544,1387217149416,1518477722314,1448342529086,1528484449281,1176095235432,1455597534389,1375614782847,1293948591905,1221449547727,1288016041433,1174288612471,1258973054223,1529118892442,1266037041553,1033749287694,1198741856440,1185662596413,1200958383696,1138967612108,1264850935292,1304001350306,1241274100931,1095105386365,1188407674134,1162088280622,1198473442186,1139750547195,1799199933414,1997791205601,7546858643766
1097457829401,3503860493825,1387222122352,1518478174400,1448348643810,1528490969058,1176097343521,1455597890225,1375642996468,1293979021183,1221476806796,1288016534152,1174303781193,1258987908106,1529124470677,1266053716521,1033763085786,1198756132106,1185665113766,1200964483053,1138975148596,1264860469115,1304011327277,1241282652391,1095116256327,1188410435818,1162122746820,1198479936532,1139770802529,1799201263694,1997801042179,7546860504144
1097471808125,3503876149173,1387230360250,1518482841726,1448369251460,1528500195264,1176117314344,1455607030778,1375649277419,1293987823332,1221482637406,1288016859163,1174311227279,1258988296431,1529144536454,1266093766806,1033797740962,1198765992230,1185680268821,1200974967489,1138975171317,1264861029134,1304020338632,1241286631303,1095122573868,1188410577952,1162138156132,1198482149733,1139782732768,1799202499986,1997819642215,7546867366688
1097491844633,3503892044282,1387243619228,1518489702124,1448374869326,1528509114422,1176121279033,1455610547462,1375649866771,1293999469007,1221488089806,1288026421911,1174330588178,1258989795299,1529150813084,1266098972082,1033807317808,1198792904182,1185686457150,1200975049363,1138975182139,1264868215470,1304043555220,1241287411256,1095157699273,1188415349114,1162165807555,1198491246056,1139811477712,1799210471103,1997836400169,7546874776376
1097508939530,3503916911592,1387257843547,1518494199641,1448382906388,1528516235790,1176137382604,1455617458924,1375669773779,1294003636955,1221489777729,1288026633667,1174338682612,1259002046501,1529160122344,1266110285781,1033813770121,1198792930935,1185692010221,1200975057835,1138983648140,1264874896027,1304059246561,1241287557348,1095159461089,1188450420413,1162194043861,1198512217742,1139826641899,1799217298687,1997854336091,7546879929176
1097516559865,3503936628876,1387277827514,1518498870333,1448411911394,1528516883074,1176152990537,1455618364130,1375671895011,1294004191384,1221509062033,1288041803566,1174371212084,1259006658696,1529185996675,1266113981457,1033825501088,1198813147515,1185706747526,1200982031641,1138983649077,1264878812632,1304078881615,1241290610910,1095169426088,1188458385330,1162201828541,1198526281420,1139838377283,1799219831888,1997858651626,7546882036742
1097524923980,3503963034398,1387291296578,1518521025443,1448434312998,1528521016097,1176155834014,1455624855474,1375689975569,1294005665966,1221517573336,1288042146785,1174391178574,1259006993391,1529206917704,1266126160214,1033839073941,1198823753765,1185726828334,1200994655517,1138983685183,1264883851154,1304082830035,1241295619544,1095183268378,1188458584782,1162231719456,1198527460250,1139859380196,1799225435508,1997868212815,7546886455633
1097539760447,3503963966020,1387298076627,1518530660394,1448446151332,1528521040685,1176161110453,1455633013762,1375697676973,1294013664744,1221536124801,1288051529244,1174417936818,1259029078022,1529210895298,1266135115261,1033873336850,1198828952367,1185747753563,1200997477515,1138985124482,1264891974832,1304103142610,1241313365445,1095189423052,1188462829061,1162255304502,1198534119110,1139880774939,1799232767556,1997882769300,7546893671962
1097559687978,3503978584650,1387321769622,1518535519543,1448459356737,1528521826233,1176166680608,1455635597742,1375704404364,1294018642773,1221545428127,1288060608632,1174424630497,1259032940494,1529220549392,1266155894784,1033900196309,1198840116933,1185778964347,1200997787868,1139002229483,1264896260166,1304116542859,1241325707457,1095193028317,1188484255927,1162258529468,1198544590719,1139895062285,1799241692191,1997903562496,7546895752834
1097561580178,3503989426467,1387324295655,1518535780518,1448463995358,1528528814306,1176172383906,1455636297551,1375729715348,1294018972947,1221546180126,1288082170502,1174473114888,1259033136178,1529256511059,1266163978570,1033918621003,1198840228839,1185796993520,1201023357224,1139016928493,1264896264584,1304138157023,1241355297828,1095213637277,1188492450213,1162258533590,1198546036524,1139895078483,1799245244990,1997909385150,7546896832993
1097570849745,3503996733830,1387331061188,1518562809400,1448470485185,1528542688862,1176190422312,1455645400623,1375729938601,1294022794531,1221558583044,1288083383512,1174493259195,1259043055304,1529285138384,1266166447986,1033936203412,1198846116577,1185810042583,1201041714582,1139019916073,1264903042427,1304170996903,1241355470304,1095223509173,1188504647748,1162262003222,1198549998190,1139911710202,1799249382062,1997920711507,7546898095657
1097574078002,3504014761533,1387331857026,1518567316375,1448484432713,1528546200625,1176210296327,1455655832401,1375738649450,1294039286755,1221585889012,1288087817650,1174493891842,1259046455147,1529295589915,1266171321184,1033950118807,1198858753215,1185821586748,1201049756050,1139045876075,1264912361951,1304195681121,1241358887172,1095238344544,1188504816330,1162281261290,1198553448544,1139929265888,1799252119166,1997925882492,7546906888929
1097603624127,3504026318496,1387352215193,1518579422200,1448484583984,1528554443741,1176225575823,1455657816778,1375746407720,1294054623564,1221606572514,1288088159703,1174493956039,1259048748243,1529299211651,1266173233485,1033953504805,1198865602243,1185822803568,1201075358103,1139054899985,1264918067756,1304203072446,1241376483777,1095249736936,1188510760401,1162317450900,1198563673161,1139943631920,1799254742434,1997951907141,7546917162968
1097625750864,3504033746039,1387377231336,1518585875553,1448484599102,1528559717424,1176249158597,1455672914838,1375765311146,1294066282106,1221608329639,1288100019251,1174513455134,1259062792408,1529322210458,1266176733786,1033964505727,1198873662789,1185826056743,1201093122722,1139059154355,1264923523803,1304207184474,1241379027761,1095267457836,1188517306380,1162326316386,1198567010882,1139962294625,1799257959010,1997968975305,7546917848596
1097640548038,3504039758802,1387384943831,1518594302786,1448484651509,1528575812029,1176263347935,1455678746444,1375803975807,1294067986479,1221627552493,1288108475623,1174531910521,1259076492649,1529343771647,1266181952371,1033975089505,1198876643179,1185846370339,1201093132439,1139059328395,1264932836456,1304222523592,1241395144056,1095278424128,1188524248490,1162332560760,1198568041179,1139964912494,1799260437132,1997994643754,7546931479296
1097642063629,3504063139882,1387398377287,1518598115307,1448484653048,1528576005700,1176273779439,1455681291488,1375831392116,1294071871008,1221645603378,1288114834809,1174548679861,1259078551015,1529362229375,1266181960064,1033982056414,1198876758837,1185854175219,1201107206840,1139099416444,1264948813675,1304243601825,1241406295984,1095308440555,1188531685221,1162339981418,1198574440362,1139975624502,1799262249945,1998002313568,7546938000693
1097649008668,3504082702453,1387411493545,1518599322201,1448484673954,1528581178792,1176284658888,1455681300854,1375853049564,1294072978585,1221666460740,1288122087871,1174572470703,1259087908329,1529373781481,1266181985851,1034015716797,1198879625550,1185867993914,1201129460887,1139107940459,1264953731462,1304257151073,1241407111076,1095345119449,1188535879118,1162341788315,1198609734958,1139982347694,1799262712843,1998002409741,7546944191379
1097656261868,3504090099269,1387426212068,1518599882076,1448484696205,1528596716902,1176293545165,1455681960953,1375868563999,1294083618047,1221680210108,1288127000777,1174584000682,1259090187678,1529386652194,1266194814920,1034027472402,1198899180014,1185889775344,1201144340298,1139117440199,1264969236858,1304274664383,1241414188097,1095359271930,1188540976403,1162366287093,1198619136216,1139994929202,1799265527345,1998006628433,7546945849673
1097672413351,3504101547241,1387430818839,1518619806538,1448487077018,1528600294161,1176301507963,1455690512820,1375876215316,1294087241331,1221693994268,1288133298340,1174589589103,1259094667154,1529408375417,1266203797192,1034043132219,1198903119055,1185919385717,1201146540592,1139133820085,1264973687505,1304284590088,1241427716918,1095376463967,1188547225643,1162387342040,1198633293976,1140013130525,1799273110560,1998021078165,7546960896057
1097690983231,3504114387393,1387433776215,1518629850465,1448493912723,1528600306562,1176302183479,1455694411153,1375885921958,1294088392489,1221702586045,1288157117942,1174599674193,1259100996854,1529418029098,1266212495550,1034058253312,1198904481717,1185941170390,1201147180012,1139165018863,1264974336060,1304301465131,1241443172584,1095409711611,1188565629761,1162404835386,1198641363564,1140023518642,1799275231767,1998021320521,7546965968337
1097709504193,3504117833088,1387444502155,1518636521393,1448501273931,1528605555085,1176318446093,1455699968151,1375892406873,1294090586604,1221712167424,1288172140987,1174613141166,1259105540509,1529427598002,1266217206345,1034075833483,1198906694329,1185955500451,1201159402714,1139182830661,1264975972657,1304314095995,1241461658117,1095426273768,1188578569789,1162423901142,1198650667041,1140048446952,1799282443101,1998021354141,7546982508371
1097712627221,3504134032943,1387468659848,1518643516691,1448543000422,1528607897892,1176339418582,1455701889591,1375912429299,1294090752568,1221731829752,1288172192064,1174616251257,1259106986149,1529434553241,1266217225703,1034093251611,1198929036184,1185960348912,1201182302821,1139208633142,1264983080618,1304320196948,1241471206243,1095457049326,1188585558474,1162425240230,1198656900033,1140057257986,1799287176144,1998021367184,7546985936407
1097716249716,3504155385397,1387469651465,1518671111615,1448549539508,1528613657008,1176371028418,1455710579658,1375935136176,1294106367173,1221755999857,1288180073222,1174651679230,1259108215781,1529434560526,1266217261418,1034113333293,1198929054689,1185984497520,1201182316796,1139221855710,1264983748430,1304322386892,1241486532137,1095461546928,1188594707318,1162443369318,1198660016324,1140057565476,1799296886299,1998033129436,7546995652860
1097719849008,3504161547347,1387473048780,1518682037739,1448558036342,1528631532934,1176377695727,1455710612731,1375964757427,1294108209068,1221785157908,1288197760968,1174683349894,1259119571553,1529467040704,1266236041612,1034118923201,1198935519364,1185991789684,1201188931423,1139228400202,1264983932757,1304327755877,1241494376381,1095470578745,1188601181986,1162462547104,1198666043090,1140061890235,1799304669520,1998039315695,7546998057155
1097726096537,3504167040891,1387483642210,1518692689986,1448558797517,1528632774744,1176378864429,1455723255237,1375965360680,1294119450381,1221793972224,1288218282384,1174699117135,1259127530541,1529485379455,1266237969965,1034133181958,1198938854302,1186003424793,1201207790458,1139238882903,1264998578871,1304347274888,1241497227375,1095476836603,1188623427011,1162489742108,1198671898953,1140079791238,1799305545534,1998052860342,7547004472411
1097742599167,3504169548934,1387483958436,1518694044627,1448587313443,1528635753507,1176380440311,1455728282014,1375968035107,1294135896669,1221796276962,1288233649954,1174702520072,1259128296049,1529517711528,1266237991420,1034153332588,1198979128362,1186027617918,1201228996434,1139267296758,1265006810135,1304351499982,1241497342184,1095481104927,1188640863928,1162491181149,1198672264195,1140099429760,1799308507835,1998062626667,7547011242458
1097753466746,3504169879731,1387493260963,1518699254639,1448611589587,1528642898658,1176400144913,1455732210043,1375987419808,1294148288180,1221804678047,1288236834506,1174713547807,1259132127102,1529519217424,1266246785633,1034180230608,1198987251439,1186045200865,1201244731421,1139272985586,1265039453886,1304361773519,1241504613343,1095486810995,1188653076960,1162498129985,1198677312473,1140103721552,1799310128940,1998076703218,7547013654983
1097753645097,3504172992944,1387499844824,1518705412581,1448613099230,1528644823464,1176412125156,1455759685604,1375987450045,1294169091150,1221828464536,1288245792815,1174742613154,1259134231404,1529548652984,1266256812425,1034186904288,1198999451306,1186061623068,1201246622250,1139279554712,1265039998404,1304369675167,1241519881859,1095494684777,1188668693612,1162519762303,1198691536473,1140116257632,1799332851976,1998086490750,7547019370488
1097757859484,3504176626947,1387505868868,1518731797274,1448613335006,1528645811918,1176413018813,1455792164871,1375989994144,1294194098091,1221855083901,1288265738609,1174765040624,1259144257653,1529554423107,1266262948180,1034206116790,1199005458535,1186069764686,1201264245820,1139312780248,1265052126398,1304382106544,1241521034946,1095502897294,1188695417821,1162523342121,1198698025288,1140122539062,1799353481512,1998087355332,7547028625097
1097770138448,3504178986784,1387512896203,1518742822974,1448618793776,1528645814478,1176417198679,1455801281569,1375992470198,1294218425456,1221872174229,1288306723850,1174766849432,1259156792918,1529558990646,1266296252345,1034210506690,1199017668711,1186069946092,1201270336425,1139346860942,1265073126049,1304386161035,1241522748065,1095527391755,1188703343735,1162526826980,1198716499153,1140123139517,1799357848893,1998087721695,7547033008052
1097777030194,3504184186931,1387518927975,1518761311864,1448618813006,1528645908537,1176417685989,1455822259702,1375992633512,1294228106429,1221872794992,1288333420382,1174779852801,1259178778397,1529565936706,1266326433420,1034223440259,1199034219378,1186092883574,1201285072506,1139352181745,1265081310117,1304395090929,1241527419018,1095541093731,1188706827142,1162530966250,1198717153569,1140123408798,1799374574935,1998104444673,7547071000638
1097795840953,3504184544215,1387523608219,1518778714880,1448638912119,1528645951869,1176420015724,1455831615981,1375992684846,1294232210445,1221879826666,1288334813135,1174784575329,1259204661311,1529566255929,1266364138492,1034226087021,1199042713137,1186106334408,1201305411690,1139352723165,1265110422710,1304400129904,1241537806731,1095553714709,1188708195975,1162547404305,1198718255297,1140142540840,1799399506960,1998108076324,7547099771564
1097818995126,3504193284633,1387546265180,1518793977966,1448667468550,1528659519634,1176434451517,1455854170720,1376001502565,1294253922095,1221879877533,1288356565021,1174785146719,1259221822956,1529567357606,1266369984354,1034233417946,1199044084523,1186108021490,1201316105324,1139352823129,1265129303916,1304401868633,1241548847114,1095558146843,1188713567740,1162568698874,1198727112071,1140147772753,1799409526156,1998110889020,7547108265288
1097828202342,3504208171717,1387548108002,1518814590900,1448685778649,1528670070908,1176453610257,1455875327427,1376029334059,1294268118871,1221881396711,1288375022451,1174809565347,1259244604503,1529571770760,1266395782561,1034245156682,1199047101377,1186114771376,1201332216653,1139355200426,1265129472024,1304402883457,1241566533447,1095572026776,1188717485033,1162568713679,1198727702041,1140148023602,1799414070588,1998111055648,7547129554900
1097828283010,3504209216231,1387548365355,1518823908398,1448687945513,1528696303428,1176474929917,1455886910275,1376050988283,1294273916134,1221884675620,1288385510528,1174835865279,1259259573761,1529571821407,1266396212467,1034252582402,1199050072107,1186119010417,1201357005045,1139371438447,1265152415343,1304414772580,1241601299158,1095578634694,1188723865760,1162578453429,1198732219744,1140155525110,1799435364148,1998111687339,7547134340313
1097837074562,3504226513165,1387564455726,1518844951375,1448688226611,1528709257826,1176491146277,1455899950217,1376053973895,1294290123271,1221885034429,1288407325386,1174838294579,1259280981497,1529571854498,1266397933269,1034281462692,1199053562659,1186120799365,1201381360976,1139374667220,1265161961721,1304418543202,1241623429311,1095582215487,1188732797872,1162580028265,1198743940446,1140161338976,1799441782515,1998119790590,7547156181278