7323624,8096196,9243580,7830925,8966837,7913958,7663091,9166721,7904562,7485810,7788746,7956025,7863162,7409100,8310849,7723843,8647012,7441014,9859463,7892609,8565037,7619752,7985489,8379421,8032415,7553729,8875779,7671817,7903651,6344535,8423469,4114594
7340529,8112814,9255277,7849000,8987106,7928566,7699627,9173500,7920637,7496271,7827456,7972679,7894449,7423691,8323517,7733977,8658262,7461180,9879833,7902204,8587742,7639778,8003485,8408181,8045789,7571733,8888882,7690519,7921176,6347496,8439528,4120545
7354299,8125813,9270765,7874947,9019332,7957789,7720538,9209485,7921384,7522280,7849991,7984687,7894525,7429958,8343734,7771735,8679657,7498910,9913755,7902285,8616370,7646513,8034875,8425225,8053736,7582506,8906310,7696380,7946801,6351967,8460167,4127967
7382787,8128097,9290787,7894919,9040073,7963836,7736615,9224482,7970422,7529753,7855237,7986483,7894610,7439165,8365176,7789117,8685338,7530040,9944771,7902418,8628054,7665172,8054006,8446623,8079521,7595642,8936573,7752655,7973260,6357222,8491057,4136832
7402456,8130207,9315215,7917458,9053907,7966318,7737695,9276911,8032776,7557906,7861124,8024040,7895711,7458459,8383145,7796248,8702279,7550713,9978585,7902598,8650039,7669594,8061840,8471445,8084217,7596330,8975915,7761963,7996639,6365981,8526612,4140703
7428477,8164354,9338370,7946805,9071123,7989085,7770586,9279743,8040505,7580723,7897919,8051766,7896458,7490333,8395733,7800282,8735785,7558615,9997384,7902719,8678095,7686173,8087861,8481689,8101741,7603546,8995155,7769643,8011503,6373166,8539402,4162121
7456395,8171006,9350599,7997582,9087348,8020337,7808931,9288216,8084294,7597728,7901546,8069668,7901696,7503814,8409319,7803843,8762264,7571458,10019828,7902842,8678250,7697522,8106055,8489601,8138051,7619508,9028570,7784453,8017082,6377383,8549830,4210628
7470640,8190489,9358377,8007584,9090292,8025316,7825685,9288629,8107273,7622882,7930835,8078772,7926741,7517987,8429226,7825034,8791905,7593777,10078535,7925917,8692694,7710774,8145348,8506050,8159655,7620705,9031871,7799451,8029708,6400658,8565800,4241219
7471314,8206696,9364333,8038070,9091338,8027230,7851043,9316054,8122022,7630985,7952322,8091406,7944093,7535107,8451265,7840944,8811685,7614791,10125492,7959015,8704721,7728313,8172685,8506944,8225563,7630476,9032065,7806690,8040407,6419744,8619697,4251529
7471979,8254492,9391187,8060749,9101871,8036272,7852339,9354734,8156234,7657268,7961994,8110483,7976756,7543021,8469716,7841308,8835206,7647124,10152709,7972542,8736044,7734836,8188260,8515505,8263641,7641244,9032133,7822801,8094141,6422614,8633654,4256527
7482074,8275810,9408799,8110406,9118206,8051385,7880421,9379355,8188286,7683118,7971628,8134247,7991094,7545582,8483301,7862424,8858418,7670106,10193607,7973264,8750424,7737848,8211714,8524900,8285564,7662721,9032369,7828605,8131563,6424235,8655313,4266696
7498902,8296334,9413720,8155193,9135279,8099750,7880492,9391649,8206745,7693594,8015113,8148665,7998283,7551591,8483498,7870107,8881280,7691492,10216441,7985638,8769886,7738800,8229676,8552408,8303417,7690484,9057789,7836555,8139396,6427986,8686495,4306638
7505991,8325933,9432896,8172458,9142994,8113839,7880561,9415952,8230445,7732197,8034214,8180078,8023053,7564810,8485063,7876491,8903111,7708312,10218145,8000145,8810204,7740662,8255416,8575068,8340938,7692133,9076596,7867855,8153161,6431946,8716507,4322939
7524771,8365440,9438820,8174693,9171495,8131195,7880659,9416057,8259717,7742139,8073947,8182206,8023729,7586754,8530636,7903130,8921955,7713157,10223618,8003709,8838680,7798580,8278410,8603895,8366938,7713845,9085552,7875894,8177861,6435525,8730855,4326356
7567084,8368753,9478615,8175688,9226430,8138162,7880733,9416107,8284142,7744568,8097926,8213817,8024428,7595334,8550849,7923916,8935975,7723160,10232917,8004249,8880433,7807100,8296238,8648332,8410245,7730482,9118286,7884458,8195044,6440586,8777416,4327937
7607878,8372354,9490858,8176671,9251224,8150228,7880818,9416546,8324605,7746698,8148203,8259404,8035003,7604764,8589591,7928023,8936967,7732344,10263349,8032877,8915545,7808237,8314211,8690739,8420894,7747179,9166634,7894581,8203789,6443636,8821501,4330291
7633046,8383068,9514914,8186457,9279283,8180045,7881000,9419514,8338566,7749897,8184047,8263491,8065231,7614117,8641094,7932728,8939172,7740478,10268793,8061241,8942611,7817258,8369449,8711140,8450008,7757148,9215178,7900056,8218779,6446664,8864711,4341322
7648854,8388079,9529814,8201911,9285682,8197360,7881079,9428654,8383088,7757126,8224727,8267373,8066309,7630476,8687984,7966424,8971454,7744385,10329875,8080183,8945305,7847382,8381970,8731157,8472791,7780882,9251274,7904378,8229291,6457725,8879730,4361366
7659071,8388152,9533518,8210615,9291702,8211678,7881127,9458887,8422149,7793435,8240554,8287981,8067450,7642817,8705369,7976671,8991777,7777245,10347720,8099699,8946781,7854512,8426133,8774495,8512052,7794074,9316165,7908984,8261243,6467866,8892871,4368535
7662455,8389078,9543134,8211992,9315667,8230299,7881305,9476720,8458479,7831556,8264457,8300340,8073337,7645243,8716147,8042162,8995534,7791411,10364842,8100153,8999314,7892354,8483062,8775604,8520643,7807271,9353061,7949836,8261992,6470694,8922871,4371097
7672350,8410770,9564559,8248191,9375546,8253630,7906982,9488990,8486227,7856340,8264501,8327233,8082337,7657640,8755186,8044843,9057115,7808883,10403121,8119617,9004983,7897494,8487067,8776375,8542818,7818022,9358909,7960349,8262669,6474527,8955128,4377658
7705421,8419834,9567728,8260581,9414954,8277699,7937472,9524018,8506234,7911148,8264603,8340447,8118630,7674576,8768762,8061548,9107328,7810546,10443042,8134204,9015288,7900352,8489382,8777273,8551749,7825454,9381486,7974912,8263305,6481733,8989511,4393300
7752199,8427779,9580889,8282833,9463159,8293096,7972752,9545184,8516853,7943652,8264706,8361829,8122932,7688437,8782836,8093054,9157337,7831165,10454770,8143164,9047108,7916371,8525030,8793075,8578116,7840572,9392577,7982942,8264052,6486497,8993974,4396522
7775733,8448918,9582010,8284242,9483433,8308221,8040822,9573949,8541504,7950065,8264756,8383567,8145412,7696139,8812853,8096833,9184002,7856208,10477568,8152524,9081677,7921177,8559901,8819814,8604093,7848337,9392638,8011837,8273692,6492106,9009432,4417469
7811576,8450547,9583865,8287636,9545273,8309759,8065944,9575299,8582299,7965215,8264846,8385503,8190608,7707398,8847491,8117787,9196204,7893423,10478269,8154748,9095325,7954070,8593786,8828925,8656007,7851232,9392724,8025711,8317580,6494840,9040586,4420774
7835133,8453958,9627199,8302119,9591465,8312076,8085398,9577937,8636986,7984246,8264975,8391842,8235908,7720511,8878399,8126845,9232207,7894418,10479296,8155420,9132722,7956977,8598051,8849554,8709396,7861850,9409995,8033995,8344420,6496653,9071620,4423629
7871054,8465968,9662062,8306635,9606453,8328502,8111094,9587865,8668314,7990220,8265885,8399850,8288810,7734661,8916647,8127930,9271348,7906112,10538601,8164634,9160409,7959600,8611874,8855639,8718901,7868573,9440386,8042089,8379147,6502669,9093882,4426507
7902125,8484150,9687218,8312849,9630307,8341546,8111183,9594089,8712562,7995723,8286024,8404521,8315431,7745140,8926496,8129197,9293597,7918837,10589879,8175853,9216304,7964958,8642286,8857044,8762367,7877484,9441028,8057799,8423657,6511263,9145902,4428756
7947966,8485644,9708882,8320082,9667233,8344943,8111289,9599537,8746862,8005144,8332127,8415993,8376364,7753887,8959478,8134634,9326241,7940593,10631130,8176266,9264892,7984109,8669025,8857680,8779036,7883858,9457289,8060851,8442271,6514121,9156713,4431741
7972574,8498945,9713138,8339485,9683084,8350144,8111392,9609661,8762964,8009469,8376524,8425886,8395098,7755221,8993639,8137731,9365922,7958026,10641266,8176618,9282673,7994618,8708934,8857773,8809524,7889080,9542837,8065338,8477735,6565351,9200474,4434608
8041131,8505566,9750738,8360079,9691769,8367680,8136163,9616502,8787404,8010785,8381258,8473671,8398937,7773271,9002632,8138595,9380263,7984847,10669791,8178899,9315814,8001200,8751251,8858403,8837349,7897270,9566740,8074679,8538789,6568027,9216571,4436987
8044037,8507903,9794361,8395094,9727969,8384350,8196974,9631204,8824501,8020874,8386976,8487523,8398988,7776761,9013698,8151687,9419606,8003223,10693958,8189264,9327975,8009961,8770641,8867294,8845056,7897799,9594350,8107258,8590942,6575874,9243665,4439531
8066232,8508567,9802137,8404880,9753593,8385230,8259849,9631303,8854693,8041227,8431273,8528301,8429688,7778545,9047481,8155956,9449321,8016892,10744588,8194844,9358272,8028931,8787665,8885842,8849044,7905630,9594992,8116715,8593988,6583284,9276241,4459346
8083264,8509266,9813094,8426506,9769403,8391850,8315681,9633376,8879069,8052749,8446516,8532837,8442747,7779147,9079960,8157370,9458629,8025301,10744625,8196531,9405775,8044194,8859368,8892203,8869535,7911828,9607427,8132047,8643241,6605454,9326004,4513041
8135993,8509886,9837377,8444828,9798253,8410834,8337563,9662653,8890092,8063559,8452046,8542328,8473354,7779605,9108502,8161216,9473503,8050371,10744777,8211325,9433979,8060855,8912063,8896163,8874377,7928847,9661938,8143487,8686959,6608491,9340733,4517073
8165761,8533039,9881967,8450065,9833309,8427526,8338262,9665808,8931127,8063798,8505785,8562616,8495464,7780101,9117496,8164125,9483457,8089918,10744896,8227163,9493607,8062911,8935097,8912571,8907203,7932766,9694500,8146796,8731789,6611157,9352410,4523550
8191666,8568169,9885133,8465550,9838425,8444700,8341280,9668567,8952368,8067604,8550652,8578888,8539570,7781581,9150286,8167042,9527098,8113254,10749926,8233234,9548918,8070820,8959829,8920559,8936420,7938166,9729385,8150861,8768298,6615410,9366779,4543714
8228478,8577329,9904090,8482625,9870902,8455974,8397213,9672296,8986838,8068340,8569876,8585855,8562376,7815434,9162634,8167320,9548493,8124481,10774646,8245193,9563120,8083910,8960021,8948258,8944356,7945431,9773795,8157412,8811077,6636233,9418196,4546708
8296927,8577923,9914724,8487993,9881214,8463649,8404916,9696681,9011021,8079850,8616696,8599477,8605989,7821356,9192226,8167774,9574850,8135108,10801230,8253442,9581076,8094723,8960273,8971342,8981143,7949026,9784574,8183788,8829436,6651865,9475222,4550371
8308983,8580071,9948924,8496362,9912211,8471026,8417918,9703373,9015047,8094679,8655965,8612681,8650412,7825009,9251146,8168446,9618271,8143155,10802035,8257155,9606538,8106945,8992955,8973366,8986280,7971255,9785600,8205052,8876616,6679428,9513035,4562906
8365540,8602747,9999454,8513335,9952793,8476863,8438073,9703972,9033884,8110397,8694244,8632669,8661547,7827255,9263571,8175056,9630953,8149134,10802644,8264448,9626546,8113510,9064484,8986186,8986297,7971466,9833165,8211522,8889085,6685278,9550941,4603240
8382096,8625720,10015826,8528712,10008543,8486771,8485562,9704640,9053562,8111745,8747735,8636311,8669973,7829574,9280766,8188935,9669492,8161096,10803304,8282857,9659757,8123926,9108314,9003531,8986390,7991911,9844352,8223963,8924243,6706747,9572024,4606868
8442109,8625884,10038029,8563443,10041444,8491154,8515102,9726104,9057880,8114930,8762226,8644063,8692295,7863972,9285169,8191241,9732540,8165538,10804070,8283338,9680656,8146546,9139531,9005595,8986539,7993435,9847540,8241603,8975526,6713244,9647359,4606874
8461166,8627291,10081399,8564941,10103552,8493240,8573935,9733581,9098665,8144558,8763267,8660460,8730372,7884947,9302210,8192540,9748767,8179637,10821273,8283821,9690070,8184967,9158292,9006410,8986617,8025147,9852056,8252773,9017623,6717181,9685920,4608335
8474764,8639610,10094142,8584203,10132496,8524639,8591075,9752953,9123327,8169147,8778445,8664447,8774521,7895668,9351694,8206534,9779257,8183105,10852996,8284296,9704172,8186824,9203826,9010545,8986725,8045617,9891174,8271540,9036282,6729937,9699859,4608422
8494692,8640486,10129545,8595958,10158902,8529787,8641333,9754629,9155449,8192250,8806187,8677498,8799571,7906353,9384764,8231337,9799972,8198471,10880910,8284745,9731727,8210065,9240302,9012389,8986788,8054866,9901934,8276717,9105975,6734396,9712118,4608529
8539410,8643665,10168883,8618102,10183169,8566417,8683421,9764869,9206585,8197299,8833735,8687852,8824859,7910362,9396031,8232782,9821769,8202058,10904599,8288788,9776345,8224948,9262442,9014747,8986894,8064429,9905987,8282565,9162133,6737890,9724734,4619026
8573428,8668453,10205841,8625387,10183751,8571057,8748406,9772605,9232437,8202154,8864530,8699462,8879680,7912374,9426226,8263963,9848705,8207178,10940979,8294283,9780060,8230449,9293911,9023401,8986963,8092152,9957854,8289879,9171632,6756330,9744553,4620761
8599469,8674866,10238192,8669538,10185857,8581286,8778630,9772928,9274226,8230700,8912166,8704144,8947057,7925899,9449308,8265678,9869895,8219333,10970704,8295257,9787010,8235045,9313003,9052253,8987035,8102702,10002991,8294100,9181686,6760599,9768752,4620867
8616377,8700063,10275369,8680255,10206644,8597344,8820907,9773389,9281037,8232982,8941459,8713716,8988051,7938397,9480565,8271661,9897892,8222207,11008527,8296107,9797697,8246555,9354249,9080095,8989018,8146311,10007839,8305767,9199095,6765092,9835160,4620952
8663953,8737819,10305585,8689131,10242034,8606967,8863077,9789987,9290963,8244148,8966698,8718183,9017468,7945097,9521720,8280263,9948232,8231349,11055277,8297644,9820545,8248524,9388419,9094744,9004251,8163659,10007885,8307668,9214211,6769559,9845460,4633070
8709054,8743090,10339248,8701233,10265265,8620792,8886907,9790039,9330397,8246104,9008597,8728470,9035427,7945457,9547229,8313843,9972424,8246248,11065743,8306682,9867404,8251479,9429056,9097824,9039257,8166090,10007952,8323048,9240631,6773492,9891267,4642188
8719795,8747045,10345870,8703848,10286245,8631027,8937841,9797529,9400016,8257910,9010351,8740335,9052571,7950383,9583961,8334688,10015882,8250553,11118418,8312107,9889575,8256493,9458733,9110639,9098857,8185023,10008023,8329010,9276220,6788373,9904575,4651988
8756292,8747712,10380533,8714189,10305095,8665837,8967033,9808751,9418888,8260701,9011008,8750096,9101573,7955205,9612748,8340708,10041418,8256203,11169349,8312401,9918531,8268122,9508963,9116211,9111394,8223342,10008096,8339505,9320834,6798883,9929614,4657512
8787964,8778653,10413428,8724570,10323314,8670773,9020722,9833422,9451140,8276982,9011695,8759501,9113809,7960671,9662431,8340859,10080070,8262696,11170484,8322481,9957922,8282330,9542486,9123696,9140585,8225373,10008244,8345559,9345454,6808714,9952491,4681687
8863395,8786699,10447348,8740702,10343197,8671755,9060447,9833727,9491906,8285748,9012248,8769523,9155451,7982195,9716519,8340917,10110042,8269920,11176891,8362230,10007197,8286712,9553439,9125642,9162024,8232342,10008284,8387160,9360138,6831271,9958500,4684721
8906184,8792123,10477067,8752286,10361229,8699500,9087578,9835128,9542589,8290049,9014697,8781346,9155719,7997751,9735790,8361001,10131081,8287535,11229509,8365932,10028589,8291421,9595647,9141949,9214469,8240055,10011726,8391027,9403288,6840014,9967140,4687406
8927178,8800851,10535661,8766736,10366436,8713765,9122541,9840518,9563205,8305820,9029488,8785320,9155840,8020293,9745425,8415144,10146769,8311990,11289520,8385642,10091679,8296433,9620295,9146809,9216122,8255932,10012568,8398435,9414797,6844169,9993483,4692495
8942971,8833055,10541928,8769761,10367105,8714541,9141421,9841784,9580564,8320301,9039408,8795285,9178023,8028249,9810388,8447202,10174972,8327184,11350797,8402891,10103884,8313727,9666043,9147686,9263621,8260496,10012641,8410577,9469000,6846281,10024405,4696842
9001582,8844526,10549437,8781671,10367720,8740034,9178543,9841837,9601357,8346101,9053511,8820642,9200295,8061901,9857385,8450634,10218299,8334780,11359379,8410455,10128463,8318201,9679622,9148510,9311251,8271104,10012699,8416302,9514860,6850427,10074050,4700664