12037443681,11539018960,13080063603,11197325645,12704236875,11495973979,10380956089,12117350195,10468616299,9807015390,10064955493,10270793434,12002921340,9807405186,11102322237,10070305778,11680551378,9857542337,13666082118,9659924997,10892220627,9494620050,10043751449,10109382614,10434849831,9281156120,10962871452,9153482550,10181796541,15007829932,10772306354,80449501406
12055765007,11557721098,13093580188,11215867268,12724189457,11510819399,10417106345,12125612618,10488170120,9816119322,10097682238,10290391599,12033366522,9820959611,11115346304,10080093946,11692440106,9877195500,13685512755,9669168240,10916764301,9514871970,10060777637,10139159083,10449595206,9300124125,10976533632,9176997243,10198522414,16448501906,10789014511,81591141373
12072045090,11570333199,13111150220,11238623290,12756719196,11537162258,10435950930,12159107668,10488308744,9840408968,10118473112,10300667211,12033385209,9824455957,11133893596,10118491622,11711946788,9917310609,13718907266,9669277927,10944241488,9520534759,10090264527,10153003675,10456800871,9312026948,10993379249,9183237322,10222891959,16546366528,10815512743,81682865645
12100670157,11573046461,13129739103,11255459755,12777254352,11543763779,10449850633,12174326116,10528922039,9847524480,10124153517,10300914297,12033393198,9832802656,11157013103,10139809599,11719111507,9951596000,13744251230,9669327152,10954933532,9541446223,10108146126,10175551712,10483222740,9326511048,11021491013,9228279117,10247361495,16709774041,10847780243,81777675211
12129492894,11573515187,13152782925,11273502753,12792698232,11545581311,10449929200,12220210267,10581712961,9878477100,10129653855,10332877738,12033938650,9852676314,11174499954,10149967287,11738123112,9973141777,13772316616,9669362042,10974908211,9545603917,10114201256,10202036704,10486585892,9327010392,11059360409,9238950412,10273291587,16851195012,10880579528,81828892286
12154091000,11602061542,13175608960,11304432366,12810450626,11565685646,10480642450,12221679506,10589867438,9905266239,10159322413,10356242777,12033989380,9884538744,11185540894,10152476921,11769451131,9985014682,13791562912,9669597865,11002179401,9559961245,10137887376,10212914498,10502646980,9333495847,11078650276,9245003296,10287824188,16892976301,10894416888,81914884520
12179814896,11608493257,13189145075,11347715552,12824990316,11592617135,10521981873,12230312418,10624120770,9938639036,10164423195,10375378728,12041778074,9904910482,11199077452,10154775540,11795449659,10003642897,13812895976,9670203913,11002210800,9571880567,10157442985,10222127616,10538303093,9349436774,11110674369,9258348738,10295710952,16921381298,10905257313,81978994850
12196442280,11625738320,13196379229,11355669626,12827288257,11597558134,10539532730,12230319738,10647777201,9959473430,10189584667,10383734663,12065402247,9915794093,11217454163,10181533065,11824860572,10032368507,13860025942,9691600780,11018546190,9584918960,10197859069,10236925095,10559130003,9351546174,11113918322,9271278787,10307098361,16980870929,10920581553,82069509138
12196540009,11640382809,13202824341,11380957435,12827323393,11599922082,10563296978,12255857966,10665149985,9965870962,10209924060,10395859006,12082011101,9936485488,11238309186,10193405389,11844512201,10049146172,13899482339,9729049031,11031396076,9606256355,10226415932,10237719087,10614105808,9364284128,11114034426,9278918823,10313577362,17005386444,10971002264,82110600493
12196736216,11683597512,13232534979,11406094854,12835511739,11612823049,10563736847,12289030398,10692354254,9990851112,10221538387,10415932647,12111278695,9943395795,11257832706,10193406930,11866842316,10074614926,13926600482,9739179298,11063061098,9614920161,10242363177,10246222894,10644366232,9377287939,11114049282,9295965860,10359009339,17192706401,10983839645,82224186571
12205854744,11708884824,13249383730,11445846933,12851811666,11626261948,10586744432,12312925740,10720227298,10019800466,10229615462,10440451156,12128226308,9944494771,11281876239,10212555516,11887570289,10092942637,13964431821,9739408640,11076260508,9618708985,10266923776,10256206927,10664171115,9398728925,11114087462,9301525577,10394563207,17194934126,11006950430,82340857419
12221638918,11726411428,13253858154,11487517025,12868968525,11668892196,10586744432,12325967134,10741116248,10032095270,10268586633,10460562766,12133299479,9948471427,11282252682,10220860313,11909867760,10116953273,13984348225,9753466345,11096127684,9618733199,10284132666,10279837698,10682534501,9426013860,11137758385,9309022463,10401689836,17231519603,11037165718,82386113527
12230685995,11751740310,13269580835,11502548896,12876699249,11681482052,10586771909,12349546104,10761918568,10069404810,10287004875,10491036983,12154939431,9959779906,11283556967,10226168416,11929883041,10137500024,13985173011,9767604522,11136693207,9618812120,10310460655,10307514286,10716305420,9427514608,11156111483,9341041113,10414896368,17241514102,11063929811,82409692099
12252372391,11787880467,13276017035,11505272922,12901194617,11704790756,10586779520,12349555757,10788676201,10082933911,10325498707,10492356216,12155178193,9978588870,11322223571,10250338368,11948033056,10144414688,13992070333,9770726640,11166894481,9663229907,10329891606,10335314579,10738663081,9445403669,11167052337,9350252705,10442967841,17284764033,11079431036,82413812341
12292272350,11790178378,13310154679,11505679976,12948209824,11714477447,10586795757,12350083048,10814333546,10085216727,10346677386,10524069732,12155212901,9989989966,11344061215,10268416375,11960370385,10155822255,13999896586,9770979867,11201705526,9669220215,10347109505,10372335257,10776285232,9468359148,11194782940,9360979029,10459671136,17400221539,11122091680,82426154113
12327286221,11795421853,13322255560,11506096923,12968943294,11727098688,10586795757,12350141228,10856001244,10086574516,10386179022,10565231786,12164525813,10000403052,11374971147,10272781913,11960721511,10169236509,14026929689,9800220892,11232510354,9669912944,10363743540,10406114819,10788835320,9491609517,11237734738,9372829440,10466955138,17494547121,11158728863,82490728791
12349754823,11814030853,13359836437,11516552808,12993562292,11755552854,10586870700,12353725883,10869977894,10090908654,10425884408,10568903833,12191775921,10010448464,11419281506,10278417937,11962756785,10179424993,14030468531,9824427805,11256717855,9683813285,10409854998,10426442308,10814895292,9506160494,11280672580,9383061183,10479845742,17561772029,11199122821,82569392439
12366400724,11820949395,13381992313,11529073455,13000550449,11770243233,10586889695,12361966013,10911911864,10102011374,10461604231,10574824848,12191808759,10027832443,11461801328,10312288765,11994438952,10183325138,14080840898,9851867666,11258569774,9712541057,10420032778,10442841881,10834969156,9527164661,11315249205,9389037881,10491942767,17702566989,11212475865,82604117696
12377505786,11820985172,13399116895,11536869810,13007717896,11782529710,10586905141,12385230316,10943236048,10134819427,10473391748,10595530001,12192020415,10042682632,11480052820,10322882054,12013644835,10216722882,14098610430,9871467079,11259212335,9720108362,10459640282,10482143683,10874621859,9542207491,11369170556,9392872443,10522755514,17757688799,11222134590,82649860827
12380323412,11821731508,13409310486,11537387085,13028999610,11798727554,10587017584,12399350315,10979271731,10166651493,10501437154,10610631226,12197903069,10043962942,11491928441,10379449772,12018888007,10234894593,14115883360,9871535423,11304233307,9752672448,10507488327,10482727242,10883206885,9561981859,11402039133,9429999758,10522832183,17777882448,11248708391,82653687092
12392548025,11847712405,13432024393,11567467488,13079642121,11816152732,10609443107,12409421232,11003921481,10186712567,10501446067,10639467536,12207622793,10059310888,11526351618,10380517955,12069399936,10251368083,14151272309,9890299641,11309085887,9759832839,10510156230,10482761753,10908728094,9573621986,11409307147,9439592714,10522832183,17916971243,11276840281,82668495085
12427800685,11856448541,13436674402,11580600054,13117130705,11836893245,10637524026,12436748246,11023072172,10232138682,10501466357,10657844695,12239247707,10078341695,11539295497,10400353243,12111883026,10252607338,14185731815,9907665732,11314437102,9761590561,10512548558,10483003599,10918173380,9582447186,11430781890,9452399198,10522847152,17928742380,11307795245,82691410021
12469655601,11866045038,13447518575,11606584897,13161669994,11854325331,10671240179,12457840994,11035628223,10259369906,10501487688,10675885886,12242452337,10094446718,11550899720,10428027195,12152955827,10269447942,14195607800,9917552295,11343057467,9780449938,10550077210,10495699717,10944625546,9599667840,11440950649,9459229071,10522859458,17986577919,11310990254,82717926920
12489274272,11884108072,13447882483,11608332439,13178252523,11871928551,10722073809,12482398078,11059329231,10266146096,10501495791,10696720610,12263882961,10106031824,11579241935,10432438236,12176696568,10294838865,14216248755,9929007153,11375818258,9785115212,10582964041,10524628847,10971571946,9609802865,11441111696,9480410151,10531630727,18055736528,11324236096,82739694034
12521455825,11884273845,13448608119,11612476778,13229102119,11873374695,10744451537,12482421429,11099008339,10283788429,10501495791,10697884894,12301163153,10118364518,11611058853,10462562628,12189333296,10330258616,14216329694,9931285880,11390088276,9816763924,10611962137,10534245748,11014058980,9612694334,11441134383,9497269617,10569938453,18128368306,11349291154,82798354815
12544437370,11886100545,13486067147,11628755094,13273102383,11876831304,10761961833,12485087465,11144591852,10299660203,10501495791,10706815487,12340818474,10132944492,11641212213,10474955261,12222086977,10331711411,14216368031,9931485539,11423446001,9818462321,10615931430,10557492550,11065792531,9626354686,11457100134,9511227121,10597166966,18143066165,11379630805,82844813145
12574390291,11901836880,13517519317,11634786444,13288839481,11897226960,10782070123,12498370949,11172415540,10307128047,10503124195,10716577887,12390071788,10150162529,11675369590,10476402582,12258566519,10348007071,14269415429,9943015318,11453201108,9820789123,10629393312,10563113048,11073880476,9631610046,11486234488,9526346928,10631164056,18208020963,11404928301,82856782766
12603993890,11918279935,13543199853,11641968563,13308898343,11912855889,10782098355,12507783244,11208041606,10314005488,10523766698,10724214717,12413943585,10164082984,11696195511,10477199266,12280238110,10361439638,14316628615,9955328613,11496662491,9825176274,10658739406,10563408808,11111246404,9639701110,11486282149,9545536898,10670261240,18311408172,11451534201,82869982848
12645103347,11918439472,13567054709,11651270588,13341337495,11915079267,10782107862,12512646155,11238952377,10326919688,10562090467,10740090137,12464259488,10175737184,11728033409,10482744738,12307030173,10379735778,14351424020,9955337351,11539579960,9851208727,10684057153,10563870869,11127811446,9645349413,11498413767,9549658582,10687823264,18379218158,11462401032,82878499441
12670046927,11928225582,13572038274,11670469135,13361924462,11921110855,10782125816,12523490698,11254046715,10331999417,10594877063,10753414365,12481843979,10177149790,11756650250,10485809372,12339540363,10406568288,14364034014,9955368942,11553994957,9864958135,10717817581,10563880689,11155569759,9648958944,11566053374,9555086146,10718261249,18450517487,11502697939,82891148915
12723646869,11932979743,13607197892,11694236597,13370530435,11941781994,10805847661,12530917230,11275661424,10332459184,10599369883,10790055114,12484871186,10203185689,11763118857,10485846249,12355313068,10430828491,14391521513,9958758499,11587011057,9871700999,10753204208,10564086229,11187355790,9657707052,11589072849,9564844231,10767742800,18472765363,11519658655,82908490403
12727910672,11933965730,13645841093,11725250929,13401640020,11960502525,10852874748,12545118482,11309454580,10340669404,10603561952,10805875972,12484877659,10206238010,11771656529,10505751122,12393754740,10448699604,14417334690,9970111932,11597900031,9882179064,10772255657,10575337652,11196708928,9657975655,11612221638,9595061704,10810059669,18493690361,11544361490,82910509759
12748446634,11934007802,13651443738,11736604148,13426653703,11961721841,10901130871,12545127222,11338116701,10355884379,10639308185,10840822779,12511099463,10208166261,11799177021,10509800270,12421739769,10465054936,14464065268,9976600855,11627526566,9907557920,10788551492,10599355089,11200490432,9669024300,11612259490,9606513130,10810153347,18540767241,11571667443,82934008292
12764025091,11934037190,13662714621,11757885203,13440956730,11969049076,10953061965,12547230307,11366104527,10370836060,10652377828,10848257232,12526363772,10208275328,11830043676,10509846101,12430190846,10474454566,14464070785,9976645819,11660462882,9926443384,10845686327,10605593752,11219619901,9676648680,11620989681,9629695126,10844890973,18567744656,11614508350,82998099538
12804801647,11934086910,13687544448,11773389488,13468763255,11992767777,10971588386,12573649665,11379386225,10379904990,10656949634,10859943111,12554127728,10208301804,11858126259,10513773456,12447083416,10492763153,14464079267,9992027927,11686896267,9938471821,10887354498,10607601775,11223135197,9700714781,11667295271,9643787938,10884029025,18575895748,11628857058,83178578844
12830810670,11958697774,13727228125,11780134300,13496722255,12009070962,10971623950,12577266874,11412098686,10381148266,10701297392,10879643950,12575112899,10208301804,11868396790,10516652190,12455078423,10524501247,14464089259,10009051634,11738720950,9939978179,10908905944,10629730201,11257561448,9705564453,11695041698,9646805846,10920151649,18585864669,11641635854,83248624996
12852319079,11992972008,13733272297,11799530403,13502141034,12030984724,10974801467,12580139174,11428703868,10388597317,10740513968,10900760857,12614727086,10209915379,11895202159,10520394900,12495196083,10551825402,14468362871,10015384515,11783511916,9950168616,10933116445,10641696662,11282988545,9712906819,11737688958,9654099337,10955039238,18699790482,11657127584,83292413404
12883613805,12001762384,13749911455,11817160081,13528662199,12043435438,11015262266,12584083286,11450982678,10389407204,10757901954,10908342768,12640211072,10238885903,11907930445,10520394900,12517472184,10564492865,14492382882,10030822636,11797568023,9964091164,10933475287,10665151193,11287750380,9723530988,11775751023,9660690234,10999565096,18726668956,11702886037,83311446101
12935198892,12001782861,13763546191,11821967608,13539509718,12049447996,11022179340,12606655677,11472319125,10399923635,10794602719,10920174425,12683493798,10247236537,11938381024,10520477436,12541096097,10575725586,14518948527,10039451940,11813284597,9975377297,10933792952,10693507759,11315954262,9729136735,11783511455,9688470260,11015284223,18743518394,11750438569,83365992639
12949552321,12003371466,13795336099,11831592674,13567563175,12058028247,11035737913,12613475955,11477726711,10419211937,10827631912,10936244583,12718300935,10250393005,11987041706,10520993597,12580799107,10585539390,14518965029,10042090010,11842867611,9989196309,10962836504,10693681459,11320456444,9756929677,11783875095,9710003654,11053606675,18770586624,11779836190,83390287845
12994575104,12028685246,13839405438,11847917099,13602704496,12066107771,11056733787,12613499795,11498004210,10434852146,10861440732,10964215143,12729444988,10251170425,12000336683,10525545937,12592410053,10591422250,14518965029,10048423654,11862631752,9998928703,11018185653,10705671750,11320464099,9757252250,11821262905,9718117639,11062998913,18776939296,11812445785,83430936386
13007230993,12048192117,13855009304,11861211232,13648813900,12077624732,11097503952,12613685907,11513522522,10436234057,10907958684,10969102854,12738332849,10251188857,12017344023,10544619579,12626665007,10605955425,14518965029,10063651097,11892393001,10010485947,11056206179,10726069832,11320496309,9781497006,11831232000,9733028189,11094444651,18911786556,11832409371,83490405991
13059272401,12048235619,13877399781,11890117050,13680609608,12085075772,11124433858,12639407181,11517842272,10438916740,10925068375,10977279457,12758091561,10281538311,12019277697,10546150341,12676709305,10611223150,14518984312,10063664777,11914506973,10035723642,11085943452,10727288424,11320518576,9782979785,11835929122,9758146345,11138808333,19101640640,11896474970,83490440685
13075375565,12050066378,13913982249,11891651616,13733090965,12085228774,11173904090,12646826279,11555328588,10467212548,10925124699,11001568757,12794986989,10303605932,12036534882,10546209895,12691195312,10628830726,14535235929,10063702441,11920966376,10070390671,11102687185,10727299509,11320580687,9812585207,11840432131,9772704921,11171802921,19243004747,11928735945,83494059784
13088566626,12066375260,13926081892,11905973356,13765824061,12112252426,11189478469,12668881729,11575653312,10492538033,10935936533,11010201912,12831714695,10317084904,12079424400,10562886397,12718473631,10632491034,14563002063,10063745438,11933798619,10070422890,11142627679,10731893331,11320580687,9836622609,11872326318,9792695394,11185333490,19472134570,11942780432,83494135103
13109474254,12066472217,13968253575,11915380088,13789776102,12116008901,11233174869,12669530647,11607094420,10512830562,10961314743,11023240884,12858412834,10331728326,12107811661,10587573758,12734817084,10651136180,14586395157,10063784990,11961861806,10088140827,11177283227,10732129028,11320607185,9848373642,11881789249,9800254277,11241480129,19736795844,11954598496,83494351822
13157487871,12071785558,14005851168,11937922156,13810338267,12146754372,11272368033,12677365736,11653798495,10520351599,10988109493,11035714670,12884531592,10335870100,12120076436,10589766816,12759420655,10655398193,14613137578,10069646420,12003528817,10099516273,11201806719,10735292690,11320615906,9858656203,11887045859,9807128738,11286039009,19826550071,11966069761,83550035248
13189013237,12093852922,14035364376,11947654383,13810360890,12151964220,11324838132,12683783169,11676170982,10524587075,11012408695,11050871995,12925521713,10337219626,12147673629,10612051193,12784917537,10661235616,14649344991,10077308831,12007355731,10105339115,11231270903,10745325909,11320642919,9882939960,11931024922,9815989701,11299311420,19890392314,11984802692,83610033608
13219403784,12098711090,14068169175,11981439773,13812307734,12161328632,11351869424,12683792130,11712995669,10553145172,11052531097,11055721617,12980311258,10348425708,12171075794,10612107459,12805766034,10677893660,14679024679,10077323326,12013524633,10110948667,11255487964,10777632160,11320688126,9898026867,11969610399,9820212476,11308849643,20143827408,12003934683,83611166942
13236933383,12119017823,14097975606,11993203751,13827743065,12180117332,11390374862,12683792130,11719239286,10556056968,11081257723,11064598704,13015748444,10356729758,12199875396,10618213526,12829704490,10681132248,14717234665,10077330228,12023060849,10128904721,11292486805,10812696573,11322071014,9931040176,11973880821,9835707947,11322035307,20442869921,12055289602,83611329487
13274091467,12148541041,14139447123,12002555931,13859070690,12190726918,11424946605,12698441851,11727467797,10572755636,11103150179,11070847092,13042742405,10361807863,12232864210,10627459710,12874434729,10692774422,14762508100,10078826559,12044912496,10128936603,11327204984,10829202164,11338264415,9948034918,11973921778,9837078864,11336984959,20533623590,12063340936,83622248231
13311695138,12156307885,14167372143,12020873309,13878211890,12201718076,11452658269,12698469387,11764477902,10574705459,11141398638,11081156214,13056926684,10362002024,12258365756,10657620417,12899410932,10708134187,14776052394,10088614559,12082496188,10131671374,11363890644,10832685986,11371811701,9949694431,11973962115,9848981674,11362614186,20625385906,12100884125,83655614285
13321484082,12159892448,14174576057,12024146656,13895649457,12213374188,11495906105,12707038985,11815908767,10585854901,11142943161,11098197442,13069732617,10365600762,12294179246,10677267202,12937444590,10712409452,14823027107,10093985081,12106814897,10136698462,11393930356,10844112603,11420958695,9969379757,11973994850,9855289658,11389073240,20653569227,12111834165,83753093119
13349335434,12159962612,14208833347,12037760668,13916571081,12239448079,11523997545,12720493739,11831682086,10588892614,11142966798,11112951889,13110356862,10373276482,12318568371,10684787647,12963339518,10717794509,14862359392,10094004064,12130770221,10151040135,11435826943,10848788906,11432837794,10000383906,11974055927,9869194468,11423966562,20697251632,12135464883,83765524889
13378284807,12186048527,14238853007,12052697779,13934510818,12243918243,11570681128,12747138261,11861603505,10608034485,11142980601,11121592385,13123929804,10381424747,12362389416,10684955472,12997377593,10723643782,14862397944,10101420214,12166506751,10164345286,11465441686,10853633751,11460734412,10002039385,11974071735,9877503105,11447474220,20753597811,12156702263,83800512503
13436907195,12191822984,14264554806,12073999364,13952020371,12244295936,11605083830,12747138261,11896091887,10620380016,11143010590,11132637101,13164617640,10410758119,12404252206,10685158720,13021834992,10731570027,14868652644,10142825245,12211943508,10169061906,11476669379,10853674474,11478052380,10006825748,11974084992,9909705495,11460758637,20822944721,12163496736,83809831787
13473837115,12197589152,14292510143,12084656019,13970015816,12266594860,11627732621,12749304334,11943349455,10624182319,11146527495,11158391029,13166604075,10427302524,12422726567,10705832927,13044929899,10753342448,14910814391,10147839962,12236324921,10173755188,11514461327,10874866288,11526000441,10014246455,11979350923,9915416658,11500183716,20882491019,12175893073,83820364865
13497400848,12206195046,14343021035,12104158926,13974464706,12286870571,11659312287,12754467389,11960980201,10640243844,11163037339,11163237870,13166673623,10452528061,12430665155,10752997049,13058607626,10776518040,14956339850,10165478229,12284408675,10178082883,11540814001,10881811449,11527070054,10029423710,11979444395,9924968588,11511961956,20904518727,12203982743,83868027180
13510619036,12232371861,14350230530,12107539808,13974619082,12287689089,11679442206,12755773469,11981521008,10659280089,11172089113,11175236468,13186574844,10459098433,12483672936,10779022568,13080558542,10792166789,15010402270,10185082796,12296577698,10205802364,11580655074,10881825591,11568141396,10035757052,11979468496,9933939789,11559872147,20917389770,12231229622,84000349087
13561147911,12244502200,14357658876,12121489190,13974628560,12314259641,11713888143,12755797035,11998582294,10680178049,11187005401,11195099535,13208510442,10491414903,12520730140,10781863034,13116448852,10800552840,15018823046,10194372525,12318388823,10210483003,11594096434,10881915040,11609730559,10049790400,11979488655,9940229728,11602155258,20920741353,12274993567,84039846264