1037487154427,3100723244687,1025211291353,1447729959130,1009811580672,1399639981767,989181720736,1389231533628,1010390020037,1184017583102,997514315730,1169319080884,1059555317043,1149168581101,974481982441,1152752827943,921827945139,1138072869007,973213622102,1148702527510,961750304907,1149345031739,946317846598,1134054631156,1051242867458,1140196482990,1060317252224,1138608745723,1080946283410,1729757520202,1876205190141,7303529940670
1037720661601,3100875515088,1025274810600,1448028888082,1009852453682,1399859452765,989276572250,1389462083050,1010445485747,1184189016630,997589827176,1169326836150,1059728512112,1149233199348,974515699521,1152821147897,921897296146,1138115581844,973313087187,1148771195752,961781465520,1149359301298,946444777281,1134469198363,1051446579213,1140268771405,1060663824286,1138679595974,1081310340360,1731203243266,1876763491887,7304996725875
1037780416114,3101004900701,1025400090841,1448145450890,1009882166035,1400052130477,989418721352,1389603678703,1010478846855,1184364766129,997620640256,1169447350508,1059881884649,1149470527965,974538564777,1153003145088,922019133480,1138414510690,973334686852,1148955241608,961800131683,1149370161542,946475435198,1134595065411,1051508680763,1140393452030,1060688011802,1138837385083,1081486451027,1731351419342,1876895474335,7305253924744
1037951364187,3101295357718,1025467606395,1448256150597,1009918882369,1400178439057,989458355877,1389674865299,1010509983431,1184524047956,997725198011,1169711660742,1059944322915,1149638739897,974580639960,1153183718566,922263292913,1138591984561,973523980594,1149637314069,961816488729,1149402551989,946500821837,1134689980059,1051629845439,1140571389865,1061072594627,1139075336443,1081489596806,1731860506645,1877023865613,7305410279808
1038012687276,3101460251867,1025520829718,1448284824249,1009961017920,1400239470075,989481989010,1389789363877,1010598498235,1184589081155,997838368603,1169938250549,1060006811459,1149807538830,974623279420,1153276874763,922349489128,1138660507066,973544947875,1149669743507,961832162305,1149515375921,946578282304,1134874438391,1051631413835,1140742231634,1061075442518,1139250799355,1081539541497,1731922351037,1877259488222,7305508615663
1038022801823,3101571395267,1025624057623,1448459513280,1010008930218,1400448163662,989535628657,1390067659229,1010631520478,1184660254214,997921565671,1170034270684,1060183511753,1150019238404,974663154489,1153334371813,922417474638,1138775098245,973635104281,1149845990493,961910723172,1149662525134,946666052382,1134934281389,1051785668162,1140799459795,1061191716443,1139256713737,1081818116898,1732176954860,1877561252235,7305608882751
1038200740858,3101692177848,1025793729150,1448674626084,1010100215136,1400620616079,989567347384,1390246277757,1010655039146,1184801237194,997964078314,1170154907211,1060350392207,1150367322771,974748238904,1153569057850,922495028274,1139007928996,973657719246,1150277078259,961985900330,1150019120144,946750149101,1135107975327,1051850217924,1140975863876,1061432965976,1139321815046,1081885823715,1732285583887,1877687170271,7305680159820
1038532099465,3101754685065,1025935836880,1448813128163,1010151528487,1400787959464,989608797832,1390472376343,1010688628451,1185036345091,998122619329,1170500379622,1060572461725,1150574066551,974774741552,1153628385301,922559765344,1139125758813,973738359604,1150446281985,962060615281,1150132103242,946782227699,1135148455171,1051898629219,1141071727789,1061547153105,1139388285584,1081925277703,1732518621171,1877865436294,7306082388994
1038644969388,3101865442478,1026046294926,1448919833776,1010190067485,1400979888449,989640757802,1390710910505,1010724221843,1185275905137,998163588309,1170558815960,1060632429852,1150695858174,974801192839,1153767792560,922584473631,1139433523526,973815766319,1150609412355,962138614076,1150377882324,946860241688,1135484651414,1051902721499,1141077167328,1061766700954,1139504295134,1082064445457,1732709896601,1877996095844,7306276715039
1038686366084,3101982190258,1026093592475,1449205695439,1010228084824,1401371251996,989734277994,1390771188813,1010756329520,1185694880278,998227394607,1170782560725,1060770332242,1150857085239,974830049270,1154034348418,922756791126,1139712947451,973839389099,1150822616976,962210368181,1150531665519,946883731823,1135833841400,1052031557946,1141110689466,1061887163256,1139583975169,1082184539537,1732971157075,1878229316879,7306564253872
1038848735598,3102227230965,1026171280430,1449374537501,1010272876959,1401492816066,989774864895,1391067080002,1010788056972,1185750421938,998372257777,1170836184328,1060872061310,1151015331078,974901028671,1154260394612,922874914792,1139718834285,973874296010,1151072026177,962349404000,1150868314902,946917475786,1135840780100,1052095099572,1141329059176,1061976927001,1139704356755,1082295637039,1733280000681,1878286395793,7306777750761
1038945395189,3102492491637,1026247657931,1449611998528,1010330546950,1401655021765,989865113588,1391274625564,1010824739998,1185938153164,998465536119,1171101588219,1061070265148,1151145968422,974927069736,1154610585181,923002892875,1139995472358,974037186903,1151123008431,962365545017,1151229713270,947004575275,1136130442053,1052228339974,1141620857403,1062033305099,1139822260109,1082743853711,1733458246447,1878465499266,7307044732165
1039002676193,3102684121206,1026309547344,1449782613484,1010371223967,1401680517887,989934223843,1391317372657,1010856045223,1185945500168,998606617562,1171352049585,1061238314464,1151277179161,974950839789,1154651305769,923119766378,1140101851927,974113992871,1151185963987,962411161416,1151301246512,947051874535,1136245782120,1052332103789,1141738092475,1062134409530,1140171167316,1082961989425,1733541160264,1878539688831,7307125275589
1039173760593,3102808944793,1026339736313,1450068475034,1010412145992,1401829760439,989966197409,1391472412961,1010886762054,1186075718032,998694558541,1171423450879,1061242114245,1151405524067,974991994172,1154823536866,923263652063,1140390001315,974244639437,1151258837925,962426884918,1151527169341,947082470658,1136577054508,1052446046009,1141795145916,1062196987222,1140227194835,1083294382630,1733776648015,1878670449126,7307395874137
1039274915367,3103029414697,1026431316515,1450272396341,1010456977509,1402010833332,990103186933,1391621712489,1010917714972,1186180057839,998722552348,1171651603471,1061302815773,1151592991801,975023929737,1154867409333,923330760403,1140837729337,974262389834,1151264543978,962441765492,1151950343095,947114169337,1136867183928,1052452579967,1142078424573,1062247873423,1140509415279,1083315738220,1733983090093,1878803176827,7307498972739
1039468250796,3103558068795,1026511864818,1450915494289,1010500362577,1402250433995,990138310113,1391791947071,1010950926147,1186198485999,998816625933,1171776905902,1061354340847,1151769522694,975057606224,1154928200910,923449472636,1141082421094,974398699730,1151446940745,962639049204,1152070734826,947217268508,1137104340140,1052570572292,1142368167132,1062475199022,1140748478306,1083435274107,1734080851553,1878931674608,7307607505924
1039755365953,3103810601498,1026550409955,1451067584922,1010540914136,1402489596962,990165345383,1392195145030,1010983653328,1186372793396,998848147642,1172011383866,1061514404816,1151896683250,975082932923,1155067821974,923585785013,1141262010964,974422268722,1151583913781,962706075287,1152200932489,947239078855,1137336523049,1052810601598,1142378067624,1062588589912,1140837828402,1083820516027,1734335309647,1879180091570,7307933417153
1040055475569,3104146681435,1026596263917,1451358615169,1010575296514,1402603769010,990253847556,1392478567837,1011062067992,1186487127587,998945210649,1172188981318,1061576812700,1152241252434,975109740669,1155331655505,923827105243,1141382878770,974507295846,1151650976393,962721976280,1152539042869,947343086757,1137856665987,1053025620487,1142441417739,1062656238414,1141065516221,1083878276181,1734875057518,1879312387244,7308127066615
1040116909909,3104209539306,1026663837838,1451458784430,1010610229906,1402724547803,990337411982,1392651027515,1011095160240,1186763018590,998976214068,1172310240376,1061694094172,1152581903153,975135826645,1155353652884,923949947772,1141596688775,974568505523,1152031610137,962866938721,1152843901673,947369326899,1137919151866,1053143413279,1142609288387,1062887803497,1141303500823,1084114858605,1734971890693,1879560627544,7308215804934
1040288026084,3104404817381,1026711308596,1451541990772,1010646993643,1402977310596,990408478073,1392836038450,1011119622527,1186909376967,999079020873,1172659509889,1061703042619,1152896759421,975161759064,1155538368415,924070057684,1141961968678,974588282481,1152264485696,963053752982,1153063870797,947452985834,1138098431392,1053259690190,1142895403599,1062941011115,1141416740205,1084170997419,1735073231698,1879646109015,7308527942228
1040400168888,3104617579723,1026782852512,1451652471412,1010703749517,1403318974404,990499183013,1392951325072,1011150697054,1187270354818,999174293765,1172979104850,1061816683651,1153060520429,975204486270,1155706201583,924145349561,1142138871470,974660536788,1152323798243,963126106222,1153284301302,947474766806,1138216399096,1053315882186,1143154405135,1063075934175,1141571127868,1084271947276,1735164178896,1879801993289,7308567784303
1040463970889,3105054121098,1026923918473,1451915248011,1010733891134,1403548508548,990533319311,1393073336420,1011180188065,1187393490809,999258206371,1173039093068,1062160023896,1153409274578,975276650667,1155978001631,924274592460,1142252922292,974680582864,1152457418466,963141207871,1153568562596,947513258356,1138479891160,1053478225079,1143360843865,1063077191339,1141745356791,1084507384225,1735362739843,1880030298335,7308713481325
1040634107994,3105180957405,1027018252839,1452096284976,1010772051794,1403756702209,990696522746,1393253958568,1011210231881,1187618290918,999356491017,1173323459785,1062278763119,1153548898840,975299954878,1156274089093,924443499461,1142487279875,974770377478,1152574668708,963156424204,1153683519698,947539383121,1138592999361,1053539990514,1143779564212,1063169204545,1142031884180,1084674877729,1735499838181,1880296704523,7308865168991
1040803015646,3105331895233,1027064239808,1452163334601,1010806460961,1403982239651,990761632135,1393424381607,1011234387626,1187883064154,999511758283,1173617707304,1062721488048,1153664310345,975324237444,1156617420952,924620764912,1142552796433,974917867225,1152810036756,963169265392,1153841189935,947559779551,1138875190106,1053830716393,1144072433824,1063342947171,1142275219268,1084905876679,1735710182950,1880373903984,7308970703788
1040876328569,3105454354834,1027177515118,1452352159166,1010845682999,1404055753785,990788326770,1393547433560,1011263501295,1188447518259,999737981738,1173698190484,1062787761283,1153900304134,975346448182,1156799838323,924749206772,1142789339208,974957117556,1152917081310,963193844078,1153966160550,947709309520,1139107382447,1054063871960,1144443241349,1063520355963,1142484935466,1084964802537,1735857037918,1880516995299,7309172687164
1041219820232,3105630135987,1027284317053,1452696822944,1010883915760,1404409333337,990940396965,1393731894082,1011340577216,1188662846088,999946766531,1174018293589,1062908762375,1154223766693,975375024927,1157101150318,924837814022,1142966463717,974978406385,1153380915420,963317917196,1154097160296,947733131769,1139290452969,1054462452051,1144722312820,1063637463560,1142717139259,1085066384593,1735946858384,1880755152270,7309431196294
1041315411934,3105808770503,1027350190580,1452776696156,1010914942368,1404592896070,991021612607,1393886733505,1011371507832,1188795782928,999971920357,1174061632142,1063027687949,1154498028644,975409347329,1157337981997,925030896168,1143371230340,975000590832,1153498448114,963340715549,1154199307158,947767745362,1139519504664,1054615045540,1144985563635,1063758481537,1142908728563,1085136651424,1736149180543,1880974003874,7309464332513
1041320097850,3105873257956,1027456294322,1453068121031,1010962274608,1404878270467,991187539469,1394067389441,1011398971284,1189150592494,1000004265611,1174403914703,1063201704433,1154789976500,975434894419,1157898681105,925160499798,1143489824672,975087739923,1153615058645,963357865531,1154480990487,947792488371,1139748076605,1054620671612,1145103993662,1063871511742,1143025716582,1085203053844,1736180677038,1880998461358,7309664936645
1041543269143,3105940246632,1027489351351,1453188182588,1011005273015,1404992065280,991221699887,1394081114813,1011431426771,1189552475520,1000200802981,1174567976581,1063431500014,1154964998115,975460960771,1158133579611,925180607222,1143557414882,975104047988,1153694498134,963378120636,1154601331641,947864482017,1139814105774,1054786710454,1145221905428,1063931820782,1143250628160,1085260804708,1736213081760,1881140257516,7309848925352
1041791865339,3106176734311,1027536239408,1453635993361,1011042089889,1405309118465,991250252318,1394261212411,1011461644010,1190101136983,1000232314266,1175019577489,1063507070612,1155204247277,975505869997,1158307540165,925299673238,1143715078537,975123038255,1153984881652,963444379808,1154834831872,947891135958,1139999413833,1054908824466,1145535072848,1064101839652,1143360952677,1085549227064,1736369144631,1881350074530,7310044763607
1041976221420,3106359159786,1027581646019,1453809007929,1011132382837,1405556385144,991336160961,1394393927789,1011602281966,1190358687554,1000390557479,1175136085235,1063685155974,1155325248486,975530233309,1158426937859,925312737826,1143985493499,975196110937,1154182582336,963459637766,1154897496388,948046129833,1140189168979,1054989082887,1145848501967,1064164914119,1143421508007,1085665809162,1736455128904,1881524408091,7310128923388
1042029810772,3106487054118,1027683912604,1453870471827,1011160777172,1405677172551,991369461361,1394687195831,1011634854117,1190765385444,1000475508159,1175252161049,1063814901232,1155488054231,975568995050,1158519014522,925374145013,1144291422818,975283216651,1154584094346,963643048530,1155034035587,948125871396,1140369469039,1055218832385,1146220980190,1064314682263,1143770261943,1085757616031,1736618825307,1881597519057,7310429425512
1042149860869,3106646495704,1027726318985,1454308179445,1011199002826,1405793041045,991436767188,1394864031665,1011711966739,1190908129850,1000571497263,1175494986369,1064093042846,1155695570989,975589945562,1158697266762,925555775812,1144563580199,975351151855,1154881438090,963714046657,1155385534216,948211645973,1140720125414,1055391087819,1146451943525,1064372327485,1143937059750,1085870144671,1736775549582,1881818234971,7310605181691
1042207453675,3106915957049,1027807288465,1454590048157,1011248409678,1406016699460,991518010901,1395095934491,1011740719302,1191022578254,1000603125804,1175944028651,1064290591097,1155915570928,975626480760,1159101941752,925663640449,1144853287512,975381092315,1155045830698,963786349585,1155504181911,948291541093,1140897959665,1055669930278,1146678815513,1064490284713,1144088603037,1085987223717,1737023736019,1881888614769,7310829551724
1042324734236,3107083241812,1027842925857,1454764293601,1011293550458,1406071666808,991609658631,1395272834682,1011768246700,1191145429062,1000698819416,1176008498768,1064300785664,1155975961766,975717566928,1159214867228,925796460448,1145032516781,975405950719,1155321204147,963818166292,1155754004798,948407586868,1141178428624,1055784829975,1146955953979,1064780340391,1144203041404,1086046352238,1737134614717,1882014818234,7311061503502
1042385380308,3107201855455,1027887365342,1455060041920,1011333209556,1406249378070,991759633754,1395505109445,1011801686012,1191391260528,1000728568136,1176243200170,1064426116621,1156212564541,975744598096,1159497373924,925928068715,1145318783392,975425636409,1155551953111,963888736111,1156107504301,948430032214,1141338614637,1055826515592,1147074548706,1064783751677,1144472018486,1086162040618,1737342160367,1882141672421,7311219136605
1042444575648,3107555633528,1027939143274,1455263925211,1011379082245,1406527550099,991788797500,1395621060481,1011859173746,1191559499250,1000754243890,1176292601748,1064501958839,1156417657807,975766579942,1159777291684,926000252683,1145423394592,975441460011,1155658297867,963904756825,1156169137383,948460726674,1141756957373,1055871526307,1147222723717,1064884765296,1144678613361,1086267154299,1737515411129,1882313834805,7311579895940
1042506774311,3107625059187,1027988093114,1456077462536,1011415591720,1406921634232,991877951006,1395792580315,1011897850951,1191767364237,1000792904306,1176354949494,1064676472187,1156532805191,975797339186,1159943902397,926171813957,1145461952597,975469974577,1155933624012,963932484633,1156371014773,948483840092,1142110625104,1056041813870,1147445548236,1064998778096,1144916736121,1086560815701,1737794272791,1882441491476,7311720295736
1042636091456,3107795959280,1028054296378,1456161174678,1011447972677,1407156955631,991910653064,1396018360156,1011928873101,1192118732695,1000818937497,1176558137235,1064806508623,1156594476329,975820483792,1160149228766,926346334363,1145612201802,975548095322,1156379850392,963945355557,1156498586812,948541257395,1142395848421,1056104867946,1147636843342,1065122704770,1144983269874,1086664895227,1737946164172,1882514516954,7311801038766
1042752334813,3107895093492,1028117178374,1456219781375,1011491765335,1407333258867,991998201357,1396333123551,1011953156368,1192457339798,1000847585077,1176904951823,1064870420452,1156713028182,975840898500,1160277227747,926523960986,1145792298557,975564719435,1156561187879,963958692604,1156644546549,948585664671,1142441883262,1056281347390,1147702193204,1065176538018,1145104092039,1086910376372,1737986588386,1882693792218,7311904919659
1042868495975,3108004663691,1028219764930,1456288935263,1011539037106,1407407733525,992020101813,1396632412811,1011984305207,1192531862992,1000926705919,1176990180135,1064987036574,1156878512571,975892853216,1160556876261,926595877992,1145857706668,975583757174,1156655177884,964115729395,1156737767748,948612217060,1142605886304,1056296544697,1147909019889,1065178019663,1145312717158,1087081560036,1738119774123,1882891382068,7312290969071
1043279654203,3108410402919,1028256630780,1456551761141,1011574587747,1407687635211,992052039731,1397095446300,1012013883720,1192834468669,1001018243781,1177062461844,1065038555364,1157006253334,975911508158,1160737446423,926711780944,1146013647920,975659440716,1156894332184,964131188000,1156908088345,948632902722,1142957507363,1056532281638,1148163574630,1065399009929,1145517063198,1087253904619,1738386927452,1883196682402,7312530525742
1043396025139,3108775309360,1028312426328,1456856103185,1011609017508,1407867211514,992143992298,1397216101181,1012043451209,1192952638511,1001039235696,1177183880218,1065213807063,1157156731240,975951840162,1160960842668,926894146310,1146335523379,975740476271,1156998320082,964176656928,1156996253871,948661660594,1143021385319,1056650647278,1148227466929,1065509289878,1145676033846,1087595976626,1738466929689,1883275974178,7312669166617
1043717969979,3109107498352,1028363793013,1457088960369,1011646452757,1408039127161,992189124207,1397295225820,1012074988684,1193291224080,1001132773700,1177349830829,1065437729055,1157278610966,975987816652,1161179395012,927021165805,1146702870497,975761766603,1157166555600,964192313104,1157296010098,948676235750,1143130486061,1056855084503,1148453386362,1065742605719,1145843696723,1087768543154,1738564945384,1883347116661,7312697700703
1043948384442,3109331127742,1028413102092,1457288452982,1011782453520,1408203067469,992279052535,1397304037143,1012105561489,1193423402023,1001205229777,1177512917987,1065713661615,1157511164171,976011647473,1161291345123,927212152715,1146879116596,975829526222,1157178149293,964209623555,1157507255731,948700246846,1143215410086,1056876746641,1148690091922,1065851219336,1145958095161,1088046122570,1738612170082,1883414612702,7312798028272
1044058424094,3109513987065,1028466487184,1457411426314,1011843652165,1408393771708,992327415222,1397434182444,1012131595298,1193719838216,1001244259872,1177865086612,1066002002340,1157844533941,976033461670,1161657718830,927284316701,1147174803641,975897376661,1157275479814,964284032774,1157735395548,948765915346,1143612781997,1057116055411,1148874278156,1066013418749,1146086471670,1088211192996,1738798347899,1883665043046,7312988187810
1044219072797,3109571437412,1028693324433,1457586693424,1011912918209,1408622837719,992429880686,1397613332989,1012189322385,1193895634316,1001329827460,1178250102837,1066295001369,1158013842415,976067498977,1161882921077,927409622388,1147292759971,975920801427,1157719952497,964414629973,1157831190698,949003253623,1143766666418,1057178576539,1148934813874,1066249101356,1146255145776,1088321962006,1738876047680,1883903713441,7313118787508
1044449662858,3109805120806,1028752793589,1458070835063,1011963940023,1408862004971,992526668550,1397853287190,1012220951052,1194242555318,1001371850681,1178480844599,1066525341012,1158285039760,976091572727,1162045040658,927697502252,1147385745034,975991867030,1157890023118,964484252768,1158065746695,949033995666,1143999172230,1057292996950,1149055279042,1066422833998,1146279916602,1088608562714,1739049886991,1884097337540,7313473723518
1044591257931,3110033979977,1028788303644,1458215212319,1012010869440,1409026635403,992619025733,1398080862445,1012310637129,1194517095477,1001440856583,1178655605587,1066891463395,1158292423663,976116710122,1162157671840,927987378940,1147502301327,976029169381,1158339859266,964552349491,1158238720487,949059948638,1144173234505,1057354658311,1149168121697,1066476509102,1146390472814,1088840089794,1739183158509,1884121709052,7313509700845
1044655066557,3110153310657,1028894018984,1458317912638,1012117705330,1409147447804,992756630787,1398199499520,1012340717348,1194637895208,1001487272906,1178988141906,1066954290332,1158588685127,976143051281,1162276030963,928058126069,1147573182454,976051353080,1158404894767,964568389079,1158377999423,949094279025,1144357321324,1057536410358,1149373302139,1066819520927,1146510594602,1089066122162,1739380149268,1884159699371,7313693155097
1044823966043,3110268985937,1028977245945,1458493057236,1012170162042,1409491074848,992912766362,1398423197683,1012367628561,1194816163696,1001574504469,1179047594300,1067018251033,1158667481542,976170731109,1162390263299,928144030301,1147972582942,976066331127,1158745593353,964583038569,1158689609730,949110051577,1144572787482,1057769610471,1149636330910,1067046129748,1146676387291,1089119614296,1739640782684,1884373317124,7313721563983
1045049908788,3110443445484,1029009168644,1458838651636,1012216451673,1409606506832,992942544861,1398653546455,1012400987439,1194871106917,1001606049280,1179449024624,1067191106596,1158953738403,976198947517,1162804986180,928388255249,1148037807215,976143999131,1158968490696,964656482829,1158982153525,949141464834,1144916085553,1058124981251,1149969673357,1067227189494,1146851838652,1089281985697,1739709081219,1884669288199,7313865474640
1045222881417,3110612174952,1029047541947,1459305494102,1012257819346,1410128852612,992968107683,1398809109535,1012431004081,1195278081021,1001651885973,1179624528586,1067356892001,1159354019605,976223793692,1163141564943,928624515555,1148314257397,976212154104,1159091337386,964671333519,1159208669726,949157624490,1145022542717,1058201627667,1150049317281,1067287561712,1147019582515,1089392078781,1739842878445,1884945529959,7314058134108
1045232601602,3111018350116,1029151539754,1459370350177,1012292024703,1410337020810,993001948504,1398966640334,1012501303299,1195461539772,1001689276575,1179689434422,1067482465945,1159414260357,976248375035,1163325005103,928811166019,1148431440394,976229264885,1159280762785,964743480757,1159378638456,949188663459,1145145947815,1058260879534,1150353962925,1067413451004,1147670002335,1089730090088,1740047780870,1885258306103,7314195102985
1045370135459,3111370637269,1029251678841,1459525795361,1012334821298,1410453581192,993050963041,1399176193364,1012538962804,1195581890848,1001717983832,1179699394420,1067604804686,1159585154594,976274228087,1163776245596,928990211697,1148601502193,976363792953,1159671537401,964759703299,1159542942377,949212576432,1145357757301,1058468431696,1150580781660,1067536668041,1147901190381,1089903236164,1740131468223,1885502208414,7314333661073
1045486558198,3111888504264,1029354452576,1459817667184,1012374482413,1410740244278,993166626847,1399292246149,1012623477768,1195753846962,1001797710729,1180039935172,1067665748342,1159756234035,976295264575,1164127665595,929212851779,1148664009975,976382140567,1159793133728,964777466175,1159935828872,949248060605,1145569402714,1058529372578,1150810406111,1067649021492,1148017654225,1090020838318,1740379603613,1885638396440,7314622568897
1045662123274,3112249129256,1029398490521,1459898847216,1012423463837,1410945332661,993208447640,1399648067117,1012663118786,1195982015021,1001888152470,1180219875332,1067842786956,1160001361447,976322283145,1164464902931,929413387710,1148820060740,976507801198,1159970218222,964917538980,1160312910191,949344644668,1145804703232,1058698710897,1150830439160,1067947919275,1148312862360,1090191904346,1740578729583,1885722608362,7314831090595
1045856430128,3112453496730,1029431271044,1460263711089,1012456933517,1410963731644,993233473758,1399749386739,1012687914106,1196360361899,1001926198350,1180378508365,1068073062992,1160165699140,976352576985,1164576448564,929538911755,1149039338835,976528211848,1159978874459,964932507281,1160436378105,949424223106,1146096836735,1058757353446,1151002172238,1068005545535,1148424760170,1090359194314,1740658679569,1885844702607,7315031227150
1045912424353,3112714388861,1029478385000,1460487311074,1012490883535,1411263608261,993362336465,1399870546073,1012744192935,1196436778073,1002016389386,1180554750191,1068245756547,1160408241387,976378415840,1164811842337,929620037785,1149330958290,976608221432,1160201354414,965002342563,1160565948991,949504890714,1146163993950,1058758956120,1151061778915,1068182447037,1148706856677,1090689273621,1740912097840,1886028284826,7315209351471
1046141261818,3112872023028,1029620649326,1460801002946,1012521265958,1411383018279,993396216148,1400105248436,1012833599750,1196562658808,1002046640858,1180788174179,1068468261566,1160587904896,976405457516,1164928697770,929686046577,1149667311547,976624889620,1160409727091,965018485476,1160829090880,949530525228,1146556256647,1058816559176,1151243771862,1068586685542,1148996524653,1090691257850,1741208968598,1886250108392,7315229117394