398148,166815,1533718,99788,1881524,79327,538717,89569,1133068,108831,438382,97000,85745,61421,2448755,62978,63263,62541,549359,69796,307445,65160,1940523,69234,66940,62255,66249,60398,66794,95256,78624,203646
398360,166839,1535744,99815,1884027,79398,539426,89579,1134840,108861,438894,97006,85779,61421,2452789,62978,63265,62541,550026,69802,307904,65160,1943190,69234,66940,62256,66290,60398,66894,95266,78787,203648
398589,166858,1538349,99855,1887325,79465,540296,89582,1136808,108863,439515,97009,85812,61424,2457447,62978,63265,62541,550807,69809,308368,65160,1947008,69249,66940,62256,66294,60398,66896,95267,78825,203648
398809,166891,1541026,99907,1890637,79499,541112,89600,1138756,108891,440148,97010,85841,61426,2461782,62981,63267,62546,551661,69816,308893,65161,1950652,69251,66945,62256,66294,60399,66903,95269,78850,203649
399006,166912,1543738,99987,1893912,79516,541982,89602,1140613,108895,440799,97012,85885,61428,2465919,62984,63270,62550,552472,69847,309374,65161,1954139,69254,66946,62263,66294,60399,66942,95269,78926,203649
399225,166927,1546433,100055,1897393,79517,542918,89603,1142637,108906,441500,97012,85922,61431,2470376,62986,63271,62552,553365,69864,309901,65202,1957617,69254,66946,62263,66294,60402,66942,95270,78937,203650
399438,166954,1549099,100134,1900790,79517,543783,89603,1144626,108914,442151,97012,85947,61435,2474861,62993,63271,62552,554534,69866,310425,65237,1961558,69254,66946,62263,66296,60412,66944,95272,78953,203650
399642,166988,1551768,100200,1904349,79517,544644,89603,1146647,108923,442794,97012,85974,61439,2479548,63000,63271,62555,555341,69869,310961,65295,1965031,69254,66946,62263,66297,60420,66944,95272,78980,203650
399854,167006,1554384,100277,1907690,79517,545503,89603,1148584,108936,443508,97012,86018,61442,2483967,63000,63274,62560,556100,69871,311501,65333,1968565,69259,66946,62263,66297,60423,66945,95273,79011,203651
400067,167037,1557209,100335,1911004,79518,546381,89603,1150522,108936,444228,97012,86054,61444,2488449,63007,63277,62563,557113,69873,312004,65383,1972141,69272,66947,62263,66300,60426,66946,95273,79027,203651
400281,167063,1559825,100403,1914551,79518,547201,89603,1152480,108936,444831,97012,86089,61444,2493270,63007,63278,62573,558070,69879,312506,65413,1975843,69273,66947,62263,66303,60434,66946,95275,79057,203651
400513,167088,1562603,100441,1917954,79533,548092,89605,1154444,108936,445497,97015,86117,61447,2497818,63008,63280,62578,559095,69885,313054,65483,1979531,69275,66952,62263,66306,60443,66947,95281,79074,203657
400715,167126,1565122,100462,1921369,79550,548985,89608,1156416,108936,446090,97015,86141,61447,2502324,63010,63280,62578,560099,69889,313434,65575,1983280,69280,66952,62263,66316,60448,66955,95281,79079,203663
400884,167166,1567775,100489,1924609,79571,549792,89630,1158347,108936,446756,97017,86176,61450,2506865,63017,63281,62579,561077,69890,313881,65652,1987494,69301,66952,62264,66317,60449,66957,95282,79123,203669
401116,167178,1570662,100495,1928292,79572,550659,89632,1160389,108936,447504,97017,86200,61450,2511361,63024,63282,62585,562039,69890,314368,65733,1991118,69356,66952,62266,66317,60449,66957,95284,79139,203670
401342,167187,1573437,100501,1931967,79572,551573,89633,1162450,108938,448185,97017,86230,61450,2516125,63025,63282,62590,563271,69899,314768,65753,1994823,69381,66953,62287,66317,60489,66957,95284,79168,203672
401546,167209,1576065,100516,1935346,79578,552390,89633,1164424,108944,448815,97017,86266,61450,2520596,63025,63284,62590,564227,69907,315241,65755,1998059,69399,66954,62314,66317,60576,66959,95284,79181,203674
401758,167259,1578739,100522,1938779,79578,553276,89633,1166463,108951,449466,97021,86295,61450,2525138,63025,63287,62591,565395,69914,315694,65764,2001679,69410,66954,62325,66318,60672,66961,95285,79200,203676
401990,167329,1581415,100559,1941992,79583,554089,89634,1168405,108953,450120,97021,86340,61450,2529556,63025,63292,62596,566167,69918,316136,65771,2005322,69411,66955,62328,66319,60674,66965,95287,79228,203698
402207,167412,1583964,100612,1945353,79598,554939,89636,1170451,108956,450717,97021,86381,61450,2534140,63025,63293,62600,567214,69924,316628,65779,2008741,69411,66955,62331,66320,60674,66966,95287,79242,203698
402415,167489,1586706,100675,1948518,79612,555726,89640,1172382,108959,451417,97021,86407,61450,2538700,63025,63296,62600,568218,69928,317200,65790,2012249,69416,66960,62335,66323,60675,66971,95287,79261,203698
402610,167572,1589474,100725,1951821,79651,556558,89641,1174388,108963,452114,97021,86454,61450,2543120,63025,63299,62602,568944,69929,317720,65804,2015512,69424,66961,62337,66323,60680,66971,95287,79313,203701
402831,167643,1592110,100793,1955110,79664,557365,89641,1176443,108970,452754,97021,86491,61450,2547407,63026,63302,62606,569965,69929,318270,65809,2018889,69425,66961,62337,66323,60685,66971,95289,79325,203701
403061,167700,1594641,100844,1958384,79676,558203,89646,1178390,108972,453377,97021,86530,61451,2551748,63029,63302,62614,570616,69930,318818,65817,2022326,69429,66961,62342,66323,60712,66971,95296,79339,203703
403277,167727,1597417,100896,1961901,79685,559073,89649,1180428,108972,454052,97021,86560,61451,2556380,63029,63302,62615,571349,69930,319147,65826,2026074,69430,66961,62348,66324,60799,66971,95308,79365,203720
403489,167746,1600166,100960,1965388,79686,559912,89649,1182499,108972,454739,97021,86584,61451,2560933,63029,63305,62615,572245,69930,319591,65837,2029547,69431,66961,62355,66325,60881,66971,95308,79384,203720
403698,167764,1602890,100987,1968884,79698,560810,89665,1184489,108972,455394,97022,86610,61451,2565156,63029,63306,62618,573239,69930,320076,65844,2032635,69431,66961,62359,66325,60952,66971,95312,79411,203720
403927,167768,1605624,100987,1972211,79715,561633,89684,1186418,108972,456124,97022,86645,61455,2569563,63033,63307,62618,574077,69934,320606,65849,2035983,69431,66962,62365,66325,61011,66971,95323,79450,203720
404116,167809,1608189,100992,1975668,79715,562518,89684,1188433,108973,456787,97023,86683,61456,2574301,63033,63307,62619,574987,69947,321078,65856,2039496,69431,66962,62366,66325,61086,66971,95327,79490,203747
404332,167852,1610873,101011,1979130,79715,563441,89684,1190436,108973,457452,97023,86703,61456,2578781,63034,63308,62619,576107,69957,321559,65859,2042794,69434,66962,62369,66325,61183,66971,95327,79506,203760
404562,167873,1613410,101019,1982376,79715,564285,89684,1192349,108975,458056,97023,86734,61456,2583223,63034,63310,62620,577005,69971,322061,65868,2046333,69438,66963,62372,66325,61272,66973,95336,79540,203783
404790,167907,1616092,101025,1985743,79717,565198,89684,1194369,108975,458742,97023,86782,61456,2587683,63034,63310,62620,577952,69982,322485,65868,2049965,69440,66963,62372,66326,61381,66974,95344,79582,203806
404986,167930,1618839,101041,1989276,79733,566065,89688,1196397,108975,459437,97023,86803,61456,2592279,63034,63310,62620,578720,70008,322932,65875,2053740,69440,66963,62372,66326,61478,66975,95345,79590,203823
405183,167966,1621587,101066,1992664,79744,566910,89693,1198370,108977,460078,97025,86849,61463,2596339,63036,63311,62620,579695,70044,323512,65879,2056995,69446,66963,62373,66326,61523,66975,95346,79619,203831
405399,168014,1624476,101153,1996030,79752,567734,89695,1200366,108977,460807,97025,86896,61466,2600813,63036,63312,62622,580357,70044,324055,65884,2060560,69447,66963,62379,66326,61523,66975,95349,79649,203852
405618,168065,1627189,101283,1999372,79762,568591,89698,1202373,108977,461470,97026,86930,61466,2605192,63037,63314,62629,581144,70050,324524,65892,2063694,69450,66963,62387,66326,61523,66975,95349,79668,203853
405842,168111,1629722,101411,2002664,79774,569398,89698,1204312,108981,462118,97027,86959,61466,2609824,63037,63315,62629,582217,70056,324987,65895,2067844,69450,66963,62388,66326,61533,66975,95349,79696,203853
406077,168141,1632456,101501,2006127,79797,570270,89699,1206368,108981,462796,97029,87000,61466,2614398,63037,63316,62630,582975,70058,325501,65900,2071298,69452,66963,62390,66326,61539,66975,95351,79707,203853
406295,168148,1635391,101574,2009461,79803,571161,89705,1208377,109008,463536,97032,87041,61466,2618746,63037,63316,62631,583893,70068,326069,65908,2074712,69452,66965,62391,66326,61542,66975,95351,79731,203854
406512,168162,1638121,101641,2012934,79830,571973,89705,1210355,109036,464242,97037,87072,61466,2623105,63037,63318,62632,584611,70071,326696,65913,2077852,69452,66965,62396,66327,61544,66975,95351,79753,203854
406716,168191,1640813,101717,2016178,79849,572787,89705,1212358,109049,464931,97046,87120,61467,2627747,63037,63318,62632,585472,70078,327186,65918,2081767,69452,66965,62397,66327,61544,66975,95352,79775,203857
406919,168215,1643487,101775,2019771,79852,573641,89708,1214308,109088,465543,97049,87151,61469,2632728,63037,63318,62632,586294,70078,327742,65927,2085500,69462,66965,62397,66328,61547,66975,95354,79790,203858
407136,168239,1646116,101845,2023030,79854,574420,89708,1216267,109132,466233,97049,87194,61470,2637238,63037,63318,62633,587195,70078,328211,65936,2088813,69466,66965,62403,66328,61550,66975,95354,79847,203859
407309,168287,1648914,101899,2026281,79860,575240,89718,1218198,109187,466945,97053,87218,61478,2641650,63037,63318,62633,588200,70080,328676,65951,2092353,69472,66965,62413,66329,61554,66975,95355,79853,203863
407546,168298,1651695,101899,2029842,79894,576126,89725,1220267,109275,467646,97054,87248,61478,2646196,63037,63318,62633,588995,70080,329085,65957,2095726,69477,66965,62416,66329,61558,66975,95359,79867,203866
407742,168345,1654423,101906,2033339,79913,576994,89755,1222252,109287,468319,97089,87280,61493,2650822,63040,63318,62636,589792,70082,329687,65961,2099086,69481,66967,62423,66329,61565,66977,95361,79883,203870
407964,168368,1657078,101911,2036637,79915,577810,89806,1224229,109292,468979,97089,87305,61562,2655909,63040,63318,62636,590589,70082,330169,65966,2102767,69481,66969,62425,66329,61568,66977,95361,79901,203875
408187,168381,1659758,101919,2040001,79916,578637,89846,1226141,109312,469687,97089,87342,61562,2660286,63122,63319,62641,591408,70084,330712,65971,2106460,69484,66970,62428,66329,61572,66979,95362,79917,203875
408423,168389,1662467,101928,2043578,79916,579515,89861,1228174,109342,470349,97089,87372,61562,2664862,63127,63320,62693,592454,70084,331253,65971,2109995,69484,66971,62433,66329,61574,66981,95365,79941,203878
408649,168394,1665148,101935,2046927,79916,580355,89861,1230170,109390,470996,97089,87403,61562,2669408,63128,63320,62751,593277,70096,331831,65971,2113317,69484,66972,62439,66329,61584,66982,95365,79961,203884
408877,168411,1667940,101943,2050338,79923,581247,89861,1232185,109435,471736,97089,87432,61562,2674004,63128,63320,62751,594319,70169,332313,65971,2116807,69485,66972,62439,66329,61592,66982,95365,79990,203885
409094,168431,1670497,101954,2053743,79924,582182,89868,1234199,109450,472362,97111,87458,61562,2678187,63128,63321,62751,595185,70233,332748,65971,2119900,69485,66972,62439,66330,61602,66982,95365,80000,203889
409306,168442,1673196,101967,2057146,79926,583015,89873,1236181,109484,473044,97121,87500,61564,2682541,63128,63322,62751,596215,70290,333062,65971,2123238,69486,66972,62439,66330,61610,66982,95365,80038,203889
409507,168478,1676041,101981,2060539,79940,583874,89882,1238131,109516,473753,97123,87536,61566,2686974,63134,63325,62754,597299,70355,333566,65972,2126853,69488,66972,62440,66330,61614,66984,95374,80057,203896
409720,168533,1678896,102004,2063965,79944,584723,89882,1240122,109637,474494,97135,87572,61567,2691379,63137,63325,62763,598133,70356,334264,65972,2130648,69488,66972,62440,66331,61614,66984,95375,80073,203896
409924,168598,1681502,102047,2067238,79946,585578,89882,1242146,109645,475139,97225,87601,61584,2695655,63140,63326,62765,599070,70360,334757,65972,2134131,69494,66972,62445,66331,61614,66984,95376,80088,203896
410135,168650,1684282,102074,2070573,79946,586479,89882,1244137,109645,475831,97225,87631,61723,2700205,63141,63326,62768,599901,70362,335155,65972,2137617,69501,66972,62451,66331,61618,66984,95377,80117,203898
410342,168687,1686995,102101,2073901,79948,587367,89884,1246072,109645,476473,97225,87660,61755,2704479,63190,63327,62778,600824,70403,335582,65973,2141097,69508,66972,62458,66331,61619,66984,95377,80129,203899
410551,168713,1689730,102115,2077261,79986,588228,89892,1248117,109645,477131,97225,87698,61755,2709144,63191,63327,62778,601638,70470,336099,65974,2145001,69513,66972,62463,66331,61622,66984,95386,80141,203899
410749,168740,1692628,102126,2080695,80024,589106,89911,1250038,109645,477815,97225,87739,61755,2713497,63192,63331,62778,602531,70527,336559,65976,2148097,69513,66973,62474,66331,61624,66984,95388,80159,203900