432111814531,539004404617,790834288935,520810256888,822450783309,506557773842,670152652684,535620027335,731491028598,601135101395,629258639155,515167906964,453749582091,463522793029,805801188364,466393421225,468372458047,449809909890,655562853340,509609640967,589682475746,481342350019,723328537842,512561669214,461064449945,465961871759,435566139946,460003776244,452739098930,453203482469,453637006473,374388320953
432149501784,539185275940,791419555636,520954295573,823051702814,507279073037,670532651430,535705543225,732016455972,601330843666,629517676078,515233560626,453779682811,463527696555,806505606884,466395449036,468469044355,449811114965,655832416138,509756968754,589955345233,481342350019,723840789553,512563828123,461078962010,465964141115,435643430409,460008019933,452801965497,453383978710,453836460888,374591214109
432175361074,539392102484,792070587043,521250366602,823760317060,508063876288,670956523152,535706690935,732557458867,601461470590,629800573360,515334320118,453801762091,463588515468,807270138339,466412186646,468568051622,449812613674,656145940521,510032794718,590240958547,481342406890,724441028477,512565589786,461090082602,465965291016,435667389907,460008920405,452832205533,453434174642,453896930980,374693166154
432218125570,539526830093,792738302214,521620386917,824450300854,508368610397,671367417314,536004023994,733104136478,601842716822,630104770829,515353799524,453866449021,463694302527,808004362169,466516267936,468676182539,449842252763,656463279869,510181077724,590537678249,481370064900,725006612564,512600719455,461183545232,465979629585,435709292647,460018300034,452917427714,453489080978,453955865682,374751479337
432244049864,539578747109,793383716329,522405385721,825133446226,508382418272,671794631384,536115772771,733657119941,602062281839,630408562320,515496517783,453903825357,463749063805,808726785339,466624102992,468781953223,449870904989,656768067914,510424555238,590826339877,481445073430,725539591183,512664622859,461195810286,465983519252,435732028218,460018850502,452941986482,453535480588,454045562255,374795486053
432266732321,539595168071,794055196803,523183798823,825838811095,508389257673,672225533484,536117666738,734207842401,602659233819,630720857614,515497747289,453943766733,463790585064,809462254456,466709757848,468877685938,449878816221,657080801353,510560034425,591116748552,481649741355,726099232489,512668625546,461213310911,465986268133,435746791653,460110798834,452960878088,453586209779,454088486063,374844979221
432288058603,539610509738,794718344096,523959000690,826553311494,508390914383,672650933699,536118833936,734760291509,602870671251,631002905757,515498919442,453975106814,463895059772,810206663353,466832629127,468985341391,449880196441,657414832115,510738244217,591414457377,481947780206,726688310101,512687210767,461225248026,465988290391,435765499966,460270913711,452985831741,453628624000,454131212382,374876783046
432311195501,539625656663,795370987385,524754065081,827260121341,508392423484,673066902629,536119978268,735318460903,603092433298,631291376102,515500094415,453995111902,463950632715,810956589608,467023327404,469093476119,449967365276,657731276933,510868547337,591709068236,482253848387,727249778727,512698506499,461239576455,465990650739,435783827775,460433578752,453015346128,453670935367,454178439307,374915389586
432334727098,539641701245,796021297519,525506849639,827953811373,508394426716,673478065648,536121128848,735862716434,603563189435,631597044628,515501789291,454035935328,464051668966,811687219508,467026525223,469212124446,450065182137,658042545212,510959748241,591998198399,482506906456,727820077377,512752720909,461253131253,465992500997,435795371329,460517556004,453040680432,453712499861,454236802578,374955331343
432359575512,539658271097,796698606370,526289907123,828657684100,508396618476,673910446199,536122269524,736398750515,603563239857,631900318174,515503001205,454059069389,464249900149,812428986620,467286485039,469338850793,450188482999,658361401556,511052109523,592302334790,482713318545,728376013875,512853021481,461267206578,465994343119,435817369383,460675939772,453074696833,453752705231,454278375680,375002029702
432385920057,539673225914,797347570348,527070211056,829372956049,508398341787,674315954002,536123494638,736946887724,603563316075,632174811781,515504206201,454082578322,464251259360,813186123753,467339010446,469427164132,450485370361,658686689469,511303350938,592588532763,483012497881,728968231089,512867377168,461285424945,465996773315,435847886158,460840055979,453088614334,453811769412,454328346788,375050463256
432410607117,539813627549,798011799431,527477711239,830071837765,508447730315,674728156767,536127784213,737505911248,603565845455,632470744561,515508690233,454106640715,464255762172,813946576197,467355820936,469562197962,450774314604,659011858816,511591262209,592887189445,483513453105,729538460880,512875354943,461315756127,466001349634,435872555328,460962094807,453106691618,453880085290,454378709954,375183083347
432436969079,540076924871,798641300616,527599723641,830774870777,508678753974,675149613128,536187896330,738052483205,603565858133,632757844653,515509959883,454124947658,464257202184,814680518373,467382295722,469635195959,450775462138,659334210710,511707984883,593157879754,484314593612,730116166325,512948653974,461345111915,466005171219,435899028223,461019313135,453127288710,453929403638,454417754270,375298241482
432478725115,540277112797,799295257354,527692366898,831461220763,508831714496,675546791799,536393336618,738591245395,603588040608,633057634383,515527399145,454158596235,464295021416,815435598745,467436563997,469771290656,450803916660,659650292760,511728272271,593460287760,485085780427,730704953901,513354042997,461371758450,466043662510,435935582905,461051558431,453149303339,453993674249,454489726924,375364802243
432500932211,540428587391,799976550183,527880769014,832191725951,508846987631,675986166422,536602496056,739158691917,603588055472,633366794059,515528671251,454176545296,464296336754,816177233103,467519917028,469887199502,450899204158,659982702761,511728272271,593759507906,485907648033,731270937987,513669091646,461384739497,466124927019,435956506293,461054915985,453164361730,454038187376,454530153325,375472930989
432524339729,540448341038,800643480299,528365575655,832915077590,508864293291,676424018408,536615529800,739745056193,603649603502,633668984660,515530101693,454197154906,464297757896,816936077185,467574472908,469973605230,450970853217,660322619407,511832807952,594050766611,486252957095,731849278436,513882329068,461406752270,466313111825,435994248447,461431512836,453184380315,454077506963,454583812848,375527357276
432547176939,540522394052,801294188818,528770696553,833619571800,508879694377,676820390182,536617459808,740291067822,603768684911,633961357958,515531306627,454219699750,464299166296,817665900077,467575600388,470097202351,451052370314,660641575304,511971667951,594335227262,486282079426,732407744900,513971375446,461444164230,466533831143,436018977371,462199796139,453202663343,454112199191,454627098743,375577068196
432576287306,540665002549,801958345626,528854540023,834330995909,508893250088,677252048351,536619660120,740856432086,603949097741,634248897964,515566755612,454237717481,464300653650,818408189582,467577693334,470188301540,451066417732,660978307065,512102045914,594627470018,486646060678,732972710546,514019581608,461458484665,466661658226,436045858285,462977991212,453235122761,454157571969,454675715685,375623863464
432602284418,541374138253,802610208371,529005416136,835015654149,508910876807,677648782579,536622246495,741414921334,604098202963,634539000867,515568488404,454264789401,464302400394,819146492332,467578897478,470347514335,451220674561,661284952838,512258394018,594916396263,486929170767,733540663103,514065385905,461490667251,466716516515,436057007349,463034995389,453252602739,454234356502,454737175664,375809852028
432626759120,542142232419,803256232905,529302768760,835714876625,508925487952,678061260230,536623428930,741957623862,604272349480,634826853074,515570270523,454306340859,464303723204,819883278489,467580026596,470414913133,451328920334,661609927213,512386557287,595206405505,487265661701,734096919331,514066474940,461507796067,466831490658,436076758458,463037038483,453280787811,454270369022,454805955867,375848690900
432650243626,542934862807,803915074908,529529826417,836394631876,509018919987,678466774611,536625063098,742499789177,604516473022,635142376023,515572735450,454323812578,464305188051,820622167095,467581314540,470497314559,451339653194,661940373038,512490108593,595508158593,487480159141,734671544386,514214501874,461538570817,466906384673,436105968176,463052063229,453299486825,454328260439,454851422492,375893655633
432676380068,543733222387,804584268562,529780578554,837084755763,509091230619,678887605751,536626897172,743049745837,604639475095,635451430959,515575709862,454358064421,464307335511,821358208570,467582998559,470600500930,451410267764,662255185520,512490606840,595812957349,487608660069,735218615216,514562075651,461568896825,466954510890,436118039818,463237493850,453320484180,454360595541,454925093390,375929152634
432702574960,544515094603,805244723080,530080513433,837776836072,509107147654,679301598677,536628408906,743607672857,605065794648,635747947297,515577160758,454383410820,464308761351,822091117183,467585317635,470791511385,451457713644,662575395882,512490688738,596105652758,487715174823,735761162859,514606061407,461603064498,466976890335,436134467741,463455378639,453342250660,454411177545,454974261200,375978676599
432736109405,545086440803,805884640969,530377250877,838454231753,509150291931,679730159644,536661634823,744150446661,605149987291,636029807106,515587837164,454436944741,464323063786,822811115276,467598611179,470896842110,451484951869,662876669606,512512389194,596402110458,487896935385,736308154753,514751754834,461619471629,467051301197,436150135946,463948223870,453361651084,454557919521,455030807972,376029655316
432757940576,545260691002,806536449120,530679602440,839156261228,509164947589,680136676002,536671869120,744692681180,605150796449,636336165172,515588995678,454453975932,464324354202,823572711373,467599880399,470992010102,451495876845,663188566030,512512419221,596683149616,488043134729,736891354012,514758662515,461649145140,467212586312,436164447290,464737822399,453377136506,454964680189,455074538887,376097297352
432780486577,545670108791,807212338588,530988099067,839869780022,509177361157,680553572404,536681871923,745250117346,605153636836,636650433312,515590381557,454482523345,464325961203,824323781177,467601140975,471079933392,451502828094,663509449614,512512419221,596972718211,488194805701,737456372287,514834170464,461675420410,467429937568,436181036740,465532049243,453388334136,455008334045,455122092294,376146375992
432802496394,545680926094,807869033274,531173983827,840581702373,509327465768,680985576964,536796242072,745801968768,605162337828,636944092889,515659089062,454500578051,464327515853,825050183081,467602342153,471249661594,451543399896,663840563051,512512474962,597267401895,488335837142,737976019175,515018636641,461706481773,467630814746,436199943207,466308020244,453403612768,455049863318,455175065708,376195931024
432825932991,545681128241,808531828008,531174007373,841276049925,509434767519,681393922839,536979210609,746338826286,605171789134,637251590017,515730469260,454538226259,464403339344,825773055335,467731763506,471338108572,451604110725,664148406573,512612309707,597572052109,488459553802,738526989147,515022198374,461723432457,467817644806,436217736345,467096175608,453424835009,455210537497,455228081149,376263815804
432849828197,545857009009,809187649378,531174046936,841976524196,509436078383,681821807989,536995560194,746881496211,605184385493,637547428745,515735173339,454580180535,464404735071,826532218531,467734192518,471416104621,451625469158,664485006385,513048493019,597863576839,488619647951,739098633604,515024479813,461740166834,467858088810,436238398202,467889129524,453438593030,455303038209,455280385542,376469822981
432874879679,546116139889,809850596423,531254607958,842670138405,509437549240,682256655354,537009009039,747457618188,605194394523,637841109571,515736465646,454609030176,464406558623,827270839017,467737426836,471524537011,451642487110,664810155605,513318335990,598151888450,488832520055,739651383064,515131725500,461759233191,467973450313,436252808202,468675841892,453454008791,455355283810,455327465686,376574936781
432896695583,546244516266,810499444085,531254607958,843364613032,509438833092,682656832935,537025532690,747984887015,605206787119,638126020227,515737619130,454631450264,464407958994,828006741448,467742013040,471684690184,451669783643,665118250477,513718205050,598440374275,488948616251,740205098202,515278652927,461779664773,468080804779,436273529654,469432150532,453473506309,455405073465,455378502098,376761620886
432918858125,546492962161,811151105001,531354002697,844065969680,509484455093,683081600254,537039032082,748543715411,605216532085,638427402132,515738755352,454655381587,464409393181,828753003228,467745245199,471787571866,451671128933,665440638971,514145023189,598724019392,488950388266,740777152292,515328231114,461796533177,468121625110,436295245247,470217923941,453492277443,455478742005,455444457167,376963562911
432946687714,546677038618,811814616440,531555500647,844781153259,509608001818,683502563311,537163644753,749091446418,605229180551,638724652387,515740033305,454691047450,464410885137,829503242874,467749341134,471872534141,451672355673,665760607208,514362289120,599006762955,489055452837,741348634706,515332105613,461810510521,468122847812,436309802516,471030707632,453509910863,455525371597,455489167580,377120863227
432978049826,546714952578,812495954614,531863100646,845465970713,509774427537,683904342109,537530059513,749655653893,605263344354,639029975940,515773777644,454750119217,464448796395,830207175492,467777731212,471957130974,451715217110,666074723194,514599495123,599310841398,489244968462,741867384643,515373610045,461825306000,468162873074,436328372147,471626856963,453526508676,455590941735,455557368297,377217943266
433000951474,546846943009,813172130475,532665019182,846166971868,509775803306,684303135536,537619174427,750199819643,605277108573,639333635333,515786553645,454796507509,464562224515,830944475708,467788726331,472057604473,451776919348,666385059623,514599519157,599624663058,489498596669,742425621069,515404097940,461842194569,468446160316,436341787201,471626877659,453537738685,455645979568,455604462625,377419957269
433024534254,547160602563,813852746375,533453307029,846839997814,509777027093,684723061349,537740101916,750740901838,605292233480,639631800249,515799769753,454816436236,464564361955,831685609472,467794495957,472238646518,451848436799,666698989421,514698191948,599918276648,489792076673,742957451489,515520654738,461888149319,468595188340,436353980228,471626877659,453549562677,455675322721,455655947886,377464398450
433046437510,547456159586,814494112888,534245561139,847536482880,509797394847,685142986146,537756869895,751295539019,605356809599,639932661649,515830424854,454839801773,464565697006,832443351473,467797602506,472327299197,451852142127,667027500298,514860786097,600206380958,490013404487,743541585930,515526795105,461905147056,468638904807,436385369937,471902955010,453560442442,455723256289,455711762447,377513599876
433070698391,547616205059,815163715226,535024464113,848233151787,509954755064,685566736920,537759772607,751842805455,605371591127,640220527352,516100188163,454871602756,464571792741,833197497593,467805470519,472399901452,451855351948,667344041272,514989544139,600496707794,490261829495,744114736656,515533414475,461936539480,468644926508,436400786237,472099863874,453577670363,455765739327,455754990865,377548019493
433093372010,547617477608,815875570780,535841195662,848933810203,510030066346,685985605773,537788211163,752398634239,605584504736,640538223828,516172182460,454895557061,464573261944,833920889531,467819427563,472491903982,451859182264,667666010359,515200163082,600809725212,490590328469,744641391287,515536534171,461966972635,468668454810,436415613380,472295413331,453589202570,455803839284,455806450687,377603207217
433117031744,547617498289,816529524617,536627548042,849626581866,510169706594,686398415895,537790666491,752933160172,605754625454,640852130467,516298504167,454914556782,464574595067,834655201609,467830201351,472585799877,451861752128,667973227418,515371920738,601109918302,490879612556,745168823289,515583406609,462003613890,468778051336,436427591122,472427240346,453601456932,455842979704,455854504187,377646198379
433144239388,547617816146,817164267734,537384581166,850316949706,510364748553,686813934625,537794552349,753490089796,605860319796,641150052676,516708138016,454944107692,464591511953,835404142061,467842549735,472678605019,451864539369,668293923411,515473599188,601404167077,491103683846,745751834030,515617768125,462033211533,468783788633,436447433506,472478798719,453613245567,455888493971,455914993692,377681596696
433172888399,547619608781,817817944639,538160115137,851024640804,510388112061,687216843747,537798184515,754026506111,606143953755,641432027450,516851511957,454975865782,464646273674,836197082842,467853444704,472879618485,451867386828,668607173742,515474641247,601692745743,491454030476,746355495555,515730734971,462050162058,468797493897,436460587695,472625945500,453627269525,455942975307,455959757602,377727534965
433198150136,547620817399,818472147983,538933289149,851719169437,510389785186,687625729104,537802432802,754574885617,606445190358,641726196764,516855857241,455006053992,464678286114,836925779068,467864628157,472963041736,451870681799,668929028904,515475787927,601979085625,492023028747,746899448808,515766784385,462079267282,468925572812,436472853553,472683991775,453639203898,455978124736,456032001063,377762428075
433248848967,547660500394,819139911687,539559607453,852402757940,510437340157,688033203763,537839849782,755117942136,606814219439,642023336812,516919565245,455027059824,464991735731,837665321375,467890215301,473050318338,451886162236,669244643857,515532153750,602280042629,492321838350,747459120556,515866769823,462098227960,469055005946,436500139643,472720922498,453672393827,456045681078,456086846741,377837662529
433271010446,547665159334,819813577788,539559649080,853110205340,510692749289,688465079544,537944879147,755677185355,607608985534,642323723811,516924114161,455042809554,465008714856,838418584132,467892876867,473126069586,451889525161,669570901583,515535266493,602568606043,492471863233,748021840025,516049475966,462129729966,469139308646,436510861747,473049883078,453684130615,456086496294,456137680960,377899282769
433298667158,547671692589,820474998664,539714900355,853808929723,510856501233,688888061694,538155161865,756230984733,607932990312,642614458047,517346345669,455060621157,465176321902,839161251516,467910370723,473208913853,451893346418,669881192115,515538824783,602865880875,492608586910,748577380062,516203187930,462154910572,469205832321,436522261134,473215924862,453695878554,456137958187,456184236800,377948528980
433333370847,547713098983,821135404995,540012234448,854510328335,510869572375,689286910484,538446446787,756774142352,608022925644,642907828244,517347769467,455088753081,465970112663,839927833552,467931768727,473315555449,451895972934,670202371550,515545335407,603161154882,492821635909,749171105102,516206886685,462175484838,469221113111,436540202909,473384494713,453708989124,456177041400,456231706050,377991872902
433360383434,547739365219,821780707085,540353739958,855179635785,510875089898,689691010124,538722874340,757338206009,608223669843,643217847336,517348959736,455108227989,466048620279,840649522726,468633348823,473412760232,451911863126,670517451464,515548230686,603455092702,492929406254,749732177578,516247322017,462204042026,469278919674,436556277330,473488959602,453732527475,456240545099,456275944053,378033476926
433381531314,547746167374,822447198368,540797171303,855900740007,510876334976,690117133783,538861060468,757894142381,608394157801,643525674326,517350777115,455149266439,466050403456,841404627739,468826512261,473639156831,452525331147,670833308144,515564012977,603751342140,492933801563,750289139985,516263523437,462217422573,469373858532,436569138200,473587508643,453747862729,456307736369,456328793132,378190252558
433405867408,547882014787,823096362485,540991085831,856594533461,510877762465,690514518732,538862262982,758437709609,608693680810,643808457512,517351953691,455171623124,466051761399,842129403310,468831084181,473726716056,453264507314,671150931524,515622739990,604041700823,492938315504,750848159430,516268886089,462246189207,469544763224,436579891205,473729060755,453772129962,456347359722,456380683990,378408536161
433433590294,548090932442,823768372418,541229738397,857298374991,511056477971,690942501586,538883514654,758996711406,608999173170,644135515083,517353177455,455188226401,466053119692,842880682583,468832302973,473808335859,453265790365,671479763024,516410619598,604348300843,492954025312,751420745984,516278402382,462259179026,469566493596,436616918887,473879110997,453800385314,456389844142,456428998969,378468573164
433464861990,548149663736,824416191073,541582738912,857997265615,511089157645,691374675406,539036451336,759560203894,609214332678,644426798686,517455497617,455209383262,466054459369,843594199247,468833440861,473898910333,453266964175,671794327379,517218093961,604633404867,492968090740,751932797394,516283641226,462281196881,469569910844,436668059495,474114056520,453817227242,456426913650,456488892773,378508371590
433493997218,548214716510,825075478109,542027852013,858704058737,511131441473,691789899337,539147279754,760108393170,609449871916,644730118812,517543237485,455237721295,466066800628,844335719886,468834668644,473988694741,453268127660,672111135018,518011345220,604910289377,492981914654,752482540056,516288744221,462296047315,469573537683,436683109072,474262771771,453830368507,456469712907,456575935183,378555877631
433530780741,548563373989,825743640932,542295860603,859402802575,511232501265,692216380606,539253892246,760664316595,609740145603,645031063039,517582846300,455304126637,466097555301,845073354529,468874425107,474073678179,453296672337,672451822048,518722320979,605206698762,493017088238,753040170794,516303585930,462312385756,469588405567,436703464169,474298956928,453851148919,456631731024,456646339208,378642571188
433556866329,548886225291,826425102698,542298947025,860112282653,511351581943,692648567967,539393878422,761226778775,610458562022,645351922901,517931056942,455344489762,466145408598,845832333485,468970191385,474179708880,453560720180,672763014490,518722416641,605519161402,493029805269,753616632490,516307427066,462337897913,469592262978,436716349129,474299688334,453864010580,456664260255,456695691434,378682958380
433599782233,549200551669,827070586005,542299017594,860811568064,511435079617,693041307591,539495272569,761770361242,610648180534,645667994118,518531639629,455363304748,466222660594,846557092629,469049244881,474279938136,453667341250,673082936782,519001092753,605818645457,493043452456,754160617960,516389362580,462362239790,469659343427,436731535157,474300702036,453877936328,456715644527,456743381916,378732608316
433633510209,549513478990,827724137416,542299115166,861492049597,511436458762,693470134871,539500180521,762314767491,610648187899,645959776839,518532815809,455379508538,467004104613,847309817938,469105774414,474373865706,453929061314,673399188355,519031779826,606100909909,493058438310,754720888816,516528414140,462378015506,469978636500,436746463381,474304806093,453890268823,456758625608,456796916228,378774958527
433670988499,549806128794,828381321573,542319957587,862181066811,511437721179,693891100032,539595410207,762856773274,610648213124,646268544501,518534068718,455400580755,467301347600,848029626957,469417994401,474471643104,454017860596,673710765392,519241694522,606383820261,493100591585,755263916748,516751623116,462393952719,470268629048,436759135368,474317461223,453908913610,456798439164,456842129988,378818126251
433708775331,549845813393,829054419777,542388604632,862883313063,511669934730,694329653833,539604212772,763437071109,610648307276,646553101296,518535159031,455425131890,467302827708,848781959359,469423838106,474569323899,454019117414,674037245136,520014033402,606678932287,493139238491,755843494624,516848659397,462406011620,470739212669,436768075369,474349550144,453921282881,456965614826,456883026668,378884446346
433749994264,549944434120,829719741697,542389716235,863579076695,511887565454,694736361385,539705973829,763963962640,610649673686,646864400679,518536285769,455467842988,467304991050,849523667871,469445297216,474857531007,454020258409,674353697680,520791121644,606969239391,493322052703,756395750359,516865570755,462420136712,471136160394,436776947719,474457573127,453934883337,457038281351,456934700277,378922685691