23390,21588,19165,12982,11053,22949,23417,10821,19380,14317,19062,15987,14848,16557,26033,13766,21690,16778,16234,17991,15012,21087,22518,25759,20754,19652,19030,14907,24515,22873,27249,2228
20918,14465,26726,18263,19474,25368,23322,17628,25433,17984,23384,14289,25452,17805,27895,21379,20617,18889,19615,19133,18651,18217,12795,25293,15989,19884,17943,26011,11620,15001,18216,7679
22516,15590,28198,14806,23896,16508,22193,15867,19850,15898,22464,17349,24008,16220,26181,16694,21317,13656,29045,19456,12021,18355,21267,18807,21426,13180,26443,17194,21923,12844,18402,8402
18229,8026,19536,18938,21423,19717,17964,25060,24573,19394,21225,16396,23195,17116,17816,13438,16625,13168,25875,22260,28893,17106,29708,13977,18040,17372,24831,16885,21304,15530,21590,13805
24610,20616,28827,14599,25198,13537,16324,16303,23260,25339,19564,17251,26478,21605,12457,21240,17341,12966,19119,23294,17610,16704,22624,14706,19263,18759,17127,16703,19161,18404,22699,25226
17067,17645,19533,13566,22546,20109,25084,16048,20083,16277,26576,20414,14330,19543,27480,25515,16918,17386,22835,18520,15134,15355,23995,18144,27363,16652,21038,19340,24524,12288,20319,22655
21446,10566,26746,11444,17816,20024,22786,21064,22941,26159,19319,19998,22272,19097,23566,23130,21043,24792,20851,15630,19481,15106,20508,17895,21481,18377,19587,13454,19899,16224,24419,21106
15160,14031,21672,16113,26093,19277,25434,18048,29353,14698,16051,16808,23471,11611,21783,17707,22140,20958,24370,17142,21345,19673,23405,14791,19255,12212,22841,18221,23439,18885,35666,24747
16932,24199,19831,18219,31623,13458,20204,16067,27613,13987,22004,18657,21771,15186,29510,17205,21970,21527,17818,18618,18758,12524,19013,20312,25031,20058,26386,15916,17379,14455,26072,23607
22847,14678,26114,13385,28372,14225,13027,15856,26186,14499,23354,19038,22023,15134,17208,18887,17889,22784,28336,20291,23117,17510,24585,12938,18832,18887,19731,18250,22481,22251,28589,24658
20739,16601,10454,19461,23916,16752,22703,18534,26336,14948,29773,17337,25949,14264,20228,17882,25662,13347,13386,15647,18264,15707,28423,13368,22676,22968,16375,20403,22917,17625,22420,25916
23849,19193,19053,18087,24664,20446,25808,16757,21673,16388,23342,17401,17432,17183,22456,15452,23366,20032,25329,19651,24732,20529,15325,18340,15065,15137,26570,20384,22300,14775,17940,21238
12476,11821,30662,21161,27287,15930,19131,18880,29624,12007,22528,13812,26113,20089,20806,14314,29274,13267,21428,18092,27144,23442,13184,11225,20183,22130,17269,13753,21328,20360,17665,27312
25972,18501,23426,21023,31509,18874,23905,14300,26140,13841,13702,15910,19664,20156,16373,13772,23465,15516,29362,16019,24737,16570,25156,13940,28757,11619,24595,17211,22369,14641,15125,19458
22837,20289,27313,15864,17498,11085,18002,15044,23742,20390,15621,15108,26246,15228,21879,19914,28151,23898,22372,19559,23998,26130,15806,15453,26672,15325,23530,19073,29241,17087,22069,18612
17548,20119,16735,13287,24824,17149,22743,20487,23802,22997,21575,19118,27822,22628,20154,15759,14075,16812,30646,19592,29313,21321,32734,15160,15151,14943,17470,7846,15155,17535,23713,24453
25881,13149,14742,15466,22725,22470,20474,18239,23671,17886,16936,19615,25827,15210,20705,10699,26915,20270,28222,15100,22823,24398,16605,18782,17784,18843,24628,23096,22521,19105,16720,22306
14837,19198,23041,17288,19261,16714,25638,19695,16421,17516,21018,15507,17721,22068,20961,22445,20424,13382,30096,20287,16145,21445,22719,13881,23038,19992,22640,15943,18233,16548,26315,23178
22458,17468,25344,19091,21494,19642,24632,19060,22122,20448,20191,13611,22612,19015,12722,19577,16831,21343,21459,20157,23502,23106,24997,12040,25616,17031,21084,17565,28236,17272,22194,16919
27574,15891,20038,20572,24295,12499,19434,17053,23649,14584,22604,15700,27007,10808,22870,21797,22090,14897,21136,24978,20553,16497,12152,17561,27789,22649,22363,27156,20453,14492,17306,22520
27352,12400,22857,7304,26750,18068,21454,11922,24480,22531,21242,15325,21509,13359,28995,17346,18147,13457,23348,8774,28138,14429,28968,18023,21257,22550,32442,17212,22065,14187,23063,22475
22374,17033,25038,16214,21428,11079,25774,14159,24200,18019,22680,15470,26941,17406,15789,18709,26585,18813,17350,17567,24792,16077,20709,21998,22515,13426,18372,21745,17249,21506,24875,21917
21464,11163,18314,14778,24477,22308,28293,20175,16585,23201,17960,16627,20125,17131,25511,16173,23418,15314,18840,15726,27890,15320,27426,21838,27582,13786,19249,16461,30609,17544,25282,23267
23916,21018,16743,16995,21952,13778,18475,12298,27072,19809,10454,18940,20021,20962,23066,18746,33398,13399,29065,16565,21194,15476,22412,21999,25082,20527,23214,14784,15967,13118,19471,24765
24259,16877,19222,16784,21030,20364,18155,23393,24305,16048,24335,23065,16786,17643,20903,13823,15881,20891,26080,14890,16715,23521,23852,18026,23100,20020,22601,16321,27717,19000,18318,26471
30643,11468,24525,20216,23113,18275,19398,20654,21671,13159,20609,19200,29069,24894,22703,22819,20193,17448,22259,14732,28630,16937,19554,17784,13973,14473,20034,17723,16671,16455,16866,18638
17497,22333,18670,12494,14399,18958,18926,19532,23222,17930,20149,16818,16366,17582,13936,20753,23135,17798,29204,20015,21573,20820,20918,10696,23028,16561,29818,22316,37844,18020,26850,22140
15101,17412,24293,16551,22624,18071,11625,17263,13793,16904,26955,19877,22354,19989,24901,24047,23684,19322,17463,23927,20978,12840,30965,18872,22214,15576,16712,12759,24559,19668,25090,21051
17489,23701,24563,16518,16087,18600,20694,18498,19933,20782,16028,18457,20779,24632,17340,23315,19566,14561,21082,21501,16719,15810,17600,18746,16015,24679,22947,15407,21945,24468,19846,23266
21692,21508,17677,19866,20381,21518,18643,14220,21127,19511,22568,16266,19397,13899,21673,15541,27310,14926,16369,17091,21216,13965,26343,21873,23579,21855,22798,17834,15854,20656,17964,20319
17830,18980,26213,13488,24523,25919,24022,27214,17228,18187,12995,14540,22955,14030,22954,18181,26616,17508,19240,18220,27301,13897,17980,14534,17709,23961,20709,16528,20239,20473,18457,24037
23961,17192,24263,15658,22638,22545,15765,20556,29496,14859,24525,12926,18088,14243,19430,17514,17603,23138,17060,16598,21842,23328,22562,19129,20167,22873,21243,18784,18449,14972,22022,21315
16581,18056,23135,17042,23344,9540,25401,21487,20349,18543,14933,18806,18842,23158,17418,21158,21797,21159,25611,16649,24885,15642,22446,14060,21421,20578,17784,19978,28606,16475,19468,22476
17710,16790,31084,18965,19974,14916,28996,15106,18320,12929,23744,17849,22424,27107,20721,23526,23862,14812,17165,19852,17176,13658,14442,11220,8398,20289,27778,23433,30402,16175,30324,23930
20968,18054,16426,12414,15904,13588,18623,25858,30774,13853,22422,19805,22729,19793,23600,15550,17729,19676,14155,21771,23267,13594,22537,16315,19984,21745,24017,19785,21633,16175,22220,22516
23100,13936,27483,18133,22444,20050,20903,19793,21361,16839,21929,14677,23644,19385,24561,20472,23813,17271,25924,15866,17772,20081,11516,17627,19071,13438,24529,24186,19978,18209,24019,21315
19728,14169,19984,16258,21575,16893,19694,18856,27061,22868,26606,21151,21788,21833,24655,14809,19555,17150,20546,20838,21234,18831,20714,18547,22258,10012,12346,21645,28291,14457,22365,21725
20888,17799,25040,14223,22909,17209,26514,23750,25811,20106,18793,15902,14312,18025,24999,19775,22602,13702,26786,19669,29254,21845,26404,16641,26273,21009,16750,13049,19650,13998,16304,23831
25515,18626,25974,17155,18959,13754,18866,13781,21997,16423,34761,15710,28277,18742,30542,13822,33889,23336,22235,15972,29961,16132,20323,20717,14766,15970,15989,19281,15002,16625,11713,21503
31880,18458,19833,20020,24532,17661,17909,19482,18717,17356,24067,15385,22864,20473,23352,17374,20571,18984,17246,15808,19326,19183,24074,21607,23853,17884,16511,19471,23112,14159,21977,23930
19352,9903,16931,19310,20507,20662,16219,19084,26548,16016,24215,18816,24864,12160,24612,22939,21366,16074,24098,17969,19374,17981,22254,16994,37460,23324,15771,15124,25631,20889,19944,22608
17420,19496,21045,14118,20621,13396,23233,13392,13746,9089,25130,17212,24080,17354,16392,16587,26309,21739,31234,23621,29585,22644,24118,18031,14328,17927,23607,17947,22780,20481,23110,19329
37136,18409,19931,23283,23531,12455,20693,17156,26438,15786,24992,15393,25072,18490,22923,21048,18641,18053,14399,16364,20249,16864,20075,16379,15920,12301,21609,21049,20674,13507,17829,21645
13275,14442,21706,17763,16346,19957,28992,18051,22662,15425,16572,19982,22342,17041,24078,17945,24561,8929,23611,19475,27650,16899,20640,18590,20386,18827,26379,21898,20885,16118,24922,22722
20229,17667,16013,13704,23173,17733,19702,20543,27619,16380,23135,18738,15353,20508,39628,20369,14715,18728,20773,22273,22814,15579,16063,19842,24536,14302,22145,20855,23852,21216,22416,21114
10844,17241,26672,14766,22939,15338,17461,17285,25874,18402,13853,18906,22156,19916,20155,20976,22028,15262,16508,22210,23199,23375,21489,15302,25289,21080,21702,22591,19845,19269,15942,22730
25581,19226,18919,19361,25004,20551,21381,15911,23776,22268,18765,15041,27769,21620,18430,17439,17947,20886,21273,17469,20681,13968,21890,19423,23396,18936,22916,21507,17980,14369,19108,19868
17924,25893,22113,21320,24980,26385,19183,18526,21124,18702,13546,18465,26979,15923,22944,11396,17158,18065,26713,20322,18355,15955,28400,14257,28743,18007,18157,21452,19303,13158,20321,20052
25828,13250,18942,22978,21384,19624,20718,18276,20299,21369,21817,19953,24757,23796,18740,16398,21960,16184,25743,14953,19891,20823,22012,15608,19004,14414,25057,14213,28230,19399,14906,21584
21688,17747,27272,25553,21200,16485,20426,21895,21072,20349,22387,17094,25389,16730,27554,17313,20781,14129,17153,19052,20682,19674,18835,17077,16526,17170,18098,24212,24229,14464,22723,21653
24233,19168,25330,20118,21330,18395,15754,18225,23478,16709,20674,18487,19587,18583,17275,19723,31665,16180,24630,11553,13703,21245,26936,11723,15393,20628,28039,14779,19090,18312,25976,21834
16620,18374,20721,13904,18975,19111,27716,11111,19893,14390,22128,17141,21196,17434,21495,20815,25437,15127,21194,17140,24917,9042,29523,14232,28349,27647,21005,16650,22867,14784,15110,23039
37330,14845,20505,12791,24171,17079,14805,24420,26136,22626,21447,13633,11531,17847,16821,20109,24060,19209,22769,17300,26843,17734,18490,24298,22974,16055,20919,16958,22283,12192,26500,18300
21829,20488,24883,18852,29202,14848,14646,20143,23483,21709,26880,18878,26365,17653,17721,23372,14902,13216,18050,17074,14342,17371,29056,21246,17720,18338,22621,20744,18329,20870,19399,19645
22176,13695,25958,15980,20074,20707,18185,24828,25825,21189,20046,12587,26790,18753,18373,21402,20445,15687,15333,17263,22669,12070,26656,20273,16483,21682,20236,19159,22169,18129,21765,20466
14148,15163,22912,18793,22248,19323,17287,16970,21403,22129,28282,19908,13147,18655,22206,24804,19309,21650,29008,16908,19480,16495,24548,16058,17294,9176,20102,21272,22016,24598,18121,27366
19082,11220,16746,18922,21041,10392,23082,16249,19108,18030,29152,17354,27861,15090,20405,18948,31024,18804,17527,16593,13092,14900,23889,25112,27867,14661,22268,18588,29583,16073,22444,19359
24448,12429,27699,17339,22846,21484,17913,17684,27287,22235,15730,14027,21661,20860,17392,23221,27975,26542,26610,20743,15184,19087,14523,19354,22779,17010,19748,16874,17384,17247,19910,22899
24537,16770,24066,20143,16008,14263,20594,19823,29434,16594,20607,16960,17342,14609,29859,15623,23189,24531,30121,19953,23645,13877,29370,17678,19086,16153,23094,20219,17009,23786,27574,21443
