4892,139,33001,9860,37289,2280,14565,28,27993,1823,8495,7279,8172,1417,51005,8,438,6,15316,700,12339,149,36345,4,5807,8,4870,138,4653,12,7832,1617
649,128,39826,128,47528,60780,16275,18,33302,127,11393,4,769,3320,60563,8,415,4,18155,454,16386,151,45972,4,348,6,199,132,125,2,1013,2099
576,130,40388,128,48689,61544,16768,18,32789,129,11037,6,644,3432,59300,12,434,8,18266,182,16976,394,44139,0,248,10,197,145,292,2,1484,2153
603,128,42043,128,46954,62968,16075,18,32397,128,12994,2,818,3364,60225,4,387,0,18272,128,17722,772,46155,2,250,4,125,137,149,2,1244,2274
630,147,42451,130,48823,63016,17197,18,33115,139,11424,12,601,3290,61562,6,408,8,18387,154,17801,542,47428,6,252,10,205,144,233,10,990,2191
562,246,40577,178,48802,30898,16605,105,33242,12269,11632,32,712,3603,56880,1797,398,14619,18945,170,16039,3352,42451,544,412,32,186,164,145,30,971,2279
548,134,40405,126,48078,55,16673,8,33210,146,11205,4,544,112,60381,3443,398,61478,19013,137,16778,690,46345,342,238,4,157,148,145,4,975,2130
541,146,42052,141,49592,2,17514,22,35181,146,11776,2,497,150,59850,3291,379,58663,20574,5296,17225,138,45216,74,230,552,128,160,123,16,820,2278
533,134,41346,198,46892,92,16061,18,34005,130,11745,4,544,141,62409,3096,383,29870,20484,31585,17701,151,48815,8,238,386,133,142,117,6,820,2122
545,136,39584,492,48322,146,16586,22,33567,130,10061,12,652,0,59962,6,402,7659,19450,38384,16752,7289,45815,5231,234,5399,175,134,121,6,770,2074
570,134,39548,428,47900,338,16463,474,33171,126,10584,2,731,2,59584,6,407,5,19242,138,16070,150,45247,3458,276,61056,200,144,152,4,835,2117
554,136,40614,268,50053,167,16905,406,33541,248,10522,6,418,0,63096,2,390,6,18751,139,16861,134,48267,3513,263,61806,124,142,140,26,801,2154
577,144,40411,273,47852,74,16407,22,33050,628,11036,12,485,80,63332,6,413,8,18789,142,16626,157,49476,3705,241,60904,128,151,143,36,531,2102
556,140,39196,214,48172,50,16416,16,33866,346,10454,6,484,148,62575,2,390,2,19598,128,15602,126,47860,3649,240,60529,118,126,126,4,860,2107
535,154,40132,130,47025,721,16333,18,32279,924,11390,114,595,138,61974,0,439,12,18479,161,16590,150,47862,3336,305,60768,164,167,150,24,1054,2133
566,207,39500,371,46591,323,15984,5239,33579,1150,10758,153,835,170,62307,58,411,26,19973,440,15808,160,48789,3729,322,54882,188,354,152,128,1018,2076
650,152,40059,163,50199,256,17227,5054,34526,227,11064,13,801,164,63478,4,395,6,19408,180,16144,157,47901,3340,250,57247,131,158,125,12,1126,2189
595,153,42944,134,49046,600,17228,53945,33254,960,11851,0,809,166,59964,6,426,8,18530,140,18276,182,45152,3440,259,9328,125,131,155,30,854,2222
575,144,37405,126,44046,142,15090,55314,30503,446,9731,2,678,152,61107,0,416,2,18198,128,16055,150,49029,3750,254,2,140,130,126,12,786,1967
544,156,41636,131,48104,104,16640,42914,33275,309,11456,98,509,170,61500,4,387,12,18858,138,17740,130,47115,3480,252,19194,130,134,139,12,610,2162
629,140,41781,131,47028,16,16197,147,32034,22260,11739,402,693,178,59365,4,388,2,18321,132,17767,151,44365,3440,281,17867,164,21104,169,16,1334,2148
587,134,40687,130,45920,20,16092,140,30511,7229,11245,218,742,151,62375,30,366,10,16973,138,17174,133,48447,3422,271,0,119,53334,121,4,790,2090
642,137,42386,136,47752,20,16394,186,32353,146,12485,595,678,26,59019,161,405,4,18164,138,17739,158,44558,3400,268,12,119,18671,159,44222,1030,2241
684,132,41219,128,50396,26,17463,458,34393,222,11420,810,766,0,59265,166,382,2,19519,128,16152,128,43444,3066,266,0,119,126,211,64031,991,2250
593,146,41845,129,48389,90,16520,64,32657,293,12483,244,754,2,55395,104,407,6,18281,134,17227,151,39426,3238,243,4,165,21791,140,41913,865,2238
597,1120,40352,1114,47871,195,16491,86,33640,340,10835,350,921,150,60273,1047,460,30,19635,168,17146,25023,45006,1834,257,1439,209,158,185,33119,1251,2182
599,644,42669,1856,48494,94,16871,64,33241,286,12429,236,629,2,57951,102,406,6,18914,142,17797,58704,43012,4924,275,10,124,130,125,758,539,2226
808,132,39593,3407,46945,172,15885,64,33631,282,10748,212,893,0,60764,170,350,4,20127,134,16416,129,45912,59991,234,0,123,131,220,6,901,2119
584,147,42699,145,50344,3378,17467,70,34668,658,11602,930,420,2,61911,146,378,2,20066,130,17683,130,47024,64133,254,6,105,130,164,8,429,2240
594,138,41267,131,49835,3329,17182,80,35323,298,11469,148,562,94,61713,156,395,6,20371,132,16720,126,45633,62889,274,0,203,133,231,6,742,2195
611,138,41547,152,48570,3448,16804,64,33311,288,11958,16,445,424,59487,158,387,0,19029,128,16984,128,44748,62869,266,2,125,128,119,2,618,2209
581,136,42155,128,47422,3575,16285,68,33653,308,11981,18,624,618,62546,185,405,43,19824,140,18302,126,47444,33244,228,29268,97,156,125,4,890,2196
682,142,40592,152,46713,3406,15896,76,33388,292,11219,18,563,274,60368,71,418,96,19812,134,16939,134,45541,6,243,59949,103,138,151,8,718,2112
538,132,41749,126,48105,3332,16406,70,32390,282,12543,40,588,404,59853,0,417,108,18123,197,16942,130,44713,8,241,63310,127,126,117,14,825,2246
586,147,41761,156,48440,3307,16885,70,32496,286,11684,44,774,430,60431,10,438,6,18123,214,17575,198,44383,2,226,1018,125,670,106,61043,1161,2176
548,209,39842,2396,47867,3546,16557,147,33743,190,10895,190,511,541,58909,231,412,148,19378,1910,16180,305,44137,59,246,29486,196,311,132,27575,877,2126
569,153,42062,153,49763,106,17082,78,32587,164,11991,165,889,458,57746,19,385,12,17622,2189,17434,1437,42316,7,232,63961,96,146,153,14,779,2248
527,140,41141,132,48170,170,16788,74,32984,158,11449,130,550,394,62926,8,411,4,19002,134,17024,3619,48315,4,230,41641,113,130,134,20087,642,2175
542,140,40275,155,47957,0,16537,118,33431,164,10616,164,493,464,57943,9,390,10,19571,134,16663,626,42844,2831,230,9,134,132,125,60607,603,2116
546,140,42237,128,49238,4,16994,76,34207,161,11948,158,424,382,56919,0,354,6,19820,132,17250,269,41341,3224,240,0,130,129,120,63735,411,2243
603,139,41353,155,48506,2,16895,124,33670,150,11870,156,713,438,57431,4,398,2,19419,132,16969,235,42738,3493,278,18,161,142,123,62787,543,2186
604,136,40160,132,46775,34,16001,94,32724,160,11214,162,495,394,63149,8,401,16,19041,134,16421,300,48213,3560,253,4,122,171,109,60608,575,2120
586,142,39599,154,46768,2,16037,181,32228,148,10832,148,646,392,59356,10,361,5,18248,132,16763,173,44900,3446,264,2,131,128,141,59708,688,2100
605,136,40452,761,48203,12,16586,120,32734,161,11196,176,627,672,60835,11,391,4,18544,132,16581,253,46126,3224,269,6,139,136,132,59873,604,2139
558,153,40688,51871,46020,6,15986,76,31875,160,12002,246,453,650,60532,4,403,12,18495,157,16963,278,46286,3196,239,6,193,136,194,8717,551,2146
575,2042,39185,2712,47873,32,16502,211,33074,191,10869,541,712,910,59234,68,434,48,18878,530,16227,221,43944,33928,587,958,767,290,168,23183,855,2184
684,3353,39368,141,47592,12,16494,114,33054,176,10719,476,482,916,57725,12,406,14,19215,152,15922,181,43262,60335,239,13,151,148,202,8,492,2107
571,2152,40863,1253,48204,8,16508,74,33475,162,11687,152,492,538,58690,0,386,4,19493,136,17147,128,43547,61812,229,0,196,130,298,0,545,2160
656,130,40052,206,45437,3559,15586,78,32705,164,11377,548,598,880,61436,4,406,4,19615,127,16780,128,47733,48843,227,10138,112,140,156,4,631,2097
542,146,42144,156,49563,3304,17495,74,34444,172,11697,166,731,538,57898,6,353,4,19484,134,17388,128,42145,167,239,63934,104,129,98,0,849,2244
621,55473,41234,140,48263,3194,16544,28,33291,176,11511,564,707,217,61781,796,395,11,19447,130,17427,134,47130,177,273,5496,258,156,166,0,1262,2243
631,57315,38653,130,46332,2622,16074,1219,32979,278,9858,164,1044,28,59932,562,360,98,19284,244,16426,158,45374,144,222,6,112,143,125,2,907,2145
576,59671,39557,142,48464,28,16672,3695,34324,198,10156,592,570,20,63454,1002,402,24,20144,135,16383,130,48585,146,358,6,102,132,128,2,810,2052
557,56458,41335,5684,48139,6,16445,3231,32971,184,11945,160,548,10,60692,602,388,22,18764,130,17249,128,45451,142,243,4,120,130,146,4,632,2206
545,134,41764,60796,48027,24,16557,3514,32927,185,11146,156,533,12,61440,198,364,62,18864,133,18219,128,47058,154,241,2,132,138,122,3,590,2157
724,160,42675,19943,49356,43,17341,3912,33624,1224,11653,106,892,53,61665,10198,426,8247,18496,22633,17737,159,46319,56,264,76,153,400,130,2133,766,2333
583,128,41440,131,47344,32,16330,12,33022,192,11495,42,760,14,60745,121,378,61721,19230,1012,17638,139,45785,2,225,149,109,140,125,3252,673,2189
545,130,40570,130,46910,6,16170,4,32460,180,11245,30,568,14,61076,206,383,60203,18735,294,17032,640,46868,0,217,155,100,128,134,3584,721,2101
711,2588,38623,131,44768,23,15555,126,30376,200,11356,54,681,10,57693,137,430,57978,17033,148,16136,353,44220,12,294,28,187,135,209,706,435,2046
