407,388,31367,12,33587,135,10992,332,26731,1,7818,147,371,2129,53778,371,336,106,14142,213,12048,73,39478,979,210,29088,1261,472,1570,6801,4406,778
271,281,35870,538,41006,127,13186,72,28996,0,9624,64,502,64,56014,2189,266,65,16143,431,13414,267,42128,487,80,20515,259,20522,166,1466,937,1005
281,979,37169,791,43630,351,14080,74,30229,476,9852,68,263,65,58366,1394,453,550,16867,75,14238,902,45106,3,65,68,146,85,140,42804,404,999
277,455,39473,1136,45151,726,14645,440,30981,359,10785,257,537,66,58840,64,282,66,16994,64,14997,1041,44086,1102,66,68,119,75,104,45750,847,1041
339,474,38437,596,45900,409,15018,200,30935,410,10329,1010,752,96,59140,129,322,27824,16345,924,14729,648,45104,2729,230,90,239,181,85,15145,1348,1037
303,130,37516,87,46818,833,15212,644,32344,453,9742,674,515,102,58013,65,273,19551,17883,25878,14077,1188,42966,2056,76,72,116,83,58,2,678,1066
278,64,36168,3,44497,651,14331,705,30206,95,9027,345,319,651,62288,63,262,66,16384,33294,13764,10058,48080,2236,61,797,108,332,69,4,460,947
295,249,38618,3,43961,520,14261,632,31265,198,10415,149,357,1146,60778,64,266,71,17709,66,14813,37901,47451,2233,69,6536,127,274,101,1448,632,1007
297,150,38494,854,44155,859,14297,907,30410,82,10727,177,498,526,58406,823,261,66,16511,63,14749,37913,43762,2046,58,6990,120,69,53,2,848,1021
281,69,37820,1181,45719,1234,14910,313,31186,46,9559,164,496,134,60017,279,271,158,16692,63,14061,18329,45418,2117,68,22901,148,3603,60,2,836,1009
273,67,38297,1126,45738,70,14916,616,30689,938,10155,177,610,113,62334,249,266,375,16341,194,14695,559,47746,2079,82,6756,139,4840,56,33685,882,1014
286,71,38874,16840,48508,185,15957,688,33628,1486,9720,163,531,73,60510,133,644,232,18492,64,14532,295,45256,2250,66,68,136,68,60,29837,855,1059
277,65,40253,47145,46705,1277,15233,808,32236,576,11193,161,418,76,59325,63,274,632,17714,65,15240,278,44547,2101,62,62,138,70,80,12,519,1070
333,64,40845,46402,45161,134,14828,949,28827,913,11445,758,434,80,58045,86,293,476,14808,119,15693,309,43706,2059,79,71,145,65,79,2,709,1064
291,1287,38921,19763,45992,78,15051,871,29882,880,10089,840,579,24142,59155,1179,554,215,15242,174,14878,812,44445,1386,116,91,189,93,115,37,776,1034
305,1336,37815,845,46270,67,15061,869,31118,875,9711,125,335,45122,59659,101,263,119,16406,181,14259,1370,44962,337,83,65,169,66,156,9,607,1006
290,64,39020,2000,47057,68,15385,921,31736,919,10352,78,369,21764,59850,24832,275,73,16864,205,14571,924,44950,261,67,152,117,73,82,10,404,1041
338,65,37140,2138,41770,66,13424,827,28760,619,10133,194,235,67,57910,20957,269,21765,15790,134,14617,889,45076,702,56,258,120,94,91,9,473,950
308,635,38789,2076,45320,78,14684,824,30449,539,10107,121,429,67,60725,67,259,20636,16176,24640,15063,70,46308,127,52,395,113,950,64,24,548,1025
324,531,38681,2273,47179,373,15410,414,31849,1642,9952,103,281,221,58955,65,271,30637,16996,14934,14565,69,43978,53,70,178,140,178,73,59,418,1029
341,155,38252,1503,46014,610,14916,698,31104,448,10423,217,334,815,58740,439,259,24333,16654,21161,14265,87,44206,4,103,628,119,135,52,2,467,1023
385,109,38990,5,47242,548,15321,1081,31153,997,10048,487,433,176,57847,1498,250,36211,16143,9593,14951,99,42472,17,118,150,142,297,57,101,629,1029
317,147,39735,1,46128,64,14986,3,30428,2089,10531,373,528,146,57689,603,262,9113,15893,37921,15315,1237,42835,11,56,70,111,129,51,251,437,1055
335,129,40419,2,46801,65,15154,6,30519,1973,10882,65,472,66,58036,881,321,979,15522,46256,15370,256,43713,907,192,78,136,69,89,383,217,1055
319,200,38316,112,47094,99,15288,59,33043,2095,9698,693,619,87,58102,12707,291,372,18183,22084,14263,680,43119,11296,110,553,315,139,134,236,753,1028
376,95,37642,2,45130,63,14378,8,30876,2200,9493,179,506,756,60694,64,257,66,16501,64,14276,1745,45691,43171,81,1331,201,435,59,232,629,980
280,115,36365,125,44975,64,14511,5,30691,2289,8997,93,359,800,61238,62,257,64,16558,63,13935,63,47210,986,70,40789,175,3245,122,770,577,972
332,139,39049,274,47503,67,15417,5,32770,2196,10045,145,292,787,60026,65,287,64,18024,63,15292,67,44855,1590,61,29384,188,16308,159,119,335,1039
350,545,39075,269,47394,79,15738,7,32867,2003,10312,148,344,456,60139,364,291,64,18144,63,14788,72,45489,1388,63,73,174,46436,50,26,484,1034
289,102,38240,188,45914,1080,14858,23,31923,2220,10023,141,317,64,56611,637,266,64,17668,64,14560,80,41580,1471,92,63,172,17006,318,28175,188,1014
330,69,39102,76,46265,841,14996,18,31647,2082,10315,83,708,131,58386,1177,271,67,17016,64,14901,64,43452,1128,80,64,148,67,154,45900,454,1030
271,71,39004,165,44651,357,14524,362,29501,1384,10825,805,628,140,55622,668,300,64,15377,64,14992,67,41009,1572,64,73,145,67,79,45193,692,1036
317,69,38596,319,46379,63,15063,656,31694,243,10405,718,345,429,58050,738,302,487,17261,357,14418,66,43021,1083,93,62,123,64,82,45733,515,1017
476,69,39159,255,45367,65,14849,308,29962,346,10544,514,511,63,56067,63,258,70,15634,2233,15145,74,41348,1466,131,69,135,64,116,45322,631,1033
368,157,36588,160,44350,93,14426,188,30164,1336,9597,164,272,788,60722,4024,269,143,16584,2322,14388,15990,46710,1682,81,13168,155,112,69,8997,449,958
300,118,41320,2,45663,64,14923,4,30321,25,11865,174,325,377,56647,3797,260,1902,15844,20681,16176,1859,42183,1280,74,1725,116,20746,67,181,357,1077
266,455,40165,6627,45135,69,14786,2,31058,43,10614,177,440,135,62189,252,242,146,17122,62,16292,7684,48032,1942,80,23761,136,8759,90,1239,564,1028
292,848,40348,37782,45895,374,14831,51,30414,166,11214,123,300,218,58012,197,257,387,15986,230,15585,68,43005,2153,71,8689,114,65,83,1397,526,1075
297,76,39692,5,46321,70,14857,697,30523,1096,10916,6900,350,146,59497,63,251,135,15901,245,14602,64,44472,2058,73,31542,116,8419,61,816,524,1083
259,67,39086,4,46038,67,14779,768,30880,340,10247,155,675,486,60954,467,541,113,16425,292,14995,65,46108,2152,102,29215,166,15661,60,1185,621,1026
254,75,38541,36,45808,73,14833,565,30643,10,10196,183,490,32534,58913,148,292,398,16255,513,14276,531,43470,2236,79,13015,131,68,55,1343,613,1021
308,65,41263,12,47167,76,15174,67,32185,537,11625,251,342,9846,56432,19589,264,115,17419,227,15892,707,40854,2062,70,18143,144,68,59,1138,536,1076
289,70,38780,14,46101,73,15034,12,31338,4,10008,585,710,292,60536,24444,275,21461,16946,340,14583,620,45602,1231,68,1164,125,67,58,1495,950,1034
343,72,40258,3,45264,6389,14737,16,30833,56,11411,142,524,520,56024,17939,276,21908,16790,198,15991,618,41021,969,73,666,128,1554,85,1078,654,1066
411,102,37689,48,45058,262,14620,124,30332,237,9932,286,539,301,56721,934,558,17304,16126,2297,14381,5927,41641,1706,241,1000,166,16531,113,1283,712,3886
331,81,37381,9,45687,109,14938,573,31159,93,9231,148,402,99,62632,812,349,13134,16655,2828,14425,14491,47658,1112,106,2356,191,14204,137,292,494,988
444,152,37445,50,46121,95,14949,3,31590,3,9274,131,492,286,60710,114,254,530,17303,774,14232,5732,45619,1525,89,1749,229,39219,89,601,662,989
301,417,38179,257,43525,92,14130,170,30413,34,10837,135,298,928,61676,66,259,491,17041,812,14608,216,47402,1401,68,72,139,29115,84,17006,539,1027
316,81,38768,20,45262,83,14695,2193,31661,6,10200,135,297,216,58500,64,268,74,17653,691,15293,703,44362,1575,62,186,165,69,108,44209,319,1000
327,468,39099,93,45884,82,14891,380,31389,1659,10594,126,558,122,57846,163,267,63,16988,967,14929,296,42504,830,88,458,142,326,188,46013,732,1021
257,1281,39285,47,47173,91,15321,22,31565,1993,10431,74,458,133,58066,105,281,214,16798,164,14890,730,42433,627,73,273,114,80,56,46182,505,1038
321,1278,38814,3,46729,78,15259,32,30880,2002,9955,92,553,141,55547,64,268,96,15929,203,14450,564,39793,825,65,412,224,66,50,46187,630,1061
271,171,38171,35,45676,779,15010,18,31507,2164,9789,77,407,145,60085,90,258,69,17131,175,14425,767,44635,875,64,799,117,78,48,44824,596,1006
311,65,39024,2,44960,139,14520,784,30986,1988,10795,79,323,210,60570,109,262,385,16905,137,14768,676,46146,810,57,721,109,123,46,45600,343,1033
262,79,37946,706,46097,7598,14976,826,30119,1370,10395,115,354,664,56920,123,302,888,15545,202,14222,16874,41479,1119,183,1003,153,6342,51,13551,795,1070
288,684,37845,2247,46382,45361,14985,6,32232,6,9436,85,410,67,60419,86,261,510,17996,147,14219,64,45088,565,93,256,142,246,77,1643,447,1007
278,75,38238,2267,44344,13672,14366,1691,30708,13,10231,101,629,113,58335,65,263,264,17150,159,14640,66,43810,452,64,31044,110,175,49,859,684,1002
266,201,40394,2005,45889,35687,14893,10830,30579,801,11136,78,462,147,59670,63,271,289,16245,160,15604,68,44864,874,59,249,130,117,60,312,386,1056
264,66,39657,2121,45888,22583,14807,18024,30403,5530,10425,339,436,680,58045,66,265,182,16067,195,15629,109,43378,875,66,657,114,95,52,370,272,1037
