14158857,3277755,7313750,4560883,17090985,7222878,12281343,4675097,17767297,3615901,14079828,161115,9390028,20382361,11735904,2109008,16995796,7905147,20300632,7618505,19479971,5174260,14031816,1512968,10188054,2254677,10914989,699107,9023458,121745658,25054955,31020568
9608788,6051257,19560096,4328121,5850120,3970531,14906566,11877238,10153090,7385885,12933338,1827198,12582638,7369610,19877710,19705118,12862581,5164673,16505836,4954842,23740110,2588334,11865105,3463179,11812507,9293143,16674848,4863553,18813165,15822110,6694859,7658947
7457356,3630544,15846647,26150811,7712889,14044191,1314103,5875631,8603967,15891296,17644698,3101132,10687603,11659121,16669028,4562554,25647258,2270587,22480129,2300342,8590364,217697,12597412,11195594,13396871,15466132,5280375,6390333,11640529,7969496,5993525,8979051
7291546,18525795,1845147,12840194,7167962,80488,14983216,8052234,28223908,7617329,13967050,6738647,9639063,11886572,13612022,2726525,10212685,2045521,16653025,11540374,15255692,7688721,6207756,4044135,6455481,12900004,10932340,17861323,15930251,7238420,11668926,8228450
14954936,24114764,13893971,10578488,14427950,5877625,6676170,951696,10291953,10090383,5136265,8881436,14662716,9616759,3424456,15581624,9359068,1359580,7649636,13534708,10374020,29895313,8890913,360831,20745612,8248181,30255534,12789293,8213735,5003411,16959874,17736389
7461496,4853552,8493790,17089645,12251639,9139637,21488561,52798,10250092,23508784,271991,435052,10429200,7814198,386703,18417545,6247428,490812,216232,23359858,41656090,22806347,15309588,1582064,15835354,17016187,8568422,3055956,19369047,6568617,2459562,14773227
32410458,13724225,11777591,17966530,7640101,11623235,3050627,5582185,26203872,17256121,8078807,16044517,2955684,5754658,1603523,4415607,5750764,553182,4826020,13453636,5038801,3222817,3340994,19250513,13036953,15656110,23568712,10119392,8705508,8404173,6866589,7766680
2727179,9816516,5974009,1520047,8128410,3636914,7372925,14094246,9039785,18145083,10043212,20461362,10885066,10064289,21710667,20494882,12794195,19164048,202096,5557753,14638486,15151728,8816972,12321969,3567826,14981058,11276537,6973824,9665985,12552734,5850306,30229185
4182703,36483158,6235016,17630269,7852284,12902014,3254256,11129789,7482948,5589738,3574563,28274185,2689056,5841594,2757522,18002756,10449431,3320748,6568106,563938,10581324,6221620,27604210,13605930,9781136,9638890,13915796,7683136,16379019,12227319,2103676,36436989
16720708,40665446,26196032,13994655,6051208,2371403,3323180,10600850,4940502,19982439,2744628,11196030,4958314,7549476,7085196,3077889,870051,7877452,17084722,18733361,6995130,28016047,4007887,1381409,12651814,6399312,24223771,5943594,4618207,5972139,5620409,11213867
1897583,35324516,22158120,4547530,3332288,14748167,15509086,8148432,10120812,17142512,12690127,8503762,29815315,340428,12489481,3781789,1065182,15837300,293265,18314473,67304,19747650,13884965,14956507,1452430,9921067,13453594,21672642,5519174,51777470,1474280,1620962
1826810,16779268,2897785,15843923,5298540,29175209,2032581,4712218,789265,5976595,1365338,16213,35341508,3849217,15696739,1851848,1653042,7548927,3739573,31752124,18766866,9930840,16110829,20257841,16440498,14405761,12733482,9671339,6930178,9616138,1666441,21148404
5402583,27789878,8819727,7352418,25667,21791045,6404295,14437261,1193061,11001344,17727456,7569872,11101196,10317818,5388285,7277660,12599913,7165721,3927004,12717294,21282427,5079492,7512925,3567100,13327385,18993419,9468233,13325838,8598648,22149846,19163156,19865585
6006273,14256010,8686468,8953919,5473471,23828375,2152450,19075434,3290317,2005960,3606295,11108910,137980,10002575,8215026,14776350,24623169,4403548,5871770,14938341,11658403,4277882,8174165,14462099,1733484,7798177,17970212,2263668,17667553,21488224,6740527,36223359
7042473,8443065,8524082,10687557,24762331,9788439,15662416,8543602,8737873,3254275,11274112,23933722,6417118,23460148,15574931,9571611,5069980,19598467,11715871,8479936,7379366,9293550,14723671,3275796,12213334,15201236,2424452,31428812,15741837,11691078,8767139,2836187
420779,21546313,3354605,633067,16656215,6370432,8925217,12080376,19725905,12349419,9700579,13043778,167316,4169222,11480900,4562067,20639104,24469769,4808748,8999201,3513438,9528851,4946739,7116747,13835975,9860017,23354038,11658210,8418273,34960978,7017750,10725677
3859483,26674031,3785424,2604120,6989090,14180191,11702687,17587043,16360657,12344474,25483930,197060,31455403,5389221,8011244,14792616,1706274,16297054,7684458,6405392,11024035,22865050,8506261,7880804,7219165,19761980,5235565,17445230,7020138,3869996,12609206,9538001
18348743,13177742,9079316,11132156,14959236,22023284,3464483,16106567,5838835,13563843,25682481,1822815,11586427,6523531,2664269,19949994,2582047,10470323,138048,8139384,2342358,13306050,5023867,12762179,16248653,17751764,4146582,22158953,6434396,26607886,8572441,2806727
1639828,5887436,8748334,4584231,7200869,1213091,3748297,10474372,17219014,21689935,19882341,9420049,12878180,20703048,10778235,22588642,5237858,24109874,20518531,21562456,14800091,7016202,2907863,9491002,4678346,7834263,5391820,12178840,9043913,5801399,660483,7695885
17667241,13842978,9285257,15502846,7196016,14068797,3883642,33111,4267761,16605511,5907644,18899305,2044681,11639374,7237040,10591586,5373760,22073768,31607937,4551133,21872175,5404733,16316570,151903,8392215,3252634,1452978,22140342,10308023,17743325,2756412,13175215
3141767,4531924,8836050,19897666,720732,13223145,12914050,27856600,22529194,6208145,1664030,11238230,4855975,11737148,7244726,7755246,367215,22571673,8833805,4638308,38690396,11662517,1902563,4072901,8213234,20502080,15565567,6489464,10471463,9692798,2825795,16475906
5174800,4845902,10211561,5851389,15592505,16855101,3649569,10099897,17658941,13261442,1856400,28382810,12866448,23280576,4417300,2030326,4919318,19605961,17424117,13348474,11153257,7583781,18670687,6708290,3562715,15428781,427184,15598087,13615194,1485356,9916990,30506589
2261858,15677423,8861191,16155638,19287317,4391662,12175600,2804578,14863351,6394346,11456953,3546873,10932561,8096431,21714929,8371794,6612892,14392875,8950491,16902827,1091930,14480932,9613276,12762470,16815758,10092280,1141717,26085930,7333559,13580525,6351479,16502110
1667326,16122342,6630566,16167305,1394254,128309,16499545,6585406,3974419,14240729,8855466,32301861,19151996,533976,8411194,10504127,22763876,13932253,7917544,17720708,12571130,19135905,8688487,1177011,1962011,6581522,3453606,8212324,14410051,6632254,6978748,27927190
4889173,26160099,13655961,12555430,4509657,9883783,13796432,10786959,3762220,445211,14283146,10727235,10178026,9247334,21103426,17715861,10295504,11507736,5430927,11658110,10762538,15073127,6666103,7134659,16719788,24767657,11587599,21944423,3518469,13748165,6918281,8534238
6285402,14513951,7397867,13339185,7698238,7981561,13989339,6348855,9567428,15127264,5671662,8184275,668693,1780014,3943175,3305913,11163382,2256199,5951726,25250472,3259402,23858958,12135900,17401323,20025314,16927541,7601070,8136102,14729170,19696665,7319831,7433868
11083063,9740641,3215613,10276598,1781080,8018575,6163621,8864793,7624066,611297,7907084,23218875,2790881,3418480,6183496,35355035,2108294,2680332,1630691,15952328,33633336,17560675,24323392,16128835,15189760,7963771,30280499,14083080,673718,10885608,2000911,50724013
10447419,18818794,8040653,21057227,13205415,15216846,17683806,12812078,14698310,187534,11367589,8900331,5140950,19685269,4908508,17187742,9118595,249179,10620323,9772957,3363476,13350581,3283051,13854929,3789769,10836719,2047434,32325279,13171109,12035522,10121561,3205786
545605,3292572,8449578,12888754,11791509,19994439,10713681,15453532,17473785,6606378,4237925,1788352,4532857,29479260,8357617,18978417,15651244,6599629,5043401,21385720,5313032,19841429,5958126,1009979,7228175,15075581,13690766,7708790,15476694,19032756,4936800,3352118
4324488,21647358,10204117,23093683,3775168,27759284,9167206,9895676,12456591,6332086,27023714,12782096,6219082,20713681,9078123,5009211,14148578,15783674,14032202,1319404,5018219,5826782,6521882,8781404,3774102,7775622,6963311,11308430,12321983,11345054,4390062,25317472
5191789,12498,915361,31607893,6372444,15319382,21308345,19912592,21463401,6122550,2909925,13306394,1968834,16853104,16010979,8525511,164877,4375924,6706690,15926522,27071573,21494292,2671156,1086333,1040972,17134482,4663415,12304791,6782661,9834220,4408435,4946443
12911421,683734,3985288,10743969,6336617,11559577,9621171,4825029,5937372,15245826,18879947,16028224,17157497,10915198,8489811,11235239,500220,6906899,66269,10148507,26085554,19109133,4923902,25596444,1947367,1266746,3706758,15265698,2203974,9124202,11626254,37730037
17089141,20258974,12574804,12812852,2615147,53530,16244472,342626,17623314,23545401,3306525,25885490,6353954,9067050,10475840,19880675,13770530,1897236,57081,2728614,15108437,18345651,299527,6929042,10304626,6561824,10914506,15103925,5262417,13062595,8285363,17490707
13314268,27617021,1677892,6992360,105832,750424,18895972,15335771,2579472,12756773,6959735,7538360,2038044,9980194,2380936,15594035,1817395,20119139,6780633,12783422,2540558,3891279,22480046,11613457,24870884,13503052,22434002,16058918,13208021,15964534,3853544,9455711
20210145,17880647,17619646,13770601,10362249,1116274,6458510,23400433,8946781,18475006,4259645,15002638,11363340,10408484,16243538,6270516,6165032,10654520,1245648,23689387,6840439,2056449,5651287,2478972,11134841,27031097,29519523,12011266,9128881,12464541,6991163,24966735
4720068,19166970,1689123,23623612,17501377,18133960,18616280,7952971,13782163,14431288,19351124,14655,656069,20436585,3858922,9233717,42266405,2952834,21286608,11396196,5091256,8687651,7613194,644533,1156858,4365527,2568901,5581728,1931933,21945580,6227807,10600258
2771458,24874393,973074,14130965,4012970,15744099,22859667,15223368,8142231,12648607,12034816,13437931,5047352,24969430,1759712,4170515,1609127,3941607,24636503,11348787,10106389,4175282,13480700,20185402,16477701,6074051,15005378,3023723,5703570,6116610,5788430,28328915
2705422,28646854,26447173,8427187,13196828,14876997,7396549,15911678,252697,20388234,15447231,8524301,21222932,16613915,13512439,11073048,2327172,7760164,5983325,6148346,9413828,3294032,6174238,4352242,23650935,2944572,4704710,10669965,7496960,27126073,206997,10270706
2590406,23788795,16502862,13836445,4851800,9827772,26356883,17593265,6837312,1991096,8653330,6767137,11680513,8799801,3734110,26552069,7576393,23964289,10528238,10232201,13274319,13273488,8681271,8003254,185079,12086745,2681972,4541377,14083215,18162102,9686582,5609950
104763,10716377,16967907,8522953,1628631,1798893,19891930,15080312,5012939,909095,12518396,20304745,22532247,12458528,28546197,15650236,4215882,14877748,8219410,14514043,5149055,5634363,5657268,14825513,2515169,4139557,2878762,15073004,18827039,8579745,5702358,25806560
8719425,10364961,8207556,6458905,71868,17295135,7083986,4554794,5218858,12493512,14141003,4299965,21772602,8558551,6830028,11193746,10685558,18103862,71805,314588,3330532,11696131,17043856,13895167,3109738,15881577,6477126,22880458,25432827,31777404,11002507,19392155
14148804,586732,3461165,13463332,30303,7983558,113303,8193822,5187103,9989907,23832278,1024907,16464832,9960796,10922272,6505873,4529716,13510266,29067223,6451733,3437475,23478647,15803590,15411605,12844696,27029174,16900800,25157800,2901911,15288633,3987065,9789814
24873291,1555204,5013100,12087994,5509,403636,4443537,13362880,9500442,13840185,2504688,23694867,2452140,26415308,15144986,5144262,1933116,6879255,9853112,12961619,16415344,16453563,26198398,25745305,15252973,16880443,11943623,8974976,5828408,5726081,4722412,4173946
5196084,2694433,10205773,5411995,15034577,12597972,21763858,3786976,9301255,27408848,12556385,28535637,385680,10801179,843810,17672017,210195,29808398,11910326,4960794,2425698,24480366,734131,1674796,5498591,10598120,22594185,9704052,17274791,18421907,8945548,7844721
29243772,13600485,17932895,9233208,7598912,11422465,18349954,4508911,8819385,3551540,13397652,10320128,5141866,19268742,7838724,11413831,9924920,9898108,9993240,8633533,5280223,11439237,10987332,21335305,17935337,18846412,11471064,18199214,3528263,13510304,16749490,14373162
14485889,30779308,7705725,33743844,3180060,16597215,6907536,6379757,17509978,6105060,22960130,8704751,56999,15664615,1133013,8196612,8607450,20870505,4849896,12237514,7148828,5730578,5955100,1225016,9327978,493260,2823579,9693067,13463588,7616880,18334168,9824625
3684388,12738316,3268257,14543493,8055639,13296298,7464232,2865642,2524292,9296206,5336968,5927113,14620630,26355652,23304104,8507919,9741365,7685925,25857621,7604292,4499381,7545610,8888843,5530346,15645992,18895057,11454681,19484067,5304064,7733948,1117057,14987874
2095145,11388544,6422852,5365839,2957160,26866003,353623,21173130,11957084,12932659,14995215,9977571,4520063,9012823,2591806,12300086,6626381,3447630,15855089,20329378,88953,13970313,5549791,7467598,8827972,17812872,28087316,20857373,11436594,19624721,17171515,9082794
19666484,11397175,7664812,15019158,27880,6807591,13218689,19399158,10703910,14783830,3257936,5040818,14434910,18029703,5893377,13379128,7309693,11727074,22062248,10009560,12642150,15093882,3789211,8294904,9883439,4950156,9501366,14582219,3826238,12635429,11966406,6256880
334767,4048634,4611118,15410996,9488304,13314580,15606487,7871874,582311,2713715,15192373,27182988,3849245,24098095,3773519,15878155,9477926,18543115,9708609,20376982,16910908,5322367,6936983,581651,1545382,21722325,39524653,13042919,984286,3782325,4031572,4529560
8659585,4068038,8978507,9504439,149842,28198980,2799788,6255673,3052383,12587767,3101805,5784993,12582213,16786171,8599652,3376263,16768431,1144510,8134637,4498368,23014143,12792429,14679121,3830650,15790818,25997250,14242229,14837650,13860395,7909271,3437965,25805540
9159972,16625238,7455348,12533362,8095978,5779325,3570005,10318029,702033,3790133,10201444,5091129,90782,3038330,388363,17895830,21693314,3832685,11350970,19144134,23962746,13909029,6428207,6993467,25366789,14209073,28182736,13008220,7942626,5159149,22005735,8029290
17049816,15571959,13803193,20180165,4140274,7069676,23536630,26575939,17112965,26016858,13119782,3637156,5819337,5485925,2818544,7630214,6685118,579112,6384491,6024914,3177058,9678844,15335160,3614973,12562325,17855500,3848842,1958736,23101474,3885357,18335985,17283635
13017938,7300403,17959867,5962680,7351679,631544,4186178,4299010,21446011,25702117,17006509,4188644,13781161,15080771,24554657,304475,14055682,6523593,25774853,6394388,17920160,3098599,11753997,677697,14277738,5956337,13813509,9838091,14764332,2060562,17165744,16515089
14540451,4301439,7352497,2542041,6692791,6605961,3154842,5127701,1467100,9125594,9325856,7674170,10400069,14308985,4350991,7149140,14514355,14901437,23608644,16173200,26773310,28626133,15434292,17226583,29487029,2761543,4147370,10020964,15360578,7975129,17597778,3059107
14764368,929471,21499717,7073787,16971123,13846117,908495,5131949,13080855,25817102,1871736,9919569,12562555,7662045,8238941,5626695,16074791,10882188,10643990,7431391,13238776,13664589,16437019,18455889,20050010,6460714,19516213,5850509,6355868,17616182,10252562,1504452
11952420,2002336,13153787,13893553,19806047,12400,1472317,12472099,8449130,2835651,7225354,11809641,86918,13029708,3688964,7951866,21472976,3955853,18458136,33910367,12814234,14903721,29869281,12090573,9230491,5766895,22162438,12864706,5896287,2689336,15877268,7329059
14337050,16209331,14574219,18822881,5221598,8815353,9539262,23472901,7212496,16443307,14815146,12523597,74902,9551725,20836685,6038626,11835606,3504233,4278320,17786772,3189668,7137869,11957295,9273632,7968850,2378031,7718367,14895937,21414671,3362665,3680169,12208137
15979620,6428424,7308581,13342878,8544145,13504267,15633996,9729673,5556783,31689541,4267824,4341829,82392,6780305,12080550,13911196,5260547,13835257,6114965,1378424,20879579,13804434,10528065,7756991,22038432,10286248,9063304,22613542,8552408,8773819,6357538,16565175
