27224599,12438263,581255855,1397019,589934629,251392879,366083407,243585278,496930175,1882999,255391205,1646016,23377035,1149872,709084234,1388007,73071993,1218861,261632980,990785,272389946,591377,512964196,4535744,13552474,19878025,74993153,728252625,76009336,155271963,176634710,161970339
29088229,16726659,652389243,1348833,695815225,0,435735067,267769911,562788058,1223989,289809544,1244266,24407460,1064129,732761831,1402415,99892431,1176757,321102358,447336,285956215,0,532934510,5401275,28693231,2664878,41308111,836372002,28145339,277249507,62388219,129483629
36926093,8737033,645264460,7890844,695732007,3896355,415054614,310238816,547808151,1150871,281807463,1158804,27541936,1210413,718145830,1299429,98781803,1284535,316401441,299500,284061982,47847,546200074,5499895,11005395,1898023,15779182,842886559,44675289,295200002,65511857,85308572
26994306,2463367,652071336,1460153,686277391,15645602,414123655,293471407,549004755,39159850,302450327,2826097,32057748,8022194,725029899,174688190,99463038,55841065,322895282,32301,295178850,367281,552077887,5032168,27838317,1942019,15150355,829566829,25229608,70034518,52549385,48801382
25088826,3353354,664836000,1170453,707746403,12253098,436315776,303530166,553640251,1145872,292867221,1421923,35567711,1154004,747386469,1300934,93801255,81109163,322310542,231501190,286738507,239957,579833099,5082971,16649827,1914437,15078193,857937417,25236506,34126529,59220460,42624844
31421846,24724368,616310185,12863762,677538976,747249418,399261203,34039327,526608286,16938424,288362698,10306889,32898809,254150618,721507759,27062617,94404689,17382682,333668136,39735098,282268757,11759654,558612804,260367892,31638093,18128741,39710915,73532987,32612485,68676021,74429442,53862008
25102818,1156622,655444122,1229121,696744573,834878315,435506882,221432,544498081,2045053,282753821,1579699,29096144,252018882,748633524,50763060,93398343,12156924,307014028,4790420,285296037,1083816,558555599,168799773,27740960,146613728,14137437,44968,26288696,36234174,44223025,39536013
24978661,1304236,656763669,1255758,687342575,847033257,430204404,158480,571743520,1208011,283166904,1220966,27939212,1128978,731911568,37335194,101144616,47747242,307601406,227705183,283418150,11874503,553150086,1374313,30177319,13242495,15990846,324279485,32898737,49417968,50343997,34701391
24107646,1380617,662429321,1218394,708097873,859562633,411933361,141835,543761297,1153737,310013372,1223993,28992665,1162220,748622159,14297955,88873197,1282162,310749654,4198153,281428676,284137775,564323800,4276613,27033705,17052671,15560285,278041548,29493981,48096783,59459880,36026152
27370977,1984120,643393598,1506071,669328892,842207832,412119042,229184,540360307,1151038,309748644,1293483,22800020,1158040,745530821,14012074,108732537,1355047,315164973,3937024,297725658,2126113,567630297,15655885,11731552,285932156,18108566,312600276,41726431,37649366,62767684,44283621
24296220,1443286,667520307,1185915,712047129,840383460,419558021,13538,562543034,1163170,296836361,1243710,26824600,1190261,751430575,13954496,96504874,1326996,325766627,4266259,293686613,1852105,556498951,108363686,28584016,193102290,26430981,335840603,24895851,41831229,48272631,39279695
24919026,1279585,669544205,1194695,695253792,848677266,419789551,322057,544552246,1243499,309847500,1291237,26902528,1135432,733909390,13706133,113895860,1327596,308658347,4347735,295265672,1383248,558399668,186455855,23900054,116836584,16709130,311745751,25848015,34534458,75236319,51141871
23412935,12380984,669432891,2076489,698070197,846352848,410651055,0,544264064,1527523,279932663,1782992,26564063,1805160,778725170,14121085,77137082,1914923,308399991,4874972,282883738,709090,599708081,137128351,12772936,34345288,14107792,283118935,26339321,146568517,74113070,57196379
26470396,171017365,656752003,163637048,683494119,861197207,412264421,230074,539370968,1110129,319891894,1226130,19743287,1142116,730351005,13677595,140441864,1295304,309949676,2816572,293565518,111161,568638253,1167596,12263990,1187148,16041883,301843761,30574220,41190539,59874739,37902417
26081590,1183637,638760870,55127831,707659295,837818382,433828830,237155083,576873353,1144088,282807381,2051301,19912015,1125015,775372136,13063584,76432604,1276385,327269582,2850275,272205687,909697,598147583,1865473,20618291,1523531,15609814,298081591,28620998,44197184,59377223,40834398
54088040,38402861,667667646,32376696,678772362,188043295,416986426,45057796,556331043,25168534,300479264,13907143,30776846,39884683,725761613,287667290,100028965,142779613,333804007,556497316,298591885,26331097,546400117,14483133,20213740,11934115,21082170,48270139,39146737,96946062,44382057,215789963
39315593,1274504,688769979,2252517,692686169,129064,412828199,79232,537806057,1204709,317705650,1200671,22654356,1143141,727721131,343525477,141503798,11296788,308261695,844321619,309576282,1771160,544721123,1448253,10863109,1126769,14094290,35359,26679957,68090782,66489506,304549316
39735658,133750551,663733206,72652393,681002008,1645114,406235999,1120871,535753830,1196734,288050880,1154730,21895545,1147490,755372626,223556051,78189172,67072128,306104427,829554236,292699346,60659359,576717254,1224414,10740922,1178673,29073063,105109,36411534,48904183,57417083,126989082
38688342,240952882,654591978,62891784,676251355,69080,407784422,1884706,537264191,1202087,275874576,1143236,31837346,1130193,735518056,1319826,66049175,1207643,310781653,833061992,275129710,264054346,564036501,1137660,10718229,1084832,11554934,115235,30851873,44113883,79216484,37243501
37810289,57446314,667015862,82165308,708223141,168490457,436152619,1176427,547754672,1786164,288978177,1213334,21100531,1188316,744933785,1195780,107036032,1291676,322226213,857537800,292046533,239339945,558750008,103417949,16122933,1200303,16370140,98885,29172543,50615815,56072906,32279100
42862145,2946653,666973766,2620070,702900417,120027340,415321081,181957981,558211422,1263811,300414724,2523772,14721503,1551032,741907024,1538159,149652449,1148587,331728101,352601914,294195329,507163709,550208232,353790001,21258393,1168318,26921805,762587,28078881,41218376,75136506,52248295
28577454,1455216,666266179,1382048,693997434,229202516,422784511,69978041,548628388,2190302,293018179,3145387,24196508,1761937,741647495,1458265,78950794,1382177,311420431,19939,289730255,845975837,554588645,134908435,13417531,51599385,13186126,116052160,12364008,46511488,60638004,33835196
54552712,1514522,661333152,1269042,678056022,103885,415624932,296897587,552384075,1549817,312297281,2504430,31439897,1297638,729500386,1366051,86421762,1499684,305823106,318295,287147278,838512028,567712496,1323505,11021347,1072271,30596429,295300439,16965883,45206356,89888429,42465882
49426161,1381373,680428860,1128437,715734164,2048521,421027958,189014496,558682941,119737579,311011513,1244861,17207819,1224181,753894090,1248896,97630511,2672583,317445973,235329,301822100,851739461,568647431,1116236,14993715,1172247,12622919,298551357,14861911,42357404,53959827,33636648
42336316,146008372,664350864,1162753,674100258,2979195,418341186,999035,538125884,158370710,300470598,1583436,17897520,1164327,725254322,1282707,88352701,2507334,319565088,397968,293251103,837363208,561433419,1188973,29460945,1189406,15986520,292924834,17350463,54770145,69758307,37484446
50272497,54418021,667379317,35009879,701204694,169759108,423195927,11698417,551949097,81251867,292594878,27872627,17359944,20203639,731512776,12035707,140523729,11418375,324400675,13369058,298159033,851765725,557560571,12707874,27216945,13234450,23133989,85346741,34290309,196953409,50665564,128309106
42821096,2800318,674379654,1180521,709089091,304531121,443136933,575532,581041150,1742757,300379805,4583519,34921436,2110313,728563622,1408371,76585202,1227750,323715038,366593,297705018,849232722,523113965,1151308,21267282,1400159,18985602,1556481,16632028,59302551,91758156,341161415
42315800,125294156,669067037,78110911,712690446,302558617,414289007,742340,539485360,3519756,324307452,2258212,20370870,1516989,730355668,1330695,81583988,1176444,312645405,276565,299194740,861210287,538278418,1191490,14481186,1254795,19492101,2164266,17089447,61458783,56673302,119968867
64619188,5246622,663626158,80042780,710600968,282549308,434515851,5017774,560095315,8028646,297776314,258742603,20058111,4177080,735670181,4334194,86489919,3878408,329125716,3357385,286810439,851977342,545260325,3559453,18815346,3764285,13619104,4617852,16730889,46493583,56812043,51076433
31974464,1193483,649920956,1215595,684849765,146537697,421884972,142137648,543875361,1881863,298619199,241171837,17953116,59978171,745595813,2242008,113384044,1624710,311038794,324999,290679461,851682851,566455275,1178847,31531449,1165422,13566274,2236268,11870471,35904049,66220656,44746994
39462899,1266384,629181257,1177830,684916729,17386492,407113691,297762475,566872900,2377564,281421317,190864779,20281653,108368606,760939015,2004145,174012905,1986224,314428802,477741,279036375,569888984,575919746,258547027,20212672,1066169,18925240,2819573,20939688,45274908,59757527,34087059
29867422,1147784,667215479,1239067,705116243,850117214,410707437,317837735,527753024,2753543,309940677,157087782,23935668,148258892,728275366,1454510,106863427,1787393,311755672,232298,288804577,15287,560933051,1126248,23351012,1330507,21618635,2570166,17409410,52105264,54616065,34448523
24644851,1159046,627190833,1268867,698968787,854088859,437712401,336537697,550838320,2327361,293625101,75214943,43255363,229264662,741551127,1831495,81295678,1571746,306409230,370882,279321289,168304,559633732,1214586,12751990,1224573,12032777,2221735,27321674,41995945,76464545,32937028
29144044,14368361,652898627,2225729,719864533,858952212,455721455,283330791,555795106,2419630,269918719,1167610,27321443,168068143,749579394,133485712,91382751,1533280,321675172,227156,271276467,0,580113453,1180139,27767930,1100335,13281849,2157397,19153792,38141403,47441528,49900933
22441495,13251235,659226356,1264334,716268373,840680699,429000910,323093968,549386897,1948993,280702038,1594535,18185559,68928057,731688032,210984207,104159804,25886747,315329021,283568,287408179,64948,549721860,1542151,31429349,1891895,15339377,2243096,27059244,43092863,56091985,39168351
30516156,31865905,644663164,49638427,679657499,622473363,410962771,107535498,531863585,22821273,297028364,125515875,32182517,95473793,722598525,67821333,99026628,32150357,305089148,27954314,279666737,52368358,548905918,201030986,30081961,143185003,21360468,25962900,25409895,153698216,61628047,69045453
24860789,308596061,667616080,7346550,691279313,840257277,403524586,178823,543911660,2056045,303971689,1542225,26481683,1169637,727632031,1375341,78112121,1725456,309255116,508251,293463952,122790,539949432,74271169,11850825,227589025,29148951,2426793,15851396,66842093,65003113,34730023
31425508,142774620,675298104,93170803,690195987,846004384,418712042,123647622,560964846,1203267,301267827,1216629,25363792,1196530,742948585,1466714,236928998,1602802,321888469,933509,294794810,2696214,546016487,217191639,12608252,89624948,36887205,2228002,25761345,33803618,69540666,47569730
27559397,14811764,644424599,1164847,695532790,827168793,410169260,315953577,548329166,1319255,281263953,1184141,33918752,1154963,754895467,1280142,84135658,1789156,320841975,813387,275442621,4214484,575763338,119011939,11401609,139205669,27635698,50472475,13411036,42910001,78322840,46296661
23890530,16098654,644854325,1629779,694778151,849358315,396356923,267636417,535006925,1262639,291005057,1347512,25585396,1210317,724001081,1439117,97036533,1667909,312915488,872549,291585976,3739514,538495788,3682955,12797834,219016969,38599500,80179835,13094767,30375879,59470646,42863093
26442669,13412089,659473300,1157675,694690271,845503918,403329657,34933372,539141244,257339978,290267163,2487334,14602676,1122431,743007442,1303878,82283670,1584050,319332037,906681,287544255,3769449,563578648,2461103,10716504,1206508,38703153,295430808,23307030,43842583,35215752,51580154
24783758,17065584,650624951,13011558,679747288,467798448,423318424,373401218,558156939,242846146,302834377,108681845,14441078,1455070,733943513,1877774,87286093,2397420,312332235,791777,289032308,4730672,548529374,3198349,12662168,39662374,27007768,261502479,15979390,39506132,51845758,31721175
23676334,14080773,665785618,2700808,692373491,9371247,430523783,843661828,532576215,3328495,285517096,317116588,25859445,1570242,728985672,1355958,80723939,3490083,315103648,1409961,291979983,1474162,564231666,2524381,10077377,9155302,28753994,294864056,17234084,37750475,49160296,48099924
24903478,16959148,645760321,1225589,691958904,11899075,408584208,836010484,552917537,2200558,284608898,65618122,19232189,269085180,771629490,1404384,114597204,2277596,327069411,1697229,282169870,141049,600696542,2022681,10211061,22502461,25934390,183408494,18662016,117736903,62819959,51116382
30983444,14083804,658205492,1153890,688886308,9554407,405448779,712298387,553106785,1614778,312344769,147949442,15165593,326666196,732675678,1287456,105946272,1664544,324385218,2258921,304308139,1503346,565916059,2339318,23155562,3250211,27129852,2246136,18080252,299513402,36922886,61911906
33364306,34953868,656144921,35338797,675958273,520175500,408919090,172062053,565397419,55605971,292849669,133307604,59117721,130201376,717236230,173752304,204064955,31463817,326973395,216025004,286099343,19333180,540248782,26611257,26049268,52339355,39042349,12807486,24957323,99882552,56547635,62795184
25910628,14912164,652295728,1181615,689233386,843897681,413197181,292569706,550451775,1350785,286587158,2592735,16449337,1217700,745865590,1366975,77847837,1683434,340393693,262459051,290053187,310957,564822258,1628877,12833980,2178785,39510990,737495,19244461,32554875,70058717,39639206
31635186,20847289,650752306,248929353,700247979,24052428,435406937,8284114,557646334,301004720,294661545,9185726,23843686,584220623,737376427,1208801,76653803,2419152,335069310,317186704,280373512,1498660,548320141,2794415,9863375,2986859,13404292,1120701,26347859,53254865,73973294,46182091
29794144,17595070,680823548,200073429,696238833,13009074,442861596,0,582537216,114235137,319907765,4629697,25778272,341417226,747475968,516328046,88566972,1545812,333243893,322143621,303367778,3817499,541451742,2303443,10479581,1202972,28753739,26799,27405714,38676918,50521603,38657167
35314955,17429969,664537265,42383750,694630231,257274554,416956678,17819697,545300662,1327114,299029398,5162314,18313650,1243043,722040759,139981056,71006342,572746279,307316121,393036938,285808173,57551528,532927681,1978807,9976318,1583473,27456851,120052,18915969,53952467,62817193,40097574
20487583,17421063,665283931,1137218,696106196,296548444,425654227,11991402,542419908,2082679,301284370,4725246,13978830,1401752,741550857,1252529,64174784,1413608,316464713,850695701,292987220,307904307,551237009,1746913,17910986,3256589,33046169,4027563,13934012,36463640,34146114,44210766
22649289,16509817,638604187,1522779,694453457,298491680,432449743,13021485,553100167,2767331,284015503,4174483,23415799,1973944,735890302,1363861,76683201,1458186,314704282,851714651,288989307,307325622,538103503,1679732,17021263,2030139,36396096,3452607,13696975,43162972,38693664,41556767
24359549,16771311,642410652,1286089,672858348,293417713,419814633,12887415,565080103,2403406,290242084,3754874,20574744,1189274,752699678,1289172,93603586,1217563,324450032,837558003,279874373,320132296,579939316,1716180,11270547,1186876,27962827,3201112,16655656,42617354,54827774,48774449
27941367,13532849,644849910,1333578,682117460,293085449,429916728,9921085,534713581,2354954,280397961,2795562,31648894,1173123,765177881,1269943,94416109,1209654,307246910,841743070,280921869,294034679,580525197,1875808,18189544,1220025,23322551,3534789,16227095,40881388,56781437,32078696
24941118,16020593,656591890,1249303,699064448,289158353,433599642,22503256,560599059,2538779,287598755,5024413,19117942,1242038,769594161,1280139,100150222,1166266,322666724,844017881,291941640,327631782,603346459,1678957,19139764,1229593,28890786,3913615,18447601,48112824,42218103,48300389
33401575,38794939,666894947,27426153,672670867,109893913,420991606,22863212,538923923,19280408,301032029,27565326,58129519,163043095,734707748,13827547,271900417,12757242,318555240,323753952,301270770,153385784,523843163,403233350,22682023,151460587,62866116,239498261,23095614,37720671,64582681,50328322
26514193,13651737,652304816,4552607,688209939,829665,410924277,9544101,554695648,2544067,294908767,3433382,30511064,222111912,737276680,1338629,83472481,1427874,297650177,34257,290773220,42170,550622373,74823938,14248464,534999889,29658904,306377735,18447531,61575083,67268627,318429875
28555038,277718676,684417707,18954662,712186706,1313779,419916804,12269213,559366555,4046152,316982473,2613402,24121509,187617263,749989507,29548831,81148078,1307639,316119422,13063,297598263,9789,549925771,95332038,14507789,1160619,25208907,366513168,22377760,48370872,47934472,585281692
24156001,135191467,645409192,233136173,685956139,486198948,422697376,12459844,548880375,6505270,286571756,1429239,24391558,163515893,713526573,133236139,69464352,2409326,313286762,26927,285937426,0,536691936,1279132,12641356,1139732,26984272,292018195,14572146,44273204,74288293,43234224
