8202285,36178318,4308296,6506209,3914222,5471227,3641406,5382526,3762261,4784179,3794976,4729020,3878747,4310094,3915825,4352515,3241179,3935538,4232497,3958975,3960851,3946546,4551424,3957834,3676540,3988708,3705313,3957977,3734109,9934890,3802549,54591012
8202528,36178597,4308456,6506422,3914309,5471433,3641444,5382753,3762341,4784420,3795040,4729188,3878871,4310251,3916007,4352723,3241203,3935784,4232570,3959216,3960883,3946729,4551696,3958096,3676593,3988876,3705337,3958183,3734176,9935043,3802629,54591170
8202732,36178879,4308590,6506711,3914407,5471651,3641476,5383019,3762427,4784708,3795106,4729435,3878962,4310537,3916228,4353039,3241281,3936042,4232654,3959422,3960906,3946988,4552093,3958313,3676619,3989153,3705351,3958422,3734203,9935254,3802645,54591349
8202927,36179165,4308731,6506950,3914486,5471934,3641495,5383271,3762520,4784943,3795156,4729680,3879078,4310774,3916454,4353306,3241340,3936324,4232758,3959658,3960923,3947243,4552308,3958612,3676619,3989374,3705423,3958666,3734203,9935485,3802649,54591588
8203144,36179480,4308846,6507224,3914591,5472167,3641535,5383515,3762607,4785168,3795229,4729874,3879146,4311046,3916629,4353556,3241432,3936581,4232868,3959887,3960948,3947475,4552584,3958865,3676666,3989570,3705526,3958911,3734298,9935649,3802715,54591746
8203356,36179707,4308984,6507490,3914670,5472410,3641587,5383801,3762716,4785414,3795302,4730150,3879296,4311327,3916854,4353790,3241462,3936845,4232942,3960157,3960976,3947759,4552872,3959141,3676699,3989833,3705539,3959180,3734298,9935854,3802715,54591963
8203608,36180029,4309127,6507733,3914810,5472653,3641613,5384058,3762805,4785677,3795351,4730462,3879380,4311590,3917062,4354025,3241543,3937061,4232987,3960418,3960998,3948020,4553131,3959365,3676717,3990079,3705603,3959436,3734374,9936118,3802737,54592185
8203767,36180359,4309260,6507989,3914934,5472951,3641657,5384337,3762890,4785975,3795409,4730668,3879451,4311837,3917277,4354276,3241589,3937379,4233056,3960655,3961024,3948331,4553350,3959675,3676722,3990372,3705603,3959697,3734377,9936360,3802745,54592439
8204030,36180624,4309407,6508193,3915049,5473083,3641700,5384513,3762956,4786177,3795460,4730857,3879546,4312111,3917424,4354456,3241671,3937585,4233142,3960871,3961099,3948482,4553563,3959860,3676868,3990527,3705721,3959891,3734550,9936543,3802899,54592532
8204229,36180912,4309546,6508420,3915160,5473326,3641738,5384713,3763045,4786337,3795517,4731020,3879683,4312374,3917638,4354636,3241770,3937779,4233198,3961086,3961132,3948679,4553686,3960064,3676911,3990700,3705836,3960098,3734617,9936734,3803016,54592677
8204451,36181200,4309659,6508710,3915248,5473577,3641785,5384904,3763147,4786553,3795579,4731242,3879767,4312579,3917836,4354838,3241869,3938025,4233244,3961303,3961157,3948904,4553976,3960294,3676969,3990936,3705934,3960308,3734712,9936959,3803106,54592892
8204764,36181440,4309834,6508939,3915350,5473762,3641821,5385130,3763237,4786805,3795634,4731441,3879847,4312777,3917987,4355030,3241912,3938201,4233300,3961452,3961187,3949134,4554163,3960489,3676993,3991203,3706103,3960556,3734829,9937134,3803264,54593043
8204927,36181759,4310000,6509238,3915446,5473978,3641870,5385378,3763313,4787083,3795689,4731647,3879902,4313001,3918181,4355257,3241932,3938389,4233342,3961643,3961206,3949360,4554459,3960749,3677041,3991493,3706217,3960807,3735009,9937326,3803414,54593222
8205164,36182064,4310172,6509490,3915543,5474257,3641909,5385629,3763389,4787281,3795739,4731929,3879930,4313227,3918330,4355487,3241977,3938642,4233389,3961926,3961230,3949618,4554694,3961003,3677093,3991779,3706328,3961083,3735189,9937536,3803593,54593419
8205364,36182339,4310336,6509799,3915669,5474432,3641940,5385831,3763483,4787507,3795787,4732130,3879998,4313451,3918550,4355730,3242002,3938865,4233464,3962175,3961250,3949804,4555041,3961208,3677109,3992040,3706346,3961319,3735222,9937732,3803756,54593616
8205583,36182597,4310484,6510055,3915757,5474737,3641963,5386091,3763561,4787743,3795823,4732386,3880140,4313661,3918696,4355986,3242027,3939100,4233510,3962393,3961276,3950062,4555218,3961480,3677189,3992279,3706397,3961589,3735358,9937966,3803831,54593814
8205790,36182882,4310640,6510250,3915860,5474957,3641992,5386332,3763645,4787946,3795868,4732633,3880218,4313875,3918880,4356189,3242064,3939329,4233555,3962604,3961306,3950284,4555489,3961705,3677214,3992506,3706482,3961775,3735500,9938160,3803916,54593982
8205962,36183150,4310766,6510538,3915974,5475216,3642026,5386611,3763752,4788168,3795919,4732882,3880374,4314122,3919131,4356399,3242133,3939564,4233608,3962864,3961328,3950508,4555967,3961943,3677214,3992749,3706578,3962052,3735570,9938368,3803941,54594190
8206205,36183481,4310908,6510741,3916075,5475474,3642059,5386881,3763832,4788404,3795979,4733175,3880455,4314388,3919301,4356684,3242160,3939819,4233663,3963116,3961354,3950718,4556187,3962148,3677216,3992968,3706759,3962289,3735694,9938620,3804014,54594368
8206334,36183819,4311085,6511008,3916183,5475739,3642089,5387143,3763932,4788701,3796043,4733423,3880497,4314654,3919505,4356978,3242183,3940119,4233748,3963427,3961404,3950954,4556514,3962383,3677244,3993258,3706784,3962546,3735733,9938868,3804091,54594604
8206529,36184173,4311236,6511248,3916299,5476014,3642120,5387386,3764013,4788971,3796111,4733690,3880585,4314949,3919697,4357223,3242222,3940327,4233791,3963681,3961442,3951232,4556735,3962651,3677250,3993526,3706784,3962785,3735733,9939100,3804193,54594836
8206700,36184481,4311329,6511485,3916403,5476312,3642159,5387652,3764103,4789255,3796173,4733987,3880642,4315232,3919900,4357492,3242320,3940607,4233851,3964027,3961474,3951508,4557003,3962899,3677251,3993792,3706784,3963038,3735734,9939333,3804193,54595096
8206838,36184828,4311452,6511757,3916528,5476624,3642192,5387890,3764175,4789541,3796236,4734325,3880734,4315522,3920119,4357804,3242335,3940835,4233919,3964321,3961486,3951818,4557261,3963188,3677271,3994084,3706796,3963303,3735745,9939610,3804211,54595344
8207011,36185129,4311569,6512074,3916624,5476919,3642224,5388169,3764264,4789849,3796301,4734631,3880759,4315835,3920302,4358090,3242359,3941121,4233957,3964552,3961514,3952112,4557502,3963515,3677271,3994428,3706796,3963584,3735745,9939890,3804212,54595563
8207238,36185418,4311702,6512311,3916738,5477143,3642291,5388370,3764336,4790065,3796351,4734901,3880850,4316104,3920486,4358346,3242420,3941293,4234016,3964781,3961531,3952318,4557767,3963721,3677426,3994624,3706864,3963829,3735903,9940126,3804300,54595769
8207415,36185724,4311835,6512556,3916843,5477450,3642324,5388613,3764411,4790345,3796413,4735137,3880927,4316354,3920656,4358592,3242469,3941536,4234087,3964999,3961571,3952557,4557979,3963982,3677426,3994864,3706866,3964034,3736091,9940384,3804469,54596034
8207574,36186038,4311956,6512864,3916947,5477781,3642363,5388881,3764496,4790617,3796481,4735383,3881074,4316593,3920866,4358871,3242516,3941791,4234182,3965256,3961585,3952840,4558239,3964245,3677429,3995110,3706869,3964285,3736122,9940652,3804485,54596277
8207757,36186335,4312082,6513133,3917072,5478079,3642386,5389182,3764595,4790874,3796540,4735692,3881185,4316876,3921098,4359143,3242559,3942065,4234255,3965551,3961598,3953124,4558637,3964524,3677429,3995388,3706870,3964579,3736122,9940890,3804489,54596544
8207919,36186586,4312222,6513394,3917184,5478302,3642418,5389433,3764682,4791113,3796593,4735931,3881300,4317143,3921283,4359381,3242625,3942331,4234335,3965796,3961635,3953372,4558931,3964774,3677457,3995628,3706891,3964859,3736191,9941046,3804541,54596763
8208122,36186930,4312362,6513618,3917273,5478604,3642470,5389701,3764783,4791343,3796649,4736189,3881398,4317391,3921470,4359605,3242669,3942553,4234373,3965982,3961661,3953617,4559241,3965026,3677466,3995904,3706923,3965152,3736364,9941222,3804664,54596930
8208341,36187246,4312488,6513890,3917381,5478810,3642499,5389967,3764878,4791605,3796709,4736444,3881447,4317619,3921619,4359804,3242700,3942829,4234420,3966262,3961693,3953867,4559460,3965272,3677566,3996162,3707029,3965348,3736437,9941431,3804783,54597153
8208607,36187538,4312616,6514144,3917499,5479047,3642530,5390183,3764955,4791830,3796764,4736709,3881510,4317800,3921760,4360026,3242701,3943103,4234494,3966507,3961739,3954094,4559710,3965534,3677574,3996470,3707136,3965551,3736587,9941655,3804936,54597393
8208819,36187885,4312735,6514450,3917605,5479328,3642558,5390514,3765010,4792112,3796828,4737026,3881512,4318094,3921951,4360353,3242712,3943407,4234572,3966832,3961757,3954402,4560002,3965884,3677575,3996770,3707136,3965767,3736616,9941900,3804967,54597653
8208969,36188209,4312881,6514769,3917724,5479637,3642596,5390884,3765098,4792407,3796900,4737313,3881537,4318329,3922106,4360602,3242749,3943676,4234616,3967075,3961787,3954656,4560153,3966176,3677640,3997054,3707191,3966085,3736635,9942121,3804979,54597915
8209125,36188525,4313012,6515015,3917829,5479882,3642633,5391176,3765197,4792670,3796968,4737534,3881661,4318562,3922273,4360845,3242785,3943910,4234649,3967290,3961808,3954918,4560436,3966438,3677670,3997350,3707329,3966299,3736716,9942296,3805069,54598117
8209352,36188837,4313147,6515241,3917927,5480147,3642671,5391414,3765279,4792959,3797025,4737830,3881747,4318794,3922488,4361091,3242857,3944154,4234732,3967510,3961831,3955131,4560724,3966671,3677752,3997546,3707422,3966558,3736804,9942520,3805184,54598379
8209464,36189187,4313279,6515562,3918041,5480433,3642704,5391708,3765371,4793259,3797088,4738091,3881802,4319088,3922684,4361352,3242886,3944457,4234793,3967808,3961855,3955437,4561109,3966931,3677754,3997883,3707456,3966876,3736835,9942760,3805241,54598638
8209681,36189466,4313424,6515850,3918153,5480685,3642757,5391980,3765457,4793548,3797140,4738415,3881808,4319359,3922854,4361629,3242898,3944769,4234875,3968091,3961878,3955712,4561358,3967242,3677759,3998158,3707460,3967153,3736906,9942972,3805345,54598842
8209885,36189767,4313524,6516136,3918248,5480964,3642780,5392290,3765563,4793865,3797207,4738683,3881979,4319657,3923029,4361910,3242929,3945005,4234959,3968385,3961917,3955949,4561676,3967549,3677763,3998473,3707462,3967464,3736906,9943208,3805349,54599091
8210108,36190080,4313708,6516454,3918358,5481205,3642829,5392567,3765654,4794121,3797273,4738918,3882026,4319907,3923220,4362162,3242983,3945255,4235038,3968661,3961939,3956195,4562050,3967798,3677779,3998720,3707478,3967740,3736986,9943437,3805413,54599310
8210290,36190351,4313851,6516706,3918449,5481458,3642863,5392833,3765741,4794360,3797325,4739200,3882159,4320168,3923411,4362363,3243043,3945503,4235081,3968939,3961973,3956514,4562308,3968033,3677781,3998967,3707504,3968037,3737049,9943685,3805498,54599585
8210570,36190639,4314011,6516988,3918532,5481706,3642898,5393032,3765844,4794533,3797376,4739399,3882174,4320344,3923574,4362590,3243064,3945771,4235132,3969226,3961996,3956794,4562475,3968250,3677894,3999208,3707591,3968276,3737218,9943882,3805644,54599750
8210780,36190934,4314125,6517255,3918631,5481946,3642927,5393286,3765920,4794763,3797438,4739654,3882204,4320616,3923745,4362820,3243101,3946037,4235171,3969495,3962033,3957056,4562788,3968486,3677934,3999425,3707656,3968535,3737322,9944101,3805764,54599947
8211024,36191204,4314305,6517542,3918742,5482165,3642985,5393522,3765999,4794988,3797485,4739830,3882356,4320796,3923919,4363026,3243201,3946237,4235222,3969698,3962067,3957213,4563073,3968680,3677974,3999696,3707781,3968771,3737457,9944302,3805809,54600116
8211229,36191506,4314444,6517763,3918872,5482402,3643017,5393781,3766086,4795230,3797534,4740057,3882426,4321077,3924127,4363309,3243222,3946488,4235263,3969977,3962085,3957492,4563369,3968960,3677977,3999914,3707813,3969040,3737597,9944494,3805868,54600344
8211399,36191861,4314627,6518034,3919002,5482715,3643049,5394054,3766190,4795515,3797584,4740337,3882437,4321367,3924314,4363585,3243241,3946781,4235311,3970307,3962115,3957838,4563671,3969264,3678030,4000189,3707833,3969334,3737599,9944728,3805868,54600601
8211608,36192159,4314763,6518294,3919100,5482982,3643077,5394327,3766276,4795775,3797641,4740587,3882478,4321598,3924506,4363820,3243296,3947058,4235366,3970563,3962126,3958090,4563991,3969558,3678123,4000394,3707896,3969637,3737686,9944975,3805937,54600798
8211848,36192391,4314891,6518600,3919198,5483222,3643100,5394592,3766358,4796005,3797688,4740761,3882619,4321867,3924686,4364025,3243354,3947265,4235418,3970821,3962162,3958315,4564198,3969760,3678201,4000646,3708000,3969827,3737825,9945171,3806064,54600963
8212035,36192710,4315040,6518895,3919326,5483522,3643122,5394820,3766444,4796241,3797745,4741009,3882739,4322121,3924885,4364263,3243411,3947542,4235463,3971095,3962188,3958587,4564441,3970036,3678242,4000928,3708036,3970078,3737854,9945412,3806114,54601242
8212221,36192974,4315184,6519157,3919436,5483830,3643146,5395067,3766521,4796522,3797808,4741312,3882812,4322413,3925107,4364546,3243448,3947819,4235523,3971355,3962218,3958862,4564718,3970270,3678296,4001215,3708085,3970352,3737899,9945657,3806124,54601486
8212493,36193211,4315353,6519385,3919552,5484030,3643206,5395288,3766591,4796770,3797852,4741546,3882968,4322635,3925284,4364794,3243527,3948093,4235580,3971651,3962235,3959120,4564916,3970513,3678296,4001429,3708092,3970588,3738098,9945864,3806254,54601687
8212696,36193475,4315469,6519666,3919653,5484317,3643243,5395538,3766676,4797023,3797905,4741804,3883019,4322893,3925479,4365042,3243569,3948371,4235629,3971946,3962252,3959425,4565218,3970779,3678329,4001679,3708095,3970878,3738273,9946049,3806338,54601865
8212913,36193775,4315643,6519960,3919781,5484596,3643278,5395754,3766757,4797308,3797964,4742029,3883063,4323112,3925622,4365267,3243630,3948629,4235685,3972189,3962280,3959644,4565427,3971029,3678346,4001891,3708188,3971090,3738411,9946274,3806481,54602078
8213107,36194117,4315770,6520250,3919889,5484877,3643313,5396041,3766840,4797589,3798027,4742313,3883121,4323383,3925819,4365519,3243652,3948907,4235743,3972491,3962301,3959899,4565751,3971284,3678346,4002137,3708201,3971362,3738431,9946514,3806508,54602327
8213376,36194447,4315924,6520476,3920003,5485037,3643351,5396292,3766921,4797789,3798104,4742523,3883288,4323609,3926042,4365765,3243703,3949090,4235814,3972711,3962325,3960131,4566030,3971527,3678352,4002340,3708404,3971595,3738577,9946669,3806705,54602491
8213631,36194756,4316068,6520718,3920092,5485268,3643366,5396542,3767008,4798011,3798148,4742688,3883452,4323733,3926261,4365975,3243801,3949292,4235900,3972909,3962376,3960364,4566277,3971695,3678477,4002533,3708567,3971848,3738726,9946819,3806843,54602692
8213922,36195038,4316173,6520990,3920209,5485489,3643418,5396741,3767087,4798220,3798207,4742927,3883581,4324009,3926447,4366237,3243832,3949539,4235955,3973125,3962405,3960609,4566572,3971874,3678479,4002706,3708724,3972117,3738875,9946989,3806941,54602950
8214132,36195381,4316311,6521312,3920323,5485749,3643452,5397004,3767178,4798493,3798268,4743230,3883670,4324286,3926658,4366512,3243894,3949769,4236026,3973422,3962426,3960897,4566832,3972169,3678479,4002935,3708724,3972425,3738878,9947281,3806943,54603172
8214400,36195689,4316436,6521547,3920491,5485974,3643497,5397214,3767245,4798726,3798324,4743458,3883782,4324478,3926872,4366691,3244021,3949957,4236086,3973656,3962453,3961085,4567100,3972331,3678540,4003115,3708876,3972634,3739056,9947468,3807080,54603354
8214654,36196001,4316602,6521779,3920606,5486221,3643531,5397469,3767339,4798961,3798379,4743649,3883930,4324706,3927063,4366880,3244061,3950166,4236166,3973854,3962487,3961255,4567286,3972534,3678627,4003338,3709040,3972781,3739239,9947615,3807190,54603541