968394631983,2996178419089,990499234087,1350216757780,978620048881,1304490240289,961473530961,1297667266792,980892264140,1088122164547,962968205028,1071039690845,986749309602,1053175070323,945469934485,1054826800349,859689054669,1046179978571,937697747492,1053424908254,930164481671,1054029292896,922921788868,1040846268647,985637456326,1043626654541,990991655366,1040872209395,1007243562769,1644211391506,1753906775670,7199445327022
968464754536,2996197917484,990539011889,1350239305514,978653766565,1304491141348,961498782373,1297699098701,980925604264,1088186422723,962990837995,1071064129455,986791483547,1053197882116,945509503808,1054866880178,859692434019,1046238733487,937700161389,1053426476247,930169425127,1054071809340,922932798887,1040909396724,985637676995,1043637481255,991002024234,1040894095998,1007252337624,1644280750118,1753948795431,7199528699892
968465213244,2996239568137,990577452894,1350331114715,978691320090,1304533956621,961523640744,1297788062680,980955693470,1088255578942,963014636462,1071080151714,986819918634,1053254079139,945548911261,1054955701698,859720852696,1046266075413,937704542095,1053447929728,930173602261,1054118180648,922949778189,1040975174906,985642710541,1043657562064,991004281088,1040956588718,1007253572684,1644329020922,1753964956430,7199554061867
968465779064,2996285347807,990614126370,1350463998793,978720097613,1304628578537,961546418176,1297830636225,980988969208,1088290849384,963040036063,1071081567881,986848086461,1053322801557,945588256557,1054991873163,859724051852,1046311504792,937711775729,1053449461106,930176600130,1054171385685,922963002977,1040996544277,985643327258,1043674796843,991029639343,1040980958069,1007255507723,1644348792071,1753978474520,7199579315594
968494424231,2996341371924,990647012641,1350496161595,978751084664,1304672387884,961569739484,1297831185340,981020052030,1088291191784,963068185698,1071148430341,986850892215,1053446875480,945624591510,1055070788868,859748161060,1046378353845,937717828832,1053499498242,930181042362,1054172403200,922976550694,1041048270789,985643383518,1043675222945,991055477605,1041050178444,1007281644657,1644352649477,1754045332798,7199580772445
968520196708,2996346084945,990676130923,1350497434456,978781207863,1304702135514,961597751793,1297929902082,981053380682,1088316674839,963092104051,1071196799568,986950129622,1053476345918,945663163617,1055148222437,859779074569,1046432640860,937723349801,1053548689525,930185891114,1054253403336,922990615078,1041115734948,985647318211,1043698935573,991055702404,1041050736516,1007281694924,1644383791552,1754066982601,7199601605283
968550861172,2996397284076,990707042262,1350519210520,978813046691,1304720605571,961620844983,1297979636798,981082711736,1088363323680,963118465098,1071280311041,986988753590,1053530738175,945699104058,1055252494019,859817939539,1046484904599,937732052449,1053572441304,930189968988,1054283646185,923001203290,1041166391964,985648037996,1043725859741,991081754157,1041083646611,1007308635352,1644536686592,1754083014706,7199713919775
968556322005,2996517179123,990739999381,1350544986355,978851099015,1304748849900,961648654485,1298005902391,981112820030,1088466979539,963139430426,1071281553595,987042181990,1053611262474,945738915118,1055279452728,859821307428,1046585849995,937736473997,1053691929487,930193668560,1054363007883,923012166360,1041255441384,985648144396,1043798396831,991081804418,1041150582954,1007309182195,1644579245560,1754096302376,7199758833668
968592642520,2996546316778,990776788163,1350596190143,978889378083,1304791983203,961671348308,1298054374879,981142289752,1088491563797,963163970692,1071313156537,987051869660,1053665212716,945770756256,1055309278636,859824904226,1046642355581,937742581481,1053752284274,930200042432,1054393270796,923022979717,1041345723626,985705536922,1043821498380,991081986382,1041234623712,1007339125213,1644614959220,1754105812323,7199769548254
968593345994,2996592873041,990821023812,1350642795678,978928305928,1304852549110,961694542989,1298080711366,981179105629,1088492171524,963189821012,1071357916785,987100702547,1053737620951,945808495334,1055363837373,859828624642,1046684886294,937753859817,1053836049269,930213564042,1054415894216,923039282754,1041399280523,985729865724,1043853838644,991093502989,1041259507773,1007372011016,1644691218304,1754197029781,7199770851795
968642956705,2996662859512,990847813784,1350643666642,978963094457,1304877804942,961747253413,1298135603187,981209126886,1088585132933,963212673192,1071359193865,987128417865,1053738228410,945844965498,1055394873885,859838259078,1046685409531,937757396863,1053886569683,930216024996,1054447117942,923050751414,1041470560000,985778595646,1043874833577,991148184473,1041313014431,1007434268171,1644719167980,1754293842968,7199772132026
968696136271,2996686689721,990883213239,1350674196270,978992249153,1304991661427,961768820812,1298196548482,981238077366,1088622003470,963237682446,1071359726649,987202559099,1053762665093,945882523817,1055422192712,859841046410,1046720672222,937762018933,1053943880332,930218987297,1054502499298,923079116365,1041471204864,985832369815,1043898381376,991170700265,1041346688724,1007478825923,1644721036641,1754360672648,7199830112997
968762828676,2996787250577,990919259667,1350761603250,979026237258,1304992462932,961795032561,1298224405309,981270040236,1088755462593,963260030797,1071400603448,987205825561,1053812562614,945921260106,1055482617202,859844948146,1046828856448,937765312670,1053971778992,930221286433,1054525978166,923089852869,1041519558171,985832588123,1043972650793,991193359375,1041453659781,1007528837853,1644746641767,1754460706344,7199860282036
968817606634,2996883022020,990957805920,1350830860259,979110539717,1305123130385,961846562666,1298276105412,981300046684,1088756250969,963286570326,1071444596787,987223281359,1053947341038,945956612064,1055535660750,859874558706,1046944056587,937769968675,1054073810342,930224897676,1054575757362,923104454536,1041520208348,985832701918,1044091775870,991222706634,1041454434962,1007608463292,1644802737550,1754522739205,7199886580628
968867966903,2996934425468,990995623499,1350854162557,979145127360,1305211515336,961871105762,1298303933915,981331062910,1088835315599,963310868103,1071488209869,987246123723,1054043511972,945992696328,1055608872456,859878140200,1047027475984,937780742463,1054074976666,930228043295,1054601426035,923116548649,1041603446015,985833375458,1044103810506,991223308876,1041481846974,1007608545173,1644826853255,1754603087499,7199973219795
968869034006,2996971962129,991033311218,1350854991421,979190387636,1305265133697,961900219910,1298334097035,981358530019,1088862847418,963337707014,1071541132337,987318418197,1054073723515,946025016796,1055609329370,859881644829,1047052969318,937785693931,1054124495750,930231246984,1054630589133,923124069717,1041630188066,985835664813,1044131356647,991223673375,1041538204830,1007608718280,1644828392539,1754633242693,7200055154409
968905008275,2997010814104,991068473652,1350855591704,979224161474,1305289379407,961948026434,1298398413479,981390927144,1088863816857,963360501707,1071541571708,987349289348,1054121352915,946059546949,1055634891178,859884339801,1047154887094,937789040743,1054184492691,930235818090,1054656082280,923135383091,1041685953168,985862286024,1044208403050,991277895840,1041566037789,1007608859689,1644863037418,1754648181416,7200129076928
968915176232,2997087615044,991100694600,1350856484692,979260870947,1305396307463,961970049642,1298493586610,981420478040,1088959647049,963384227891,1071610339805,987400580837,1054180951331,946099885564,1055663878823,859910345597,1047179262570,937795307518,1054233812323,930239555837,1054736950862,923151056521,1041742979418,985862338242,1044231348565,991298947777,1041647454151,1007608997383,1644906587523,1754721502721,7200181217407
968942917381,2997118540079,991136235460,1350908061784,979292113922,1305422791795,961992686352,1298546491554,981448546144,1089059600431,963412075595,1071699389152,987492684583,1054226755030,946134328224,1055689617594,859935253677,1047226132478,937799440810,1054291297476,930257017088,1054764934052,923159229734,1041754367781,985865625945,1044278959665,991324430566,1041720960929,1007631118409,1644930332444,1754790415357,7200233647368
968963085770,2997173809227,991173115470,1350911032781,979329084613,1305463590780,962019748689,1298622429976,981480236621,1089120531131,963444079379,1071724408844,987541027483,1054274118015,946187393190,1055710925481,859939108101,1047250840112,937838040751,1054323764933,930265062754,1054765289559,923187543706,1041778069741,985866780281,1044286781056,991327130463,1041788296272,1007649653507,1644950380049,1754855355544,7200280207818
968989085130,2997243568307,991207156838,1350976351014,979358403176,1305590916079,962041570169,1298692213710,981510376123,1089153554930,963468302913,1071747095044,987595413141,1054275800179,946222650046,1055781859295,859942115470,1047276604636,937841851847,1054479478719,930267759205,1054812603965,923196484245,1041847399657,985893767590,1044371521210,991331239250,1041814100703,1007649772940,1644985241198,1754942407779,7200363216643
969026848775,2997293173769,991240257716,1351026188005,979394039801,1305641967913,962064363981,1298751277740,981541570636,1089206829933,963490845742,1071797011065,987620600955,1054330284917,946261550291,1055853309513,859945390502,1047397255552,937845872845,1054562712871,930273643235,1054880307381,923204271085,1041901170676,985893907370,1044435524360,991331723497,1041840977428,1007649880562,1644998667069,1754957420685,7200389577729
969027172018,2997342311296,991271142900,1351027001217,979424854527,1305684038211,962086676617,1298841028980,981574536140,1089252696722,963512452065,1071871673222,987649311998,1054389042914,946297438437,1055876959202,859978282733,1047427814120,937851641697,1054640985686,930277013036,1054918559306,923223673840,1041951433856,985894190448,1044485763695,991332197368,1041878529705,1007649969193,1645020384250,1754968861082,7200479497643
969027345424,2997393114816,991299185450,1351046068837,979454619877,1305769809308,962110024929,1298872361246,981605755828,1089336169114,963536647652,1071923780138,987653080480,1054470471659,946332903531,1055906084719,859981693654,1047452848270,937855013732,1054697614716,930279532173,1054943293786,923233166992,1042014994253,985898141646,1044557484580,991332245313,1041938619539,1007650092362,1645023187803,1754993997149,7200481887611
969028313786,2997447099776,991329327804,1351071797240,979494182969,1305897034412,962131334943,1298898734823,981634004538,1089362329953,963557898750,1071951542716,987680792039,1054499017414,946368388696,1055906416354,859984887013,1047478142373,937858910714,1054724071121,930281970471,1054990078420,923241415019,1042044022834,985965737828,1044653474697,991365786940,1041967221204,1007677920778,1645080010370,1755072597217,7200532621973
969053347954,2997476345362,991364566865,1351141891760,979527475369,1305950647495,962153964900,1298960617168,981661832221,1089561248970,963583508773,1071952375144,987710660079,1054577040953,946404703132,1055964508316,860017921693,1047541993316,937864294976,1054750727203,930287160223,1055098824874,923250485771,1042159284278,985965767064,1044810156594,991366173243,1042024199514,1007704639395,1645165055769,1755086943507,7200542726172
969058381410,2997617393843,991395292190,1351250530765,979563694847,1306034590400,962180558564,1299024692983,981692281748,1089664192625,963613516841,1072076881505,987741486702,1054633287441,946441227390,1056032782055,860022064170,1047543278967,937873349808,1054831072513,930290915478,1055130917684,923259584305,1042160091654,985971357784,1044885316699,991367262695,1042133040772,1007727420581,1645187483817,1755099176153,7200566236974
969058758902,2997682707676,991430089680,1351283737742,979599773203,1306065827746,962203432902,1299102861817,981723408505,1089683655673,963636134095,1072123050423,987746322769,1054703904430,946478982509,1056134825133,860024875829,1047565941505,937878045369,1054929533921,930292914885,1055265462529,923271410617,1042230989915,986006304436,1044886730177,991414971215,1042134404410,1007727782885,1645229798456,1755112895829,7200569359034
969078316424,2997714746997,991462830984,1351354715038,979631967312,1306066717996,962232360551,1299135043008,981753839172,1089711234017,963658785603,1072177815696,987773450448,1054782799444,946519376922,1056159430559,860049278001,1047652630906,937906989546,1055010265218,930296341911,1055329799493,923312594932,1042262081108,986006642361,1044887907882,991420417991,1042210595166,1007735073460,1645260238329,1755135826761,7200571599912
969135505694,2997765851598,991498640154,1351378428522,979673974567,1306126605451,962279417398,1299169867742,981795396546,1089757568435,963683346366,1072352114202,987836540428,1054867302931,946559507845,1056222213145,860054622218,1047656021637,937917333829,1055031538407,930328033939,1055350414281,923333115094,1042293902176,986011269142,1044941769097,991478420340,1042237871153,1007788762906,1645265749458,1755234812895,7200626209113
969136368165,2997807655819,991527922411,1351398931503,979707477405,1306128606275,962308904865,1299170361666,981831948640,1089810883071,963709368592,1072426620734,987850761931,1054919592681,946591787830,1056268373058,860092604290,1047685355062,937922724320,1055032861705,930331831825,1055390979304,923346519735,1042330454754,986039626267,1045014299566,991504924101,1042287048225,1007792142650,1645297101594,1755298195437,7200646799325
969170302189,2997833648500,991602716314,1351423818855,979744463412,1306200755630,962330065330,1299196247698,981864625491,1089860002346,963736261069,1072427812968,987859913804,1054945511585,946627941116,1056296778564,860096128352,1047711566026,937928958707,1055034195880,930350892103,1055457300159,923354346600,1042336809867,986039752935,1045089513736,991591114876,1042341858338,1007793679469,1645298735224,1755353339521,7200655305737
969171200986,2997860409794,991635451249,1351481382981,979773655481,1306291632812,962352119278,1299223602157,981897590653,1089914955214,963762890101,1072508899428,987863333786,1055020818966,946663125540,1056461896184,860099415683,1047740210715,937933651801,1055147858191,930353241600,1055484453716,923362104447,1042369184799,986039921433,1045139764778,991591540503,1042343291606,1007794546122,1645328847754,1755372430418,7200667931679
969174194913,2997911008961,991665819765,1351508989768,979809151922,1306320556753,962373187546,1299275623248,981928611857,1089983566984,963792009128,1072576758013,987865134181,1055072810532,946698329882,1056503914231,860102409258,1047790356133,937937894344,1055148395835,930356407703,1055561184018,923367797804,1042435059439,986040203411,1045197298383,991591797440,1042463244388,1007798016476,1645355368706,1755379365660,7200719077606
969231193000,2997912449534,991696056236,1351509348799,979843350164,1306341053646,962424291074,1299373911667,981959450917,1090102086736,963814428663,1072693708912,987967515143,1055120797123,946733420326,1056530241429,860132428848,1047877854606,937941518040,1055169766753,930358816284,1055586822172,923376061456,1042555327126,986043783037,1045263109431,991625920314,1042497076610,1007798659772,1645387321056,1755389317295,7200754832649
969253208265,2998021789840,991725849255,1351535920867,979873543773,1306475411838,962445621458,1299400825993,981988847004,1090133218289,963842219409,1072749861457,987968968378,1055229337881,946770022111,1056609367735,860135407681,1047956557715,937947646032,1055320549674,930363144876,1055666451472,923383376480,1042555744522,986044101577,1045317560467,991650788285,1042522641759,1007798704668,1645452242256,1755440929062,7200812361830
969255608007,2998100962974,991754859135,1351559049480,979908212956,1306494788741,962473104345,1299448212207,982023498520,1090178774319,963868392532,1072832547096,987969926774,1055278468871,946806691169,1056688116238,860138728106,1048000167264,937951427913,1055352697116,930366719532,1055730582935,923391849823,1042578112946,986071041776,1045341381214,991651006220,1042571240385,1007798853644,1645503888871,1755453882708,7200813793651
969300077225,2998172880872,991790250359,1351678415272,979944059844,1306529518435,962500495784,1299576507016,982057916105,1090328860922,963891287506,1072903256200,987972409263,1055358918655,946841305892,1056764030244,860142077413,1048076613141,937955842564,1055439370638,930370736787,1055808847494,923401688860,1042579960178,986071099887,1045386154325,991651082443,1042604807336,1007799001067,1645562458601,1755473122546,7200870991111
969348191761,2998181666194,991819313164,1351752137287,979983448240,1306557101841,962526345581,1299588932263,982088116215,1090376234257,963913145996,1072952592866,988018727704,1055530356784,946874275673,1056792523260,860144559330,1048077764440,937961176426,1055468691720,930375031842,1055885169513,923410250726,1042593942104,986071143093,1045424032915,991653047611,1042633949855,1007799027859,1645610174798,1755502026121,7200873301634
969385710086,2998248532290,991854334605,1351811766850,980016680967,1306584040154,962558283569,1299699780356,982125372247,1090433485443,963953627168,1072980402388,988069660590,1055579440825,946919095551,1056887115052,860175746255,1048101470518,937978987263,1055508740079,930395626393,1055963190081,923429190854,1042652881203,986072475175,1045460918505,991653232346,1042636979625,1007799507883,1645655395053,1755531064024,7200903148000
969412198402,2998289487634,991886467677,1351841903639,980045256399,1306662526189,962585326270,1299729859538,982153528395,1090484125134,963974997271,1073060367134,988126630416,1055603774461,946955956994,1056983813808,860200364484,1048126220340,937990124568,1055510507388,930401749686,1056120345052,923442333209,1042795935114,986083432413,1045545069497,991653353404,1042690979027,1007799572958,1645657484988,1755591450325,7200936234613
969413164823,2998319695048,991926826356,1351899420164,980081252839,1306721588254,962607207824,1299802402181,982185249061,1090516933829,963999730860,1073105986695,988128271866,1055637358373,946990927432,1056984640302,860203479921,1048152467904,937997200280,1055561682730,930404302842,1056203794251,923446682580,1042862825504,986106305409,1045606555736,991675265596,1042759231426,1007879618169,1645659699056,1755629219889,7200964748742
969442938914,2998337491721,991957071088,1351900326035,980118589329,1306723039831,962630882980,1299836541818,982218158333,1090601106643,964026510055,1073106869380,988129791934,1055638400698,947024934013,1057013153510,860207719637,1048205847471,938003674434,1055640645145,930419475207,1056226658975,923456340641,1042917004873,986106390934,1045664620235,991676123846,1042760493204,1007906781572,1645661844295,1755669904133,7200967647171
969470371505,2998364124339,991994251538,1351920435855,980167174575,1306729206519,962654109549,1299847815327,982247929599,1090625631006,964050659989,1073152822810,988164022781,1055717266497,947058426166,1057036124135,860235730681,1048238992893,938011349696,1055733275649,930422874584,1056256957949,923463312445,1043025434652,986106443635,1045665222444,991714221953,1042842348171,1007953530208,1645716259798,1755739444406,7200969456572
969474377952,2998435250178,992029910669,1351985122631,980200584061,1306778672482,962683855287,1299868832866,982280213001,1090703751957,964074232527,1073210903859,988165325757,1055785561012,947094136595,1057067582996,860240427927,1048267789472,938017479008,1055735268052,930425451713,1056334193302,923472907694,1043112185582,986106513285,1045691209961,991715203570,1042953439908,1007981276443,1645781491626,1755788908990,7201004323561
969505025365,2998489438910,992065156051,1352107378161,980232014426,1306849752828,962716877189,1299977679062,982309996938,1090705664458,964097667379,1073265455114,988166933212,1055917352542,947129600815,1057180197792,860243731188,1048315539577,938023735791,1055825248616,930428345380,1056357546420,923482057633,1043112883678,986135438892,1045758817634,991715649679,1042989956182,1007981307367,1645842691509,1755803348590,7201006628929
969528618543,2998586937728,992100092820,1352134150107,980267089931,1306874491288,962748231128,1300053961047,982339396226,1090755149368,964120474178,1073317893933,988229363251,1055918336334,947165411214,1057234928797,860299970135,1048385630491,938029986709,1055871994205,930431610298,1056385352926,923491205385,1043173518155,986161579356,1045759720767,991757173019,1043086970684,1008006651061,1645908620941,1755830523526,7201036663548
969585392145,2998616410852,992132385368,1352309729864,980299875807,1306957446130,962781843437,1300129223646,982365591471,1090755884175,964142596935,1073318558690,988328766220,1055972631307,947202690001,1057350777033,860334019066,1048385983794,938037692930,1055872322225,930434824389,1056474512538,923498148154,1043231165711,986205543693,1045850770246,991757402074,1043191321567,1008081191856,1645970633442,1755904257589,7201127689329
969586323760,2998672806977,992167313157,1352381957684,980331930459,1307008309341,962808028235,1300210908343,982394315964,1090803608739,964169954830,1073395696694,988386006068,1056011034130,947239480629,1057368013035,860337818550,1048387731253,938056778609,1055962539047,930439885716,1056605558506,923507389770,1043284021992,986205700470,1045905825561,991757533753,1043292773324,1008087920445,1645999013491,1755920158384,7201186675097
969589937387,2998689435683,992207549825,1352385645355,980372240595,1307044148292,962831673570,1300240359400,982429295354,1090810413007,964209612453,1073411589136,988414375951,1056035743257,947279772167,1057457938657,860342920202,1048402160564,938100862471,1055988289917,930453602493,1056674037147,923521718087,1043284512950,986207174502,1045956573783,991762753293,1043299152154,1008089208506,1646001170769,1755937716160,7201246451034
969653852933,2998734069561,992238813020,1352411284443,980408083926,1307068030090,962854019518,1300269716862,982459568734,1090897921664,964243495799,1073467583236,988440568049,1056036532037,947318761797,1057459918891,860375431527,1048456706510,938108828992,1056027867916,930456806830,1056761777708,923529329537,1043318662406,986235277407,1045977103021,991762796471,1043351874788,1008146466233,1646045706594,1756023353092,7201307345171
969705477945,2998757833482,992269370322,1352465079579,980440992324,1307147840450,962879331960,1300358997994,982488632498,1090982984978,964274744883,1073492715135,988466438509,1056058423596,947355848281,1057576603816,860398867209,1048553190984,938112647040,1056090474712,930459429241,1056879693347,923537286110,1043416257112,986263576758,1046111815776,991776529943,1043378954813,1008271699758,1646080070544,1756039275265,7201308631261
969706214457,2998758361571,992300768185,1352526371610,980477947422,1307254784493,962901102624,1300374395139,982518085142,1091016357618,964306245926,1073541461701,988470030897,1056058837080,947387649602,1057577185508,860447913608,1048583596302,938116593328,1056193981015,930461924540,1056879885488,923543830922,1043440478375,986264083524,1046173393425,991788127995,1043405797348,1008335139447,1646168265358,1756116784459,7201309972648
969706452254,2998861285728,992331976016,1352639802158,980508145185,1307256712628,962923913701,1300406549646,982550567970,1091103533278,964340138348,1073583653538,988489990712,1056120856121,947423964141,1057638046039,860481517722,1048699558263,938122577047,1056224659545,930467348663,1056902520891,923554071398,1043520501760,986265450702,1046229901715,991821715694,1043457866485,1008335425242,1646236060527,1756160267247,7201322192034
969754369629,2998987793389,992364172851,1352723707876,980546089337,1307356359152,962949589954,1300407389951,982580184807,1091219315832,964396262833,1073609529222,988542976606,1056187040764,947458988000,1057688537533,860484770370,1048699782191,938130086466,1056314755475,930470279557,1056902937079,923561626760,1043551216397,986265573247,1046260450469,991884541317,1043486290267,1008335495894,1646286185741,1756237873659,7201355110196
969822047701,2999150701729,992395536602,1352774625500,980575996645,1307389943975,962971147388,1300440967377,982610064512,1091305375088,964428418877,1073635260681,988573688862,1056262350094,947496253982,1057779328801,860488881261,1048728238715,938186051212,1056315121957,930486916082,1056945207477,923570049202,1043578101835,986327762975,1046313356586,991923933932,1043521791862,1008418284138,1646287772239,1756247421412,7201430457843
969900888697,2999200867931,992423559520,1352811153720,980611727194,1307390813173,962997261912,1300482600596,982636017489,1091332908751,964462890279,1073693309842,988624450556,1056294571424,947531463128,1057806988211,860491975394,1048828428155,938189876142,1056340758344,930489394321,1057065019897,923578766364,1043603294410,986328184980,1046336024545,991984626193,1043572184038,1008452236948,1646380216955,1756328341298,7201501466017
969901479559,2999229846553,992453150657,1352862556727,980645421007,1307474231225,963023191652,1300564069586,982664745672,1091362122369,964488693046,1073766907404,988677158149,1056302352333,947569485012,1057861848017,860494113662,1048871268902,938195224323,1056400054356,930493867752,1057145341900,923589361170,1043781932693,986328320044,1046390520724,991985093457,1043572966054,1008476372776,1646407297009,1756375117502,7201530656466
969980482175,2999286591904,992485827307,1352947254075,980684864452,1307526947216,963044986234,1300613500981,982697002244,1091456433063,964513288944,1073768253729,988728227174,1056384941315,947604887330,1057887260263,860497000104,1048975458095,938202799476,1056488940547,930499361943,1057146300105,923602972094,1043785455242,986328521319,1046499017323,991991057210,1043576414954,1008496780206,1646447722813,1756446096702,7201583715071
970012725974,2999287379877,992527729495,1353004594587,980730198533,1307604408475,963071221906,1300696890541,982758628623,1091518828324,964539216382,1073853941870,988768878619,1056385839231,947643968011,1057949197180,860501001538,1049006363048,938222805299,1056646882694,930538554376,1057179117839,923614913823,1043810801605,986360990778,1046584930299,991991295523,1043578004959,1008529846047,1646511584714,1756478070295,7201585453258