3485,8076,24505,7194,26286,7746,13449,7656,18555,7720,9270,5665,1882,8090,30239,7835,2672,7195,4597,6653,4170,7374,13201,8699,1393,8474,1791,8612,1705,4921,2048,6117
787,7508,25156,7780,28692,8444,15136,7185,20002,7203,9669,8727,3045,8732,31127,7642,2889,8146,5383,8174,6245,7660,14838,7458,551,8085,674,6721,469,6266,694,5639
653,8190,24405,6957,24801,8656,12760,6346,18777,7810,10261,7782,2095,8782,29503,7199,2424,7062,7134,7109,6592,7946,14884,7557,127,7646,1162,8193,113,5787,799,5871
2309,7537,22946,8001,24241,5356,13974,6715,18701,5360,9987,7997,1017,6631,28023,7960,3185,7400,6950,8851,6384,7668,14127,7277,849,6467,1235,6235,1119,4620,1669,5186
1301,9165,21340,7297,25077,6320,13077,6815,20106,6502,10289,8556,2844,8136,31056,7334,1890,7626,6896,7351,6742,7198,15474,6917,625,7308,524,6613,109,5078,438,6283
1271,8793,24102,8955,25989,7703,13820,10173,18207,7243,9341,7706,2234,7329,28860,7578,2674,6597,6952,7193,6588,7289,14844,6823,279,8328,670,8342,738,6351,773,6627
1057,7282,23921,7306,26801,8027,13046,7655,18850,7881,9427,7292,1283,8193,30327,7703,2121,9860,6871,8586,6324,7727,14791,8287,710,9402,565,7808,375,6033,464,6303
3087,7397,23453,6842,25374,8505,12496,6834,17782,7107,8606,6571,2235,5670,25170,6950,3127,5562,6535,6137,6368,6963,12882,5258,1740,6461,1927,5367,2361,5575,2154,6429
2124,7019,20815,6524,23190,6265,13442,5784,16502,5056,9055,8019,2182,6956,26544,6365,2484,6365,6247,7025,6047,5773,12697,5891,3535,5805,1385,5731,3602,5501,1710,4406
2391,7827,20052,4933,25165,5695,12613,7193,18444,6594,8702,6024,2833,5062,27750,6702,3805,6327,6645,8156,6182,7426,14104,6574,1970,5917,3372,4385,2464,4801,1779,4890
3166,7505,22339,5486,24131,6075,12308,4934,18036,6039,8736,5635,821,5975,26568,5822,1907,7530,6518,7227,6087,5865,13638,6974,4423,4484,3043,5676,5280,3739,5263,4440
4925,5952,22680,4736,26823,6231,12677,5514,16759,5711,9679,6476,2826,3379,28165,4948,3872,6232,6622,4070,6262,6482,13542,5703,6495,5253,3116,5796,5015,4718,2685,5104
1915,7129,22512,5569,24502,6337,11513,6370,17897,7623,9529,4798,840,5748,26273,6970,2139,6662,6239,6593,6290,6370,12689,5495,1069,6518,1863,6658,2400,6236,2511,5068
2346,6583,23601,7186,25247,7333,12608,6236,18408,7081,8409,6849,3109,6975,26848,6583,2570,7245,6834,4875,6072,6363,12837,6984,2568,6096,538,7229,594,5405,2022,5983
2184,6205,21107,7021,24579,8519,12897,5205,17257,6965,8581,5765,1726,6506,25323,6324,2000,7500,6673,8086,6486,5013,13458,6552,8429,5731,937,6302,2665,4784,1290,5488
2204,7152,21947,8912,24813,7432,12334,5788,17770,7792,10170,5896,2610,5885,26467,6928,1985,6420,6392,6513,6592,5279,12461,5922,3478,5971,3653,5532,1984,4913,1578,5546
3309,7668,21113,5819,24491,6780,12989,6685,17884,6606,8380,6418,2661,7323,27957,8025,2738,7274,6877,7242,6086,7947,14060,5031,192,4941,1761,6927,1399,5203,7113,6462
4098,7695,20800,5766,24065,7202,12717,6227,17429,6662,8717,4858,3653,5273,26195,5435,3150,4688,6863,6223,6460,8157,12760,6628,1486,6868,3002,6183,2242,4977,6366,5347
2236,9218,23500,7168,26040,7707,13277,6579,17949,5367,7992,6781,2369,6383,28744,6028,3196,6545,6944,5803,6164,5690,13721,8371,3640,5497,3022,6930,2144,6158,1846,5237
1727,7917,22759,9154,26632,6819,11213,6521,18703,6400,9051,7283,1116,8396,26942,7822,1876,7717,7003,9116,6296,7657,13237,7453,1428,5766,128,7947,169,6161,1528,6272
663,9298,22235,7859,26530,7361,13392,6999,18764,6697,9204,5882,1759,6229,29042,5931,2587,7432,6566,8077,6322,7785,13069,8732,445,6842,533,9351,735,6117,496,6774
4073,7612,23032,7097,24627,7023,12746,8039,18303,7329,9734,6413,1258,6263,28497,6970,2208,7011,7032,7122,6646,6381,13596,5835,2744,6170,1328,6882,3051,5421,1717,5412
774,7937,21319,8267,26118,8780,13063,8377,19673,7484,9957,6318,650,8320,26795,8198,1532,9206,6901,6968,6405,7301,13003,7106,1173,8170,901,5890,573,5020,521,6563
1726,7203,20840,7189,24209,6573,11389,6457,16158,7514,8534,4934,724,5591,25693,5652,2060,7220,6371,5471,5670,7807,11242,8022,1379,6732,680,6390,2527,5521,1954,5828
1905,7655,21418,8102,24606,6271,12113,7197,17594,6057,8888,7930,1221,5841,26295,6418,2141,6671,6338,6913,6350,5938,11480,5700,167,6642,451,6203,1785,5607,1872,5954
1167,6617,23340,9528,27183,8378,13205,8057,18781,7917,9619,7582,1793,7470,29385,8131,1951,7385,7214,7875,6695,7610,13072,5479,1086,7138,651,6963,620,5603,1795,6711
1295,7262,22259,8878,27892,6934,12510,8138,19227,7292,8685,7331,2169,6765,28659,6786,3005,6712,7202,7467,6367,7875,13321,8856,1188,8748,4876,6893,456,6324,512,5344
2791,7772,23274,6838,25280,6018,13147,5549,19074,6683,8615,8018,1366,5382,27940,7468,3637,6121,6964,5890,6552,5681,12928,6269,3618,5889,4595,5517,2196,5752,1744,6680
2669,7012,21418,7152,23488,6566,11753,5744,17552,7677,8055,6306,3658,5520,24661,6377,3479,5816,6827,4310,5843,5586,12082,4539,1220,5865,1882,7656,3635,4675,3032,4975
2629,7281,21124,7442,25334,6722,12537,6732,18148,6932,9006,5926,1039,7849,27746,7908,2005,5580,6847,7246,6415,4929,13096,6973,2189,4642,3594,5910,1660,4845,2986,5411
1973,6719,21862,5876,24685,6771,11901,7784,18121,8775,8730,8021,1057,7083,28837,8122,1291,9251,6558,8093,6187,8020,13273,7186,211,6624,723,7108,1224,4556,2214,6634
1583,7644,21954,6854,26855,8328,12236,8023,18918,9266,9485,6134,648,8510,29519,8079,4537,8171,6893,7790,6497,6400,13435,8448,1130,8183,956,8169,441,5182,879,6341
3786,7802,20433,6739,24442,6269,12825,5157,18807,5227,9344,5193,2234,4991,27902,6237,3088,6279,6568,6767,6242,4959,11644,4078,3604,5710,7806,5674,3366,4279,3153,4415
2163,6467,22006,5992,25093,7627,12324,6921,19311,6057,7734,6601,2696,5932,28081,5939,2461,5397,6582,6499,5919,5987,12818,5192,3281,6334,2460,5639,3685,5994,2517,5348
1755,5734,19557,8460,26670,6032,12370,6775,18194,6139,8405,6285,1556,4527,28239,6021,2363,5519,6435,6132,6006,6414,12522,8103,1362,7391,1062,6361,3303,5387,2086,5269
3350,7305,22897,7643,28006,7704,12986,6188,18689,7100,9615,7177,6620,7311,27347,7365,1571,6611,6858,5971,6731,5193,12386,6149,709,4539,1181,6031,3135,5105,3104,4798
1451,8515,23139,7662,25493,9583,12619,7636,19260,6774,8806,6324,1841,6259,28521,6093,2618,8333,6938,7291,6489,7542,13220,6580,742,7108,1475,7884,107,7242,586,6290
1607,8290,21298,7308,26307,6956,12270,6656,19175,6563,8433,7906,2181,7383,28060,6403,2088,8514,7261,7748,6483,9153,14096,6848,361,7965,1253,7072,338,6401,509,7357
1263,5590,23032,7314,24124,6919,13094,7706,16662,6766,8761,6999,1395,8662,26426,8330,1892,6271,6456,7065,6150,6817,12356,8796,125,7093,853,5383,778,6286,1273,6690
1867,7325,22902,7761,23310,6798,11375,5798,17504,8429,8450,6944,794,7190,27304,6622,1713,7199,6348,6995,6224,5786,12143,6121,202,6239,1864,4698,1838,4732,2609,6489
2625,6843,22207,5834,23834,5931,11926,6336,17900,5475,8497,5053,999,6600,26185,6222,3530,5350,6615,6818,6214,4948,11936,5531,2452,6128,3263,5824,3372,4968,3410,4657
2340,6413,22122,7525,26215,7591,13258,7184,18540,7307,9419,7319,2132,8282,28417,8347,2224,7596,7121,6111,6352,6142,13275,7950,287,5049,851,5454,1588,4373,1089,5855
2168,6692,22315,7276,24715,6939,12097,6955,17346,4646,8147,6253,1680,6216,26071,7288,2401,7568,6733,6354,6075,6538,11814,5983,1343,7159,1408,7210,2486,4929,1755,6508
2668,6298,24398,6861,26917,5593,11794,6667,18970,6513,10748,7444,1071,6718,28423,7081,1553,6731,6633,6369,6450,7656,11939,8283,1745,8771,2499,7610,1605,4959,1384,6489
1560,7365,22071,7455,25477,6516,11395,8171,18010,7850,8949,6926,1532,6563,26506,6488,1873,6243,6092,6788,6358,6030,12181,7725,1684,6412,2695,6472,679,5616,2421,6362
2423,8092,21090,5616,25519,6200,12537,5477,16363,6575,8348,6764,2134,6797,26874,6148,2416,5305,6419,7089,5963,7423,11719,7318,2499,5674,1295,6562,2947,6468,1747,5005
1605,6351,22538,6977,24187,8525,11681,6789,16929,5993,8765,5839,2538,5307,24958,7457,2874,7383,6343,5641,6047,6963,11595,6488,1092,6062,1877,5869,1813,5861,1536,5171
1992,8201,23565,7581,27974,7412,12273,7243,19571,7364,8878,6269,2236,6661,28284,8003,3060,5912,6977,5924,6462,6622,12753,7338,1020,8370,1517,6206,1385,5718,2888,5347
2220,7660,21909,7510,24105,6926,11679,7330,16380,6641,8004,7006,2204,6500,26467,6865,2259,5181,6298,7002,5921,6489,11542,6071,707,6190,857,6300,1965,4976,2677,5194
2355,6323,20905,6209,24657,7627,12806,5305,17157,5939,8250,6149,2040,5851,27332,6988,2837,6695,6487,6419,5801,6962,11438,5838,2801,7458,106,6150,1738,5581,1168,5875
3251,7877,21349,5453,25931,5536,11787,7153,18099,5866,8818,5861,2041,5649,25934,6727,5871,6050,6278,5496,6079,5521,11817,6611,2768,6075,2013,5957,3271,5304,3122,4702
1757,8510,23153,7036,25125,8330,12737,7622,18238,7787,9248,8273,2370,5080,25806,6992,3519,6241,6651,6209,6099,6448,11420,6227,1419,8854,2100,6574,1322,5345,1058,5710
1468,8320,22264,7222,24516,7804,12824,7518,18394,8304,8452,7669,1570,7851,29780,6768,1953,7548,6780,7311,6130,6052,13941,6062,204,6813,1454,5631,1043,5200,1871,4851
2936,6627,21584,5842,24477,5421,11373,4272,17249,5194,9149,5053,3476,7979,25674,5898,2426,6780,6458,6741,6182,5290,11657,5191,3669,7616,2192,4394,1788,4626,2091,4739
3368,6075,19103,6064,24016,7329,11961,6825,16347,6217,7557,6753,1121,4870,25261,5019,1915,5498,6009,5895,5577,6402,10796,5256,274,7092,2570,4957,2973,5008,2598,5428
1152,8000,20122,6243,25729,6915,11502,7223,16441,5936,8933,6488,2467,5034,27500,6896,2473,5776,6602,5622,6557,5587,13015,8335,186,8611,1825,6691,4509,6687,468,6157
2806,6635,21801,6172,25388,6919,12477,8290,18675,7401,8548,5528,1454,5207,27596,8151,1741,8066,6693,6996,6036,6483,12311,6533,831,7694,2053,5062,2218,4988,1710,6178
2944,6420,22219,6154,24975,4895,11779,5094,17444,4872,8495,8033,1814,5232,25250,6754,2495,6992,6468,6676,6226,6420,11493,7469,1072,5913,1573,6981,3405,4718,2742,5853
1908,6486,18842,6614,20741,6673,10978,5835,14076,5866,7515,5721,2497,6358,23337,6101,6438,6083,5786,6600,5448,4508,9860,5013,1615,5582,761,6980,984,5467,795,5208
