98495748,156333152,333850941,137852292,342605629,141461422,274088039,141480610,280980095,153961144,178260169,133155713,83074154,123481921,374972080,132168558,101322329,150311221,94658189,146226856,94057739,130841274,190269534,154726377,56356310,122428806,51464736,131511341,66776652,199894672,114227520,186548797
24682595,159536340,346343538,151109165,347401057,157806398,277175707,163574395,280140751,149485808,180809384,165152989,83450869,143560158,375953223,171863248,165827564,134072009,102259653,147807725,91051234,157917728,193607439,138908927,43164878,154496098,40708022,152153610,28832983,133994928,54253851,140650706
9684538,171894860,335039431,147956774,341621985,149679099,270165948,133032332,268227197,148009878,180588961,162561305,88834040,150891185,369084405,160554578,143188894,170688491,106201788,137923678,87959580,148071044,190005844,154048152,21016868,134536707,50296593,151566736,22812149,127720658,32890966,136383587
63231683,168885560,328700680,150374428,333305038,124393034,268483030,122744826,264631298,129389910,180338660,138783016,41412045,145583808,354525985,146763059,176529935,155502454,101516505,137105186,88184921,130301150,187129245,161824303,31908540,125471964,72988304,139119040,68288948,143577079,71396503,113163656
50340249,145514247,326771009,139147639,340100886,131315532,266090499,151962449,273150618,148728026,176999052,147253381,95369390,153694490,368048268,150524286,135623153,171459863,98789874,148253003,91936519,155947124,195924873,154611536,46010307,157412822,21079092,126488470,12035799,121701869,39838858,123648312
56643979,151547020,328073874,133895493,337253615,152674899,263207787,134545114,262000567,142676914,174376141,180990868,58828697,137402244,359555621,151463412,152216889,143618163,96088510,149283477,87442205,134309381,186215896,137867690,14070657,139908140,50174436,136881282,55047959,125951246,54988277,130338493
16947484,167962459,329022720,166195616,342774320,152545955,267771610,172494594,270531528,166662195,170248194,139925816,72539576,143479441,358361354,136106955,118175537,150947127,98295192,157385563,86087162,168150552,184698522,157834248,13138701,151794745,18337132,160128782,15284523,130266893,35113620,158888028
93326527,135806427,314913678,138234368,313244697,105360004,251582869,118269233,252564840,128550689,171011573,120662181,71735372,155183887,331257359,127152182,149486344,133234692,92501672,123538925,84821455,121616094,170280616,109471259,95487918,119986101,94189717,119106126,100897322,125216765,93232555,86858642
90712007,155964076,326811645,153355424,332233791,140709747,263697554,137238961,262073757,126372586,177333231,125861278,104187712,158636077,337536615,138079152,151276094,139912772,100262805,182010967,95703212,121312150,172883636,157022346,64901978,132605574,83319430,131866683,96228949,144836795,92303219,109615462
80890515,141547992,310954593,141716140,327038891,131184912,263319513,133854768,262280794,147601951,167627030,135516971,45621982,138545762,357274926,144189322,169869496,129350308,89527918,127765774,81481105,147596200,185954142,122825887,55929602,139644438,104892803,109491580,70639997,134904087,95974631,134792493
106164555,125819600,318120038,112131727,311096650,119323036,248684358,119041613,247275214,146718838,167221708,138646137,55621420,137600849,330720508,121286909,99348356,131564183,86915463,128322229,82082900,145097769,176406255,123911128,60021605,127539757,122160905,133414845,84682183,87492364,116012630,101709474
106369864,143734588,318618063,144438943,321295166,120236651,255630442,134726056,251754689,157389546,172072263,130964655,43009164,102081256,338651803,130905188,164387005,121131211,86015296,102617534,82160403,112805128,174394634,144623667,53319869,140029083,92293680,141658703,113649971,90558103,128009275,120886085
78613171,154824472,320716264,118153091,320531074,131691772,254140297,130179844,251105403,119342151,173676970,136644998,46269460,122034400,333944152,129051440,121543925,155230258,86921067,142186531,84134497,127784424,169103910,119291524,34720301,152568358,77036358,122155731,112513337,129551406,116643719,139271041
88587840,160292747,317270209,147647696,331744361,136506224,256547868,120342482,261493643,133261865,160152506,145886177,68097324,161220048,344458007,127540896,163681089,152364768,99346300,129562202,80620489,116753198,177474146,139345257,27824530,165991383,32490391,150622111,24858250,114315693,113530575,126444910
86218986,145616559,319743593,143002012,319688249,144884578,251942340,116643899,251210131,132881896,172961710,126457306,73078216,116450355,332255024,126637852,108255413,131524471,89485442,123830730,85454079,137794001,164841740,126746858,72432712,147171092,48730095,138116714,77428939,127812237,91545692,118676966
89559788,160769349,320403287,110640440,319769915,124494214,252105908,138365847,253059488,139247101,175198427,142418651,67885371,126743480,344479774,141048385,87343395,135483581,86566390,128475252,86160909,138669029,173201383,124738859,53742807,131837911,80497389,137933082,74292265,132413806,72228829,137694594
50158497,145548673,318929423,151879704,329041568,128522703,256649419,147119501,257901441,137934105,168113174,138670071,87780952,130412360,346500892,139184788,141285702,141415461,97881988,162242136,85070763,136548278,178984132,136613230,15571390,147334779,77981896,154743300,44829005,108338526,61443085,116701567
82670990,156885944,316535261,119034524,323590663,145179230,255644052,127696626,257799190,134295114,159280404,132670120,82663573,146244799,354288324,149774125,178782998,139472982,90923277,135144060,82800403,104741748,180808143,122953939,16896072,142916160,89177231,129773966,92696278,117572259,92994399,124204736
72741918,177293208,333269096,140656161,353791133,156532344,281030094,130021349,277813631,154801543,179401026,158844512,73803926,142781865,372802713,138062599,125357656,159411133,114376122,165397941,97189556,146467957,196012125,167814371,67117352,139945483,61511119,136167670,90543526,147871710,105184373,144734855
43230319,177503461,320573470,137293760,329126793,140307543,259200085,141963342,257812295,143814924,169888779,151222437,64119960,143646910,338155435,158422186,93295702,139852945,89311187,145958459,82215995,150564611,166417087,141237740,53794804,140096271,17863469,136871425,19272471,131882193,99424713,126264724
42344051,183054677,326046761,150071912,340651438,141353659,266655782,161230548,269905384,146205566,169291384,133102673,45921535,136225760,367916109,141578648,211238474,155464229,95571678,184794683,86826814,173769277,188076511,145462974,11701148,132604977,11189772,160206590,18739326,154906172,37115499,138402015
37669215,156675785,327392375,137569747,333000270,162605152,263672382,128860804,263991571,143304818,177860090,135012438,77069026,148409181,346997095,152289231,103586971,148638007,90639464,158019187,84500604,148848098,177437424,142862287,60618474,163120828,19797245,142061165,36344254,124856358,56376538,135795547
17299825,169910605,323303927,158108528,332571430,165166666,265545345,148265826,269186235,152911591,175226892,151488889,32678583,167790429,356315848,157192340,79262379,159287410,94577563,159177513,85095064,151486382,184822691,168080498,18684744,172638182,12328696,142048388,18675300,139603755,38168165,135006256
76499688,149488731,300661484,130860947,317194458,140918744,248421547,130168060,248692430,137873786,158851943,124610639,64040491,154155274,338081946,130289145,96296566,120684517,90598429,126077009,75754960,130115314,166096540,133871483,102808802,116683081,43329320,121756599,96165513,145591511,85724181,131389318
48574624,151967246,312749809,147705106,319485229,156157730,251298206,133401962,247624630,157577214,165223984,126586872,60755144,129755578,325352675,138639244,110741663,135434281,89323102,109880158,85510221,136654237,162676359,134148689,14247821,134903301,12729670,139362905,105955152,128748031,99210137,114455899
34712310,167952933,323830083,147531081,322776959,152333906,260035058,128322860,260396161,131468498,173145685,135153170,89066026,159742010,346244821,156633084,213507421,152253424,100899519,153247853,90447623,133001113,174601057,130845783,31935349,150942935,22930286,133318963,46497002,151673946,55742282,134142595
21084914,169796605,327131234,160870972,336051715,156406102,264999765,155258217,271657024,149622730,173161050,144970923,68396713,153062723,366004967,158340506,108626604,145149702,97484259,169071868,83238044,162235873,188477766,141503504,16313461,160910749,27753863,154745162,23863760,131027063,43238173,140696432
27773187,155684119,314942378,159273342,322632998,143531389,254345046,119699891,251884187,139821770,172253451,139123724,71122544,155740328,342213882,142732353,119885235,150201171,101800686,139504969,84194046,153892956,176943289,153795756,39895891,142214689,23676226,156051509,44558040,111516183,62616451,125436951
76330757,174025952,319211022,170702725,339490768,155718128,267181123,163546052,270618653,137435651,168388889,153280552,105779524,131093091,351446748,138133134,131186825,134984157,104433487,152982654,104492862,127696017,186746638,146663892,41284183,151274250,66778841,175168770,134689911,142329157,122350518,116790622
57590354,163113078,311434354,130383276,321728414,129500854,253428604,152986600,255778430,156362433,169405086,143515178,54851082,119284062,345003616,120625609,116445368,143088019,90472039,120689500,83782121,132426405,175641282,135837340,81443338,147351696,80809357,123925707,72297340,125129270,114835443,121549823
79589627,145291234,328600920,121321685,326620940,137891556,258788351,132219980,262664664,130265296,167523729,154429562,63572734,125426754,351804913,147047022,94878135,152314693,95395409,136688377,87441435,143342382,183352023,129944325,22982239,150088218,67747817,121571446,95100627,118699529,117292825,134832776
26660501,181532420,318726069,147881087,322590550,133891159,254448885,161539400,259583402,160731487,166241443,150819049,31523246,149844684,351928431,160542955,240957879,167310994,92669381,156117910,81462801,142861233,177735113,179016861,21180187,144349592,12096636,126751616,34776268,125773122,66169741,149465102
54925881,166405225,326679745,136561300,334438100,139315730,258980941,152364905,263620267,150376270,173007618,167052635,34207496,121746364,355318001,125997926,110815786,140128459,95383202,121964261,87037371,142055767,175161432,146723630,57540238,140710100,71594666,145134761,73777121,113382747,80055918,135623999
75215132,125450562,308599237,142351240,326759912,137663159,255698507,164451958,260816531,145008613,161455497,132725902,85747071,117127939,347484746,133849762,126949926,107223437,91259948,122068018,79840345,127908231,168906804,153417354,42093294,124751130,86126178,121056120,108030159,114950277,96626656,115452799
63691490,162090104,304499528,117622389,314978377,143240879,248041638,140861390,249619910,134199446,165221571,143389438,57534436,112494057,329649108,139482940,113012285,136102985,88875313,130705774,81216179,113409372,166949666,136906031,60552788,136190233,49810273,139180594,41725308,145175382,91619762,133202360
51245065,169677262,324225047,150657182,334300639,122370975,263812619,143256812,265864358,143860138,174885238,123008817,68000930,145496005,360853177,144643602,124161636,126878646,95787237,160361543,88059774,148117800,183142104,157671407,35189700,145869668,23858255,159243536,72065939,96115561,94758156,141196871
66852238,154581852,321446973,158346005,331448489,142648732,261561975,155158199,258407816,160884230,172241309,156093836,24862759,139384400,333026891,130103041,111654629,148019566,85557766,154583959,81155507,159807090,163715550,136897434,13114218,127449096,25787985,153705706,50123177,135978303,102349077,114433042
50201823,157303318,317420719,154463251,333367851,140848336,263967603,159447811,258901152,144235287,168375637,147276207,101995264,163210974,363412941,134160989,255047960,147023895,95839445,159812880,85094175,134766814,186049175,166152232,12298522,159418106,17291746,153602969,9795584,132263210,72326242,133128021
80827590,187964614,324605663,160894532,341364557,170793146,271783071,164065527,281931988,160479929,180411357,143409860,78550745,147814959,357802165,160288763,120194638,173223621,117450549,155600345,98210502,160742215,191539415,132797085,37614747,146147265,31524804,136045475,69940411,138377698,78114172,159786268
26330685,152649874,322477445,135280581,315490212,151787500,251739336,154606254,252681137,145451850,175679659,151060035,73178057,140005446,340073938,131182007,110561296,135546457,88690887,156829257,89526117,166463774,173193384,141280560,43130091,139934999,37149609,129110071,27367088,134678874,68711195,123601055
92819914,150233217,313893340,136483826,323526077,126744879,256472972,127545975,256881079,110490265,161158186,103125487,42750434,123693742,342520641,140023203,98555764,132457624,90662895,142547779,79406396,148407293,168970035,125718822,64448330,135152444,57563195,135206036,114961073,152996016,118545850,122058436
77889944,146844463,314455603,132283803,321734840,130902404,249187914,146685815,254945124,133938313,173142667,140539432,46976981,130931464,331578801,133931671,93452656,146202868,94386866,154732142,88812434,132796317,162176014,142298190,34641077,120021339,52503322,145687267,73403660,123057612,105795266,111540375
77942759,144197285,316999256,139983543,328924847,139156807,256185245,132317968,254896042,124045891,164794283,115722429,85969919,125080851,348367147,132017865,133559073,133859399,96970764,147250409,87980176,117813331,179282638,124079973,42240060,134572390,91526682,133736947,87423073,116565917,67703493,107752280
85851188,157517432,314268997,131156025,324173181,133701449,263749870,136084955,260187457,137939038,168739241,127873434,60302430,141397651,342602392,151824177,104884381,125660080,92330267,131948027,81390347,138951053,168706033,148257343,34021975,138004126,32909936,155101847,109772646,119361452,77281681,129510754
60895804,145586823,328859366,130770872,331782878,141256601,263799178,140584812,260275846,129243218,175864146,140514619,40777535,138915603,341824578,151455814,106815859,160215556,88538596,154396041,85488009,165172930,170733948,139167088,50586436,155126946,36988727,164619712,26912211,115712679,68521681,157090155
55679624,173228487,321182634,133087652,328850483,140875163,266152680,139639104,257707399,145406713,171422017,137618132,50731051,145514244,349787247,122098245,111948197,137668570,88878187,140785062,83305788,150842564,172638292,156805504,51485264,125037934,44632329,175830644,44754341,132359188,92390792,118495601
67687260,139417251,298812513,132331612,316273434,143137159,255164135,145662502,245034115,118203019,161066909,109102565,89398378,137930067,326661554,118679999,326448892,118938672,90814007,125588088,77766989,142026758,158945227,121181442,65817465,125553204,63869268,127798304,81218124,101089080,114358987,143855523
51988904,153751971,318040588,158151012,321548166,150659998,256191655,137832038,258407967,114951780,165315842,131362194,79829438,144359908,336419959,153310807,101014001,132363431,94671797,130463959,82995243,134553501,172380193,164569072,59453742,135959004,34266548,137994496,45411413,134198255,66937374,141614561
22246568,176137016,324384431,147655544,339801986,184741530,269726567,160664669,275639464,156266834,186723223,154114385,99536452,177564992,363855492,169857758,111586264,150044810,111119720,173023030,94550797,141312065,186810221,155343926,51000717,161311132,61123834,170237276,55583323,123858061,58199918,132688323
96844511,122841974,308460148,132786698,315745211,131600157,248731710,137500835,248207576,142418753,169743009,133364472,85469393,130210284,341359307,124285357,120077252,129885746,92480393,150477933,80719434,133922804,165384700,137091985,27212305,119443805,22280775,146042368,83344107,130122285,108433947,127913798
46885083,138884633,307942835,137811288,329088260,147226432,258435063,114815996,249934433,141011427,168519175,157804686,64005450,140499748,336917674,143538933,114518431,151301018,90791279,145740200,77590744,159674252,171023725,130536641,34751812,142343194,22181002,130612721,108544835,113494404,64443433,116832747
92706531,147822883,308856730,142817573,316397684,141743718,253748341,151897468,248300626,144043920,178334624,121235968,64828519,119879792,329903477,123330377,114019153,154315616,84015922,136586283,78557759,140948820,165944018,127092776,36963058,125242382,39511698,122823501,87911091,125942772,114546462,116392808
37332284,170090836,313782268,144051385,329481165,145355171,255731474,155774264,259155387,161035364,179210384,133634648,51214595,160154235,341000071,147323386,107196210,148238324,92563263,151692674,85060258,138754245,171202318,125024532,20800141,129433790,20545146,136178674,32207854,132694738,57294103,141372680
87658305,130565156,306430637,118725106,319824385,105658892,244941344,142776235,250791010,138918869,169893776,119893731,94774756,154823503,341666446,139051232,114749255,124605497,92084156,132250582,80266442,140878923,169482065,146827151,19586006,126636362,106057605,130912418,66524872,99607742,106550145,116224277
79578783,157436229,299116022,128549909,303854724,131860072,235935649,122000159,240263969,115424576,169298173,105193425,102887443,94771305,326166621,133383182,142165275,129634352,93444697,102312225,89526033,124525975,158789911,110213343,85155930,111575219,85552278,124586674,102351054,117393202,111393892,116851263
105465982,140753747,304537672,148091436,309353354,135519608,245181792,123869632,241216877,125779198,167781099,151160331,63093982,116392941,332171040,129055812,100265482,126965934,86871704,105456303,77123399,149673568,165458197,102772729,14627173,108831658,112903268,136684636,125203491,115896127,102001491,131417382
31804050,157481517,315128655,143195834,323377486,162043844,252416279,147506890,256001498,142575387,165778971,158831345,65287090,140401188,347200572,140956547,301389942,133688328,91649793,148315967,85579533,145163909,177963507,152504135,19435704,138926178,10055223,154014130,32709904,139452377,52742079,147020248
99763834,157042886,309288342,139803686,316252024,142549896,244408661,137936025,251097555,153261960,162373420,145749236,79808027,115755662,329259496,122345685,225415551,114927647,94758367,153849403,83696762,129055183,162878943,119369658,46049966,147245264,87521854,115763859,90769337,112903141,104629342,121792595
95859019,145539251,316028546,141704188,314393042,156606754,253875067,124999558,253744436,147668116,168075884,133654638,87986677,121360614,337995046,143762785,112356931,146028105,106754028,136706304,93711123,123645219,167741956,109525176,81059951,133386337,88336425,132388061,153555350,131465583,121001883,125843998
