406662124,338632992,516750793,163436736,941017793,183903574,763475013,169476938,428992687,195939319,436918423,243374005,530175218,314049592,510367698,267447571,524259229,821204976,423567245,456593291,535022598,340023514,871132891,286626283,520078823,245947933,491209680,339895726,387748645,341786573,445515233,909562249
335731873,590218882,446850080,314405856,387789233,324818540,466205348,310026724,358743691,245595671,793591549,290717053,587179656,336939487,437551432,361508253,620304649,463503285,478719523,484306154,541603095,238293657,688390247,494788613,718340737,336419755,808248920,334516873,545251029,316772532,483819705,628372650
659983481,493836333,306061198,321486732,481237198,408461331,598360286,298977528,300317407,223873868,521821636,496038803,393498526,416355864,428794855,709049058,410456708,364741568,362315623,261940575,367554046,379383297,310969273,499221815,638805012,675787018,966523527,345283328,376857016,283398449,744303517,472355249
511263351,548490476,480538063,254269596,389109971,324808491,767995384,440866855,505909652,535608793,530104773,311141655,520401661,301694995,302589826,450670890,914303930,335257072,502498310,388902727,592086153,198497766,399430584,301838470,451075324,416392921,516101591,354457234,603154410,505449348,405170170,529051385
312084820,405616040,359865890,409243383,340706200,382709336,215936471,578341498,375480746,353015212,467753681,573389870,885186171,243798952,418721758,473213214,488575189,402223151,983841599,402187435,845730691,455479662,380306615,712250747,430924269,379243504,413693726,212530268,471681930,239190669,457953162,384065761
447418541,518378679,368650441,455006969,300859786,341060084,353095960,442450737,304459608,239873505,374843339,421842776,1119440360,257287455,424166120,732674376,323657706,535117496,951793815,330068056,341555462,224649219,472659940,347969512,503578031,628343067,351140792,364441496,699910516,443019375,573191457,256786123
311289813,307218220,681939591,257373614,294781335,278265919,430456696,367701861,475296390,377792447,333730211,498054823,578449570,356850754,312328374,599287929,696034722,693487907,533812463,296171288,966457234,352266131,477401193,368264518,252887579,584307490,450309638,830867469,467052484,304455613,376709546,251887189
493248014,206867131,448297730,818758589,374672494,76386529,384877778,85291225,451231657,173892746,356813403,247862823,883241595,326764254,437535216,498173311,417430347,321217401,397284462,751539534,946210547,464763873,446979268,384274946,723735993,627328748,828204332,360085469,694710863,214062090,479881841,201976532
511317308,286640955,497941407,777144198,396117382,420579679,540953001,170208087,319314063,208557526,579729905,426868441,698097715,220741427,526365849,309116307,453315271,418598436,370538772,435755170,1000782042,495185651,430169668,212081123,573590394,882948788,405402960,529026630,468367360,267284576,577678917,227770504
369695698,146760228,425894187,150411015,471679183,857680075,565727494,314446928,418779078,851336670,525647685,577485590,469969169,470157525,451702799,482035421,447312633,434432957,706521452,260492276,878667741,328972806,333589518,474446333,590775124,298421109,464130471,451890469,377954001,320708074,410992812,200004154
369382221,400277918,466925224,223553402,386345072,719610842,415703187,545116021,444599947,541991508,715907937,501542040,398113378,156708813,347401256,640648945,370075782,200804291,781743214,222076534,414851272,222040309,401860798,937924759,886097770,199486953,646679218,331457640,518503120,184876390,471666025,174104579
402529999,229686014,396704494,262987424,405317224,341285045,420225406,447083222,369861371,345975921,937914503,710275464,462926712,487809996,464504948,457984069,454986287,207124979,787466650,285763734,423396017,353721751,530262460,147261830,533518398,905469494,589689015,238491175,515029227,185699438,1025901897,196381463
422990977,244262424,517138924,454062780,445703750,261207176,327624451,312416976,341641944,492716942,388832802,425660962,331720100,397210267,343128386,325764817,642152389,300662964,633860988,319449820,669177177,348717525,949863425,454795121,507457237,933695424,521166575,239465519,366722026,322435076,781317395,191782671
435195046,276126142,534720871,806894396,596081442,381612898,809075394,208372446,413744936,450165956,433632461,448626136,457444136,178752073,369302264,245356331,539829716,332140747,428448550,594949655,437458320,228969976,633825558,475492132,502963796,680009831,846349297,268296883,831885795,319069987,375453323,170741852
623194510,236133922,460062996,953852020,948579228,433229705,757707539,187598569,459951403,287361076,572931672,163048848,707831278,171965150,550620162,243838641,381490286,125221781,416480853,423550539,510535856,190569009,476145349,303785127,511369075,434661583,564622334,672584745,408676509,318474202,427131128,161183583
591341649,178661122,509941205,560414689,459711840,672206666,698153537,246064258,709352413,716544353,395095505,380564650,500662232,218757709,385384766,435172983,402749420,293341561,308479382,423010519,423541679,262197208,422991286,250164237,456839921,531073263,892603308,256481564,572810491,590509190,323363487,198812660
486449553,165051409,648815462,128393743,658477330,697861696,953879476,240618391,392319163,583562204,391636775,905100922,366506572,342758433,459768126,414151374,467734837,332653686,366330341,253499674,664576577,259939965,624665951,209387056,422929129,268258625,941212890,235964586,437049302,340974502,494878428,166889717
447228072,359644643,303460646,206651405,662200226,577693569,546017557,306426640,372004169,475465789,799978075,952351686,369600511,758870645,311705433,347024495,384342340,275639251,569371579,340476389,546181574,248593394,704844014,474608129,359118957,312455853,882166841,319710119,387567260,225525651,378553814,219997011
561780177,127704923,440380789,304755339,796616011,199280937,498124404,155967217,515555573,283261898,376805781,894812806,384714239,601960015,394635476,596853345,542373986,434168543,503578706,135250178,959002381,574465914,444967612,196107231,347267405,291803151,620534936,318367691,549799670,335604091,681415038,187308518
377807504,272612312,367797969,934866700,739386103,288590959,780267700,93829712,495348489,181169141,431577776,332498431,407695232,342711401,440331180,615792810,373196157,367408349,671835229,386107754,379057555,637226119,724244342,531577074,440715086,265952510,519151469,129784014,445387904,269276975,934144907,155684258
449839595,126966635,441974761,535735002,485189860,486542532,473889734,383457762,585921082,197965831,852503962,303453076,470810639,363834041,388329061,410694563,477836370,451463803,502209012,438589225,502848774,593298770,591642712,319793385,511618311,222969084,470677718,549524677,674152168,268083240,940140564,162843761
462108283,357070227,488917632,142670581,634568252,877130683,962578993,214321288,617339714,268450563,380720878,271724145,508868550,203153859,458668781,172742887,471782445,256024812,585596122,321845476,511986974,475918637,706530148,990458834,370335950,383128464,397621830,542707193,454917211,356538655,541353229,154672935
536965780,325866932,399950677,484756111,353094470,329329826,405496579,323717620,384797049,342734915,992486141,134329673,412532055,543516348,368659626,143891405,366782367,591322549,437352363,358876143,402096460,919495410,628759027,307707081,331573038,220330281,927703479,271123292,768234532,348816617,599283458,172347016
425879961,461750565,692159249,598230222,410282217,300538874,419676999,303504857,690904485,263015983,686857775,423035852,460064612,678491694,508182995,333393501,750912277,452861516,423851126,181716487,387233914,503735723,357943883,377851445,358962096,297052376,796884132,453929076,401380697,297964378,431863725,221422588
382919774,224875069,650169331,186652218,386347891,870049026,334500553,877374266,402237291,396986287,448809936,375593373,475032280,222460955,419227207,424315872,608990349,497458600,703564378,189043033,683177194,250516276,793912059,338741237,776379310,307663028,430312166,268016619,528463475,239603190,581797474,195060176
593175993,272719756,571012836,264304662,751219587,524749033,413853310,586319477,362858913,313026494,402066338,767311855,334422596,298766937,347207512,306852128,360062075,560187201,1210023313,389557706,375486740,670127648,594661751,249588143,735763852,343824421,738884255,186848978,436664265,261029670,437876638,159580751
523818708,521675480,521653911,257210540,623448356,236570761,448701505,381773934,505924725,224955877,366618893,660819276,726013073,236213179,454611503,351737288,375422542,704763782,808336864,679450480,580405167,461730408,453698703,374044658,392170587,262341181,546826012,197243301,601273826,381479343,322938977,163296714
404432386,419369597,373534065,96145183,825609369,127958567,439989951,385349896,485273823,178877509,626626140,191073318,750392520,372112139,427686630,237024731,415516823,440934592,430826009,547209887,995356718,593952709,419281612,658923462,650911160,879370473,343431103,377675579,550673299,257884374,357586436,167833095
354190323,646664951,417614463,464224938,615138664,110555613,332808366,238691658,550340932,383284047,446555693,309067129,715275097,363076713,690681726,316378653,673809086,221917306,575071842,234914116,1002538650,225160797,454041991,644295432,549567955,876599795,388006994,669460471,362441673,293641320,353765773,160907425
390034243,521439331,431381746,700946988,562422555,614398532,392004304,223032995,580107384,287115573,619990779,349319035,563762604,183908357,408936535,302547014,797772633,203171528,746300903,413943090,820867715,322839847,527642275,422071057,413745479,621574224,416175576,475608178,519362414,496097659,299371077,151040348
784165510,596625196,659003360,760567808,493090168,226752668,374984067,277116279,479580923,596660985,456784044,479017700,394408144,570327926,353245085,452812115,713323725,302925163,453761276,223696685,470710366,363207556,941007995,165450730,384515827,377344914,298382998,345162347,482218623,297571247,455340396,171756030
434300870,283446551,379774584,854512117,860780677,339190835,345357162,99566084,328010101,512239957,451852585,237180723,604276307,200075708,341505448,968583360,596602786,477222357,453056840,449829764,346385847,66503621,469930830,360744477,581389973,703825319,595589274,223032494,513175936,202265651,883911531,148333104
391805643,498442967,383421814,860984892,440226652,372352371,602305063,86196928,688218140,266817045,501547190,279229198,307443879,164152927,351176736,904481901,804835074,274761108,539011255,422468656,745085905,217950381,399420566,248410117,420674547,492041972,507530070,384935090,378102898,344693113,849325722,159422503
555088791,210856799,670557745,349983476,529193427,188684575,394911146,165613802,530652237,579008547,572034284,150097527,388660167,453110700,384551014,503126332,482624142,429128383,575547948,558146853,471334406,496176710,627485740,346966181,572221423,635700163,548803142,326576868,572696775,362958055,679543147,172047637
458337985,744284387,336947332,274075545,859664687,248760332,378220058,178786165,471627202,280430095,793714356,214971903,871713620,345828999,493414956,545272141,514080239,282748193,375867436,585732146,433539486,569791424,551047270,380202931,393233359,444366994,361306180,613974103,455306788,377867822,508187880,154486629
579189294,941779157,420088735,119067176,414488241,617713490,975398189,316571643,377586345,137238946,408338757,132809803,373760376,182120662,398110868,420605680,374681333,541316742,403371308,197405987,542468363,126367289,685682572,771487893,395793982,399818506,579967892,313713233,700065401,365601274,851405881,139574478
515944880,404763514,461267066,916521704,639687522,383651768,817976094,295547700,591985244,285430470,1059371003,288948945,437714125,200354077,468078716,382715160,392123607,439115009,428338840,192635984,637289239,107509939,369815561,868719606,483255502,192647371,526214603,410067875,423675709,459643877,639560097,145254959
669008435,361224189,487174970,694881914,439742476,671576723,596807009,234939396,425301192,117740229,891132777,468835409,407183109,382609693,446061804,240095519,619244009,247899892,414578559,479126937,833288066,310960083,611342975,880182743,530288799,218438132,411975144,119630955,545039795,223336632,351229682,149277666
390415929,294600920,626513835,460515644,347213177,934255737,336329094,220616453,399517080,421825999,1081877479,258315122,378914210,336743356,568126546,302854013,579466692,358176985,384825830,598394249,558417570,269865557,365195286,842524004,371681266,255818461,916029533,143396792,389827536,126215469,492970139,146694713
393383130,219848803,444589968,295962743,562061515,955603103,416155976,350443622,419236751,506752257,480850022,456914150,410514029,316977932,871942545,294573692,324629307,381390902,368141313,290207778,805750324,490612213,484653288,882448720,533924628,166366050,918127180,97018704,369605492,120195612,515292830,174073855
363699740,356313533,584036591,179289426,378029467,799419961,397960397,243926823,467911286,267467372,390090465,114129779,570627431,195625835,651781581,211001310,760894392,450939653,376242810,210141347,480279041,455276255,550585122,463987562,429545127,503564550,670946793,693224790,530708692,603811660,754393087,157316317
378925415,636996899,508157347,669695383,687813051,225034074,367349376,363380629,697527544,221393565,481846456,261679500,430021898,553968068,706858691,120238828,1103621610,140762694,393039728,291230663,504819289,396778389,674672188,377429073,428203227,217757144,363269032,524547334,455492675,715490304,443923309,201142635
531984182,617562004,412310287,646520479,382339974,418357332,376172943,416962329,527721062,610511284,421865567,418170524,454213872,312986412,335691612,207075628,981117840,215760591,356150790,406979097,438726487,176281797,945271538,115999967,580691004,192012123,671533807,226333425,414498046,511864141,585417928,158442800
560726158,252890770,495575139,284036425,485352123,286576877,359694089,192739417,406583356,569173026,441328614,375953098,583398641,626294759,542784533,476399223,463867265,260991390,443688823,885134794,515269518,206591917,785150781,448140217,501184623,294868980,823727169,213918942,580474427,271135845,578334189,209766891
470679587,1068222385,484673229,247266431,766921932,438705985,547922236,226979615,409789085,412475087,537622107,317564498,416365223,332942508,579620249,964561418,697957237,342931342,424961775,316481018,434502909,428806595,636558639,277493262,632260592,206678102,900188833,208507726,435339867,532693537,511736172,189248819
482513886,217727859,421125806,90438490,834027321,786738215,429293271,316032578,429806006,205001799,411043489,147965162,757680345,133762764,410712213,232974723,517204261,528005838,448720376,867909389,470538856,199415974,350962563,540461305,484507881,385913137,965617633,476941197,613220880,585571516,605928536,131234798
330315534,613369992,373563821,185311920,970995286,380285392,716391984,866708725,531264459,307899705,390429195,270294074,541002397,94750112,454810814,240385079,476177508,344827971,594116292,310448922,535106924,341629444,482099142,143510322,482595819,711659624,746869286,281475964,374794717,389894762,419730894,176044092
427927384,950188124,456081037,548267228,550499197,131304990,995886574,169587416,410108704,847003403,426378560,296569614,361954074,456728981,323037655,168911315,639875490,253189730,587019690,203594398,744879020,128955263,431938426,242931528,730507939,377748340,389382138,406336390,455770597,259840129,609291579,162302908
448516093,274971422,423814853,160133370,798128390,722710754,633189824,193183548,652884525,654668156,653747194,389430840,499795588,460412992,402091573,238243025,950065269,619044027,432340572,411032237,441710611,423260469,393570648,298953662,414104398,168510698,470511814,333802471,329938060,243487580,368460279,192487262
383977225,328327210,534838400,343035410,411441597,600255425,403893743,229339111,348953614,406261775,1059431301,318331985,493723473,481811484,313988752,473775108,423427763,187395377,924272381,442657139,726311149,295352596,454325108,953024253,413037738,211426023,494860516,203024078,546789087,360923372,496367302,195118392
340510649,354524500,380603084,470219956,364370457,853053069,404721115,273362003,497190546,307802593,782032078,447297114,565218012,215984099,446222578,74891612,497623343,430351538,367227825,303942978,434283736,462968696,480605049,759299984,950236059,552991698,771633673,220104312,454266855,263920205,351490076,175656081
394817491,449971982,346765038,507969434,781671245,872194345,529767576,507594939,366026164,172622004,809269129,243702682,547491968,304616838,889457549,329470463,838973831,428604718,397800895,254575866,346225873,272091795,614031223,269360330,385768553,804119711,296479759,185238773,389224372,467591237,385379877,174978749
584341964,240813614,337966863,954970856,321380131,642178262,382720285,519349761,781920694,381817367,462636611,676890458,395810666,549668668,366023670,344019712,985202800,241784705,476260212,251034110,602825408,226303712,378886269,230640393,411291390,163165394,666355759,548281491,434322414,203448827,374403379,126792312
408868065,445301796,507928758,440496478,421820730,512496563,472953579,246926384,434777462,636209729,559379695,333840430,726454977,198685352,523243735,375517109,720194705,609556334,618788321,338580354,545940498,353740675,386160935,396520305,609294943,312554852,584813564,196785234,656110441,317494722,446223928,155680068
517982339,591503053,338934830,204402513,331303622,82802082,370112137,172009517,590845271,248973420,835387360,929987316,384778338,542320283,581474034,347501207,393330138,556691565,559593719,204922009,758350085,372814798,885383049,875169759,486806325,316873606,671168131,258978611,843339301,153872568,560940109,154756248
489774508,181675659,358656990,212854025,665552383,621335372,402791996,238897165,645670933,184593332,969335811,956555473,441829717,255474947,463592743,127180112,401370103,309379237,364095765,661820870,386874526,252988070,354596175,870615976,453633409,628319854,896326533,403007010,794420036,190910057,505533015,145771826
386297859,606880808,486668482,108732013,918647163,544737892,377942687,170413501,411853876,803583266,348780255,852036116,746391140,439308498,428978551,362086197,475133346,259804175,345776876,465127755,529310346,262822232,363596485,246993358,280543694,461758452,404116558,417213041,563648964,263910515,1490083090,151863241
314689011,419006481,252012959,267508150,608241790,686254546,443015103,448977001,519224243,872804756,477449328,500036131,914084646,406353531,455636007,866759818,404377369,324095379,386796068,398563480,260608747,190381808,331142397,336042409,303974911,261357465,301464301,327089813,637042362,325275127,935451587,137081668
276826894,346328152,324663495,219240547,315150141,387362640,312558329,294428405,262715398,680551172,375211366,439036443,1093809985,487019101,545669311,392990152,439756389,925428072,636319116,493045605,512484805,351807306,443121614,488711536,318899749,303806086,639075780,386845774,363734306,283076078,1022353492,175474733
