20268069,969781427,494213478,92517795,533770696,47816432,454054445,55136464,467905170,62001378,275055488,79541730,39262943,51625608,602835272,118636370,218325334,53286412,210554434,179074151,185631923,101908670,332586215,91822202,56398244,60899795,61998228,77556355,48692066,58376213,116179544,783341701
19840603,1001087003,495380910,32482497,535973542,19514804,448300495,21981435,470105246,69980383,281931006,92553527,36529604,148998586,602291910,154309600,261722904,82999656,194475450,79832994,187402392,49304059,344259445,67886937,40105933,202278433,19452963,114302744,21126574,71299227,75446545,305886007
17488206,991552323,485612540,144575343,530375988,106471958,447467556,27917348,455069299,35816685,277283327,38035073,46976941,44717870,611980981,144990082,278831019,145752394,201391725,63293617,216155028,36452425,348486898,53358197,19095160,151682648,20650375,133475712,17406231,89477645,72718261,320281375
56628834,1002110620,498383453,107649425,546549039,54877964,455076480,67564935,464616576,115478281,279548862,118167403,57481727,94832231,621873249,93505339,275156625,176555950,222970926,82513252,201079618,42619868,350103905,68482159,59585128,67419460,51704208,109059728,70040733,86072889,94034737,341274491
37977643,1009601367,504616502,218718092,539572105,63847888,453247749,59254508,464514495,92948446,283702089,34299027,46126212,86200242,590748591,72411231,268772216,121410575,205064790,135327104,194357457,77934848,338233330,48940478,17781423,70284628,31971160,28427272,50731358,46051093,94317030,185581717
32826554,995555377,497985800,98807760,537882607,88333311,452226619,166288518,461279767,53525354,287721805,148363999,40542437,129559402,593640268,88341324,283271337,93750459,200246441,59084396,193551024,40217235,334275422,26892829,28862851,37870210,25609110,115814836,58894266,69455651,88151691,188440473
36688408,1006186818,494049826,15191135,552448397,50205117,465200759,45442253,471639413,37190279,280118783,73201877,56517131,126082825,614933469,128764559,319637255,146313377,199657008,84929814,188026264,83824541,341867820,50316992,30359255,30935886,99556747,35173513,66619088,130007288,90351740,171889100
30408093,1010498259,493416724,29054353,546780593,59529704,456770189,108173975,468207366,135808704,272686189,101368274,30707265,142010540,605482424,103337211,203762718,110324263,199921298,157208255,184752586,37256423,348197805,84622421,23854793,61472262,37808436,34989914,62836164,36552966,72589565,179904973
30777966,1006125820,503330593,133825321,543491322,63664837,456008946,158716168,467939182,195131063,285429482,39369091,45149570,68404152,611482623,32354357,285673414,55211701,202463629,47117822,192255437,32825306,344613442,26313245,29573409,102319804,23403437,69213635,70170432,135862605,87025906,181764822
26648954,1006137974,494689829,16862739,539552261,30998110,456748226,184731923,466634421,133428944,284232085,147589280,51663844,96416567,614492915,50513726,214816093,31767397,202046855,38894412,188801619,110874112,340649689,32152150,28033247,174041299,25960935,68538128,25964491,118067478,84937278,197892545
29506813,1000756149,495343194,102291527,540696629,68083375,453017048,125087825,466168479,71274261,280103860,98622980,26814519,88761443,606723789,25530297,315328103,27336072,199323676,145987896,187589534,136875436,341740130,66975581,13429656,45251091,21611273,31015387,59610787,135177210,82078171,175376598
23373460,1001587004,493048672,15285953,543282831,93072733,459434664,41259530,462906285,131254450,282223683,224169017,40418452,151688107,600089263,141307409,310415428,5556001,194568259,21797765,187123576,162734783,327756032,82677310,16992021,25835194,15167834,19577589,73737377,43346531,90418936,193463566
41344212,1006361455,493774270,116861721,542783131,75576194,457061898,58881719,464510827,157464677,280178698,95824692,52863757,86325418,609327885,101255190,293326978,53809957,201882852,85810313,192905636,157894898,342337150,109919716,22406991,42724652,30054902,31291363,25320908,30887249,90535488,184716883
50944171,1005023496,504068270,135817900,543916619,45235639,460953974,40870730,457197692,51110660,288433840,107335471,59199267,100837265,596255114,61017128,224076149,84989675,202823518,86077434,194786467,156352798,333929979,69692176,52365906,104536875,31765680,165686644,69812103,97521780,96672578,189379786
28343973,1006224232,505529441,97919992,539932695,82925786,449062856,96018588,465359972,81658190,281675741,38537039,50404244,141054044,626166075,24572884,417145188,40535986,200979427,61232316,191281601,108106688,352029104,69672144,17724079,140977095,23074238,149024741,62025645,38912964,56425765,187318653
37586667,1006012606,493791711,54330374,540029437,82994883,450355678,70421975,466173153,180657911,280382749,59647160,42790740,153672853,620874429,95123501,213845096,64727326,200698418,23676784,188204213,31510965,348208707,149800437,26054448,96497442,27654465,123294548,49644014,24966408,83914482,170439012
29957204,1006210188,497558157,41487862,539961396,80360324,456008844,62789244,469112207,36535777,280457468,69281620,53805852,167657084,618455135,91971214,216821450,99952669,199505932,103428328,187486107,56334485,345289226,65286380,17036697,105096725,25713224,173921996,62366257,91496311,93113574,186526038
31604701,1006124395,503722820,110686843,543186571,139101984,455732743,85084680,461587835,60805323,284343545,19079549,46393009,37259357,598372477,65261185,437809417,55829193,197317290,114702883,190003455,113646361,334565331,83757187,25536580,97812071,27199768,48071888,62140265,175453620,65599473,155395952
30245791,997034525,497753842,71007773,540560662,75255678,457152119,59217662,463066557,123332177,281373976,91210453,51909195,85237119,614268510,73450951,212232525,111895288,196590153,59737029,188529570,28163587,340636404,132405657,20482038,84480951,16823779,63572002,19371089,120326957,62150541,166283672
29957510,1013745749,494249264,104238189,541280692,86255055,452146412,63874506,469361615,26464787,280239827,77283410,54213718,33792553,602853694,99224018,215692795,152357786,202870747,75967995,187591499,50321612,337021556,85077284,26357214,217316082,22569121,82846471,63389695,43709556,71031100,154684206
38743064,998210799,496273091,66476509,532747705,134031497,449644716,49696000,458590992,140678848,288384136,98250957,56127200,143085238,576681992,134472994,227861855,74106622,190023240,77805799,188465774,32110385,319354891,51285922,21979098,144256810,24159416,33115869,61533300,60216608,61324479,156742290
24361803,1004047288,499538002,82989447,542616466,82100616,452483110,160250633,469365191,118875225,276281465,132502141,33374652,149518983,620438167,84148672,551879190,65931579,196792150,74607549,184538356,84393623,346288467,23106262,40392719,62002191,18027422,69554974,16307878,42539001,65711817,126859564
28903245,1006114846,494336199,59823170,545227329,51233139,453753762,137255826,463659537,69986775,280709650,92835846,34850538,151310135,609169617,70960697,217463620,89532719,200640328,121760027,188225499,119293794,344225733,61430435,39434786,60595323,28174566,100639648,57288481,41687782,66603550,136963958
43046352,1006228590,497316750,80928725,531402671,63885163,453516047,107291799,457062406,58331354,284529584,96218058,73271505,86739255,590882577,172543501,239491642,101810413,194207643,129951236,191734549,64950104,335287792,101613136,51657093,89373913,43342055,130782181,53976314,105036627,149677798,167782030
29789283,1006182733,495735153,24271068,542186003,58441569,457289011,28178598,468277051,78195853,284513801,109325402,56147881,35144624,606858560,154124287,212744117,166210647,196345640,183784427,188631302,111524144,339306452,120021083,36653899,69537914,34396405,37749555,33276982,48483084,52608779,143769702
29481126,1006050848,496091319,29790136,537961904,120512154,448946260,21556563,465620001,49274295,280338512,64776319,53835207,37254422,610548761,119685233,524539757,172745386,199490616,106062805,189646548,114191702,344542153,91357687,18307052,175017000,18284390,89024483,22246272,26125648,111736426,120269167
64248614,1005715853,498919150,80032662,537823386,87368146,452232973,34536913,458885378,22795987,283938602,81972835,54748595,58265343,601247711,41692031,236225700,95421038,195286015,120743326,189708755,148120636,331999374,80401010,18571639,63501424,24998340,145807330,19345787,151520849,74980947,163799025
24185772,1005674153,501778151,119300667,539646922,130276232,453681204,147208415,463547440,27298031,286414714,101617117,48942074,124154908,612944406,63938824,216502519,31882134,196453946,47493211,188441151,55305463,351469059,74855490,11579877,53342214,19554596,91094645,24375661,130872830,61126951,148644492
81276223,1006184508,493953723,74424109,547653890,100806598,459912958,113247990,473759412,87394286,276273670,92265843,52056358,87211534,605675145,29782785,215463251,17551945,200926876,44008819,185366837,101684259,335683544,15241469,27040992,71223713,42400179,92722561,25589082,177994674,87422371,135285255
26363692,996000306,501675038,40856808,546221509,42727073,461360365,111705050,467493715,154346892,279614769,59412363,47871652,103227366,606600575,41522073,215777348,114665075,196397094,99535482,188230745,123847711,336754903,130596544,42846769,84309038,24291367,44753577,35487657,55549539,80077334,146962318
58513947,1005957277,498184259,39522857,541553257,51074523,449520945,59366325,467929212,43769556,279763911,27060956,45826279,164804283,604774916,72417470,226416978,56141914,198186522,238143837,185272427,115211063,341149396,83868985,42514105,70093081,30385893,19604013,28360994,173210514,78496689,159556183
26100284,989931432,492984545,51070901,547815830,46916090,446338479,121260683,452304293,95006337,279262427,36104349,35931309,97097569,588867809,22600601,669694922,29600065,190853014,197971774,185238904,135743006,330572455,138261900,27147766,61805676,38992202,61611715,17695894,120632245,74756904,136695727
23198449,1006165284,489421358,131498876,544368504,88546759,451496299,86646608,468927618,38532028,274690660,56031264,60387069,50157909,613566204,62865157,204132400,23276685,201954564,76252171,186956755,154993457,343124583,72806760,29270177,157337504,18000501,87797787,30556101,111397303,88934877,139035603
37262275,1006159314,498712582,50829581,540967053,52595239,455816271,100371052,464110750,40325091,284125047,121950309,77311014,45515183,606953511,109394803,218925254,88732660,197752680,187474564,190067386,108861727,341181401,136626268,39196325,127419518,62787389,109250359,35968696,72061723,92337091,140797393
30786960,1006140734,496259694,68377257,535409595,56083125,449974516,119115507,465218697,20758078,278478523,26607229,48188702,53772783,605277316,73675132,221343506,98521996,197094662,146602334,189011712,92451064,342585251,88511143,24567944,85750819,52392607,209220973,23378220,107378033,77817577,136000959
34033963,1006173468,494933087,39455917,543290134,74749279,453250218,80320483,468800824,68669060,277446658,29724915,55168982,105651135,600284663,39745152,218354658,62476861,200051509,125462198,187948782,44348917,337580546,79362832,29977240,181846265,29470423,204450622,30800084,89119321,71557831,160260329
37707455,999248279,501700092,123900378,538609762,50623743,451669455,56371277,461989482,29841186,283970705,51468731,59757767,46242834,598097095,132958871,221888987,109983909,194897983,115684183,193363735,83196677,339675298,95017417,19480650,71167452,54994846,141006524,25352682,128333928,87792556,124223947
29957941,1006137133,499286089,101843074,542668249,103395632,457844934,90453624,463589187,84943342,275227984,123839588,56417415,95999050,598740702,69666015,695015247,69915475,194893379,57891393,189712848,40008488,335695458,56942847,31722558,29919711,60711555,110539704,19043233,149954258,69744959,136656379
27929601,1006133648,495378097,110364214,542008445,152552827,456784556,86298651,465372148,157820841,281746305,55527579,55677092,112618144,602957116,84192384,263344593,86830632,198987826,46747264,186880210,113962168,340404575,32762985,23535354,40983141,22918769,22524712,25297306,136308446,76103749,143672742
28301694,1006065388,498398280,55903875,549065420,45030154,461169085,42788503,466641263,96613593,285118930,166452902,60346198,88828984,614498619,134238200,218231222,52798183,200108423,93293312,188226939,87010354,344318728,24406283,23090435,29598154,53984167,39572727,26149871,230946135,76645685,130260687
22938230,1006176398,494110746,32015787,539198243,62285124,448749881,16557859,468107225,125302194,282621186,137231545,45149462,156841921,613824210,165676590,213055827,91304884,198335175,74796524,190632599,26563883,342950959,38315372,16475802,40144658,65850833,23428258,28144561,213674329,55516923,133575821
25889758,1006041839,492864669,183763662,539552994,52322091,458332555,56800635,462229150,44481917,279691607,145058593,55379389,148615170,602704105,182362215,208876435,74460226,195503754,74340828,186430972,43401841,335205195,22063476,22971893,39020208,22992426,63358175,23645471,105795858,89131025,165344872
45814568,1006024703,504457530,49815733,549297208,107046266,469311810,65402184,470674395,145239877,280254910,139323649,48187904,101647519,622715093,25995679,226645973,20695351,204402680,49774756,193486394,103913210,346739510,73180406,35641069,98910950,97589095,36660574,48076127,111851164,90804966,155669127
50720767,996061788,508405461,95574487,540395595,43710182,452496163,70445480,468885776,42303390,287397493,99729606,63152348,72347823,616545846,74087392,253566724,78782235,204624001,140234440,200674138,126208563,346236253,108313662,63097239,62532438,73419998,86627689,93412171,66819534,105430380,126692158
21649533,1006105779,497289721,53523052,535850314,35466071,447857909,124654034,455600896,26746291,284267012,38534729,60371783,72026459,624030159,86294926,216967268,23664730,199431274,125635591,188957691,180745188,338881460,49645029,18139987,155770860,16486634,226668889,36684548,40955190,74930121,132164210
30809945,1006231416,499774552,23649748,541902735,174604586,454906625,80432620,465213623,132284774,281711125,78707653,38795422,31142328,614194627,101489728,670284998,41111151,192991114,154458707,185848651,145010887,344892870,105665688,19808868,58275841,55634284,72401764,38436340,28693735,100626337,141234537
23071764,1006220765,504251401,64646390,538004475,43005086,453830897,23874356,461191637,165156566,280927773,153268527,35523237,76002210,605180577,154913270,434576425,53823549,196571887,95096292,196986621,129090504,337660486,29720767,18245733,156860491,50629740,39554885,43016759,23801279,80772543,144689611
17814127,1006199806,502792913,66872851,540233438,145946850,454077634,91955537,466220752,65865746,284942119,60940819,31785626,49275129,617687813,155577413,213275006,11532889,195808316,147413574,192931373,58739344,346754308,84768524,16787234,165214625,15561967,12658949,44708596,21345523,74469584,129845424
26007123,1006193301,491193614,118233315,544723169,87348153,458694486,176429313,474583831,44630608,272708069,110303969,33261915,20652198,613475152,160540575,207925915,86724148,200648481,65928196,184431949,131257253,341814659,24399581,15440165,35288048,52863758,66316679,33842472,59594470,88968982,125348597
65249643,1004819576,500282202,61279820,550711010,62126564,456075968,115426480,474400910,83549863,287791969,30052854,100781208,19938389,616218108,34885671,229422894,24443994,203550699,36876919,205385373,131050822,356860910,86760823,47284913,120733074,94492615,143260788,79167914,148462812,105853809,156998326
28332448,996098452,491474418,146630713,540918603,70253446,456155216,135072078,462474226,148371604,275071973,46983418,36218789,39045335,614221848,37839508,203338326,70293850,197721652,51676937,187464776,51267705,342926378,105573460,15988008,88963532,31300961,111313555,48083053,118230338,66537731,160723401
20372246,1006103929,493678337,199255505,539454180,157743217,449101855,59527965,463938161,105008343,280256992,112047224,30854166,35561596,604574471,94932031,203761331,64086818,199859605,51317532,189440849,66997232,339006205,38127697,19806137,72655773,54818011,55250927,35198318,106073428,51693796,124732791
26573378,1006243281,497245409,98922089,544825968,121299601,458070263,194695174,472981897,123070489,282963468,137007834,53769625,138655982,616255578,78244438,211292857,41299350,198934890,83370559,187577862,72169138,343777769,39267416,25923197,37463777,59204573,40249178,22714723,35595008,69282691,149222803
47943590,1005791469,492931317,61433910,535891636,88576881,449273657,138655587,459763232,75366194,287896789,72949831,53986030,143829955,601435705,91374849,224785891,60148911,199497327,139859345,192501685,109737503,344827212,161713710,41736707,95774422,34256096,60462826,37981813,77888957,72784455,128450269
26175358,1010159352,506452415,36706105,539747439,25262771,451870399,26278877,461198026,162776777,283459131,44913913,49278528,120585321,606256436,171730739,536995237,87251646,200625247,87965558,193535066,47391467,343864293,56692203,15769568,74778048,52326012,102807766,33535013,143758217,72091622,176914923
28025345,1002222252,514942122,129695294,545894028,37277278,450907294,85056472,469756695,59289090,289485015,21485232,38571323,161209652,623955944,74424526,745321170,93691313,202968757,111337853,193411365,53184737,344761882,95230533,23109504,125346887,46655186,18337858,19093593,169977029,74398543,135253631
41185198,1006203833,504299845,110654095,541842158,90698156,452787312,57019297,466650386,80279715,284625184,89742614,55303431,103332290,618407648,117663574,232052789,40651752,199482755,117112261,189648469,83300372,340254182,42652187,18342627,114861706,50830089,46287424,31180449,130999189,82821291,128749083
25819376,1006196807,499962105,85805348,546844054,126521516,459546450,172296035,473450586,89905062,285027802,49399295,41740070,63506270,619955826,117687578,208756448,27851910,201576607,32074907,191369089,36422640,345990558,84043468,35458843,88311273,22217109,180751837,62439236,45344190,91272867,158556527
29377272,997292232,504112405,32026942,546085281,63782199,459887995,88668129,473564638,161328852,279967597,80104968,53907461,20804658,607747118,67065885,208231189,43228219,200643149,65118857,192147622,67606144,343249874,140325892,35936364,170305342,31028344,105649833,23981955,100716881,69707650,145018464
