415,55359,55632,1096,59928,1005,20030,553,53371,80,15021,132,791,276,101328,38,387,68,32393,81,28270,92,87518,85,168,88,1812,31,2884,909,7854,833
292,61985,66880,911,72339,959,24450,579,60372,66,19600,52,906,3,115319,84,337,608,38402,63,34191,65,104275,63,72,0,108,2,96,1173,1071,1082
275,65141,69569,791,75518,891,25200,592,59949,64,21195,72,710,2,115338,91,367,636,36368,64,34535,68,103791,64,65,3,106,3,64,932,963,1375
275,63287,68498,808,73893,1008,25046,611,62024,64,19469,285,722,1,115606,86,343,679,39911,64,34847,67,104339,64,69,1,59,3,79,1160,775,1147
280,64085,67125,866,73208,910,24551,768,59562,67,20623,82,1054,2,113643,100,389,384,37241,63,32835,65,102277,65,81,11,64,2,52,1095,1506,1217
294,60116,65981,991,70083,1056,24194,495,58263,75,19841,51,724,7,114569,98,307,388,37670,66,34208,67,104262,64,89,1,87,15,89,1218,848,1028
305,63389,66565,1071,74133,994,25072,621,59780,66,19656,288,1266,0,114634,100,381,606,37355,66,33796,74,103357,66,85,0,80,2,64,1350,1213,953
292,67359,70709,714,77316,828,26072,729,62506,64,21445,65,670,2,113013,104,340,452,38879,65,35888,70,101712,71,84,2,72,10,72,1321,868,1140
293,66205,70540,830,76165,890,25686,693,62518,64,21256,74,849,2,113671,91,376,391,39228,69,36444,67,101735,67,69,10,55,5,83,1264,1197,1197
272,62993,66781,907,73915,914,25253,567,61723,66,18947,69,777,1,115203,89,334,405,39193,62,33283,67,103982,63,57,1,91,2,78,950,1232,1328
369,61225,64765,894,72810,848,24779,560,58902,205,18636,168,944,416,113458,104,447,38,36186,100,32085,91,102334,88,230,17,105,184,156,1257,1050,1051
272,63755,66674,916,72032,916,24544,473,61209,73,20008,102,674,394,115192,96,316,2,39663,64,32990,70,104809,67,58,1,79,1,81,1149,794,1135
309,64518,68643,839,72426,982,24473,576,59763,65,21260,68,715,352,115370,107,359,1,37365,69,35659,64,104315,77,98,2,95,3,78,1105,1037,1214
264,64870,68267,833,76926,865,26206,666,62394,64,20641,70,732,472,114325,91,402,1,38819,68,34261,65,102930,63,67,1,70,2,75,1176,900,1274
293,65130,68034,890,75998,1079,25779,493,62667,67,18926,73,619,384,114759,99,378,0,39650,66,33196,64,103619,67,117,12,244,0,69,1089,1002,1247
289,64093,69554,792,74532,853,25248,340,64168,67,21298,62,908,314,114372,92,337,4,41231,65,35794,72,103845,66,95,1,124,2,417,1171,1060,1168
302,61430,65324,960,71774,961,24084,629,59800,75,18967,66,823,314,115400,95,334,1,37908,79,32593,67,104555,66,76,6,130,3,92,1107,761,1136
335,62742,67012,939,72758,1001,24690,692,59420,68,20016,58,955,361,113055,111,333,7,36600,64,33734,66,102310,64,67,6,82,2,108,1139,1185,1176
301,63338,66034,1023,73766,991,25035,437,61760,64,18927,81,1030,423,114056,87,364,0,39717,63,32590,64,103530,63,77,3,88,3,89,1026,1215,1240
267,63373,68513,1006,73756,1073,24756,599,60045,66,19213,70,625,211,115364,101,350,1,37875,62,35046,68,105127,66,68,4,90,10,57,1129,583,1128
306,61363,67685,1071,71874,1031,24260,700,61715,323,19557,264,1116,214,114443,212,336,66,40442,84,35193,86,104394,136,102,58,96,162,87,1063,1230,1204
272,64573,67983,744,75182,780,25502,691,62137,67,20443,96,901,456,113740,100,388,0,39680,63,33872,68,102390,63,70,1,111,0,64,1184,1153,1160
304,66066,69348,800,74727,830,25518,727,61737,93,20816,36,940,498,114043,57,347,69,39135,67,34428,69,102603,65,78,56,85,1,88,1019,1249,1339
281,63172,67335,825,72168,814,24348,622,60561,132,20362,14,977,186,114194,112,356,95,38802,64,33760,65,103605,64,77,1,64,9,103,1219,1201,1132
276,65096,67346,834,73988,848,24598,829,59583,154,19454,12,724,455,114516,9,377,100,36627,63,32374,65,103671,94,124,1,124,1,81,1023,503,1279
302,64633,68406,876,75387,967,25639,595,60927,203,20833,0,1155,500,113812,5,374,95,37487,63,35024,66,102892,65,84,1,72,1,62,1217,1132,1193
321,63079,69321,880,74584,885,25365,656,61281,132,20848,5,663,195,114486,5,400,103,38365,63,35940,67,103911,64,71,3,124,0,84,1181,585,1199
290,62834,65424,952,73111,887,24854,606,59849,130,19613,9,597,192,114656,9,320,93,37906,65,32310,64,104308,65,61,1,87,0,91,1094,875,1174
338,63369,69411,724,75340,879,25583,659,62500,133,21314,1,787,118,114408,203,386,108,39416,64,36250,74,103489,64,57,5,94,3,106,1308,1073,1141
264,61385,66172,936,71328,1032,24149,491,61648,128,19700,1,737,5,115711,92,318,156,40515,63,33441,68,105814,63,86,0,102,0,79,1156,760,1045
282,64663,68244,789,75185,977,25585,584,61475,204,20785,184,902,41,114330,181,406,154,37725,117,34673,505,103201,104,100,18,238,94,384,1318,1140,1108
276,64792,69239,965,74574,914,25237,510,60703,65,20755,182,955,9,114377,18,361,3,38165,68,35786,523,103325,63,78,1,95,1,98,1065,906,1325
307,65616,68634,874,73016,930,24233,646,59511,65,20702,94,710,11,115218,116,363,2,37150,69,34460,517,104694,65,71,2,68,2,102,1025,446,1309
297,61820,65956,844,72667,821,24634,814,59689,63,18757,128,915,1,113740,97,335,0,37428,68,33029,601,103029,63,69,1,61,1,93,1334,853,972
312,59235,61423,1046,70573,1010,23921,482,57530,66,17776,81,693,2,114930,100,344,0,36119,67,30053,524,104975,65,84,14,79,0,78,1019,947,1082
269,65535,68864,776,74767,851,25810,569,60723,62,20271,170,756,2,114187,102,387,3,37996,62,34948,254,103150,402,71,2,79,2,67,1031,1009,1349
303,61469,65787,873,72951,834,24646,598,60570,66,19616,72,665,3,115698,99,353,3,38416,66,32753,81,105597,504,72,4,64,1,83,1175,687,1083
286,64173,68541,873,73789,1087,24912,515,63487,65,20411,68,913,1,113534,108,364,1,41116,63,34947,65,102397,158,78,470,62,1,77,1235,1149,1174
304,63738,67836,1021,73287,934,24548,469,61116,65,20002,72,817,1,115117,106,408,0,39312,64,34552,64,105071,67,86,543,78,2,92,1150,688,1175
261,64527,69910,975,75038,959,25365,693,61064,67,20749,65,873,2,114448,96,379,13,38198,65,36532,67,103568,68,68,455,110,4,74,1220,825,1204
328,64693,71103,903,73272,931,25030,586,61510,85,21716,79,1240,27,113252,87,352,32,39366,106,37552,98,102679,105,99,455,106,28,91,1164,1218,1270
325,63551,67221,748,74470,817,25210,735,62323,65,19754,73,911,4,114377,5,340,5,39440,64,33862,69,103278,64,79,434,151,2,99,1119,893,1222
333,66190,70616,657,75982,910,25937,616,62095,66,21774,63,1186,9,113560,6,367,1,39077,68,35973,62,102523,78,67,444,119,3,80,1134,1035,1285
289,63494,67193,837,74760,1022,25522,575,60789,65,20347,73,820,1,114323,0,343,0,37981,63,33628,66,103636,65,71,529,58,1,191,1005,1199,1307
329,64017,67469,874,73558,945,24938,654,60887,72,21073,84,854,4,114521,6,379,3,38311,69,33498,68,103725,72,108,522,72,3,143,1153,830,1228
349,65948,68137,1056,74141,1162,25056,485,60031,67,20828,90,906,1,114877,79,381,2,36974,63,33041,66,104281,82,90,488,255,5,475,1124,852,1203
413,63422,67180,836,72603,907,24184,522,61754,69,19929,74,1103,3,114132,5,329,2,39630,79,33914,69,103231,68,75,215,96,6,96,1303,1314,994
306,62591,66233,1009,72238,978,24687,574,61247,65,19009,275,1076,4,113858,6,278,1,39590,70,33266,67,103292,67,139,604,83,4,126,1272,979,978
286,64571,69826,824,74794,873,25506,544,61313,70,21049,69,965,4,113843,1,398,1,38488,165,35882,64,102533,65,67,107,89,21,228,1069,1047,1332
311,60906,65410,838,73548,846,24827,646,60277,65,19370,68,833,3,115081,2,366,0,37315,95,32353,67,104794,138,76,410,79,4,76,1044,675,1202
332,64018,69249,710,76058,769,25532,610,62553,174,20010,181,774,74,113868,29,384,97,38894,327,35093,178,102494,248,122,524,216,20,73,1277,935,1191
352,63756,68886,869,73668,953,25008,490,62042,65,20737,246,951,10,114309,19,368,1,39403,68,36131,89,103543,62,75,581,73,118,54,1111,860,1269
274,64563,67660,831,75883,910,25604,475,60931,69,20626,172,1149,4,114604,90,372,6,37474,68,33086,66,104005,68,71,490,73,11,60,1200,919,1148
305,63540,66191,992,74652,1015,25507,588,63065,68,19020,69,1181,0,114461,98,334,0,40902,64,32947,63,103897,63,172,126,73,5,62,1171,1122,1085
308,63294,65673,961,74109,939,25029,648,59842,66,19699,47,575,2,114601,79,347,13,37099,65,31534,64,104136,65,65,315,90,3,84,1188,760,1104
360,64339,68484,817,76354,792,25989,731,61786,67,20593,72,827,0,114527,16,437,100,38418,66,34870,64,103863,103,61,412,76,4,60,1230,915,1125
352,63050,66201,919,72124,785,24551,606,58206,68,20417,69,1117,3,114482,11,318,26,36028,67,32500,70,104413,123,85,394,89,5,64,1105,959,1116
273,63683,70018,817,73530,697,24816,779,59950,64,20551,262,1024,1,114519,3,366,1,37354,66,37205,63,103557,159,70,560,88,3,69,1072,791,1312
273,63650,67851,871,72206,650,24130,839,60305,67,19430,70,833,0,114916,7,331,0,38409,65,32756,62,104573,77,157,464,146,20,66,1089,669,1204
