59039775,247211874,82250019,69947222,83718353,68285797,70223930,67620047,80150396,68637891,66680387,64089988,57681305,59082241,79281903,55819015,66805134,56403832,63971588,57193489,61637070,55282373,70213743,51982280,51340141,53470455,51703748,53749468,55095995,185186336,54251286,516525035
59041082,247224495,82283554,69959607,83755321,68298760,70242188,67633941,80178165,68650815,66692663,64102687,57682221,59094364,79322758,55831571,66807036,56415639,63978461,57206834,61643525,55291291,70233209,52000883,51341399,53482285,51704882,53757446,55096643,185191963,54252843,516529231
59043538,247237761,82319587,69973050,83795075,68311428,70260587,67647565,80206859,68663029,66705970,64115736,57683629,59107815,79363069,55845595,66809966,56425534,63987254,57217584,61650801,55307585,70255291,52018846,51342226,53495927,51707562,53767360,55098089,185196785,54254161,516533197
59046680,247249348,82355543,69985295,83834719,68324011,70279104,67660361,80235501,68676713,66720396,64127774,57685399,59121205,79404430,55859352,66813379,56436096,63997030,57231844,61660449,55316152,70277209,52034558,51345700,53503034,51709066,53783333,55100181,185200819,54257670,516537623
59049637,247263346,82391775,69999229,83875084,68336831,70298319,67672958,80264556,68689873,66734911,64141160,57690325,59134858,79448140,55872842,66817407,56454314,64007219,57238171,61670572,55325582,70299572,52045459,51350767,53515499,51713329,53788950,55103932,185204894,54260669,516542513
59051130,247275517,82427298,70012394,83914655,68350650,70318455,67685387,80294402,68703761,66747349,64155201,57691690,59148308,79491510,55886741,66819633,56468617,64017248,57250067,61680166,55340614,70322392,52063934,51351529,53525759,51714493,53797500,55105395,185210864,54261636,516548223
59053508,247288850,82463654,70025651,83955736,68364559,70337356,67698789,80324232,68716459,66760858,64168917,57693498,59161834,79534134,55901983,66822567,56481650,64027511,57259067,61690120,55351936,70344670,52082844,51352854,53539485,51716279,53807590,55107033,185215412,54263213,516554388
59055949,247301384,82499673,70038410,83996163,68377830,70356796,67712480,80354008,68728979,66774906,64181729,57695323,59174353,79577500,55915012,66825277,56492340,64037574,57271625,61699950,55364330,70367618,52095733,51354815,53555476,51718068,53817151,55109875,185220628,54264873,516560818
59057421,247315984,82535715,70052626,84035465,68390940,70377060,67725226,80383173,68743021,66787882,64195344,57696235,59189874,79619775,55928936,66827648,56504892,64047761,57284440,61709834,55376987,70389465,52109880,51355621,53567581,51718896,53830318,55110503,185226666,54265959,516566684
59058956,247329443,82571302,70065755,84075238,68404466,70397017,67738067,80412091,68756312,66800551,64207891,57697220,59204178,79662555,55940516,66829776,56515559,64057938,57295713,61719741,55386913,70411230,52119955,51356667,53585786,51720191,53844174,55112096,185234141,54267575,516573160
59060458,247343873,82605138,70079377,84114580,68417882,70417510,67752267,80440829,68769556,66813846,64221726,57700336,59218217,79704186,55954217,66832721,56536783,64067706,57304405,61729020,55399096,70432650,52129104,51358528,53593333,51721874,53857831,55113557,185239654,54268553,516578871
59062490,247357674,82641448,70093202,84154649,68432230,70437610,67766198,80470186,68784163,66828745,64235303,57702316,59232229,79747668,55967978,66835910,56552679,64077867,57317291,61738810,55409824,70453681,52138657,51360588,53602778,51723325,53874592,55115106,185245362,54270682,516584751
59064998,247371470,82677678,70107659,84194556,68446419,70456663,67781317,80498574,68798038,66842057,64249816,57703320,59246509,79790326,55981456,66838253,56568151,64088076,57329336,61748766,55425520,70476165,52147522,51361964,53614178,51724677,53883740,55116133,185253550,54272147,516591481
59067218,247384699,82713793,70120435,84235122,68460661,70477418,67793567,80527640,68811011,66855804,64263429,57704260,59259249,79832390,55996556,66840403,56584829,64098096,57339903,61758656,55439236,70497887,52161426,51363225,53625081,51726278,53896192,55117878,185260277,54273459,516597344
59068821,247398738,82749091,70135096,84274780,68475234,70498062,67807357,80556144,68823894,66871052,64277389,57705355,59273400,79873128,56011171,66842788,56597412,64108156,57350057,61768110,55450759,70519360,52169650,51364443,53641893,51727422,53910966,55118723,185266553,54274639,516602772
59069865,247411830,82784410,70148255,84314220,68489345,70518278,67819231,80585154,68835809,66883598,64290416,57706373,59285864,79915121,56023526,66845318,56614871,64118114,57367105,61777696,55468947,70540607,52177580,51365325,53648351,51728066,53921497,55119452,185273175,54275603,516607774
59071118,247424822,82818787,70161295,84354257,68502935,70537257,67832504,80613785,68848219,66896824,64304947,57707118,59299843,79956484,56038277,66847023,56630775,64128004,57383947,61787204,55480549,70560650,52187381,51365846,53660108,51728451,53931108,55120093,185280051,54276302,516613919
59072257,247438059,82854516,70174939,84394759,68517115,70557481,67847050,80642705,68861954,66911754,64319802,57708445,59315038,79999551,56052768,66849781,56640718,64138636,57402759,61796854,55497932,70581866,52198759,51367543,53670360,51729662,53940896,55121082,185285491,54277489,516621822
59073499,247453100,82889604,70189241,84435189,68532192,70576213,67861334,80672074,68876362,66926785,64335179,57709609,59329097,80041108,56067835,66852563,56653315,64148828,57415978,61806616,55508277,70601736,52213381,51368732,53679472,51730354,53954740,55121762,185292645,54278608,516628712
59076213,247466547,82924293,70201915,84474590,68545405,70592546,67875072,80700882,68889821,66939814,64348914,57710900,59344282,80083732,56082860,66855101,56664372,64158833,57426112,61816130,55521280,70621427,52224037,51372061,53695487,51732582,53963264,55123454,185297414,54280355,516635176
59078483,247480374,82958592,70214636,84513615,68558660,70611832,67887565,80729006,68902234,66952749,64362655,57712517,59357288,80126222,56096603,66857872,56675976,64168806,57440362,61825695,55532475,70642042,52234941,51374287,53707384,51734941,53978464,55125637,185302062,54282999,516640647
59079962,247493001,82994503,70227921,84553691,68573492,70631489,67901093,80757476,68916720,66967260,64377036,57713331,59370157,80167459,56109712,66859582,56689469,64178453,57453479,61835539,55545540,70660883,52246688,51374962,53716477,51736326,53994912,55126271,185307402,54283935,516647072
59081293,247506789,83029296,70243123,84592551,68588394,70651875,67915334,80784308,68930576,66980423,64390195,57714441,59384834,80209105,56123085,66861914,56708163,64188263,57467570,61845211,55553407,70681597,52259832,51375947,53726147,51737694,54005077,55127411,185313187,54285096,516652624
59083527,247521068,83064840,70256740,84632610,68603349,70672788,67927427,80813181,68944327,66992445,64404436,57716295,59398474,80252909,56137034,66866477,56725778,64198363,57479664,61854703,55568642,70702192,52270203,51378227,53736892,51740736,54012536,55130492,185317942,54287487,516657330
59086635,247535362,83100965,70268963,84673208,68617136,70692213,67943011,80842430,68959146,67005424,64419427,57718086,59411713,80294784,56151508,66868937,56734891,64208637,57492628,61864961,55581747,70722196,52284200,51379924,53747688,51742973,54022293,55132412,185326178,54289786,516663786
59088248,247549074,83136618,70281998,84712610,68630960,70713323,67955899,80871981,68972230,67018235,64433970,57719546,59424697,80337922,56165137,66872027,56748665,64218683,57507608,61874742,55591592,70742789,52299993,51382437,53757551,51746066,54029487,55133970,185333013,54291048,516669606
59090420,247561832,83174004,70295513,84753559,68644547,70732668,67970229,80901711,68987231,67033801,64447562,57721420,59437440,80381186,56179018,66875308,56768800,64228892,57517277,61884896,55603650,70763499,52311483,51383989,53767866,51747543,54040684,55135861,185339664,54292583,516674196
59091991,247574384,83209772,70309468,84793226,68658093,70751848,67984058,80929312,69000489,67045971,64460459,57723463,59451446,80423964,56191504,66877711,56781658,64239000,57539259,61894514,55612686,70784882,52322157,51385685,53779413,51748750,54050785,55138144,185346046,54294873,516679901
59095054,247587998,83246040,70321836,84833081,68672187,70770063,67997583,80958425,69013015,67060610,64472837,57724799,59464775,80465927,56204970,66880348,56795548,64249164,57557428,61904517,55618426,70805778,52332494,51389208,53793027,51749867,54064107,55139100,185351280,54295952,516685485
59097425,247601700,83280779,70334430,84872092,68686201,70790150,68009990,80986799,69025182,67074093,64486319,57725843,59478649,80507398,56218285,66882505,56809827,64259016,57569201,61913978,55629810,70825725,52339593,51389914,53808858,51750898,54079950,55139936,185356297,54297306,516691581
59099032,247615130,83316386,70347616,84911513,68698972,70810799,68023634,81016305,69040181,67086970,64500690,57727057,59492339,80550566,56231161,66884289,56826319,64269242,57582025,61923600,55644453,70847731,52351678,51390754,53821606,51751591,54089273,55140720,185361818,54298413,516696661
59100868,247629830,83351953,70359465,84950844,68712586,70829319,68037197,81044707,69052356,67100337,64512608,57728213,59504292,80595212,56243693,66886882,56843036,64279517,57594583,61933485,55655996,70869138,52361252,51392461,53833016,51752854,54100900,55142465,185368933,54299931,516702639
59102578,247642806,83388034,70373675,84990556,68725901,70849263,68050895,81073233,69065534,67114275,64526461,57729701,59519318,80638133,56256537,66889998,56859241,64289645,57609170,61943567,55673470,70890146,52368510,51394223,53842996,51754354,54109259,55146077,185372900,54302534,516707184
59107249,247655948,83423516,70387135,85029974,68740086,70866388,68065957,81101616,69078627,67129528,64540246,57732662,59534447,80680337,56269912,66894831,56868171,64299458,57628951,61953575,55686701,70910021,52374361,51397095,53849927,51758108,54119957,55148726,185376782,54305515,516711905
59109583,247670958,83458577,70400395,85069169,68753496,70884758,68079135,81129864,69092439,67142973,64554016,57735884,59548618,80723472,56282384,66898147,56889447,64309213,57639719,61963145,55693666,70931039,52382701,51400783,53859123,51762503,54130104,55150814,185381689,54307906,516716513
59111086,247686531,83494223,70414020,85107541,68767470,70903715,68093106,81158964,69105773,67157409,64566762,57737576,59562775,80764793,56295509,66900768,56904053,64318999,57652793,61972964,55704558,70950705,52393975,51402989,53872078,51763808,54143847,55152093,185389649,54309446,516721886
59112368,247699846,83530220,70427148,85147216,68780606,70924383,68106462,81186641,69118636,67169987,64580672,57738727,59576402,80808321,56309351,66903243,56917147,64329175,57667054,61982606,55717868,70971206,52406446,51403773,53883780,51764849,54154623,55153003,185395884,54310562,516727585
59113582,247713331,83565466,70441523,85186773,68794416,70945005,68120386,81216512,69132256,67183180,64594420,57740283,59589924,80851583,56323454,66904944,56932043,64339416,57678983,61992093,55730774,70991490,52418681,51404781,53894676,51765516,54166985,55153819,185403337,54312055,516734513
59115381,247727614,83599836,70455634,85224135,68807457,70964809,68132768,81245931,69145572,67198315,64607841,57741479,59603827,80892212,56336979,66907489,56947593,64349329,57689374,62001875,55745889,71012196,52429979,51405349,53912546,51766160,54175424,55154462,185408168,54313242,516739428
59116845,247740843,83634538,70468593,85262232,68820877,70982283,68146731,81274230,69160144,67210496,64622232,57742813,59618375,80934450,56350189,66909834,56961778,64359616,57701254,62011732,55755875,71033639,52443096,51406118,53925106,51766945,54187315,55155483,185413907,54314673,516744893
59118922,247752432,83670281,70483002,85302083,68835242,71002193,68160302,81303617,69174369,67223803,64634653,57744466,59630782,80975912,56364581,66912471,56976331,64370163,57713089,62021631,55770433,71053483,52456210,51407135,53936340,51768134,54200244,55156291,185420572,54316267,516750667
59120187,247765306,83706344,70496313,85342357,68847360,71020073,68173813,81332740,69188025,67237786,64647626,57745340,59643565,81019268,56377378,66914541,56986159,64380164,57732057,62031375,55782207,71074674,52469348,51407660,53952028,51768449,54209092,55156719,185425038,54317223,516755337
59121913,247778482,83742132,70510919,85381999,68861140,71040859,68187593,81362130,69202951,67252389,64661279,57746953,59657822,81061481,56391406,66917024,56999461,64390526,57748084,62041332,55791363,71095185,52483384,51408596,53968975,51769411,54217134,55157858,185430399,54318309,516759778
59123939,247791012,83778188,70524009,85420481,68873298,71060079,68200852,81390773,69217350,67265554,64674215,57748455,59672360,81104070,56403482,66919639,57012733,64400916,57755742,62051253,55805066,71115874,52490012,51410165,53977229,51772207,54236739,55160925,185438466,54320314,516766865
59125293,247804289,83814161,70539266,85460385,68887560,71079553,68213724,81419301,69230657,67280783,64686755,57749668,59685491,81146689,56418429,66921752,57029461,64410998,57769322,62060822,55817566,71135870,52499559,51411298,53989704,51772982,54250348,55161873,185442874,54321407,516772793
59126830,247817848,83848224,70554151,85498787,68900557,71098338,68227612,81446703,69244912,67294026,64700004,57750556,59698877,81188564,56433263,66923663,57044893,64420863,57778169,62070336,55830377,71156731,52514662,51412071,53998486,51773633,54263046,55163290,185450827,54322612,516778745
59128673,247831515,83883694,70568498,85538793,68914589,71117853,68241213,81475515,69258932,67306728,64713489,57752164,59713544,81231741,56446157,66926201,57058953,64430936,57795360,62079718,55839966,71177410,52524139,51413622,54007000,51774870,54276613,55164406,185458883,54323864,516786020
59130083,247845104,83919163,70581837,85578338,68928359,71137757,68255925,81504721,69271422,67320975,64726687,57752981,59727529,81272663,56458802,66928383,57072481,64440873,57813053,62089159,55855272,71198471,52534413,51414360,54018028,51775493,54285861,55165025,185464124,54324883,516790853
59132010,247857799,83952844,70595818,85616602,68941242,71158627,68269974,81533477,69285115,67334572,64740497,57754877,59740777,81314254,56471300,66930753,57080035,64450937,57830087,62098608,55873574,71218060,52543855,51415297,54033801,51776752,54297584,55165887,185469475,54326106,516795227
59133873,247871316,83987739,70609131,85656216,68955629,71178978,68282800,81560718,69297929,67348954,64753798,57756576,59753592,81355515,56485167,66933064,57097114,64460800,57840538,62108024,55884598,71237338,52553857,51416688,54048556,51778198,54306714,55167327,185476128,54329013,516801838
59135789,247885057,84022658,70623755,85696838,68968435,71198964,68295970,81590713,69311755,67362245,64766003,57757925,59766355,81398408,56499191,66935299,57113912,64470849,57850052,62117193,55898465,71257742,52565642,51417738,54063984,51778820,54319716,55168103,185482143,54330914,516807737
59137900,247897537,84058939,70637377,85736650,68981804,71220105,68308981,81620233,69325025,67375513,64778481,57759238,59779496,81441817,56512021,66937793,57124819,64481534,57861112,62126774,55907396,71279090,52585589,51418958,54081125,51780068,54330340,55168844,185488297,54331994,516813309
59139261,247910550,84094637,70650432,85776267,68995573,71240528,68322723,81649289,69338041,67389263,64791258,57760727,59792505,81483262,56525228,66940689,57142132,64491211,57874178,62136295,55921435,71299978,52597776,51421608,54092679,51781156,54339607,55169653,185493815,54333015,516817747
59141832,247923621,84130799,70663841,85816054,69008657,71258308,68335942,81678544,69351921,67403480,64804646,57762529,59805144,81522908,56538778,66943356,57156223,64501369,57887137,62146329,55933130,71318677,52606531,51422824,54106313,51782997,54352262,55171551,185501022,54334592,516825650
59143367,247937041,84166156,70678280,85855203,69022842,71276214,68348845,81707768,69365236,67416284,64819202,57763462,59819505,81563376,56552529,66944874,57171353,64511295,57902307,62155905,55946114,71338557,52620167,51423717,54113240,51783958,54362683,55172524,185506810,54335417,516832563
59144806,247949363,84201600,70692290,85894237,69035844,71295254,68362662,81736151,69379316,67431696,64832542,57765311,59832940,81606153,56567943,66947378,57187948,64521103,57914932,62165478,55954985,71359582,52633158,51424430,54127155,51785049,54373812,55173462,185512648,54336742,516837806
59146656,247963433,84237205,70706165,85934438,69050372,71315920,68374824,81766486,69394411,67443746,64846797,57766428,59846989,81649772,56582242,66949820,57204921,64531870,57929517,62175424,55971238,71381755,52643190,51425572,54139135,51786162,54381407,55174935,185517654,54338392,516844193
59148398,247976931,84270729,70719040,85973767,69064652,71336130,68387008,81795109,69408058,67457011,64859969,57767439,59860419,81690250,56596338,66951848,57217675,64541910,57941355,62184988,55982563,71401677,52656885,51426005,54153605,51787362,54392370,55175852,185523049,54339574,516851739
59150342,247989151,84305508,70732914,86013374,69079650,71356141,68401304,81823907,69420793,67470032,64874182,57768710,59873502,81732388,56609807,66955080,57233500,64552070,57951329,62194732,55993569,71421607,52665266,51427585,54162189,51788784,54407397,55178179,185529508,54340526,516860596
59154096,247999041,84335417,70743276,86045501,69091543,71371450,68412611,81847895,69432535,67480805,64885751,57771857,59885215,81765288,56622058,66958879,57244415,64561124,57963601,62203283,56004934,71437627,52673999,51429777,54167325,51790821,54417907,55182914,185534396,54342555,516864413