61156719,481292114,115878058,76377950,132443684,74518125,104421504,75102808,122894979,78611636,94817258,72475741,65248878,68801773,120044800,65989247,80591502,68362118,82755270,65023609,80743163,64873743,108346616,60189587,59625683,63262950,57739362,60871278,60647451,157992954,57763508,420906057
61159230,481295167,115887563,76380915,132457085,74520943,104429577,75105396,122905326,78614731,94823232,72478578,65250725,68804564,120050868,65992364,80594884,68364855,82759125,65026656,80746602,64876183,108355611,60192367,59627492,63265870,57740933,60874374,60649680,157996134,57765944,420907831
61161278,481297914,115895474,76383058,132468436,74522999,104436443,75107615,122914610,78617033,94828109,72480728,65252193,68806747,120058211,65994774,80597366,68367243,82763018,65028744,80750405,64878461,108363780,60194513,59629064,63268159,57742711,60876615,60651132,157998371,57768001,420911276
61163456,481300062,115902810,76385175,132479817,74525172,104443143,75109680,122923598,78619165,94833425,72483028,65253966,68809041,120066195,65996882,80599930,68369481,82767401,65030999,80754491,64880974,108372930,60196789,59630704,63270282,57744545,60878769,60652963,158000466,57770033,420915018
61165793,481302235,115912172,76387373,132490801,74527275,104449927,75111955,122932335,78621427,94839397,72485162,65255598,68811202,120074112,65999210,80602607,68371327,82771580,65033107,80758532,64883133,108380711,60198853,59632244,63272292,57746550,60880770,60654884,158002546,57771864,420918556
61168017,481304333,115921052,76389594,132500084,74529391,104456962,75114305,122941768,78623806,94845340,72487578,65257370,68813552,120082957,66001645,80604945,68373709,82775757,65035101,80762530,64885253,108388995,60200979,59633991,63274729,57748255,60882800,60656604,158004750,57773824,420922220
61170084,481306566,115927761,76391526,132510246,74531756,104463726,75116085,122950607,78625786,94850865,72489600,65259391,68816142,120091942,66003782,80607451,68375796,82780200,65037125,80766731,64887181,108397890,60203262,59636127,63277018,57749984,60884916,60657991,158006777,57775744,420925631
61172083,481308712,115934280,76393704,132521849,74533891,104470971,75118599,122959116,78627818,94856444,72491723,65261576,68818449,120101010,66005885,80610205,68378228,82784447,65039299,80770682,64889307,108406224,60205200,59637919,63279067,57751945,60887319,60659651,158008959,57777442,420929485
61174135,481310839,115942208,76395833,132532857,74536220,104478352,75120870,122968568,78629948,94861681,72494357,65263528,68820729,120109402,66008150,80613127,68380311,82788747,65041467,80774486,64891351,108414212,60207861,59639696,63281300,57753704,60889392,60661417,158011026,57779527,420932807
61175951,481313037,115949479,76397935,132542284,74538236,104485240,75123042,122977621,78632007,94866870,72496591,65265643,68822917,120118663,66010317,80615558,68382500,82792927,65043608,80778354,64893485,108422439,60210128,59641726,63283226,57756115,60891503,60663071,158013461,57781436,420936265
61177917,481315323,115956595,76399982,132553782,74540527,104492490,75125109,122987338,78634209,94873203,72498819,65267263,68825120,120126628,66012678,80618404,68384533,82797031,65045923,80782116,64895496,108430641,60212309,59643781,63285286,57758314,60893399,60665018,158015609,57783375,420940016
61179820,481317918,115963726,76402439,132563440,74543057,104499811,75127505,122995863,78636819,94879062,72501210,65268899,68827452,120135403,66015135,80621012,68387062,82801162,65048102,80786082,64897831,108438421,60215128,59645294,63287716,57759631,60895741,60666511,158018175,57785201,420944078
61181818,481320328,115971493,76404804,132573642,74545216,104506985,75129945,123003753,78639023,94884366,72503351,65270919,68829793,120141982,66017359,80623445,68389183,82805357,65050455,80790107,64899858,108446743,60217447,59646948,63290004,57761168,60897894,60668354,158020528,57787051,420947982
61183866,481322353,115979381,76406974,132584598,74547408,104514003,75131987,123012751,78641245,94890220,72505321,65273063,68831892,120150628,66019256,80626559,68391502,82809506,65052413,80794203,64901891,108455336,60219360,59649260,63292350,57763145,60900096,60670034,158022646,57788780,420951591
61186217,481324593,115985540,76409301,132596144,74550009,104520760,75134067,123022314,78643334,94896444,72507489,65275808,68834201,120156826,66021569,80629371,68394225,82813910,65054889,80798462,64904468,108463751,60221610,59651263,63294921,57765312,60902432,60671863,158025100,57790498,420955782
61187928,481326712,115993622,76411538,132604866,74552016,104527841,75136572,123030790,78645405,94902511,72509791,65277477,68836503,120164015,66023670,80631808,68396298,82817905,65056809,80802155,64906794,108471841,60223979,59652524,63296892,57767147,60904464,60673388,158027264,57792575,420959806
61190257,481328999,116001253,76413751,132616201,74554197,104534891,75138903,123040067,78647737,94908007,72512043,65279089,68838895,120173954,66025743,80635317,68398171,82822277,65059086,80805987,64908909,108479788,60225963,59654095,63299142,57769117,60907010,60675522,158029560,57794609,420964018
61192020,481331495,116007864,76416400,132627106,74556838,104541986,75141269,123048431,78650074,94913370,72514662,65280480,68841185,120182249,66027765,80638234,68400575,82826176,65061552,80809754,64911210,108488226,60228414,59655531,63301933,57770715,60909454,60677150,158031959,57796608,420967979
61194020,481333904,116014422,76418836,132638214,74559311,104548356,75143687,123056916,78652327,94919273,72517518,65282154,68843708,120190862,66030025,80641012,68403120,82830371,65063961,80813594,64913744,108495717,60230790,59657245,63304715,57772718,60911762,60678918,158034643,57798373,420972511
61196071,481336226,116022330,76420881,132649761,74561640,104555427,75146214,123065909,78654568,94924180,72520007,65283807,68846058,120197154,66032404,80643955,68405274,82834335,65066679,80817225,64916390,108503964,60233107,59658821,63307059,57774512,60914390,60680839,158036983,57799992,420976488
61198226,481338424,116029003,76422982,132661045,74563807,104563610,75148325,123074939,78656688,94929947,72522670,65285999,68848221,120204809,66035011,80646792,68407676,82838453,65069355,80821356,64918437,108512582,60235177,59661074,63309337,57776322,60916432,60682862,158039016,57802106,420980712
61200487,481340752,116037337,76425400,132673213,74566355,104571024,75150410,123084478,78659147,94935822,72525216,65288313,68850856,120212324,66037551,80649715,68409998,82842688,65071389,80825515,64920570,108521873,60237422,59663619,63311576,57778547,60918774,60684784,158041297,57804137,420984915
61202539,481343302,116045921,76427849,132682054,74569140,104578200,75152735,123092763,78661601,94941450,72527404,65290453,68853261,120221794,66039982,80652633,68412594,82846975,65074063,80829374,64922836,108530223,60239937,59665612,63313912,57780486,60921086,60686631,158043808,57806195,420989010
61204815,481345496,116054814,76430131,132692218,74571415,104585649,75155038,123101072,78663741,94947900,72529565,65292692,68855586,120229502,66042476,80655841,68414989,82851411,65076221,80833387,64925327,108539402,60242209,59667670,63316055,57782818,60923322,60688373,158045977,57808294,420992844
61207066,481347695,116062609,76432328,132704119,74573482,104592714,75157145,123109939,78665865,94953694,72531888,65294674,68857670,120237715,66044614,80658646,68417149,82855778,65078758,80837570,64927717,108547246,60244251,59670012,63318218,57785011,60925662,60690514,158048496,57810432,420996882
61209485,481349971,116071122,76435421,132715848,74575835,104599725,75159552,123118887,78668527,94959710,72534383,65296512,68859817,120245643,66047064,80661743,68419445,82859957,65081018,80841597,64930107,108554865,60246269,59671712,63320570,57786729,60928331,60692318,158050920,57813159,421000994
61211550,481352175,116078286,76437575,132725917,74578092,104606764,75161567,123127878,78670727,94965711,72536750,65298751,68862100,120252969,66049270,80664699,68421888,82864075,65083341,80845541,64932410,108563298,60248576,59673335,63322702,57788281,60930477,60694650,158053459,57814866,421004796
61214178,481354380,116085818,76439808,132737585,74580425,104613959,75163859,123136981,78672891,94971621,72538731,65300993,68864412,120261862,66051510,80667723,68424473,82868591,65085817,80849405,64934759,108571659,60250848,59675141,63324961,57789871,60932667,60696457,158055690,57816945,421008752
61216307,481356824,116093847,76442122,132748477,74582713,104621680,75166024,123146741,78675437,94977453,72541300,65303215,68866998,120269216,66053730,80670390,68426805,82873063,65088030,80854285,64937002,108580256,60253221,59677380,63327559,57791756,60935252,60698091,158058266,57818989,421012635
61218339,481359396,116101397,76444564,132757926,74585202,104629140,75168565,123155369,78677848,94983425,72543896,65305550,68869526,120277173,66056181,80673495,68429113,82877139,65090433,80858223,64939110,108588251,60255336,59679073,63330011,57793925,60937743,60700025,158060567,57821104,421017065
61220349,481361502,116108714,76447044,132768863,74587404,104635914,75170774,123164074,78679944,94989402,72546131,65307353,68872005,120286906,66058762,80676470,68431556,82881304,65093415,80862465,64941475,108595812,60258009,59680985,63332267,57795859,60940517,60702282,158062787,57823074,421021153
61222318,481363876,116115668,76449475,132779319,74589683,104642763,75173383,123173245,78682135,94995277,72548906,65309142,68874317,120293260,66060743,80679157,68433902,82885414,65096174,80866523,64943694,108603738,60260681,59682530,63334700,57797486,60942829,60704300,158065459,57824775,421025076
61224463,481366363,116123816,76451938,132790693,74592234,104650362,75175664,123181819,78684409,95001269,72551197,65311116,68876702,120302362,66063175,80681797,68436466,82889654,65098815,80870649,64946194,108611295,60263097,59684171,63337277,57799350,60945377,60706038,158068011,57826630,421029422
61226790,481368956,116132016,76454003,132801363,74594376,104657445,75177982,123191409,78686785,95006950,72553680,65313015,68878806,120309003,66065521,80684551,68439004,82894073,65101277,80874945,64948634,108620110,60265466,59686459,63339268,57801682,60947668,60707948,158070228,57829016,421033614
61229391,481371422,116137758,76456253,132809718,74596650,104665283,75180025,123201831,78689008,95013406,72555949,65314793,68881216,120316728,66067810,80687426,68441898,82898762,65103462,80879318,64950880,108628671,60267674,59689020,63341679,57803826,60949818,60710031,158072589,57831332,421037596
61231565,481373965,116145888,76458418,132822486,74599052,104673197,75182591,123211492,78691395,95019589,72558954,65316379,68883735,120324769,66070131,80690305,68444605,82903251,65105660,80883147,64953674,108637096,60270069,59691014,63344297,57805955,60952266,60711942,158074955,57833294,421041803
61234270,481376385,116152089,76460878,132833836,74601409,104680772,75185158,123220449,78693782,95025950,72561366,65317946,68886503,120333252,66072720,80693428,68446938,82907398,65108106,80886949,64956238,108645714,60272559,59692623,63346592,57807783,60954588,60714325,158077264,57835619,421045938
61236577,481378752,116159565,76463618,132845140,74603847,104688403,75187625,123228879,78696266,95031569,72564091,65319757,68888958,120339611,66075168,80696891,68449225,82912000,65110315,80890993,64959137,108654668,60275095,59694979,63348907,57809538,60956848,60716824,158079903,57837525,421050049
61238615,481381134,116167074,76466078,132855344,74606368,104695483,75189888,123237429,78698982,95037294,72566413,65321284,68891582,120347963,66077608,80699833,68451502,82915979,65112561,80894914,64961571,108663189,60277774,59697102,63351265,57811396,60959235,60718556,158082149,57839050,421054106
61240624,481383358,116172376,76468361,132867324,74608991,104703438,75192615,123246408,78701307,95043172,72568612,65323069,68893676,120355329,66079729,80702143,68453892,82920346,65114970,80899002,64963751,108671464,60280435,59698702,63353766,57813689,60961808,60720664,158084833,57841487,421058509
61243029,481385602,116178933,76470888,132877740,74611359,104710805,75195057,123255706,78703672,95048378,72570712,65325220,68895979,120363296,66081840,80705265,68456104,82924557,65117504,80902892,64965994,108679915,60282571,59700235,63356235,57815717,60964015,60722809,158086858,57843494,421062849
61244767,481388225,116186973,76473790,132887349,74613575,104718569,75197401,123265096,78706225,95054219,72573364,65327001,68898404,120372329,66084476,80708326,68458590,82928796,65119882,80906640,64968453,108688041,60284841,59701582,63358646,57818304,60966442,60724756,158089017,57845364,421067086
61246839,481390375,116195003,76476184,132897522,74616037,104725295,75199712,123274119,78708373,95059983,72575460,65328964,68900699,120378951,66086982,80711703,68460846,82933219,65122335,80910378,64970966,108696305,60287026,59704108,63360799,57820770,60968808,60726528,158091489,57847563,421071230
61249172,481392792,116203586,76478928,132907743,74618452,104732639,75202467,123282827,78710806,95065947,72578161,65331113,68903050,120387407,66089426,80714959,68463265,82937636,65124828,80914420,64973272,108705128,60289121,59705712,63363175,57822433,60970893,60728146,158094007,57849408,421075649
61251232,481395239,116210201,76481391,132918807,74620791,104740183,75204765,123291798,78713354,95071702,72580483,65332950,68905464,120396576,66091699,80718379,68465514,82942005,65126902,80918339,64975337,108713482,60291381,59708050,63365325,57824323,60973092,60730046,158096298,57851494,421079583
61253291,481397885,116217560,76483871,132928383,74623284,104748307,75207358,123301689,78716065,95077604,72583247,65335189,68908021,120403875,66094213,80720700,68468281,82946505,65129408,80922499,64978317,108722231,60294249,59709540,63367989,57826782,60975720,60732188,158098803,57853512,421083793
61255046,481400834,116225069,76486923,132938229,74626200,104756133,75210028,123310529,78718666,95084164,72585658,65336995,68910446,120411949,66096448,80724270,68470702,82950874,65131827,80926738,64980733,108730638,60296588,59711632,63370845,57829196,60978393,60734481,158101388,57855433,421088210
61257327,481403019,116232700,76489494,132948935,74628481,104763683,75212250,123319201,78721252,95089836,72588243,65338583,68912832,120419409,66098878,80727033,68472948,82955083,65134558,80930547,64983282,108738424,60298792,59713750,63373306,57831024,60981221,60736439,158103771,57857665,421092099
61259255,481405478,116241827,76492037,132959385,74631033,104771300,75214748,123328336,78723560,95095396,72590763,65340152,68915382,120427175,66101404,80729710,68475459,82959272,65136738,80934376,64985417,108746536,60301145,59715387,63375528,57833039,60983516,60738076,158106323,57859561,421096298
61261285,481407983,116249320,76494273,132969796,74633280,104779057,75216879,123337711,78725904,95101396,72592930,65342735,68917510,120435038,66103654,80732754,68477681,82963531,65139119,80938211,64987733,108754577,60303397,59716995,63378170,57835099,60985920,60739847,158108771,57861490,421100555
61263777,481410628,116257681,76496735,132980391,74635659,104786837,75219567,123347668,78728237,95107281,72595072,65344392,68919789,120441509,66106352,80735689,68480112,82967813,65141813,80942292,64990147,108763166,60305521,59718878,63380562,57836743,60988371,60741830,158111322,57863527,421104521
61265995,481413024,116264560,76499029,132991687,74637892,104794151,75222004,123357969,78730553,95113551,72597275,65346508,68922147,120449885,66108569,80738797,68482862,82972206,65144192,80946756,64992541,108771696,60307903,59721808,63383188,57839210,60990847,60743978,158113853,57865937,421109087
61268265,481415562,116271449,76501189,133002384,74640432,104801721,75224296,123367271,78732918,95119425,72599848,65348519,68924534,120457921,66110928,80741732,68485432,82976435,65146810,80950685,64994777,108780064,60310508,59724007,63385445,57840922,60993637,60746082,158116249,57868146,421113437
61270037,481418201,116278275,76503871,133012292,74642872,104809203,75226739,123376322,78735756,95125100,72602295,65350157,68926911,120464865,66113504,80744008,68487806,82981209,65149219,80955091,64997253,108788717,60313132,59726243,63388122,57843521,60995943,60747865,158118686,57870034,421118050
61271928,481420705,116285007,76506211,133021719,74645118,104816478,75229661,123384764,78738555,95131014,72605030,65352309,68929591,120473734,66115855,80747126,68490691,82985593,65151839,80958903,64999931,108797454,60315672,59727858,63390910,57845292,60998397,60749853,158120995,57871702,421122290
61274436,481423217,116292637,76508432,133030959,74647455,104823056,75231958,123394292,78741184,95136945,72607694,65354551,68931936,120481272,66118159,80750252,68492890,82989871,65154416,80963232,65002168,108805620,60318130,59729975,63393001,57846837,61000583,60751761,158123034,57873537,421126160
61276692,481424992,116299522,76510674,133040913,74649757,104830471,75234540,123403080,78743096,95143243,72609878,65357166,68934286,120489395,66120468,80754185,68495063,82994077,65156528,80967243,65004245,108813971,60320485,59731879,63395219,57849168,61002662,60753514,158125465,57875619,421130006
61278771,481427537,116307116,76513236,133049864,74651877,104837410,75236695,123412122,78745560,95149168,72612212,65359139,68936551,120496846,66122710,80757481,68497181,82998543,65158986,80971196,65006703,108822310,60322424,59734312,63397302,57851254,61004841,60755359,158127689,57877415,421134159
61281089,481430073,116315478,76515446,133061541,74654132,104844511,75239108,123421159,78747821,95155225,72615120,65361566,68939125,120503531,66125147,80760180,68499230,83002825,65161181,80975153,65009222,108830772,60324382,59735913,63399527,57853309,61007154,60757146,158129991,57879210,421138338
61283098,481432283,116322040,76517846,133072034,74656555,104852488,75241533,123430831,78750339,95161175,72617942,65363532,68941422,120512259,66127750,80763246,68501706,83007239,65163456,80978989,65012126,108839106,60327012,59737368,63401911,57855119,61009287,60759298,158132401,57881385,421142762