6030,6349,6081,7189,5655,6377,6793,6431,5056,5965,6513,6535,6187,6501,5662,6361,5642,6109,6040,6007,5842,6996,7241,6193,6355,5997,6076,6130,6626,7205,6133,5472
5783,5741,4966,5969,5539,6400,5751,5947,5295,5961,5525,6472,5350,6031,5015,5469,5171,6884,4832,5968,4724,5831,4838,6089,5652,6233,5174,5792,5430,5972,5302,6210
5874,5108,5537,4807,6326,5147,5450,5090,5232,5380,5222,5783,5454,5485,5486,6589,5353,4878,5595,4957,4593,5531,5026,5182,5871,5592,5489,5430,5879,4677,5458,5726
5722,6060,5002,6150,5584,5641,4893,6183,5253,5572,5486,6358,5039,5976,5301,5949,5262,5755,5371,5946,5417,5902,5475,5587,5872,5337,5900,6263,5504,6126,5404,5929
6164,4670,5678,4935,6495,4686,5586,4957,5506,5553,6071,5269,5739,5111,5409,5416,6115,5320,5144,5214,5410,5700,5313,4748,5245,4912,5583,4900,5458,5491,5609,4983
5711,5982,5545,6232,5304,5640,5584,6141,5110,5961,5020,7312,5838,6199,5152,6157,4823,5643,5943,5756,5687,6532,5233,5548,5142,5898,5694,6497,5960,7032,5514,6269
5418,5227,5356,5385,5929,4559,5729,5191,5238,4555,5294,5678,5088,4656,4848,4756,5596,4742,5207,5773,5215,5002,5829,5644,5848,5485,5687,5694,5661,5725,4876,5641
5144,5236,5003,5893,4925,5171,5008,5405,5602,5340,5383,6727,5374,5193,5547,5535,4911,5823,4987,6476,5149,6114,5250,5256,4936,5247,5376,6259,4736,6208,5666,5568
5731,6111,5586,6277,5442,6142,5580,5782,5442,6093,5547,6609,6235,6030,5063,6197,5288,5318,5473,6044,5764,6197,5980,6681,5731,6503,5209,6332,5354,6525,5640,5241
5132,4790,5217,4681,5543,4751,5759,4972,5346,4566,4583,4941,5859,5166,5494,4995,5165,4353,4825,4620,5473,4589,5625,4283,5579,4819,5348,4689,5756,5032,5114,5210
4984,5023,5623,5496,5148,5356,5637,5064,5491,5100,4647,5071,5507,5362,5359,4886,5028,5282,5915,5101,5444,5054,5545,5774,4533,5412,5251,5296,4996,5073,4857,5515
5999,5236,5708,5010,5685,4933,5779,5550,5625,5025,4369,4922,5146,5530,5824,4993,5747,5240,5730,5185,5480,5419,6226,4914,6042,5155,5738,5620,5883,5936,5618,5970
5585,5887,5537,5621,5856,5253,5827,6144,4828,5976,5649,5384,5478,5502,5674,6213,5804,6047,4529,6087,5393,6915,5513,6005,5293,5379,5109,5787,5207,5531,5173,5598
4965,5417,5156,5498,4874,5370,5028,5328,4803,5992,5192,4814,5132,4828,4999,5420,5221,5995,5022,5378,5023,5424,4449,6059,4222,5875,4876,5058,5345,5565,4972,5582
6052,5083,6164,4417,6092,4489,6096,4255,5569,4860,5776,4500,6187,4020,5283,5237,5749,4352,5660,4686,5429,4982,5957,4621,6027,4345,5577,4806,5861,4577,5983,5112
5630,6113,5719,5600,5564,5598,5100,5160,6084,5535,5113,6167,5394,5496,5298,5286,6182,6403,5603,5946,5778,6221,5994,6191,5949,6005,5280,5630,5929,5670,5790,5740
5595,5963,6086,5831,6095,5654,5981,5520,5975,5326,5819,5840,5079,5534,5792,5117,6459,6000,5076,5308,5924,5395,5794,4900,5692,5302,5761,5287,5853,5316,5859,5864
6317,5546,5360,5980,5820,5156,4489,5486,5560,4992,5146,5017,5569,5859,5210,5729,5091,5415,5601,5310,5401,5080,5183,5762,5668,5331,5275,5649,5291,5043,5456,5546
4863,5277,5180,5439,4951,5351,5500,5160,5670,4992,5779,5054,4899,5215,4958,4807,4916,5150,4925,5901,5325,5107,5334,5651,4916,5279,5207,4723,5111,5051,5214,6480
5504,4783,5392,4823,6090,5582,6181,4971,5496,5302,5880,5804,6000,5570,5145,5247,5731,4812,5703,5361,5043,5467,5429,5505,5747,5669,5350,5576,5823,5446,5692,5734
5339,4957,5413,4659,5731,4891,6454,5504,4808,5823,5625,5504,5535,5111,5029,4870,5315,5231,5717,4564,5367,5940,4864,5687,5493,4720,5091,5691,5582,5066,5291,5599
5643,5598,5346,5136,5558,6032,5661,5782,5603,5151,5719,6102,4689,5497,5079,5896,4338,6391,5485,5457,5845,6749,5012,6519,5449,6182,4827,6976,5408,6808,4506,5786
5599,4698,5957,5566,5936,4790,5940,4784,6019,5230,5408,4359,5487,4738,5379,5287,5860,4933,5405,5389,5833,4699,5246,4935,5211,5299,5555,6056,5674,5533,5888,5317
4987,5247,5264,5978,4670,4632,5427,4915,5289,5480,4931,5064,5381,5286,5422,4952,4842,5122,5302,4258,5191,4451,4919,4753,4981,5442,5265,5567,5577,4988,5890,5090
4975,4878,5269,4953,4861,4374,5329,4893,4523,5053,5096,5463,5039,5405,4688,5660,5380,4917,4929,5037,5721,4438,6260,5382,4808,4452,5701,4573,5481,4662,5694,4983
6699,4725,5859,4705,7082,4510,5942,4815,6255,4969,6111,5585,6362,4744,5741,4780,6301,5437,6444,4806,6354,4818,5946,4835,5127,5462,5992,4795,5944,4436,6145,4664
5284,5466,5607,5037,4623,5300,5724,4923,5331,5079,4963,5260,4710,5169,5427,5532,4724,4698,5414,5357,4883,5052,5711,4620,5328,5215,4616,5259,4735,4873,4740,5268
6464,5650,5787,5360,6460,5319,5750,5217,5694,5802,4829,5705,4421,5511,5425,6072,4718,5224,4492,5962,4894,5484,4770,4745,4275,5203,4856,5111,4827,5564,5272,5662
6744,4643,5901,5146,6469,4743,5925,4443,6444,5505,5939,4677,6549,5007,6038,4821,6302,4583,6402,5483,6011,5525,6667,5396,5389,4747,5619,4404,5935,4549,6466,5240
5472,5323,6273,4645,5542,5513,6132,5176,5665,4944,5271,5073,5423,5425,5646,4784,5654,4889,5685,5481,5989,5278,6059,4480,5744,4645,6034,5095,5480,5320,5609,5774
6985,4801,6556,4600,6439,4635,5607,4412,5625,4557,6654,5309,6959,5673,7019,5181,6064,4720,5910,4442,6465,5056,6810,4964,6160,5206,5818,4639,6321,4053,5682,4429
6084,6147,5042,5419,5748,5238,5465,5189,5684,4674,5265,5220,5662,5559,5685,5448,5987,5450,6442,4976,6806,4901,5903,5322,5464,5244,5030,4706,4949,5602,6102,6283
5964,5195,5560,5541,5779,4864,6240,6023,5725,4699,5688,5518,5617,5010,5207,5083,5937,5371,6076,5149,6130,4852,5740,4786,5759,4746,5181,4964,5684,5622,5268,5918
5701,5219,5569,5345,5408,5090,5799,5190,6079,5198,5823,4842,5665,4510,6000,5010,5408,4503,5659,5408,6123,5055,5466,5003,5551,5411,5758,5275,6039,4749,5909,5618
5569,5215,6457,5298,6225,4915,5666,4867,5152,5131,5490,5093,5319,5483,5293,5338,5842,5362,5760,4778,6657,5766,5523,5487,6191,5514,5722,5127,5361,5186,5313,5545
5567,4507,5649,4475,5494,5208,5539,5152,5738,5240,5318,5018,5093,4787,5381,5202,5341,5432,5322,5250,5786,5375,4912,4929,4952,4678,4749,5266,5235,5753,4938,5332
5370,4645,5814,4520,5330,5203,5239,5188,4701,4076,5188,4324,5322,4692,6459,4747,5420,5330,5762,4862,5746,4546,5595,5480,5948,4908,5589,5299,5828,4492,5709,5429
5880,4746,5461,4945,5957,4703,5858,4816,5794,5121,5661,4665,5600,5191,6175,4480,5366,5364,5359,4847,6007,4761,5775,5061,6302,5503,5876,5197,5558,5089,5206,4809
5540,5250,5762,5013,5662,5487,5531,5404,5597,4799,6509,5340,5257,5357,5266,4856,5865,5026,5046,5167,5917,4272,5894,5187,5451,4626,5172,4131,5361,5300,5098,4982
5985,4951,5611,5416,5688,5208,5901,5746,5759,4933,5954,4470,5063,5160,5575,4717,5997,5495,5478,5329,6206,5314,5235,5362,5467,5063,5732,5282,5247,5387,5573,5925
5592,4839,5492,5457,5803,5357,5504,4819,5599,4526,5763,5322,5789,5125,5732,4018,5745,4164,5603,4604,4931,4615,4781,4513,5350,4682,5371,4366,4780,4828,5461,4981
5409,6187,5075,5557,4655,5673,4803,6317,5034,6500,4641,5441,4498,5966,5305,5214,5251,5173,5036,5407,4748,5511,5232,6437,4903,5832,5266,6471,5195,6783,4913,6640
4905,4513,5139,5613,4664,5521,5280,5026,5644,5323,6079,5791,5639,5085,5428,5211,5932,5588,5060,5591,5083,5145,4813,4816,5244,4564,5033,5280,4956,5113,5038,5667
5402,5473,4995,5276,5224,5822,5722,4359,5826,4342,6090,4636,5158,4365,5683,5335,4729,4360,5569,4945,5179,5216,4933,4388,5450,4836,5614,5220,6291,4649,5425,5258
5298,4900,5500,4839,5027,5759,5281,4872,5256,6258,4776,5358,4988,5005,5346,4733,5469,4609,5663,4862,5603,4921,4952,4502,4697,4231,4407,5182,4324,5089,5422,5633
5429,6121,5936,5361,4789,5116,5045,5173,4492,5429,5131,5651,5706,4865,4518,5029,6112,5779,5255,5508,5266,5606,5358,5277,4898,5350,5647,4666,5648,5123,5714,5497
6031,5674,5941,5248,5440,6289,5302,4850,5440,5100,5236,4791,5280,5560,5091,5722,4895,5412,5234,6125,5983,5175,6227,4587,5638,4583,5769,4946,5887,5011,5769,5144
5135,5630,5387,5703,5397,5637,5991,5498,5001,5188,4803,4569,5292,4628,5017,5796,4987,4938,5547,6424,4827,5006,4771,4876,4674,5044,5290,4896,4447,5053,4958,4898
5482,5255,5755,4911,5024,5401,5452,4875,5566,4397,5607,5025,5108,5324,5127,4794,4725,6084,5545,4963,4353,4904,5770,4846,5751,5207,5332,5217,5331,5436,4800,5258
5477,5336,5514,5676,5105,5529,5374,5293,6038,5108,5811,5392,5700,5954,6416,5318,6443,5976,6084,5949,5468,5682,5628,5639,5649,4664,5753,5879,5381,5305,5936,5942
5747,5112,5587,5153,5417,4671,5677,4654,5094,5009,5726,4835,5431,5086,5821,4443,4778,4281,5193,4967,5703,4447,6027,4797,4976,5423,5349,5011,4855,4485,5233,5611
5567,4960,5565,5078,6021,5264,5456,5349,5748,4596,5712,5660,5432,5030,4654,5289,5689,4926,5006,4977,5478,4830,5664,4313,5630,4896,6088,5299,5440,4661,5605,5016
5069,3945,5942,4880,4409,5265,4974,4960,5082,5541,4722,5281,4655,5222,5636,5217,5375,4868,5260,4765,4992,4823,4714,4579,5554,4067,5532,4549,5944,4935,5047,4373
5100,4517,4845,4986,5384,5167,5471,5727,5131,4912,4891,4946,4976,4952,5602,5891,4835,5459,5298,4819,5260,5394,5249,4413,5361,5212,5517,6113,5459,4744,5320,5097
5210,5343,4941,5356,5401,5349,5555,4411,5115,4450,5481,5120,5357,5356,5232,5197,6397,5888,5593,5158,5476,5024,5199,4937,5563,5431,5244,5274,5440,4729,5860,4468
5643,4891,6136,5611,5744,5188,5516,4882,5586,5039,5157,5034,5959,5093,5308,5562,5615,4919,5347,5015,5377,4597,5260,4486,5280,4575,5724,4561,6647,5177,5759,6118
5403,4937,5993,4398,5136,4413,5338,5185,4982,5600,5755,4922,5247,4873,6274,4842,5043,5153,5576,5031,5390,4967,4821,5262,5067,4630,5290,4993,5449,4867,4710,5352
5341,4863,5377,4083,4182,4917,4703,4722,4479,4413,5001,5088,4870,4858,5405,5176,4823,4226,4908,4735,5423,4499,4523,4605,5191,4771,4713,4734,4765,5039,5321,4932
5242,4928,4605,5032,5665,4194,4353,4746,4524,4137,4257,4328,4699,4631,4898,4608,4496,4766,4636,5043,4434,4406,4189,4215,4615,4474,3940,4357,4736,4365,5104,4355
