128684818,158268508,127432009,137207755,131686819,135064630,127545412,127833907,126150188,132042989,131312041,133455988,137195345,143491370,134953894,128949246,126691564,126801872,131843212,131587639,132637763,135234906,122235219,129514915,124230928,136149119,129994592,137371955,136511059,148375578,124797353,218232263
112997856,138890556,119881054,138785091,117838106,121422213,120329261,122780046,151731529,127132684,111383425,142827567,117786106,125036219,113156151,118218804,115319560,125489339,104775820,128995097,112842768,117451326,118562263,125557166,119998669,127629911,133597734,135450400,122800015,141756868,118314133,146422162
114685480,114485873,110274189,112148346,114420212,105584878,110996251,109707604,109240778,136244519,133174795,126995996,115476910,111680017,119410054,118458181,126756474,114156477,116028767,114309114,115127381,120029039,107036498,116250972,105319583,122069681,111118529,118023933,109290039,111549638,101523609,120276955
108797975,125246137,107525960,117337325,118896692,123024167,114777712,122106388,121774931,120989761,109647652,134120376,103929960,122820451,102776497,124613607,107422689,113044753,115297676,122426427,112685738,127463077,121368836,135770807,117145759,117928729,117507816,107576743,114331053,122725126,116617258,127580653
113344862,117330852,108189301,108387363,107822786,128313663,107815425,114810753,109454668,116115298,106516043,117819599,135116658,117207211,106574130,104781527,111000107,108281816,115102658,114812637,110106191,106713929,111762884,112719705,121880354,113609319,110361670,115318773,109539741,115574097,114475286,112481903
129499706,128510649,128816329,124733205,125371271,136228408,122322612,131047098,114535975,141534613,141655942,130090716,120496214,132327727,155554162,128935433,125129374,134631014,123448454,140654674,133461855,128759226,123258931,132683251,120075192,142523062,125655237,134664178,123112481,154581399,126391608,159603819
115555865,145705428,109912280,109347125,122125228,118512043,113052911,120423803,106703966,113332723,123522924,120905347,119435196,113235618,106624404,107233154,124374052,110638032,113730186,124350307,107386312,119544296,110912534,115971679,110218584,122254537,111904678,113168647,108822184,112657748,112568053,121920260
116022496,120673984,110949307,124343110,105076691,115436995,114319531,111231295,106258416,123508641,119056275,111288726,127793204,117000667,141935836,117318465,119322111,114785869,114548214,114390814,106088657,111968158,120118565,111039115,118698111,101124842,117720150,127987482,117503138,112199284,115595907,127219256
137227211,118016212,124946911,123776590,146125742,117713457,132522337,120374093,126829971,122377290,125665199,118368291,129833160,115859899,154478318,112135419,125388850,111483315,127094144,121691344,118850241,111477527,123031874,114399307,125541804,114260397,122877343,119941854,131616901,115469646,124021748,132044097
119347426,118318705,114863645,124361823,115932860,111285877,101500634,109134598,103893509,102300011,111158434,111260687,110843717,103733594,109945541,102127653,107916262,114958446,115258661,96716712,114109538,100286313,118931110,125187075,123306128,110832609,113551579,121476842,108066573,113551752,105397002,126456788
105837276,114718665,121962294,102983915,110905612,103102926,113220885,130032355,113397929,104880348,109364388,109698028,104076462,103921472,144937564,116151234,107080099,113029595,103240950,119721580,111593332,109823344,103067983,120611188,92376682,118297073,118975204,121231726,107682087,123433360,109788384,126378375
127905222,107475192,119600664,113380447,113177052,108757398,121066381,104199586,112848368,112417575,112864673,114723517,122456497,111708856,117278557,116908108,147604682,123113235,116027388,134403475,129250550,127704337,130599521,119806598,128855195,120902805,116112198,122418817,129657200,110426172,133313560,122464957
117727490,113596531,111653500,104813789,107655174,115817347,108731951,113004803,104746624,109917405,114583963,111521780,112570403,130441973,111268596,114857922,125323634,111713362,108820396,112505566,113084449,111955938,106054236,123426985,113813840,106975172,110565098,108831224,117030066,116662337,113593670,124839069
114904382,120375847,122350433,108660299,119551003,113906162,122139697,125300644,113211962,120699364,113101822,137239535,121000865,105926232,126013155,113544566,134793179,103203416,155281062,113808157,120260950,109976610,115250675,113056479,122206542,114737189,118065615,119458259,131517828,116840502,126832620,111840737
111496280,114629313,111132800,106068003,113718203,125702852,115267397,114595336,111529739,117930928,117434962,117292429,117612047,111175670,114200055,107536726,115963060,115547724,153645885,106073491,108441500,108910169,106053573,114486255,112014056,108472731,113381139,104786650,116991443,107747896,107055081,131641973
137306477,123286815,142894337,129129505,133996691,133911510,138780450,121325810,126630357,116794839,138901753,130366097,134202023,124777959,133405928,126793897,134148142,136341990,126230163,130561769,127850576,145176588,137280778,123038355,138289593,129532610,126884685,128148460,131792686,114770786,134165247,123778116
106893618,115813153,117224512,112365205,123169907,128606300,116284246,109196161,118949015,107335075,122051595,111743622,124908629,112394502,109122662,110002218,123027281,120599293,148857062,119554964,118570054,117345968,121557711,120476179,122699713,117097647,115192684,117192531,125936043,111708947,103770166,116655691
109462470,108899448,113993180,100460073,113044770,100073537,109593353,116520777,122261129,112894735,121844531,101277629,122305591,91844413,105274690,115882484,115286416,110953949,135754333,106579515,107723536,107557231,104858854,103431416,109337279,100730461,105842182,109048588,111074297,101371170,114058726,110783108
124085648,136377586,117376625,120458060,114530857,126076935,118612369,102642499,118990347,115601606,119560519,97477673,116568234,108673224,118234430,113184988,115049252,113740562,115703524,112396888,115898330,103721928,124122707,113161606,106913379,116695998,112991910,121830491,122770850,107109531,128205217,103316737
116983458,149267157,123042246,118984173,123338844,114148869,123055063,107133263,124359058,126229245,121961588,112723598,119297292,126925342,124095346,111057708,125112673,110823420,135356802,114195038,101738913,120959543,108239027,122886212,126644038,117490257,118664183,114859992,131606754,124977336,122983975,113672280
118117089,117491720,116231254,110756078,117052951,119459913,110710403,121363893,105036796,127587330,108395855,140141062,115672032,117048961,104877203,111298737,114937462,118096063,110828300,113795672,132502713,124832853,116456177,115739018,115095308,120678196,113222418,108631096,110879243,112645392,111928269,140665355
102654601,103243702,98890261,106706722,107156764,130081802,118541715,116164389,115144609,106351067,113874717,116838366,114082452,115906113,110169508,99469730,116741533,115390180,116295885,106198124,111372951,108158594,114029206,104941733,114041321,113241440,110782605,109918995,108362263,106794288,103163748,119266585
120539893,122780025,116972202,141148152,114209411,131848284,110047958,117443422,109860078,117304149,107260045,129500869,97783714,128934359,107285859,116679694,118346672,122635303,109540371,126144851,112526646,114215058,149646463,128065490,118919461,135966485,115724738,134404147,111107687,126227022,117554989,135441941
113583387,115662099,107441801,112834423,109884211,128548041,113573840,103850787,109232616,101708667,111566330,118716694,103162689,114003319,113473117,116090533,108297402,111344017,118156705,108064496,112573242,121180867,146691723,120783610,111113121,131660601,110088186,109713226,109599806,118165273,110595267,114881607
126555805,114131909,127043649,106686600,113371824,124921702,128118869,115731685,118842035,113234314,112013466,99414203,117141261,110571766,118769604,105415088,122128510,105992353,122210370,102710370,124364505,96577027,121916230,99585704,122924640,108698207,112552889,112507292,115650087,105921295,128472196,112843546
124056899,137076212,114536203,132212354,122240497,111708316,133434857,115562118,133208232,131346466,125391261,128497648,124512578,122603014,127431090,120537509,122106644,120823596,132643770,139704276,125977040,139412258,129913216,128444551,150789949,127502393,121596499,109944384,113340554,131998890,123025853,126419218
107273396,123207135,100610215,112465518,103122843,113405980,108112625,123921490,109405180,110398339,114322139,122053000,111019352,108725013,103797650,111270089,105575641,106274530,119352069,110765152,110453921,114944799,110688067,122412033,109710828,116417122,113583155,111845520,102856385,109198420,104099963,113175780
115321840,131002853,117350913,112709452,119485635,106550876,122395658,114629152,108278131,120736167,121055818,109435653,115240876,107576967,122560522,119619985,117652307,115767291,113717490,118386426,108032158,126002365,113867777,116193624,142947962,119966510,104564122,109251040,116435398,109371393,124667719,121257935
120270795,114009237,128894136,118359239,135121267,123696964,124079053,113593459,126766987,118606305,120873322,118139679,118456129,138151605,131679542,128459466,118775142,118485325,123052773,119571186,113667285,122176691,118658121,125546969,141523096,128512889,126589480,101191646,112661539,115006621,118766457,124197807
112631827,121196266,113401657,117809826,112641986,117580873,119451302,109830561,121388189,115769613,103304917,121947644,111062385,119858685,118447520,110414122,116900417,109357182,122558480,123058104,112286157,121417616,126008329,113871511,111228109,115242536,122088936,111385572,111505519,113373119,115457379,126337091
125295851,116260880,117179731,95968386,119650031,95972216,122906509,104531953,111349699,108503932,116852249,105171573,132205404,101270992,112200233,125317603,109407481,107774850,114190236,109667082,117336452,115624244,124670513,130056633,150362931,108410830,124874731,108620741,123385148,107368447,123201692,108331122
122406977,111174567,115832093,110219724,127559413,115869312,111310102,112537881,123505897,104181277,108271905,105574248,112268279,101966093,119609104,113315452,117182613,113773734,118212019,131538286,112990306,125695833,116125995,114851373,141987695,112950659,111165237,116435443,111251094,114056880,121337105,111542620
124836352,100709342,137237626,119098680,129148535,106307680,119055933,114860736,120383593,108826895,117381367,107403801,118618403,119525201,110702525,117080390,117556590,133676091,117765196,113054988,125884544,111492279,118854858,107518803,121652521,112792270,120934051,114259762,115117572,108690513,131502525,113263843
108645724,114504062,116573943,110452572,118821335,124889155,110715758,110546518,111744121,110920546,126431641,119758724,116902960,109491443,133019464,116134363,120586585,107761233,128790819,116212871,117093011,105089550,122864842,100525893,119186761,102784058,154198891,106935051,113451923,112458639,119077416,127203491
122455340,114530421,126081326,101314949,118854568,104201377,123931433,114098529,124692366,107002003,116464375,103589843,119898089,93800966,119311756,101714060,119205618,102125743,117798252,108378568,121142106,106018032,117093037,112822127,119078190,127210009,151136587,110812286,114808328,102175767,112818584,113811473
121683232,110812764,125102909,121506827,117170844,113245970,131903336,116378462,119381719,112103606,121131727,109217130,129643089,117019999,142557925,104519155,120392658,116841777,129984802,134764652,120346570,111280499,124433403,124847186,115740930,120464017,125120159,117977414,116444495,120174593,124429386,137972606
129967216,116392657,118535433,105178158,112408233,121295493,112672468,119998104,106721071,109642751,94455977,99115725,108155284,120651952,112340880,119589434,99341155,129677335,103970729,131436870,105022185,124245156,106864396,114488862,106759491,118276271,143866818,123514734,121632514,122389061,117501739,114569914
107418455,115718918,103526892,118817881,105099261,110822756,110357876,105596289,98750691,122585106,108952989,124743369,105461042,100556585,119829011,127318583,109137743,115094693,113510042,123086302,102180165,115350899,105104337,120053141,105121963,132460080,114387585,121766435,141382036,124447710,116362747,120130363
117188313,111167118,113381666,133345177,104041973,117158781,107843138,119367885,120652302,127041697,113616123,115678145,107498941,107496249,117028620,99231620,110384875,115672503,98035587,107735366,109595876,114205370,107455767,118364448,102006336,121990561,105276124,110692239,108669126,103448541,119887274,112244339
134819840,121398242,123958537,115993055,124083270,120473075,120091026,124098980,117506967,115545228,118138697,116385524,113658008,125734304,121530427,134978438,122368189,120890392,128623629,111377967,120558495,113862300,131746666,115851038,125974064,115730868,124920768,117342393,152176025,118974510,124627373,121735926
123280521,142244962,114352358,111166366,117545631,114094942,127527897,106795187,114636802,112731240,111295174,98254943,117414548,113072794,113095197,122854954,107248821,119791192,108073338,115744278,108648874,118555052,122415098,131005251,113129599,124083632,108703502,116858300,149360860,111275608,119839661,115052314
115573833,125350842,115162651,121442583,114332544,108050500,108533776,110841173,102313910,109429735,115125712,125702858,120347454,108241626,113091662,114676794,111013795,115660119,111355667,113106176,106960774,107516116,111054331,105524654,112477951,126821349,117145702,111415037,111002443,108944270,112838823,124508624
117331890,128808328,117711368,109910777,115367220,117181427,116920148,116387714,111963844,121703764,110646289,112702271,107199686,109853159,112032160,118668877,113794483,111704436,111893938,118663863,123788796,113188071,112042351,108992767,114597814,107377397,117097944,103982842,151817005,101549408,116285248,122996173
102323334,113566569,121279565,115198840,110853257,105343760,118893497,116137131,119353567,106560622,108999620,117805303,108460321,114612365,117941644,122152767,110621804,118046588,119191119,121750162,103025855,112384921,115822001,123524546,108241988,115244233,114901014,111888185,151405289,111044878,110032710,115969627
107554359,129129234,108896421,120325700,118199423,119008363,108468398,114386724,123702075,119016588,132447914,124441353,110454415,113135946,121790207,124465052,132017997,118455870,127231957,144783526,124290121,124142220,119855758,120197736,123674965,122377202,113907461,111791009,117428156,131313517,115322598,127156006
119658774,125257878,140194155,123244628,124615267,121144142,123305361,122100671,119777124,127183531,114118174,127210439,112373419,129824023,117321989,124335870,126233375,123191179,115583176,118042748,112060861,127125463,117713729,112530939,117465110,124033874,123424600,136584846,157318404,126354915,120255408,149980480
111987165,118579802,103999475,132678607,107953936,112498335,104334593,122348788,103347142,108885157,108187767,115465148,107469507,116543640,93863498,123310448,102189093,124388177,105448779,116741347,101951346,119310612,106483975,109562254,105359900,118756484,118189837,112238913,106750857,118580044,145194521,111850470
113295360,123055861,121871343,124955872,118595508,122991858,112580456,117327704,117013635,116034598,106441925,116917148,109951975,112840044,100516707,119875834,108896791,126364930,108581172,122173395,113410840,112472893,106607525,125587718,113569276,114998776,116298257,111860279,117885729,126638268,112967741,146469226
112375719,116583104,109352344,114079568,115435152,114309864,121069865,107614129,110252701,117757749,116733781,110610835,116852360,107628390,121083410,117822308,120463113,118493580,108079264,111068532,120022432,109923627,119175231,103569870,117767789,107442344,123241216,113721374,106755716,130010380,146238556,114507492
118505448,104527479,112836295,111824020,116362533,112642197,114750759,106960228,113332827,122732744,120601526,113933252,116435050,105621256,111664494,111175874,109366659,116222726,107428936,110429585,106288413,105371674,108522690,114538304,116488257,115623220,119866634,112409541,112584946,117965143,119685201,102334560
152275352,113063359,122452030,109993550,116758401,130029031,109571729,111770730,123845478,102480780,134932290,114940425,127876522,111932762,140691289,103547704,131448830,111367996,127875830,121553736,127083444,104907804,123126627,101930140,117966406,108892493,120567594,104329401,128965462,110839607,124232382,113582167
146536233,104822969,113341241,118360784,120282129,110623718,107450933,99672096,109236332,110246843,103797518,110152860,110031701,108741644,105234001,108394733,106334092,113294713,106737353,114047363,116861334,113952623,118922882,109660764,113926435,125699614,117288662,103814445,113108159,111636624,104831686,104061754
115405696,111026536,127184516,107043294,117136261,113992035,118262202,114509418,106728975,99413861,103544811,101341013,105831370,103359009,110393025,103703708,106965890,102833857,106377028,108554728,98036843,102960812,111523626,103146951,105573396,106322479,108507837,123936168,111540018,108886341,110275012,109490250
116605337,95163486,104188473,106061052,140254223,110225836,115280464,110504153,105416175,105608204,113683640,101431748,101002554,93281444,116521195,111192641,114428372,133125917,114466746,101661789,104665818,104111892,112816461,106202708,121042050,110208884,112247869,110487117,114216392,108625012,118985752,121303425
111778912,121097798,120839450,107206679,146512294,113340282,114220139,109470465,107939958,106131540,119696751,106778175,105074659,123389475,120343812,108907995,114137983,106338438,124998293,105359930,115409842,109469873,126969996,103677479,109671989,117401572,120035459,100064266,112682555,111418704,121942375,114979002
120731302,126933847,126845183,136949539,126306419,134379658,128383264,141970629,135738354,126625001,137531146,145144780,124958003,122656283,128665128,133597814,135426188,127464677,136458883,125978968,136923354,121186031,133436792,113559687,128240428,123393519,119057801,117727154,128219610,130651691,136248234,133667229
114683719,115348849,119105172,124683068,113569482,117599424,139195935,119381095,109327947,120396435,108153888,109014495,112625622,113786447,112301520,115551924,121926589,106467034,117481810,108958267,117532282,106966227,116361891,128085385,118253903,107834661,117267183,112937876,116982744,109134273,107332874,132926909
115174920,115296690,119946823,99282117,116676308,105346996,112432281,112260811,147071271,117081243,114809394,135406342,114096020,104117659,117954034,113809639,112989281,106266956,106878087,111176759,106007940,103223727,116015166,113348779,114213904,102661681,120337030,103928832,114459023,100765459,120141708,109444552
103511875,104448251,115372998,125605454,111280891,112801497,116244163,112007581,112588438,106312794,115338220,105120145,109335366,103057708,112089575,95059491,113250116,99328227,116808518,104395284,105348841,95403924,108080099,109804466,107199654,121904587,111276316,106269450,103899733,126328120,123408761,124466010
