349,55303,59937,1119,61299,956,20914,689,53548,655,17008,228,917,313,105008,113,404,70,32284,4,29903,232,92019,5,160,4,1525,26,2637,920,6873,983
317,59211,65415,920,69511,694,23639,575,58846,624,19076,560,566,353,114670,175,344,43,37690,51,32814,274,103572,9,93,12,241,13,153,1180,1147,1140
269,59475,68615,769,73020,602,25385,470,62132,626,20768,362,1122,491,114295,114,343,2,40398,82,36710,485,102496,8,59,8,191,13,151,1427,1490,1126
292,60037,65800,1006,69429,809,23214,498,58658,568,20144,231,779,498,115364,129,336,5,37253,67,33284,239,104241,7,52,10,119,9,142,1141,1352,1184
320,61421,65747,924,70532,726,23760,532,58836,728,19552,476,800,359,113607,157,366,40,36968,132,33211,265,102536,29,76,29,158,35,167,1264,1842,1131
275,62720,66863,914,71740,785,24093,562,62589,770,20110,408,795,217,114782,44,339,5,41047,58,33489,127,103580,7,82,10,152,11,127,1165,1076,1167
284,63541,67359,880,73450,589,24952,600,62883,437,19898,561,810,442,115284,207,374,29,40971,77,34499,257,103760,6,68,6,133,14,123,1277,859,1198
275,61915,69422,812,73488,657,24806,484,60014,554,20665,443,724,498,115222,129,329,5,36780,126,36250,137,104334,10,70,11,131,15,128,1196,1116,1240
298,60467,65768,905,70912,739,23951,504,59733,502,19118,139,1034,441,115691,170,361,5,38235,67,34034,117,104164,33,81,4,170,14,141,1177,1482,1109
287,62104,66473,944,73610,1001,25143,600,61660,513,20394,345,854,245,115835,77,382,91,39802,83,33185,197,104478,16,60,7,163,16,131,1227,780,1248
276,64239,69629,821,74841,887,25327,557,60413,522,21596,423,1159,315,114558,117,351,2,36907,56,35667,169,103125,52,94,5,160,13,133,1469,1345,1079
287,58041,63594,973,71651,623,24246,570,61222,470,18113,457,916,357,116519,202,334,4,39071,67,31485,239,105914,11,55,2,109,17,125,1099,969,1169
308,59415,65369,937,71666,586,24459,372,61258,644,18832,409,761,614,115980,226,335,4,39581,132,34185,496,104977,24,56,13,116,17,123,1125,749,1193
274,61150,65669,946,71043,632,23889,377,59887,677,18412,738,1016,233,115370,85,348,10,38323,159,33210,468,104566,32,69,8,113,14,158,1206,920,1067
317,60302,66642,1080,71328,1069,24609,765,59722,612,18987,200,843,398,115341,135,420,28,37923,195,34456,207,104200,348,196,24,169,38,151,1141,794,1286
271,59994,66765,969,72300,833,24445,607,59605,632,18837,310,885,270,115803,105,327,4,37064,56,34536,69,104811,71,75,12,233,25,353,1272,1345,1112
311,63516,65991,905,73295,789,24644,591,61957,661,20015,405,883,271,115603,151,352,26,39859,74,32931,310,104716,11,74,71,133,9,133,1281,1283,1073
312,60546,66421,803,71832,877,24382,576,59085,649,19092,151,798,561,114887,181,349,89,36901,70,33953,196,104384,8,67,10,114,19,159,1184,1159,1132
288,61857,68286,844,74216,729,25630,409,63297,646,20381,342,950,504,114279,196,379,4,41397,131,36127,102,102457,97,61,10,134,24,148,1350,1178,1137
279,62137,68034,890,71843,937,24369,486,60413,633,19681,458,955,237,115108,77,329,7,38578,96,34912,201,104301,274,68,63,148,24,131,1239,1260,1157
323,61072,66368,900,73296,727,24942,647,60347,442,19580,437,1006,521,115642,128,378,6,37758,94,33676,114,104609,29,93,49,283,161,153,1289,1006,1121
274,61015,68915,839,72057,729,24564,440,61303,715,20914,420,1240,262,115565,163,356,4,39291,16,36385,128,104434,100,61,61,144,223,142,1206,1270,1294
319,62198,67970,782,74120,536,25015,661,61176,521,19500,337,1059,439,115290,197,425,5,38185,7,35131,130,103946,157,72,8,122,46,134,1159,1511,1249
273,62451,69619,845,75071,842,25603,587,62527,539,20278,389,863,431,114803,194,364,4,39867,9,36423,151,103637,7,57,320,106,29,153,1230,616,1295
318,60201,66490,904,72087,861,24413,627,60651,719,19890,491,968,373,113507,91,380,23,38522,83,34066,214,102679,104,94,338,163,109,206,1234,1079,1188
324,60460,67473,844,74496,678,25397,446,62636,534,19861,492,893,398,114895,69,381,8,39904,6,34330,126,103643,7,74,124,120,36,150,1185,1085,1307
292,63767,71410,638,76513,701,26242,534,66020,592,21532,450,871,562,114156,159,408,50,42905,8,37757,198,102693,6,75,310,114,12,146,1393,565,1294
280,62245,68172,887,74310,620,25027,591,63214,539,19940,207,809,460,113624,161,366,34,40835,11,35773,194,101838,9,129,305,127,13,155,1271,835,1213
306,60646,67288,1101,70786,846,24172,446,60021,712,19583,245,1043,451,116095,94,300,75,38467,23,35445,129,105731,5,182,167,184,12,174,1255,876,1062
290,61903,67850,863,73119,776,25055,603,61297,541,19546,393,764,329,115770,119,386,3,39216,106,34360,128,104588,8,128,81,123,11,148,1255,832,1179
269,61832,67625,856,74885,649,25529,380,60516,653,18696,559,779,418,115400,178,348,5,36921,99,34635,153,104259,6,83,263,221,13,349,1178,1331,1223
277,59160,66247,882,71739,782,24607,340,59556,705,19791,543,673,292,115362,168,384,5,37635,107,35889,128,104893,11,67,441,126,17,161,1202,877,1202
274,59494,66309,885,73315,647,25089,716,63525,641,18275,401,1115,285,115222,28,358,3,41164,95,34432,130,104079,11,58,100,126,11,172,1166,1092,1166
321,64598,71929,771,73516,663,25021,356,62172,759,21693,503,918,248,115217,37,351,5,39730,14,37904,249,104738,29,75,281,121,13,165,1351,612,1194
311,58617,66867,999,70849,662,24155,528,60591,657,19064,327,1073,577,114485,186,319,154,39390,63,36047,139,103614,191,83,76,140,30,184,1216,1323,1204
259,62743,67641,770,75151,710,25761,300,61331,782,20558,514,699,371,114629,247,439,100,38369,10,34396,63,102885,7,56,265,142,546,102,1277,965,1279
281,61376,67780,759,74637,756,25587,316,64204,742,20661,300,855,445,114739,176,407,108,41197,17,34733,76,103048,5,68,9,128,70,106,1323,970,1294
255,60360,64619,959,70407,781,23696,494,60147,668,18975,515,827,209,116541,450,399,100,38610,12,33354,73,105726,9,79,13,144,15,123,1365,1070,954
258,61823,69490,914,74320,810,25474,671,61550,538,20514,281,992,416,115711,132,418,140,38475,10,37149,545,104622,25,69,6,120,11,116,1220,1049,1231
290,64298,68859,756,74765,718,25272,518,61480,850,21112,330,801,334,114368,79,397,55,38744,42,35322,108,102529,349,103,7,154,14,147,1362,938,1211
355,61922,67491,902,72533,830,24532,527,60695,638,20070,369,973,492,114193,80,323,7,38175,3,35184,92,103773,124,67,186,144,13,294,1358,793,1028
348,62151,66862,746,74145,925,25196,518,61825,634,20546,550,1169,345,114801,101,369,8,38686,7,33451,88,103371,113,80,11,114,78,117,1386,1298,1319
313,60477,64625,1037,72953,875,24657,609,64103,473,17684,359,969,468,115655,147,350,16,42234,9,32596,63,104914,120,71,35,121,70,126,1287,878,1063
267,59588,66060,957,72740,738,24695,642,60753,580,19172,271,837,449,115644,182,432,4,38376,4,34667,62,104601,40,72,78,118,16,114,1397,1276,1109
388,59566,65142,988,70754,1047,23988,903,58785,531,18529,232,959,379,115035,210,392,116,36953,62,33617,107,104650,33,134,303,218,99,205,1396,902,1277
281,61181,66020,956,72687,845,24569,617,60955,684,19972,245,945,356,116198,198,354,6,38480,3,33093,64,105398,8,78,15,259,91,349,1212,1310,1155
352,63317,69407,923,75183,872,25905,522,62212,608,20359,365,919,640,114727,943,386,50,38907,9,35866,73,103950,10,67,54,148,73,134,1237,883,1262
285,62495,67593,892,75525,854,25665,512,60187,476,20889,508,768,347,115170,92,358,10,36444,27,34139,82,104156,18,65,89,118,48,140,1137,950,1369
292,61002,68552,887,73003,906,25176,658,60478,609,19938,387,789,294,115694,94,334,9,38107,3,35713,66,104634,19,68,40,126,129,246,1328,645,1216
289,60797,69132,835,73232,639,25299,359,62213,798,21124,558,983,377,114785,140,356,5,39937,6,36267,68,104012,11,98,62,155,67,142,1312,930,1205
290,62078,65250,919,70531,830,23588,615,58032,474,19544,416,1170,460,115589,201,347,7,36440,3,33116,63,104895,5,67,56,249,119,136,1016,1099,1299
469,60804,65107,965,72087,645,24608,634,59360,827,19009,209,747,313,116244,349,361,7,37488,5,32982,65,106181,10,78,57,152,105,195,1178,886,1111
314,61154,66463,1037,72704,719,24941,550,58724,565,19510,1051,893,604,116195,123,363,9,36577,9,34310,65,105845,5,56,23,131,97,125,1201,934,1112
313,62565,69280,687,75562,676,25848,380,63238,610,20784,642,958,458,115737,192,345,16,40281,9,35658,84,104617,7,172,85,104,28,145,1390,993,1103
314,60855,65770,964,72525,805,24443,658,62164,585,18902,253,743,336,116379,146,350,27,40166,21,33176,358,105978,19,92,88,140,110,135,1067,907,1235
291,64394,70116,857,75345,710,25438,693,62975,701,20223,273,776,468,114842,142,387,12,39826,9,36252,113,103668,31,68,81,118,21,122,1304,791,1243
369,60866,66359,984,73796,617,24802,477,62689,730,17813,394,908,407,116479,113,349,10,40377,8,34027,95,105662,31,69,160,130,94,118,1172,837,1129
291,59962,65444,1021,70362,789,23382,617,59665,581,18313,220,654,414,116560,148,338,2,37911,7,33650,66,106105,7,66,167,113,118,136,1167,933,1125
310,62408,68225,967,72708,849,24387,609,59871,421,19699,286,802,396,116061,150,335,3,37642,7,35077,66,105272,5,88,136,112,113,120,1306,814,1080
