16568423,17992759,60789351,17241129,66566046,18872925,32660858,17739470,54161963,16208354,27684430,17704285,17484941,16678639,86812657,16542876,17957758,16674981,40638943,17509884,36173124,17817160,74847340,18457274,16740774,18373533,17247384,17060696,16732155,16022006,17992419,10843881
16568806,17992823,60846603,17241213,66626118,18872925,32680742,17739472,54214596,16208591,27699406,17704315,17485820,16679666,86916001,16585871,17958208,16692624,40669856,17510606,36201510,17817526,74937408,18458076,16741003,18373848,17248957,17060822,16735734,16022734,17999861,10845000
16569091,17992886,60912307,17241236,66698663,18872925,32704984,17739473,54274871,16208653,27718476,17704318,17486564,16680544,87030864,16595176,17958563,16747774,40707859,17511583,36233717,17818543,75041654,18458141,16741153,18374423,17249196,17060996,16735838,16023908,18001353,10846107
16569364,17992951,60983896,17241266,66773180,18872928,32729769,17739475,54338964,16208737,27740700,17704319,17487255,16681210,87144827,16627321,17958976,16784514,40749984,17512579,36270798,17818600,75144424,18458852,16741322,18374525,17249365,17061454,16735931,16025210,18002119,10847304
16569619,17993014,61049917,17241269,66845038,18872928,32754104,17739475,54400324,16208804,27759711,17704320,17488118,16682044,87258468,16669124,17959341,16803028,40790164,17513411,36303134,17823747,75247536,18459962,16741453,18374660,17249529,17061961,16736124,16026251,18003242,10848582
16569955,17993083,61121196,17241273,66919966,18872930,32779135,17739479,54461121,16208881,27781669,17704321,17489077,16682675,87371059,16669125,17959699,16872562,40827949,17514342,36338786,17824353,75348551,18460846,16741588,18374835,17249661,17062360,16736192,16027587,18004595,10849788
16570247,17993302,61185586,17241390,66990049,18872948,32802647,17739521,54519948,16208967,27800075,17704321,17489916,16683547,87485976,16669135,17960036,16904911,40865913,17546458,36370055,17825185,75452270,18461733,16741742,18375104,17249781,17062481,16736252,16028610,18005883,10851019
16570516,17993524,61254402,17242547,67062847,18872949,32826924,17739525,54576876,16209031,27821310,17704327,17490691,16684246,87602807,16669285,17960494,16913184,40900492,17597408,36404355,17826111,75557900,18462696,16741892,18378360,17249923,17064054,16736312,16032267,18006988,10852271
16570822,17993674,61322977,17243234,67134890,18873046,32851118,17739673,54637397,16209571,27841160,17704351,17491374,16685357,87718085,16670098,17960837,16913866,40939296,17597489,36438508,17827054,75661900,18472402,16742142,18379734,17250061,17064403,16736392,16038705,18008444,10902866
16571096,17994098,61390045,17243966,67208190,18882647,32875752,17740175,54699303,16210117,27860509,17705213,17492215,16685379,87834279,16670853,17961178,16914084,40979637,17597557,36471432,17827057,75767312,18505902,16742298,18403548,17250208,17064833,16736464,16040017,18009506,10903947
16571366,17994166,61459460,17244794,67283669,18932380,32900945,17740282,54763035,16211221,27880836,17705786,17492788,16685745,87950226,16671585,17961518,16914100,41021013,17597559,36506124,17827062,75871814,18505904,16742420,18421884,17250353,17064903,16736542,16041266,18010094,10905115
16571620,18015685,61531887,17245180,67358682,18955977,32925751,17740488,54824306,16211461,27901918,17706788,17493747,16686103,88065341,16672278,17961904,16914137,41059395,17597562,36545397,17827129,75974731,18505905,16742574,18439113,17250490,17067203,16736604,16042606,18011166,10909951
16571915,18018796,61600758,17245184,67430666,18955982,32949960,17740557,54884360,16212454,27922485,17707894,17494491,16686696,88181094,16673805,17962348,16914321,41097609,17597752,36580707,17830474,76079147,18505927,16742723,18439178,17250624,17067279,16736677,16044695,18012338,10968570
16572255,18018873,61667763,17245186,67505489,18956000,32975069,17740614,54944695,16212865,27941226,17708829,17495322,16687131,88297560,16673830,17962712,16915057,41135210,17598562,36613520,17892919,76184700,18506022,16742839,18443429,17250744,17067348,16736739,16045875,18013218,10969694
16572526,18018989,61735056,17245209,67578626,18956021,32999709,17740677,55004765,16213109,27960902,17709707,17496381,16687509,88413541,16673934,17963068,16915823,41173312,17599490,36646798,17960086,76289006,18506022,16742967,18443496,17250879,17067459,16736810,16047171,18014712,10970804
16572814,18019061,61804001,17245214,67650756,18956036,33023983,17741037,55064999,16213202,27981320,17709926,17497543,16687883,88529424,16674769,17963437,16916591,41211615,17600513,36681943,17982062,76394258,18550448,16743125,18444292,17251053,17067530,16736895,16048498,18016059,10971813
16573108,18019124,61874492,17245220,67725536,18956038,33049136,17741101,55127130,16213273,28002144,17709926,17498057,16688195,88644986,16675017,17963824,16917357,41251038,17601432,36718694,18018111,76498402,18581920,16743283,18445803,17251284,17067598,16737343,16049649,18017118,10973110
16573394,18019306,61943935,17245385,67798084,18956050,33073918,17741275,55184653,16213341,28021656,17709926,17499372,16688699,88759307,16675492,17964163,16918149,41286408,17602064,36754338,18018560,76601653,18640643,16743399,18454237,17251432,17067751,16737450,16050910,18018848,10974257
16573769,18019410,62015865,17246255,67872256,18956076,33098708,17741379,55246216,16215645,28043598,17710065,17500573,16689138,88873242,16675673,17964646,16918728,41325741,17602220,36790865,18020184,76703953,18702996,16743595,18458201,17251589,17067855,16737562,16052419,18019960,10975389
16574063,18019478,62083477,17246274,67945855,18956962,33123516,17741447,55307215,16215869,28062721,17710946,17501144,16689544,88989988,16676030,17965014,16918807,41364479,17603004,36824872,18020187,76810611,18769377,16743724,18458265,17251724,17067927,16737634,16053744,18020457,10976385
16574360,18019544,62154420,17246276,68020619,18956964,33148785,17741525,55368763,16216727,28083816,17711791,17501982,16690141,89105527,16676234,17965359,16918890,41403526,17603641,36860810,18020188,76915446,18787701,16743895,18470062,17251874,17072673,16737783,16069803,18021230,10996509
16574697,18019620,62225214,17246279,68097244,18956964,33174684,17741614,55432971,16217095,28104997,17712780,17503083,16691022,89220625,16676480,17965714,16918892,41445074,17604082,36895389,18020439,77019177,18787805,16744070,18481331,17251998,17072830,16737889,16071912,18022187,11055206
16575000,18019684,62292952,17246280,68171681,18956967,33199475,17741683,55493587,16217440,28124178,17713577,17503654,16692056,89337361,16676746,17966063,16918898,41482861,17604088,36927958,18021177,77125625,18787902,16744190,18481397,17252119,17072896,16737965,16074108,18022870,11122769
16575349,18050606,62364005,17251076,68246783,18957052,33224438,17741972,55554242,16218115,28145415,17714353,17504348,16692935,89453337,16677185,17966431,16918925,41520491,17604089,36963524,18021713,77230864,18788155,16744344,18481464,17252239,17072967,16738045,16075865,18023692,11156042
16575625,18050670,62434202,17251080,68324222,19027025,33250461,17742042,55617107,16218355,28166214,17715191,17505417,16693720,89567937,16677411,17966799,16919028,41560174,17604090,36999289,18021714,77332969,18788703,16744488,18481528,17252362,17073032,16738156,16077129,18024828,11157324
16575901,18050750,62506001,17251086,68399346,19092251,33275879,17746231,55679195,16218590,28187311,17716001,17506002,16694569,89682897,16677876,17967203,16919131,41600167,17604091,37035941,18021715,77435906,18789369,16744620,18481593,17252520,17073107,16738235,16078484,18025792,11158500
16576188,18050813,62577616,17251091,68477227,19161474,33302117,17746283,55742486,16218823,28207604,17716828,17506648,16695448,89797773,16678303,17967575,16919224,41639717,17604092,37073203,18021715,77539361,18789982,16744766,18481656,17252649,17073174,16738298,16079963,18026907,11159481
16576498,18050890,62645808,17251097,68552130,19227313,33327150,17747835,55802645,16219018,28227672,17717802,17507714,16696350,89913525,16678737,17967943,16919234,41676810,17604196,37106910,18021716,77644097,18790726,16744906,18481722,17252774,17073248,16738373,16081289,18027885,11160536
16576794,18053409,62715327,17252050,68626570,19262740,33351776,17773260,55863794,16220270,28248328,17718550,17508508,16697258,90030182,16679180,17968295,16920197,41715630,17605333,37141411,18021737,77750482,18791428,16745046,18481875,17252896,17073409,16738459,16082608,18028398,11161657
16577367,18053486,62785923,17320223,68698580,19262741,33375807,17773263,55924529,16220340,28269862,17718550,17509318,16697266,90146010,16680121,17968699,16920976,41755100,17605658,37178147,18021737,77855756,18791539,16745187,18482512,17253035,17073632,16738583,16083788,18029446,11162869
16577703,18053729,62854702,17387545,68771828,19262743,33400590,17773268,55986058,16220405,28289874,17718550,17510079,16697266,90261544,16680996,17969043,16922002,41794869,17606002,37213267,18021739,77960583,18791633,16745336,18482576,17253164,17074341,16738706,16085034,18030384,11164034
16577979,18053841,62923256,17444274,68847268,19263354,33425928,17784000,56046408,16220699,28310110,17718551,17511022,16697268,90376770,16681861,17969436,16922969,41831625,17606353,37247153,18021740,78065017,18791737,16745836,18482640,17253393,17074411,16739108,16086280,18031570,11165207
16578286,18053905,62996585,17515730,68925125,19263907,33452058,17784005,56109138,16220830,28332157,17718811,17512014,16697268,90490952,16682665,17969877,16923825,41870765,17606659,37284785,18021748,78167030,18791841,16745976,18482707,17253534,17074474,16739209,16087568,18032938,11166544
16578562,18053969,63066856,17582647,68999262,19264628,33476915,17784023,56171118,16220966,28352406,17718975,17512874,16697269,90606590,16683410,17970240,16924643,41910224,17607330,37321069,18021816,78271756,18791942,16746110,18482772,17253666,17074542,16739321,16088674,18033864,11167817
16578862,18054033,63135586,17642247,69074164,19265370,33502208,17791410,56232379,16221097,28372837,17719043,17513776,16697269,90721328,16683410,17970769,16925666,41948661,17608219,37355541,18022181,78375907,18792041,16746273,18482835,17253823,17074608,16739461,16089751,18034621,11169107
16579154,18054103,63205133,17678732,69150135,19266070,33527879,17823658,56294677,16221227,28393771,17719109,17514719,16697270,90836730,16683411,17971113,16926541,41987996,17608991,37390121,18022591,78479801,18792120,16746415,18482902,17253976,17074691,16739579,16091084,18035493,11170245
16579439,18054166,63271375,17744979,69223071,19266790,33552299,17823662,56354378,16221361,28412189,17719375,17515717,16697270,90951791,16683411,17971445,16927375,42025514,17609890,37421559,18023013,78583575,18792207,16746545,18482966,17254107,17074756,16739664,16092357,18036991,11171262
16579725,18054239,63342076,17810693,69298278,19267445,33577755,17823685,56415380,16221631,28432905,17723090,17516595,16697271,91067195,16683411,17971800,16927384,42063798,17610795,37457172,18023779,78687813,18792703,16746743,18483030,17254234,17074825,16739763,16093470,18038103,11172615
16580035,18054332,63410052,17815568,69370795,19268249,33601740,17823750,56475486,16223437,28452637,17779174,17517681,16697734,91182620,16683435,17972165,16927889,42102164,17614692,37490940,18024553,78793005,18793515,16746878,18483156,17254364,17074906,16739871,16094788,18039194,11173697
16580363,18054478,63482011,17815573,69444731,19268252,33626524,17823768,56537907,16223563,28474128,17779176,17518679,16697884,91298753,16683436,17972548,16981066,42142697,17630617,37528577,18025486,78897944,18794358,16747026,18483229,17254522,17075168,16739954,16095656,18040428,11176102
16580791,18054871,63551996,17815612,69519292,19268252,33651657,17823790,56600405,16223866,28494221,17779176,17519229,16698085,91414549,16683436,17972883,17009192,42182401,17669651,37565556,18026216,79002674,18795379,16747178,18483310,17254674,17075588,16740030,16096687,18041267,11177940
16581121,18055396,63624173,17816829,69594057,19268252,33676790,17823824,56663152,16223992,28515893,17779250,17520267,16698085,91530148,16683436,17973326,17028175,42223005,17669653,37602724,18027077,79107047,18796309,16747355,18483553,17254831,17075700,16740102,16098806,18042153,11227774
16581448,18055571,63693727,17817551,69669552,19268254,33702399,17823832,56724911,16224120,28536576,17779362,17521121,16698085,91645383,16683436,17973723,17028176,42262292,17669655,37636958,18028073,79210793,18797193,16747520,18483837,17254967,17075774,16740176,16101071,18043229,11297081
16581767,18055699,63764624,17818247,69744236,19268304,33727512,17823853,56788157,16224259,28557070,17779712,17522128,16698086,91761272,16683441,17974038,17028180,42303653,17669658,37672475,18028966,79316410,18797980,16747672,18484200,17255092,17075842,16740252,16103351,18044054,11365793
16582069,18081182,63834214,17835678,69815448,19269617,33751030,17824049,56848284,16224403,28577749,17779957,17522701,16698537,91877486,16683441,17974341,17028181,42342388,17669661,37708702,18029862,79422291,18798472,16747822,18484593,17255269,17075910,16740365,16104903,18044766,11389358
16582368,18081256,63904236,17865450,69890949,19308062,33776610,17824795,56909963,16224846,28598759,17780222,17523535,16698591,91993249,16683514,17974733,17028181,42381070,17669663,37745233,18030763,79527052,18798473,16747980,18484697,17255447,17076271,16740438,16106149,18045639,11390625
16582650,18081350,63973141,17873464,69965827,19349681,33801768,17825546,56971003,16243837,28619213,17781050,17524437,16698646,92109264,16683716,17975141,17028182,42419084,17669666,37778874,18031677,79632061,18798473,16748126,18484761,17255692,17076337,16740860,16107498,18046654,11391787
16583004,18081422,64043792,17873473,70041849,19381269,33827620,17826390,57032518,16265816,28640140,17781895,17525308,16699092,92225275,16683968,17975538,17028495,42457818,17684342,37815506,18032577,79736661,18798478,16748257,18484827,17255846,17076402,16740999,16108654,18047638,11393105
16583345,18081495,64113477,17873496,70115834,19381331,33852340,17827167,57095522,16265899,28659834,17783026,17525830,16699425,92341369,16684240,17975915,17028980,42498696,17749378,37850776,18033472,79841264,18798550,16748391,18485008,17256009,17076493,16741083,16110785,18048398,11395169
16583634,18081577,64179464,17873636,70189483,19381367,33877327,17827242,57157713,16265979,28678694,17783982,17526880,16700215,92457346,16684592,17976292,17029041,42538827,17749861,37883565,18034334,79946312,18844467,16748567,18485087,17256186,17076567,16741404,16117333,18049569,11410207
16583977,18081644,64250108,17873639,70263271,19381393,33901944,17827247,57217632,16266045,28699204,17784856,17527571,16701069,92573313,16685008,17976688,17029091,42576249,17750178,37919119,18035060,80051240,18912755,16748697,18485153,17256332,17076632,16741476,16118617,18050577,11411329
16584238,18081715,64322245,17873653,70338877,19381417,33927233,17827251,57279018,16266112,28720921,17785638,17528680,16702061,92689084,16685273,17977085,17029141,42614675,17750649,37956802,18035641,80155617,18957415,16748857,18510308,17256481,17076698,16741549,16119849,18051391,11412681
16584572,18081780,64392381,17873653,70412919,19381511,33951800,17827254,57341771,16266188,28740338,17786657,17529738,16703012,92805498,16685659,17977410,17029211,42655674,17750876,37993472,18036504,80261667,19015835,16748992,18518771,17256735,17076762,16741618,16121082,18052403,11413802
16584849,18081852,64459922,17873665,70485565,19381603,33976527,17827257,57399615,16266260,28759680,17787703,17530844,16703886,92919913,16686098,17977733,17029274,42691157,17751028,38025730,18037285,80365113,19077719,16749127,18524424,17256879,17076825,16741682,16122221,18053507,11415025
16585190,18081924,64532925,17873667,70560634,19381635,34001842,17827258,57462740,16266327,28781442,17788554,17531765,16704893,93035514,16686419,17978118,17029507,42732232,17751569,38064318,18037948,80469203,19119107,16749375,18552160,17256993,17076887,16741752,16123592,18054357,11416220
16585470,18082001,64607223,17873682,70636787,19381737,34027448,17827262,57526901,16266393,28804498,17789333,17532607,16705886,93150044,16686753,17978512,17029556,42773627,17751711,38104272,18038539,80571677,19166310,16749510,18576006,17257128,17076952,16741864,16125091,18055434,11417330
16585783,18082071,64677969,17873682,70711068,19381825,34052239,17827264,57588019,16266460,28825313,17790330,17533352,16706673,93265805,16687181,17978992,17029608,42812596,17752065,38141562,18039305,80677048,19234343,16749687,18576074,17257269,17077017,16741951,16126327,18056067,11418514
16586114,18082145,64746382,17873694,70786206,19381918,34077598,17827268,57649479,16266526,28844981,17791316,17534215,16707578,93381492,16687433,17979330,17029666,42851338,17752386,38176806,18040071,80782415,19282434,16749809,18594495,17257406,17077081,16742027,16127599,18056946,11419577
16586426,18082219,64818282,17873696,70860848,19382000,34102969,17827269,57713415,16266598,28866190,17792055,17534765,16708521,93496100,16687799,17979721,17029734,42893270,17752768,38215014,18040787,80885239,19347415,16749942,18598636,17257529,17077144,16742115,16128810,18057649,11420840
16586754,18097501,64890178,17873740,70936307,19382315,34128329,17827387,57775930,16266766,28888192,17792906,17535831,16709489,93610986,16687872,17981800,17042248,42933623,17753539,38253034,18041432,80988269,19349192,16750098,18598725,17258337,17078584,16742219,16131549,18058468,11456312