45551861,200976150,81929948,183443617,102491327,61237146,52805703,119920195,101191841,155686543,59533819,76723140,32440032,78147782,58297550,54751295,50392065,235317621,37687728,116937812,25223332,91003479,26837694,260975647,99149647,111538867,94536464,273288921,44073403,1306410558,365381412,1566379042
34298789,72974612,118812886,201131808,113051518,9910758,84868362,106018043,39042422,78717235,106123559,8748182,52110840,75672241,76197639,130515761,61839241,141773291,41878007,203558943,28161316,93892493,63769647,44194510,12983380,75943854,164590584,7892183,103489943,180539223,42978845,131490515
3455321,80700295,111441202,50946034,64441289,145397585,150887506,111572610,42719249,111431147,96089636,121586869,102532907,170256135,106264694,149570400,50119199,125377693,116050963,131245669,55071327,70333046,41973587,64274054,60172728,40404334,123753659,91368461,106721688,123667548,51372463,230845566
68163199,115215720,88331925,117505946,80054504,114245859,91087382,74421866,50523407,243741420,160879329,133130264,141023036,174301012,61885605,92400205,146965413,142446450,160942839,153198665,56390340,8228504,149150977,190762616,27130767,123400686,70541570,274792827,172978230,151314543,126006208,79190847
64614476,177228995,110676315,82061889,69184102,198930072,80492745,140668477,48821668,219108815,60905263,318904824,166482446,76670629,81240848,40812845,171045849,74009942,102347990,135231090,123934278,271133373,167411665,44781935,40937444,167420202,52496162,104884910,254379531,132629157,21568246,93273096
125680026,351339717,85790738,210331706,72867442,68041078,71858559,79287176,45769656,151791519,92491056,140001831,97196760,321664775,32096390,35101798,152709875,39939443,138681455,95898354,55045304,167045779,34163531,101255743,2871978,126352508,186374568,103987268,46969082,129722183,55267281,240906792
124390832,212706237,75989471,97661841,70120688,140285899,57255431,135828375,50293706,80134685,95363114,115359140,111329319,112466366,32008634,78017746,132374736,100890253,60813205,181984572,26618891,119625358,60510504,140060673,117196037,144253417,73847531,124223337,136712315,141035591,77633058,123697740
161143805,173681908,131496407,132475079,77395254,233784974,68624334,94422548,164198971,83587633,58219666,150473213,27777160,125119943,48914380,105372210,47575660,41784532,136828330,164797223,114669950,108032637,40759141,99987081,120823144,128231325,72345626,131832007,59618635,104522719,78867753,123847026
70323633,113246399,79693762,84587367,105138098,150979803,95172847,258858546,44018082,184219672,120382323,116990674,246705459,54329527,33109314,239258393,80793040,93512677,60818949,196303163,19096496,111768155,74429538,119063877,93332469,209941931,132536390,123239377,54320198,112866779,126749369,207135685
249131226,181335780,90244304,44351430,65828025,44470176,124672803,73294113,92203921,193072159,54199590,183587105,116914467,193214590,61603162,79610955,169219796,131268885,28296039,237545320,76455217,120256206,27988264,221082525,121902472,50521461,71066391,145561804,5649349,111601498,19207825,106297284
146458041,164320781,93013674,118525683,64262388,236046204,79941158,88542715,47005730,67696922,56657298,153528107,90091051,18429045,47006002,121622932,79683119,16306236,95215906,41559117,170364972,133179530,62880886,57061695,103428510,81691065,52378721,62803946,113417871,58773478,162321630,97769926
103283199,107476424,93533669,52461818,54430922,120739496,72988359,119978278,47705672,138119461,47752025,34899700,129766274,276500633,37564071,66523855,176718232,13538212,56521801,233278503,23859823,14576090,41086845,192528992,72002737,323888643,68787161,114992786,58684641,114479312,56868237,134022685
48617741,173460490,93125153,169273963,57787035,275036204,58969441,247786725,47910751,131436402,81984574,160439088,134757575,61136953,34276343,168286472,70142352,77616249,25862399,191479330,24615412,209856265,91713244,94293229,37289099,173187385,105947435,136332985,28060973,61758798,89317060,252536969
102244695,262135388,174902822,79639913,97210160,235981864,103884780,150803018,43147728,180885661,49493797,129880315,175319366,186619648,61347633,148940692,20679660,116880928,73605924,124222820,33013544,9553885,50861998,10816547,111595672,161895743,141249398,96710082,140572142,84802470,149228782,80753181
7912091,60053821,110677993,74662435,77221295,114037398,90818239,44133195,38442825,83679232,57513614,117544340,167908288,49911943,41200405,179224850,49021775,19588754,77972457,140086962,89156868,76959019,52985470,170939140,35565594,80977261,78919482,149011803,140477680,158820707,88286803,148870220
71523869,146168818,82221478,149878713,61555200,239728258,90457010,51341980,41328471,112508612,51913771,63887090,69622285,173273245,37909039,141991402,122954341,202472866,108703364,150374793,73913908,42169831,76166401,110390799,71642922,238571899,179462331,138063491,44622222,140147494,21971378,86009533
72691036,90233137,83000104,45975544,66825997,92370085,48461895,218486712,106068522,57659406,88765649,112716737,66943121,103193855,45604494,65907298,158042609,84196604,136821495,203951504,32548578,137418087,29970884,54207176,31543079,8102695,99322125,79330443,98603244,131208155,54109187,106011324
132168632,82037266,74781091,106378564,50097589,67399759,71119736,116258390,36974940,78163915,48473886,217908803,36107993,126105242,33195350,219530717,50232362,183242064,99324747,52605497,22780394,206448263,32787488,87385092,70987592,176383410,74114215,151169377,84898883,38080682,52895280,109019111
146316796,74271983,132563030,67475395,115578572,169270453,124695480,199796076,38118071,173874183,49165028,113536662,11300402,93312997,38804836,294052843,235684540,116594494,128790622,130319247,60171287,78459053,33054916,139454438,41025882,249108136,71277090,241916713,135684361,85911374,170160675,272711867
147559704,156493283,78563059,105192862,63289695,107620285,52169874,76391352,51313556,136265494,45261478,49052802,155771716,152289732,74086012,76163488,57064606,149728010,30735783,90022787,71951298,243477756,34487600,47388992,44028165,46710742,1749534,100661468,180788392,117343859,172655927,73410309
135124092,144049432,129389317,157954990,63492895,37891072,66403278,47700450,47508138,210417636,99030546,181702114,41314615,203981760,44754548,80440369,47021733,123038853,69301666,205062148,90393047,174972127,82687135,158447088,55125407,197594581,115486304,103808122,229144932,170818074,239221675,87640660
204850778,112650875,133467501,83007368,98372421,78546478,45945880,107182565,38913987,78568402,74698058,143636220,161180605,41009406,63798895,173315058,96940318,117536909,31993719,178567337,75012053,211635526,30389086,76332821,139311828,172492205,72205937,176220873,103149885,95074887,114294849,239600679
64590781,35840262,87888305,107315269,101330241,294585097,75169898,42716462,80516310,175762702,53161253,46058206,196721948,108307522,49927168,121066685,66196592,85267700,95378459,82668321,62335098,103601631,33990639,18593443,66622610,132325385,42127866,244090446,132202813,54817761,90510683,100329940
138243371,45378034,91119101,19698586,83019512,47392638,57832503,69061829,36786848,51809196,31304434,38573582,45916019,12799191,36626162,77458982,25364472,8898337,66012838,21669800,85482156,50191112,25022903,31958647,66647308,199607387,64441013,124700179,4394284,44034568,79573455,65948023
101229104,201072515,133479791,106477669,87734789,60005020,41659688,42073814,51469061,42297355,114541751,284688693,43765181,63177983,36932909,152172016,84919874,94068514,21571762,254969107,38174598,119071758,29798990,48470550,2061877,106434826,57359171,145499106,39872713,155318512,107149782,144552263
72124679,47042413,132222311,11958096,50707340,172617464,60212323,82897319,45828982,203870928,83310369,76812994,55805000,144686510,27790841,42497936,61228456,109399508,23444794,111060794,68604659,202379399,36398125,172349584,98676300,90835918,96746394,102479524,109463864,156833552,154751700,120421860
104822424,151605070,64946685,144363805,103498539,61582965,66726520,102604423,51143587,202813360,34729804,105234723,98781925,163688771,34072120,145762277,156950248,81751353,46788681,75846294,21759274,46119858,41578163,106699865,73171109,79286970,44825925,296679862,141694474,105324329,108835655,146456120
147729070,121443277,95287662,17656069,62620369,142953784,185641771,44428184,39844926,56893477,47632510,16809742,47356181,21289946,40714991,192376454,12104493,78072434,64504111,48005494,81900704,22886309,28615587,89166846,70623268,12382342,36109650,75123622,56899635,96930733,54522157,46038288
167470825,104915183,132989232,165626958,67323579,150327615,60137679,61975953,86764975,139069251,79083113,75686010,103662217,178441176,39131967,69252619,75055889,116958964,29529434,70209895,62882686,147703714,30098106,148828737,43951244,142539207,38375763,126800808,35912614,111142457,116455069,78511273
135061109,152539677,95002896,102441603,45963813,43504336,103958240,206648295,49009186,211729181,59472400,143701577,199920487,104428244,32140074,65761900,143831464,99889087,160196350,200239649,112354089,50447239,77103467,146986069,44362130,75078389,129155968,136328451,126321460,121883588,97932543,41785538
40237054,131007450,94739106,212629615,86709558,52886968,140232110,93820451,43424516,42141622,130486578,149326874,68683557,105014890,69031730,156344955,83232497,129870978,40385551,51505962,41259031,38297633,114542316,82902740,39667432,74504074,69630043,163480623,54575701,178844205,122968326,84656172
37498143,116234661,101023534,113424787,74427330,68811862,81592063,12211399,47564269,140397928,43285011,109932536,76054629,78220928,44806418,168623884,59047129,144465197,57265622,106314126,29251078,74000014,22816159,77057101,5177408,108657133,133372792,184727957,44204434,69896387,86588900,106689064
70920817,139852081,154824252,171472451,66611978,79045996,54541813,218541960,64194191,77169322,76812545,116383252,140960446,112463364,60808727,195408832,104765650,141781257,63782465,78443108,87678012,104130032,70357166,117017271,63159113,43978960,101202471,140998033,106540838,33657837,46814389,163139613
38568855,167925807,79103424,43361118,54100554,71065392,76364524,105154858,46568679,80787849,106711595,145622485,111638094,110743518,41066655,120641735,92523622,81845901,31003671,264510906,63599410,122358366,37965921,78346321,135674096,141895921,105131965,69199236,3706022,165508856,153441643,107814946
69889353,84377390,104178051,11857991,56358051,111823100,73011728,106525179,41288121,175573099,52079647,113517336,74572895,79292419,61930762,164153923,87802601,9112066,24882757,197746282,22310633,108280284,32254017,122936021,41354061,173348518,34898355,171410864,34021552,117144830,51345242,106461348
154985261,141934265,95838742,274607739,80158285,223931069,247100501,42317963,154199388,113620791,111413205,144962908,72759838,109744028,46050886,204195244,70078489,77527702,27195941,147330380,72083971,76115722,27900196,76282932,73180689,39516130,70264725,143106893,32315942,72649391,118437053,37645339
104748768,165803580,107829247,102715817,89998666,73428686,33864813,172170044,81883022,83954278,118730043,239017984,199591864,129885710,37726888,107594804,210958930,213499733,24245626,97766719,132183921,76975358,27839862,184297036,67494265,18708864,173736180,76037408,100617637,112971350,100634651,243487315
27319753,17490824,98978174,192524869,83833385,108374008,82467247,144011804,53900530,11117747,80277532,84303993,45960230,132720674,109441321,313456651,127858081,57273261,57437411,91932457,60769383,164536051,35845061,113046200,42936923,83292885,109615674,106166782,113951784,72972580,69557751,218137527
139998713,52894740,82328107,186411348,72583900,151062110,32128729,103336827,43040934,110905902,59495082,45177672,71741905,105919544,30861010,155587113,92410544,158151797,23424663,98928083,31936407,38585689,32735477,77378278,18281452,80592492,107962364,34370805,40904974,118752310,53986803,171643847
8993094,74710017,99156453,188917284,65965302,89200508,43256848,110377897,37059258,79927170,58947383,10402878,70947963,48953057,59998716,54539068,88789514,117410445,24361145,105538029,121987628,225525151,68401153,107850116,43154200,45978031,134796865,102296741,36072112,77773268,193976507,34992319
48807212,47732947,79008462,170794968,54015962,194690039,84801100,170713759,77072653,139986814,143646400,173402295,135758118,177791353,44980512,129708882,94301373,39429120,87105936,188758377,109928787,113705052,33791009,46933693,66445540,306975591,159167548,107831933,38283879,131646838,52704161,76316307
132509160,72844739,71014656,163142614,140390664,44608565,52968059,110344409,74018665,107633497,32450186,261750163,9109016,251968834,70262354,151811944,78883963,128221583,34385721,161609274,36159791,112182351,63387050,85013829,30167427,76445214,123364977,135136411,237674038,274933543,58158234,166175669
4159177,52914379,69958379,74043721,52754964,79083552,110515762,181159084,37348420,28978795,33799526,76722678,51947292,120026532,42284354,84551732,83438185,146608376,47855256,47103295,47787090,103359155,23640144,69148213,14183170,49576092,65809176,197590313,2763571,188608243,106806888,59766287
205182881,77984931,96652093,276872561,55892151,271490980,55096511,262900087,40460450,198779978,77094722,109464074,73881260,178262786,73405858,115338905,140184160,74572718,141830538,133333151,66519951,70354647,38874536,110739986,144597904,307652371,67173379,143985323,61838925,199365774,126029769,297953781
62265443,114407188,79033036,241528932,57898169,217165440,115939069,99547144,72704598,197372696,57303599,77670045,69424816,268485033,35795824,73206352,57835668,200516750,33203421,119663324,67176910,111365243,28243603,127250292,180693560,144406823,102335900,108160108,111894763,85409506,80566876,185402349
104152006,46012473,81443522,108941071,77408705,40691267,37753529,206594702,41075845,175439698,90702209,193147600,43290542,169018870,37854801,142622194,90509822,211257393,22479593,166800521,25679468,138775884,46732293,142584583,19127076,76437968,2995220,310815155,78983832,133606154,49221969,88717966
77297719,120649939,81586210,96954043,93985459,87891384,62449901,71571121,111124186,76844566,74630846,100159767,55314168,181413081,39463361,79283783,171451150,79866558,55331371,114706916,29262517,209076259,34404969,111757715,68310987,394969601,37705351,10590893,133653903,129229026,44990452,227881973
52416552,285946630,94842599,127920890,52351922,150313137,50708849,179707924,42145649,112533037,49591560,176441747,179489790,177150895,29256599,44715051,82044369,97639655,100534337,68542904,21524830,86259675,30632895,102003268,67405190,161420451,79130454,148242175,67766466,107023084,77068162,143234680
104920500,72671109,107600191,223481774,69882862,113981525,48378237,143380708,75936659,180806316,47600312,143722831,44865926,18611015,26961912,119659258,19626155,180495987,58147664,119903990,63303418,89081349,34035055,51793587,68450812,129043172,109402304,111000111,34525178,67703001,120122500,39190898
68416302,176852558,83001272,206087100,98888843,108209701,44818591,203077169,48899279,123383799,145892005,39516305,102355053,58196234,90294287,189465175,56405238,107968419,60334047,82618768,22245803,126740903,63281756,75537502,68550566,43399542,95308713,163910988,37794924,127904168,105653470,156654144
116946691,91162131,139488191,110994782,82903714,186885285,106256314,119102058,51418084,89811436,93543864,15071127,180659479,132853188,49543947,185756989,81720488,81009314,36241639,114357370,61101789,94388104,73225926,76746398,135190511,74170987,41210834,134867598,73661578,70304033,90106183,62486458
108534261,252471531,77735270,79469067,67158077,102318838,58198631,150435035,55800848,204892503,47238913,205126373,132115014,114247487,54313823,117813303,138995872,240079754,57910589,208448143,23193064,185767950,22401273,176777679,41623994,142337971,101489157,121005345,129991776,77543041,154017439,169240100
73773350,191288857,105491856,259544606,132349779,281500774,155142645,155293408,44786736,180891701,81761550,51078164,35785525,116347485,42457519,37597216,101880620,211835111,109230042,124964079,153431660,116203473,32664517,261222498,43821473,97273254,73179820,49228972,106948995,89591470,79429013,206748128
163619532,136263805,170583056,146357332,61730140,44150032,58159087,110336190,46486657,44052327,108879146,108905230,140738983,90723341,25655619,176142294,105968909,93969967,70984351,142053007,57220445,171512194,39911270,96555751,128597094,134825651,156532534,291050871,178999869,214192066,89855576,98761964
8595820,93506337,95492168,120847866,62617738,153130499,64914860,81609973,54893809,204937057,54594125,111848667,5582811,43845067,50614287,79219855,114787183,75580373,25643193,116921488,20117143,151836190,31333040,9360935,33800054,70953945,129688978,179955949,49891819,126117401,56996743,84780232
169603912,67898990,84823442,136955978,156381387,179375308,123170386,155283873,62907218,316386602,90642956,49007325,43901373,83842879,33479202,235311327,145509224,151651103,131584836,173411705,81201196,44993448,24434641,191450721,66934584,106540064,97103984,115189205,103442450,193264712,97105248,90047068
86115917,178029551,89857101,103343040,45031734,196386678,74373347,92705234,43350855,133697535,114238944,110575012,66317117,229288593,65911999,42706592,207052281,136290383,25434525,119280007,23244290,179371993,59344559,121406834,89173973,197137241,131354266,125933663,135020966,346110326,156140440,228366972
67822125,98356594,95547784,63260224,92449969,90367886,71955755,92066467,48283818,109341666,71355035,111067977,66240574,8933350,76142026,10456816,78859268,128197700,88422228,257482251,22042271,173027193,34623017,164420392,5936653,45162874,97864887,71504934,73117427,100141288,67265055,122605881
114328251,196847565,75579486,13728210,57024602,40025767,48917405,146324235,41859245,172135938,129742641,106862647,135318766,129629284,43046489,74703342,16319993,132854236,73265282,112397539,60489823,42100868,33655324,152231596,133614273,43177483,94849078,140831042,34294431,50983715,47945216,68881847
