3037,4130,11171,4167,18493,3926,11146,3857,14866,4484,9956,4358,3195,4066,12525,3943,5316,3844,6468,3932,5778,4344,14425,3953,3079,4654,3602,5108,3636,2640,3312,2464
2657,3630,10015,3366,13968,3277,10060,3255,11893,3672,7604,3468,2482,3498,11871,3479,3599,3545,6360,3586,4800,3674,13293,3714,2843,3834,2617,3740,2665,4382,2677,4563
2743,3779,11102,3909,16724,3572,10617,3969,13934,3809,8099,3514,2413,3761,12660,3610,3587,3979,6718,4265,6166,3712,14148,3439,2357,3760,3260,3830,2731,4583,2486,4613
3120,3508,10775,3646,16197,3522,11802,3660,12810,3460,8161,3439,3078,3690,14230,3607,3990,3444,6504,3527,6179,3707,13056,3839,2317,3570,2350,3545,2974,4938,2818,4849
2595,3642,12139,3692,15993,3540,10285,3885,13097,3441,8157,3464,2712,4006,14162,3743,4018,3931,6649,3390,6234,3730,13343,3207,2574,3523,3041,4035,2245,4606,2244,4598
2698,4191,12557,3486,16381,3606,11202,3629,13292,3470,8161,3817,2681,3813,11811,3525,4421,4120,6927,3679,6126,3521,13781,3551,2481,3830,2781,3510,2585,4478,3106,4402
2746,3587,10442,3333,15700,3819,10294,3295,14201,3042,8315,3248,3341,3673,12210,3345,4183,3061,6393,3657,6084,3187,13181,3145,2639,3384,2760,3252,2548,4314,3231,4401
3016,3542,10079,3446,15225,3623,11337,3530,13268,3436,7497,3412,3516,3226,13607,3312,3791,3321,6676,3026,6177,3081,12561,3624,3057,3524,2719,3360,2494,4337,2975,4554
3046,3872,9951,3655,18155,3691,11088,3600,13363,3396,8294,3927,3313,3993,10957,3680,4178,3717,6593,3865,5934,3682,13112,3876,3584,3757,3407,3759,3030,4814,3001,4913
2982,3612,12601,3189,15948,3522,11339,3511,13410,3976,8613,3629,3177,3449,12546,3657,4069,3418,6558,3371,6392,3232,12716,3307,2691,3507,2512,3034,2509,4327,2781,4395
3131,3582,13032,3521,18179,3435,9888,3229,12448,3428,8044,4035,3065,3698,14130,3522,3756,3862,6635,3595,5872,3725,12007,3421,3302,3782,2979,3387,2900,4607,3153,4725
3306,3843,9218,3587,15683,3597,9765,3744,13313,3431,8781,3464,3189,3655,13058,3720,4677,3494,6510,3809,5958,3896,12854,3855,3054,3833,2718,3845,2806,4474,2722,4671
3003,3783,10249,3687,14963,3761,11362,3712,12370,3345,8031,3683,2900,3683,11149,3597,3670,3648,6216,3883,5915,3615,12187,3919,3399,3522,3110,3830,2851,4738,2468,4926
2383,3855,11640,4259,16319,3697,11299,4154,13391,3632,8782,3770,2697,3678,10024,3293,3916,3846,6648,4091,5951,3820,12108,3795,2142,3735,2235,3702,2460,4736,2551,4972
3118,3741,11446,3665,15682,3639,10262,3430,13193,3743,8963,3719,3710,3567,11268,3477,4529,3562,6531,3360,6364,3702,12739,3469,3977,3603,2921,3344,2867,4901,2887,4754
2772,3568,13117,4023,15937,3889,10426,3813,13276,3625,8488,3384,3311,3662,12370,3875,4046,3613,6087,3872,6180,3803,12347,3624,2989,3819,3043,3476,3097,4780,2818,4656
3123,3746,7615,3895,16758,3535,10210,3763,12340,3970,8910,3858,2806,3680,12165,3760,4080,3788,6634,3418,6417,3583,13081,3558,2961,3628,2872,3729,2654,4626,2990,4493
2981,3587,9779,3507,16362,3655,10069,3457,12814,3009,8189,3793,3703,3421,12004,3310,4038,3525,6950,3618,5979,3706,13388,3212,2826,3181,3810,3286,2720,4631,3129,4753
2805,3390,10139,3280,17561,3608,11308,3687,12864,3017,9004,3254,3701,3531,13476,3162,4495,3421,6557,3144,6182,3494,12809,3410,3161,3668,2919,3198,2708,4623,2990,4487
3431,3481,10139,3931,15532,3876,11091,3635,13614,3444,8067,3750,3406,3798,11907,3764,4157,3804,6826,3454,6217,3645,13244,3573,3407,4096,2661,3798,2687,4604,3115,4462
3142,4234,12094,3559,15042,4215,10472,3698,12640,3730,9689,3652,3714,4124,12326,3572,4485,3860,6996,3715,6306,3839,13724,4258,3491,3690,2883,3975,2880,4912,2825,5181
2515,3998,10586,3595,17167,3638,10975,3378,13401,3621,8498,3373,3106,3566,11572,3785,5658,3792,6949,3864,6187,3473,12293,3462,3240,3377,2348,3652,2765,4928,2849,4672
2942,4145,11429,4083,16282,3837,10868,3794,12519,3831,7862,3726,2549,4049,11922,4173,4249,3398,6454,3735,5979,3469,11681,4019,2372,3785,2075,3643,2574,4691,2705,4430
2733,3638,12638,3618,15775,3505,10710,3491,14053,3468,7374,3694,2633,3465,12167,3300,4859,3852,6300,3685,5743,3623,12322,3474,2363,3723,3306,3934,3336,4728,2799,5106
2977,3556,9945,3485,13578,3746,9608,3514,13948,3481,7887,3909,2285,3752,10077,3480,2990,4088,6383,3542,5683,3368,13009,3668,2887,4143,3076,3681,2974,4657,2731,5106
3150,3989,9829,3977,13688,3676,10635,3875,14402,3940,8467,3893,2819,3952,10831,3297,4258,3659,6715,3810,6193,3794,12441,3964,2902,3961,2634,4298,2490,4750,2571,4950
3076,3910,8571,4042,15245,4190,11506,4238,14297,4087,8610,3745,2959,3594,11411,4071,4110,3644,6563,3710,6207,4407,12790,3954,2778,3904,2776,3977,2732,5118,3279,5343
2852,3648,11532,3654,17357,3936,10628,3404,11839,3625,7923,3738,2251,3441,12977,3855,4114,3809,6681,3745,6122,3760,13239,3775,2425,3986,3817,3952,2786,4976,2840,5005
3004,3866,11228,4093,16751,3578,9882,3647,13430,4291,9151,4190,2585,4043,12637,4071,4463,3996,6792,3982,6353,3760,12415,3913,3031,3564,2634,4001,2921,4995,2557,5332
3115,3659,9172,3799,15146,3708,10239,4046,14358,3647,7978,3964,2521,3564,11085,4022,4010,3823,6743,3777,6032,3523,12792,3632,2477,3521,2822,3649,2802,4919,2678,4584
2767,3849,9864,4036,15334,3866,9876,3481,13742,3807,8831,3774,2778,4031,12343,3654,3072,3746,6556,3988,6114,4119,12872,3645,2125,3708,2529,3753,2844,4875,3237,5016
2897,3810,9318,3849,16159,4108,10826,4022,13189,4000,8244,3710,3192,3714,12020,3624,3773,3661,6501,3695,5913,3884,13087,3678,2926,3474,2410,4015,2774,4851,2800,5135
2925,3929,11996,3720,17536,3494,10937,4081,14245,3590,7846,3746,2695,3572,10375,3359,4401,4057,6610,3311,5832,3496,12971,3530,2721,3392,2511,3310,2988,4540,2933,4988
2862,3876,9170,3975,15920,3690,10283,3833,13279,3602,8466,3707,2406,4056,13038,3630,4105,3736,6669,3854,6193,3529,12256,3495,2450,3963,2618,3611,3163,4639,2721,4994
2822,3888,9927,3798,13001,3779,10602,3476,13478,3466,8551,3489,3063,3615,12859,3721,4258,3574,6215,3290,6002,3747,12432,3892,2543,3475,2836,3322,2568,4691,2561,4853
2453,4181,11305,3938,17631,3576,10709,3969,14343,4410,7938,3922,2852,4384,11698,3877,2786,4044,6651,3717,6186,3605,12930,3805,2424,3843,2489,3664,2453,5278,2370,5005
3207,3728,9341,3932,16076,3547,9730,3826,13105,3757,8619,3810,2485,3681,11589,4127,4090,3914,6389,3977,5806,3609,13579,4466,2571,3931,3051,3892,2598,5354,2703,5072
2880,4131,11379,4102,16717,3823,9840,4224,13616,3814,8199,3552,2240,3767,11550,3915,3917,3873,6055,4331,5676,3933,12545,3945,2486,4034,2871,3946,2821,4722,2903,5058
2897,3706,10892,3736,16340,3733,9842,3544,14173,3773,8311,3685,2970,3456,12316,3765,4572,3817,6559,3614,6276,3538,13273,3425,3163,3386,3191,3954,3556,5089,2642,4761
3359,3851,9974,3800,15103,3931,10110,3668,12210,3635,8534,3608,2644,3750,10556,3746,4139,3538,6526,3357,6043,3734,13463,3783,3635,3570,2988,4061,2743,4697,3171,5262
2757,3548,10044,3421,15329,3806,11008,3379,13624,3367,8779,3454,2933,3554,13552,3974,4711,3772,6405,3734,6231,3580,12403,3386,2934,3705,3051,3654,2912,4888,2598,4806
4099,3762,9181,3402,14878,3236,10710,3767,13245,3722,8933,3414,3433,3451,10043,3539,4013,3368,6857,3334,6623,3223,13440,3603,3666,3454,3461,3323,2901,4545,3042,4457
3090,3895,11048,4161,13528,3951,10436,4005,13948,3930,8971,3810,2717,4317,12876,4119,2331,4064,6558,4315,6242,4513,13185,3712,2765,4086,3237,3662,4227,5607,3144,5189
2972,3537,10749,3658,17033,3633,9651,4033,13452,3777,8850,3609,2741,4177,10865,3522,4395,3471,6801,4167,6388,3663,14552,3790,2508,4254,3108,4130,2970,4919,2809,4979
2925,4069,9297,3465,15834,3849,10550,3510,14859,3719,8456,3572,2927,3873,11462,3902,4131,3935,6949,3591,5864,4014,13569,4424,2534,3800,3805,3835,2609,5132,2876,4727
3050,4372,11149,3744,17740,4040,11947,3936,12777,3700,8292,3726,2899,3653,10336,3617,4751,3703,6730,3760,6156,3493,13578,3702,3629,3922,3712,3776,2934,4755,3289,5147
2701,3536,10619,3603,12875,3831,10359,3732,13859,3473,8269,4179,3002,3939,11808,3509,4117,3588,6532,3880,6147,3641,12869,3583,3094,3587,3463,3554,2729,4796,2797,5388
2785,3741,8208,3663,16082,3594,9800,3723,13104,3739,8354,3527,3185,3435,9949,3571,4534,3275,6674,3754,6029,3916,13583,3273,3117,3769,3188,3738,3081,4687,3059,4662
3244,3705,10846,4132,17045,3807,10726,3569,13332,3408,8857,3536,3096,3486,9405,3408,4134,3474,6881,3909,6415,3557,13460,3592,3555,3739,2595,3593,2854,5191,2702,5113
2937,3671,11004,3399,14482,3564,10083,3869,13938,3908,9338,3538,3895,3907,13514,3733,3037,3651,7357,3860,6419,3833,13631,3702,4018,3573,3315,3885,3721,4880,3014,4870
2951,3273,10948,3623,16995,3782,11965,3784,14509,4124,8970,3418,3283,4395,13937,3498,4100,3465,6682,3701,6431,3609,13617,3558,3886,4049,3511,3535,3211,4608,3043,4810
3300,3577,11478,3745,17570,3195,11911,3616,15413,3262,8804,3776,3199,3224,10961,3596,4506,3629,7042,3324,6388,3432,13271,3707,3241,3860,3291,4077,3151,4709,3290,4781
3450,3718,10809,3545,14944,3429,11245,3741,14266,3464,8404,3561,3338,3586,11487,3824,4228,3568,6855,3654,6066,3470,14322,3632,3457,3353,3445,3660,2898,4352,3074,5073
3034,3637,10307,3622,16643,3470,10121,3742,13959,4046,8757,3922,3110,3754,10339,3604,4606,3754,7273,3625,6332,3643,13301,3649,2883,3586,3615,3919,2950,5041,3230,5029
2822,3827,8955,3386,16105,3518,11057,3726,12742,3757,8511,3801,3064,3928,12417,3431,4771,4002,6600,4084,6127,3538,12372,3386,3408,3426,2636,3624,2850,4751,2906,4649
3043,3537,12157,4016,17348,3708,11412,4098,14709,3735,8867,3505,3341,3946,10627,3950,5255,3991,7078,3867,6271,3803,14106,3795,3204,4091,2593,4196,2126,4836,2742,5264
2711,3645,8976,3965,13049,3742,10512,3459,14438,3722,8424,3697,3119,3849,12220,3635,4458,3479,6937,3536,6394,3704,13177,4138,3908,3549,2960,4234,2550,4962,2672,4958
3036,3995,14090,3840,13544,3470,11277,3580,13779,3842,9004,3703,3215,3594,12298,3413,4181,3797,6433,3374,5900,3725,13148,3815,2476,3621,3164,3985,3050,4862,3233,4898
3611,3484,9497,3814,16792,3664,10639,4038,13306,4090,8933,3747,4069,3695,10830,3718,2355,3575,6669,3826,6447,3829,13184,3995,3676,4297,2565,3509,2688,4798,3001,4929
