10309,7804,4288,7958,5022,6497,4903,6469,5562,4580,3730,2458,6894,9495,11537,10031,2041,6185,9561,9820,4268,10396,5657,7544,4550,7757,5259,9060,5423,3161,7681,7767
2944,13864,8475,9071,7405,6785,6917,7756,13989,9097,10913,4366,8258,9140,10299,9192,9365,6033,3356,6865,3964,7335,3232,9733,3719,13858,1286,15294,3372,2392,4792,12821
6168,4055,3903,7647,12627,1406,5916,6869,7748,1572,2438,6272,2553,12538,3822,13925,5433,17775,3122,10297,22236,4654,10820,11628,7720,12059,9329,8100,3609,7552,13870,7586
5351,3732,5487,3341,2591,6340,15608,7299,15476,856,9165,6977,4079,13655,2535,11511,9207,14683,4574,28481,2626,13474,23828,8125,2449,4194,4744,12986,8519,5752,1128,2908
3380,1710,1584,11703,9582,3179,2724,1517,6930,4035,24709,2958,16433,2435,11496,3327,5050,13880,3734,8959,1836,38500,11357,8316,16214,7839,9958,866,12319,976,1242,716
4956,9171,9751,22054,3498,19469,4141,1778,7713,6223,6367,4631,2239,3651,1940,3858,4012,4609,9945,10668,16578,11042,17260,3940,7746,8280,28889,7398,12818,1699,1377,2928
1479,4423,14824,6024,15525,5448,1363,4423,4273,2861,4790,3803,6680,7331,1839,12464,1544,731,5061,1928,2496,32336,6235,8038,19153,599,27116,1445,18931,1918,30969,5234
16581,6800,13114,7306,4758,14737,1248,16018,927,5250,9319,10737,2456,3999,2620,12788,1578,1654,2154,10173,16303,2920,1435,2559,16133,3710,21916,6222,20361,1966,20263,3936
4349,4297,5038,10867,3293,6828,10408,15720,687,12715,46040,15131,1751,8366,12848,9781,17689,1336,1919,1378,9754,3721,4669,2301,5080,4517,9808,9578,3254,2445,14230,3972
12348,2209,1905,10425,17914,13647,20726,9514,9750,3565,14194,1787,1153,726,6499,553,7755,30083,24623,2520,10374,8878,8255,8637,10736,2237,5253,3726,2565,1513,1236,4741
6250,4260,10131,3330,18601,3330,8123,3633,6957,3577,1479,2072,43087,9997,2607,7899,10140,1545,4253,1885,8070,25147,8467,5797,2388,15115,11959,9100,5342,3411,9088,3479
22553,23715,4236,2955,15662,4032,11993,6491,5961,6177,2840,2399,20302,5150,4607,3276,7033,15692,8120,5042,6840,17245,8382,1247,7476,3859,1591,1212,20770,4060,10152,1689
17879,8302,17637,10855,32844,35106,7762,13580,9737,1908,5881,1164,3660,1968,2304,1189,5661,8363,2802,17496,1752,8422,5489,1243,12956,2473,1096,4204,14688,1396,4238,1914
4678,10340,15870,7946,3164,31353,17275,4517,12461,1459,11379,3692,2366,1673,5458,2040,5090,4029,3761,10315,15964,5102,12874,1381,9686,252,14765,13086,20175,3353,3732,1545
6152,21986,22058,23646,12254,11783,1001,6079,15903,2101,12555,5286,13428,14149,5640,13786,8006,2120,4166,9353,3906,9019,5899,1439,1874,5074,5409,4539,6263,1367,4960,1445
2351,13532,666,17079,6283,16648,18678,1595,5636,2205,5916,10768,10209,5930,18341,13392,6511,3999,42562,6300,4851,4246,8282,2236,1644,8308,1430,1843,2524,1345,8657,6691
14423,7448,10620,4795,11389,19807,4374,17499,4561,4670,1319,3301,1211,2740,31302,1486,4271,2663,20316,168,22676,8928,11005,2190,4815,17997,1759,1206,4463,1289,11410,3572
1801,4886,12771,1178,4797,19531,7397,9960,8849,2894,12067,14254,25981,3613,5037,13244,5159,8014,8042,812,1550,7057,4725,2199,3099,10897,29118,13686,7898,1188,3080,4066
5278,11271,18339,12015,9582,3132,5594,8537,1145,14831,2177,5860,16254,6450,12973,7247,11033,2024,9689,2117,13439,536,1209,26534,9313,3773,11024,2702,14821,3512,5831,1671
26186,1255,16278,18146,12477,1865,6561,1406,1689,19755,21337,12034,4104,4954,19547,6151,332,2744,520,1418,13444,6013,1163,21788,3189,3476,729,9714,20719,1603,6344,2172
17608,8123,9457,4208,12385,7176,15283,1730,2324,8860,9721,14477,4981,4355,7789,1137,7591,5310,4949,5360,11129,614,4483,9280,6722,3042,2312,27776,32916,2377,1934,4251
1792,7826,18385,26609,3944,7723,3048,8361,12587,16511,11395,6830,2386,2257,374,2996,655,1979,20311,419,2569,259,26353,2692,16603,3141,3416,3675,3595,1605,25562,7154
9450,10505,3388,24995,23738,6071,7560,10845,8733,2943,17726,9855,6817,4078,2178,4930,4181,3292,8700,5336,2559,3869,5320,2148,11619,6333,18999,9245,5044,1859,12473,908
2747,14514,4205,8757,1857,10997,2285,14128,2479,1646,30788,9047,10442,6371,33121,2427,14925,4723,2301,18865,1160,8101,9469,8155,10631,2709,15863,1990,8226,854,1718,1864
3177,8491,3861,864,4057,6522,1634,1354,21098,25928,23390,1260,15218,12748,4882,10710,10808,9719,3242,3619,4094,4921,1276,5481,6923,4534,28742,3400,18462,1589,8565,1884
11083,6709,5406,2426,15670,6357,15326,7765,3864,5532,5231,1454,6271,1491,15424,37112,31489,8153,14528,4788,1233,307,3500,3149,4990,2338,10310,1352,8321,1262,14293,3863
15374,9027,10747,3784,2837,5922,2827,2559,2131,7909,4060,5239,13242,2504,7234,4198,4715,22979,4410,1397,1125,6380,13180,1327,28719,4252,24246,6089,26105,3183,14422,2698
12349,11011,11458,3035,4267,3120,10955,3341,16806,2399,2809,1731,6373,6912,10026,6320,4513,2235,3726,1215,6282,7004,11484,1122,1175,31789,22978,17747,13777,2910,15039,6318
5587,8831,15920,4676,24269,411,11659,787,2943,783,12328,8833,29798,4156,20049,2755,9991,16628,9049,4774,1099,3375,8229,4936,8340,6842,6313,13153,9766,1644,4112,2897
6250,19331,9762,20847,17850,3366,3024,5306,12707,1727,7276,1386,13695,1008,15645,6076,10814,5264,14271,7089,1162,2997,2425,3386,10737,805,28520,1463,13100,4022,8406,2266
9312,1678,2703,6506,8255,2164,4295,4352,6122,6177,10639,8786,18546,19011,3077,8011,22828,3425,15582,1944,1699,4519,18242,8484,4733,2770,19040,4663,16968,1273,11516,3783
13624,8909,19497,2995,9450,1669,4658,3920,4979,3092,4825,6224,5109,1962,6550,13558,22484,6633,22177,1653,10860,4822,9805,7614,2938,18974,1906,6305,9042,6324,14587,1908
2194,5132,1958,502,4588,3619,4855,485,18915,1902,56,11830,47747,1402,25727,8594,12549,2703,12550,23294,9452,2145,10451,21752,16632,5598,1203,757,1444,2448,4760,1206
5868,5265,4923,23481,5941,14031,15842,5315,1431,2600,8431,894,19802,5185,24928,1835,12999,4263,9458,10151,1838,5655,26001,1799,6093,6913,3552,4267,12507,4749,8920,1686
2895,12322,432,2957,9590,4121,12452,9703,7360,12534,18647,4774,1666,1787,7234,2874,11669,9832,8700,4849,19077,6920,19574,3091,11655,2033,17997,2225,15788,2231,6571,7873
23979,9497,17068,7644,1440,4109,11823,3152,4732,9042,17210,950,2580,2183,3104,2132,3546,6042,893,24460,6488,4859,4819,8994,8650,3444,28943,8003,3370,2446,20625,6710
20380,6742,21453,4561,1197,2716,17890,15126,14982,6379,2178,8324,16848,7397,17477,3176,11824,5163,2306,16405,3732,5877,2750,2270,11523,1949,5541,2091,10965,2193,12955,1667
8208,3574,5216,7249,1099,15979,9629,4086,38657,1588,16432,6927,13271,6858,15812,2838,7681,3699,15596,2449,2721,5257,10281,15354,7328,5946,3672,667,2009,3359,17599,5462
2154,18160,8892,3494,1187,1629,5800,3232,21117,2087,11903,2869,12187,754,13355,1280,6589,538,5377,14453,39881,9152,18180,6066,21909,7581,5830,4091,7050,1584,6790,1278
3736,10087,9817,475,1116,5829,8948,1858,16043,974,15337,3171,18139,4444,9487,1211,19893,4831,10881,11456,7750,3779,9681,1226,35034,4208,2836,32408,4469,1145,2592,4537
5520,4499,10557,2362,1360,8438,6790,2285,11052,6292,10532,3162,9520,1383,7214,13061,9988,18216,20088,8207,6981,15837,14646,5804,10027,2488,20220,5087,8543,2040,4483,1630
10721,6882,2954,17658,1846,4297,5599,6522,4546,2996,8216,5460,3693,2286,14786,3277,9190,2281,21776,1453,15988,2363,6179,6642,15744,5523,16176,10510,7205,3224,13187,4613
13175,9015,3425,5772,7184,2068,694,3425,8239,1093,5197,18789,9060,4050,6992,4367,11049,3277,15478,1375,24843,916,12328,6742,29196,18097,13908,4738,8517,2036,1105,4159
13706,2344,9947,7658,5908,3301,10073,5440,4829,1713,5450,12780,10310,3355,8008,3629,15028,2935,11417,6999,14130,2694,8287,9497,12166,8451,15033,7068,20806,1312,1146,15783
1913,9302,18862,7868,38654,2709,16101,2340,14104,312,17507,198,3174,1008,5065,2231,11436,20959,2248,15275,19571,3910,3750,5932,24972,3850,919,3629,350,1896,1274,1708
3879,13856,498,26138,4753,4918,30901,7450,20404,10338,18567,5366,26054,1819,2494,2177,15133,812,17457,2374,6691,1092,1808,8092,3494,4874,13699,1683,508,901,8814,1403
3928,4084,3366,9914,6992,16094,5959,1316,25308,1697,22431,14569,28277,5667,23282,10889,5198,5486,5458,6475,4459,1067,4568,4322,6522,3781,13429,3926,3084,1641,4338,2137
5474,2778,7042,6008,1510,1063,622,11309,371,7337,6428,16026,12799,6785,12119,2855,9998,3128,8874,17045,10072,9119,15121,3722,4206,17111,25641,5454,15920,1466,12162,4436
11617,2574,2035,2152,22932,1586,2360,4469,2059,8645,1500,13685,1982,2303,21599,1565,13616,36846,18314,19057,28865,4386,4019,1095,3658,8381,1166,1847,15014,2541,6760,2185
7542,2091,7741,4803,17628,3855,13539,2180,15358,6585,4477,3115,7662,3009,1622,5412,24378,6621,13444,14411,5337,27709,7172,7241,4039,8941,5782,3172,3338,1404,10521,2319
1183,2335,5295,4703,1134,2101,7795,25957,1031,17270,14992,5915,22674,3852,21240,5716,4007,5943,13184,2791,4547,1113,5828,11100,5952,11877,16984,13135,10783,1311,9309,1950
2965,2514,3538,23001,1036,1941,1289,25181,1723,20413,16994,15421,16686,6656,3810,4303,8285,2934,5745,8161,24750,7613,8773,2099,4256,16973,2370,6737,3550,5624,2845,5749
8903,2784,5018,6438,5246,1220,3688,6190,2374,21778,7145,35894,1816,8809,3393,25767,2653,9470,564,4421,27207,16918,3199,1989,16230,4556,3223,12178,1091,3652,2255,4456
5484,4491,4095,15804,969,1239,1463,16995,573,6414,316,19813,10305,15225,3342,24380,7438,13059,16207,13261,5132,4599,6647,3739,10176,1884,3432,1584,1533,4782,11089,33588
11511,2371,3604,12345,13759,1299,2213,5301,1172,3496,4175,1531,3727,23186,211,31072,2030,4333,9096,18382,1270,18629,4569,6688,11019,782,12241,2213,14378,22878,3742,5373
15172,5824,17851,12231,18929,11944,10086,22270,7025,19806,1313,20455,1317,12602,1205,5943,3615,2165,424,7800,57,13328,770,10616,3017,3426,15312,5546,3621,3263,3339,3264
6860,6932,3966,19156,13556,6209,13364,16061,18892,7985,2003,14019,19669,19953,4088,25222,7985,3223,4527,15431,1322,1039,684,15814,7146,2598,1024,957,212,3000,178,3841
393,924,2487,5183,1778,24554,14880,9072,14933,4098,2803,10379,21834,8615,1171,1521,5530,2253,2282,16158,10556,16127,6421,29790,4381,6273,7201,4776,6666,11226,507,3660
7545,12010,8410,14237,1895,7474,13660,11108,2361,14411,872,17195,2920,15541,1124,2229,19073,2802,1122,22730,1967,8427,4314,12231,2405,7430,1026,10132,3924,5065,6636,19267
