530732999,285436798,359830033,296179580,300174253,350753448,512740346,355052780,494748178,293314352,153304479,445327021,448833711,232160154,380071467,455258133,771058158,411849256,578983607,350363330,547221511,286420154,389192706,283090004,477626405,303454041,285209789,594675433,468170533,560855396,690315247,874277725
652316470,695004773,686575911,301234920,328007164,260760111,369619863,265448863,579035470,342819807,414973688,265548332,532236720,408555676,435179770,380108944,1103596875,345396986,367514098,601602487,410569847,352233430,499979925,238926892,674527626,300850465,439232548,285542851,523086606,448323518,565641433,623625187
973540277,495721977,238098125,390035075,328446442,381170753,317854480,397382322,442615317,235229500,528539464,438612506,452819437,222116559,852341662,276830401,505666793,659525880,332897195,665881613,383335839,306891167,331461441,175209551,252694409,770548192,389152167,746550664,776483998,318304032,428930402,454386584
637658825,389279202,697426407,377994335,493782799,347142061,340856973,374797261,283587352,629644334,288370691,818637714,522019772,265067657,425361914,252238317,289562150,532474331,495293078,237314952,818871788,601640371,380882476,281374010,310981941,262865778,209163590,496688638,287779015,392224058,929851025,511121867
771807465,541989699,659055933,385588820,666525622,367291321,204173706,241457437,449563840,1006034118,295338560,323115713,304590242,412639285,342061265,315489422,259221441,310878042,393833208,282388052,618488338,348803329,570184532,282000354,299325796,573854172,257651604,362185278,256703626,729322213,1010377064,410499412
375288932,259089590,303843589,406274837,452075634,509859848,494566462,484076540,327542447,988433044,334072191,507473296,456764423,442892340,751270633,426381164,734920621,458546440,282580219,198705782,314281232,231700470,241530783,220141202,702477441,295667527,461361602,604399512,223596267,239650617,828314933,273635263
898558697,516658307,403856245,358636882,372771981,349543788,652555686,339950204,403632381,1082797227,350507016,477933629,205678534,299128218,343534878,828203470,676753450,375352300,201222322,345383865,202031773,289870049,327866432,324866540,914713594,465598161,277839690,493615846,315623051,423770732,672675472,210202465
577215727,416197499,334694254,409065566,468858819,355499893,384313022,417065268,224136084,976095252,538554376,450651597,538848164,387965110,392883312,683055541,746840561,780561979,398679222,416954148,498506612,283102051,310020686,346411402,503580282,420568462,500092224,488722419,160372798,308850052,316416122,241630799
198312729,369181995,127361296,876800084,317827888,405798628,490592195,352205485,700154243,530367715,386376399,558775997,841367525,452409130,130899605,536670334,237531078,498147295,343093433,820518897,301937220,350658742,98323427,391756746,328215548,419360203,266294109,407871319,448516906,862856897,628372289,291658969
371142749,535574892,207365173,877353086,356054550,440205333,822401822,463709786,255599275,407916125,922839439,363103584,153518632,397887639,149102190,466021594,248916087,457571244,398906002,469129008,193080432,477253833,321050037,388044352,406530982,530393796,333715031,304861819,247358469,944844445,760468199,272578624
165560642,426818407,287189641,564557291,643431768,374933863,850558240,400910531,522248105,569285638,944694490,436804098,168771423,600341208,152181315,427924683,249211209,380733801,272550389,455602452,815689631,362213441,241120230,320541437,357369617,341487059,244191233,409225040,379429001,1034702578,360579946,314599959
321784828,392269846,499079549,475504990,190101646,269030215,412677861,228360515,624338306,987529830,800326382,380530394,404046554,341015484,441366843,402747650,496135688,348452080,727386269,346247910,612804092,420164855,399710521,439210005,480723011,407785630,341802483,345190948,391864938,820492956,284618384,199726811
343566219,582309394,901797967,409284595,218800236,348010952,227672921,395656213,196866763,504413868,655486189,327312194,547775802,402274939,411904807,398723758,940650512,676618521,148822470,687671967,396446371,299426178,180522984,453085294,318779083,380863363,260999600,457892938,507283405,1213412325,253343023,274463231
318770473,655761537,132251519,848943352,431016991,397175006,839956516,477007531,449288220,580148102,471189484,428828584,379236185,597693157,708097777,492362129,941396828,397715263,273671585,386329685,245470421,454369231,140107988,357473008,159553876,426544306,303155532,264770500,344372952,984574085,165823895,225107719
364635860,396760878,466259348,406823358,422037503,215287121,595116388,286989052,666845764,234108838,267321490,547020187,331073891,968391100,180938572,330972221,936113756,422956286,237028986,380684645,975487736,279653494,388685993,208667835,465058925,336055863,244679755,405571398,452207303,1005587639,506701102,234079549
318944866,341666300,421481377,538889981,330698867,314894162,457056536,331095291,283405465,227641186,566224103,427827968,458136839,294429872,619581573,205255581,349313941,847601357,703272883,263489324,627264656,550970446,769179906,268132614,780668730,468651139,376757939,393019385,366043321,960986355,200173539,188974728
395645882,267259360,396832768,981964238,357396085,270557689,501058162,348004818,339181803,467535333,273523995,298378417,331339066,350284195,736554548,299536813,503495559,564538265,495681527,250953708,465608439,242875534,470929989,198849569,997357875,429203125,332342950,232749177,810487397,820673983,749142270,183152119
601385248,250956258,884923058,286761092,417719526,876052767,896332308,361224710,345530860,382271861,258371600,379437268,172673301,392785481,374264998,204944802,483879423,989598066,299380330,225658820,550421987,218182663,666742382,283418509,418066687,301107056,493647158,432311030,421217423,443393787,312927272,221078216
281968907,360725302,231165467,230905446,635668828,645892497,734347484,270590669,498930271,460780214,466309486,573005848,673795414,446175658,572083149,219676772,644162378,1006538588,327732803,372769425,329452560,221221877,330979472,266600452,489871374,436990160,704198271,240849453,467358974,321194205,290974369,190236740
644078056,460023735,258727856,894977376,306452703,514857750,313111890,228915619,304090628,359936472,360022175,282103051,280158136,258056728,929045503,457262904,932486240,979938031,351589164,293115746,752058909,241946078,355485926,297609583,380309062,286151758,400499617,395213255,729671222,306854892,434315878,199872820
453747057,412004516,491423154,351563641,283687119,464976689,349358408,394898802,323272456,850225482,382562699,255231709,262064205,532085539,327684706,330321432,456306745,403525697,234045738,416789885,297508590,274511306,570730633,744285271,717091069,273513282,800316740,423313393,789573299,313833678,399126084,246445012
521238995,335819351,638065092,271024897,873314062,474620180,279650517,346419562,519317500,395432480,281825505,383119148,363783539,322088673,318324579,559500757,441884385,485168449,447694597,299669497,626408688,709676363,397892222,817285474,686222056,366159908,366797371,361939235,310217083,363868778,275162461,228128457
436875192,753070996,485803857,839626839,765394003,335600444,786705051,366143897,862607384,572700169,521029900,299765886,414581064,193709523,340338008,216438777,317119073,283236566,417912657,295489730,695666463,416375983,243461198,467596123,261190281,189793864,261438391,287625579,191632615,277955002,319447153,257605638
333043266,522322395,512029247,936046085,651851898,299604403,512010490,227983024,606442746,597384567,747406840,302588604,630424295,353360227,321264247,367419316,554852653,339890949,264602728,370926313,844206999,494705213,482525426,428286325,178888656,374871648,420894111,388305940,217112465,309940922,432127276,253837141
375876013,345237650,427402191,1058441507,318394350,396167007,327197291,693887520,281803943,426365617,889315310,239537153,283409511,349507676,244943179,332109295,240700671,267218844,326193336,408052332,632051612,339673240,482344826,305992532,627698305,217334779,650912282,384806253,510762677,624294895,1025636567,197326746
488603290,335427446,599637062,893483582,506153680,359453896,363656403,570500022,310811526,656507750,442044402,246278598,213341300,403283842,457584719,486526230,344566653,389725320,847849534,360920721,511310384,347210230,162796201,390728712,530631225,378284051,356000540,186082890,335961038,441016774,1008656433,237619062
535070514,230057180,408425213,304378668,377388769,1149298541,397864211,466588269,623233149,676297308,504929503,438389878,405268511,305102247,385984593,241326923,305283266,284674782,302043786,355716376,565530757,654280192,318068375,422883216,769429767,261767302,297175995,211340767,511742454,360082041,975784712,209437188
942663552,325961689,382010995,397400943,434947578,833586562,245023208,398322824,90876646,767237329,255366596,395942965,628534282,389722089,323965028,508528199,371863037,440314412,326547621,631393162,210846903,632940032,145601871,438595823,186915579,505890808,270465332,407809717,668492555,433632244,567518373,255560159
924101043,427998557,703641926,430380525,670416520,1072198319,343935392,479231082,471447379,398040041,237647996,531457298,147489750,361699738,257995881,394444921,539288793,334621795,532016511,273971077,491461009,343163663,281977386,463125543,256512609,351166847,695784976,725429346,266055731,658704897,208481366,251080019
942006941,635025532,454408461,669850606,386105932,248427237,443398372,358141411,410552214,968267938,268819074,529076912,446413560,399842813,124349443,335149663,531355978,354502329,212128931,326422344,241944610,311180122,770824126,418292898,341907841,314746933,245336698,256951660,632954244,552293297,650565959,153493774
915250171,329282253,575587071,787218021,336871840,379998803,282042935,507639166,243965747,989398360,236783350,306505683,310046858,437073342,300661702,396340798,849355965,371057192,333365798,334430801,241579999,324833123,171169638,349752195,465924815,367375482,414272486,361452390,839255527,351790818,743871996,227519980
961330830,359147786,768747174,350732395,375624474,328559226,642352134,430410851,368652939,854096365,354977529,340243092,298237896,471382705,368935802,332683331,713960268,337566264,371344188,391922502,277888884,398249820,384443994,583882675,359557378,334729804,488325252,348511617,704001332,347887406,572212585,183385463
294391404,176907155,921719855,137340153,252095423,147386072,917353421,216900785,451129473,1101028362,351813625,314824950,449563669,285547283,662305765,317250836,371074735,251044386,287271465,438662324,452470524,491382540,406077777,870812148,860433591,470399138,482376768,369874504,233174102,384114772,420541205,234359038
336293518,377210877,940262708,322513470,476438865,237798318,1032362976,174967080,471550706,1054552570,411367408,348452686,309770117,650980097,358704400,234065664,306656863,377400185,347998592,289080071,671067317,595154304,378969738,243817556,892399849,323734981,414947314,411409956,600153629,238438290,272289033,213314672
408995083,356541469,375783776,306982772,478523183,407489793,1044405579,386768442,487264534,933894687,802937091,254389881,515124258,227849022,365926232,230395582,658577289,221645269,337159466,197427356,459205457,391839502,377293303,353231083,808443350,654206731,480651007,511131692,312552111,176065116,210672670,156077765
244463359,474968413,845551292,353210475,466531106,488089965,807327636,464118467,254917297,712887171,460550242,432889944,468177473,336081713,878000338,654598449,369411020,278298841,408248342,264332239,348378624,182494339,381927832,215085235,573755135,685148429,694328958,268984047,314493432,350949012,743695672,203254104
159313890,220942181,568293302,565903229,225141072,526864784,497653985,781639631,313296863,317226685,442651706,438655857,636628578,389504350,394556532,369973411,889856470,425593336,519031605,382964295,515275281,271241961,532252239,321586283,398572972,399613550,862678312,564658153,256689353,279898115,300228419,162160973
346311095,351874070,408132997,448658295,319912671,1107572724,495770685,953207630,430653944,446784772,585029527,270903728,306544271,223942810,323032487,214685220,708638193,400447826,548969763,334680298,507857069,207998651,627210416,337515258,279632667,332042017,732811481,288197360,498421795,197953877,663313777,160094992
430553102,221283133,568086087,252443220,464581601,892092331,292723022,904893181,405489294,604217963,275990213,363485658,227949993,422540232,346637154,186838369,238740094,296130976,552241832,348579796,929188000,312529512,360260586,299601724,378918246,277401926,617306234,316050793,841485118,220317600,1013883684,156618919
628818296,273988213,406284042,411873570,468516585,334625669,793910690,1069588079,293666024,690832375,389618836,334775301,290607314,516016734,327830024,344304068,346540239,419751179,390427759,321763782,454218282,270199093,286272613,362970362,271294490,253364182,839704273,318064623,524257159,293204479,992771825,150396005
438517250,309319643,743792006,335028267,381317431,332450978,713621312,785822030,373066256,288799893,444303825,236287450,305317702,445445244,242485081,428849339,285939113,292399086,354124651,735179676,403122925,476531808,276664829,429359141,237391110,297131014,467510659,495999582,735019077,407450732,984167009,169592950
660557772,444578524,737816873,634088823,540819598,277044169,631019491,1009163849,271829904,402250969,614069508,279924434,383549260,318020808,498105917,345876555,255539580,327136088,318024584,341396936,405256119,254879367,279052573,382093037,251250445,768332250,413115543,430465219,815935901,283843957,291237793,217661711
507997750,414386904,388549587,976853900,386807456,273287267,412374837,1087353840,1149680027,393443497,827719269,337763171,481554039,262142941,545488697,241282742,330983563,304626097,325225784,339555558,458740096,393171934,426688375,416874168,543834687,169851205,316978902,383953061,313710473,877222406,305632787,230483088
152935548,389619164,293209203,721037626,265045510,539615238,265424275,886248310,859199462,441256846,962528051,245536753,327372003,403769773,384334348,356350970,346291615,278143337,476098655,190787013,447775230,332540726,840898004,352449937,405629954,309172125,825276286,288526407,362005341,341029242,461225332,209734422
409528432,290955795,345597059,352980796,377857908,954374300,365533519,1132677275,512215048,286502030,908714472,341647502,614239331,253086181,352579506,198896226,398887344,355087921,410596016,359560656,478512734,217455934,553817201,464073428,876281869,185450968,554692731,128153218,548291415,195446581,460618125,146004672
306774146,247197990,381916525,315692979,508929438,903919991,396634885,965867296,874048869,467692411,952697022,304110589,304029339,369642320,370305312,180406719,385995936,279821315,315135863,216107676,738559951,313708381,385217778,434788323,522028118,257888689,595456388,289862726,534451248,128943194,768095626,203873209
780979776,243473386,531941313,116072377,384694019,1018359122,789946018,1058936382,525463594,401225184,934596820,378409449,590016212,160831012,501433116,157936596,309687255,154847448,389249474,282123559,332846415,291738240,227987081,348894595,519104668,507610090,517400420,407318144,471369059,344132383,437959960,133928425
807330962,792700682,289439416,490003193,292024333,986700383,701392708,957291598,261620833,259824256,740895080,509141289,396783711,334960927,441559741,259358930,362343007,400632360,316030887,273455170,268227420,384683947,245739045,375532919,361654098,540537475,366538672,398886178,197848664,386436416,379199368,240179133
503592704,360881294,553670816,607222078,272430701,977190502,548430081,1074894185,230111634,423317651,287881534,359317069,453354285,276846406,904428684,261940346,342831186,397497190,213458370,250901531,584340854,346340768,356558415,295893083,343478707,333903153,382800555,534380961,791457565,351386824,338172091,218476212
475815750,512956831,446634582,249151628,470672437,965331258,834176332,1006752650,426997136,407546227,304208316,222493485,324396502,289425113,517753306,274076008,578635147,354046516,340989462,329916680,832721414,313773598,377471120,296963041,444803014,132931174,262129150,224616968,998142570,344795140,355141303,143166795
279826373,191146534,346975842,255994714,201934149,968781318,704744917,854461325,424863757,307840750,621465700,250494892,541800710,319397811,617636890,240851788,390408573,338303963,478598744,268356724,841442608,266745816,453449421,506522940,474811554,280833161,951107063,388951606,963531471,379982512,378522637,227563100
380598336,372545109,499476881,436461556,357276141,736568809,350324210,916589978,305419658,449558263,314246852,365224840,337235166,270171215,608868517,435266387,525716091,233966188,423016693,420197322,745819050,268240916,684412394,341869391,540784113,201970586,788036984,262656554,966705290,470818107,479495234,199811730
536469768,320816870,325644836,494717814,466979603,354095936,411929018,500243302,865788435,835351660,246060702,280694040,449851198,266844404,180829487,485239674,398554777,275556819,383651366,465032259,640403306,585094140,871573347,277299561,211790746,391970961,764356701,327188900,459746189,289519567,414126410,131615900
245879135,515587854,545514038,311329958,192447714,417935605,366087965,433384918,992765790,1085670340,371184474,456146738,250647667,468684655,549364421,343781095,346097715,235239286,266290567,213495751,832898604,616094463,502910084,244761923,627545982,279706793,355014168,449136539,687543259,360145648,712255524,179835622
836442877,963296250,499170069,287168895,443516684,277486722,326884091,243390376,1014982145,1045362148,311703110,264315802,282825330,389919101,330728153,301611690,358831373,614048362,330197981,474059127,373543324,198626488,229133882,240736890,407089588,232855039,873391371,232076972,732898862,437702462,456751855,153749785
786417465,337241356,382944225,951728267,377898252,220684479,773941481,247849734,512862923,1060463614,448148483,372017754,239782994,397078090,334620259,231438818,411209749,275656449,649456058,407638696,610256345,233588886,322089953,430835997,299138603,407016742,887342894,472649054,326614138,235464419,613741286,150943100
368350987,299901409,962539058,314727520,466947110,600607909,769958043,261742513,446378525,940621038,421902655,383251404,347437516,503149893,486923845,755123834,269320719,230401813,452951599,228903421,794756727,511377038,303994091,243990331,557101791,280632924,750359630,252867851,369920123,305339659,370033216,159193445
376741301,157527311,900218514,257615792,311515281,302131666,868657213,258331666,592201477,951890326,404360648,192807465,543771042,403278247,407305846,849188728,377983766,143567104,306808282,187894316,669118965,522119754,479901804,320171464,1027148347,290401675,504404909,454777383,376775433,375378833,440756545,153035621
711396116,260727005,506390754,196736765,503764997,259906725,618536517,197757718,824039019,1031359252,431755017,280867318,579418470,456724140,382030952,277980473,605475233,174706560,416165832,236165490,301642875,299561943,321130092,550115728,985325704,648874058,427214085,255933484,412753177,580297338,537693662,152876715
