44754763,460295213,70412107,54765129,81264905,54765842,67403788,54430469,78791115,56460554,63664489,52709345,45288280,49540734,66754663,47334492,57719789,49288101,57368976,49098993,53917084,47361255,72757643,44754612,41108871,44979051,40751790,45460671,42829862,126403163,42442640,361305210
44759060,460298584,70416203,54768468,81268655,54769320,67408170,54434126,78795098,56463777,63668583,52713097,45292194,49544214,66759125,47338026,57723755,49291811,57373192,49102794,53921199,47365162,72761680,44758950,41112786,44983065,40756050,45464947,42834111,126405576,42446340,361307493
44762018,460301847,70418822,54771320,81271494,54772597,67411179,54437496,78797979,56466982,63671703,52716051,45294909,49547405,66762114,47341242,57727015,49295293,57376035,49106032,53923951,47368716,72764762,44762285,41115555,44986367,40759007,45468129,42837117,126409308,42449212,361311066
44764429,460304710,70421426,54774357,81274269,54775601,67414158,54440444,78800634,56469686,63674139,52719033,45297250,49550711,66764656,47344285,57729697,49298369,57378670,49109209,53926938,47371523,72767717,44765396,41118511,44989340,40761844,45470887,42839647,126412687,42451967,361314579
44767212,460307238,70423994,54777141,81276760,54778182,67416872,54443035,78803255,56472511,63676823,52721479,45299824,49553214,66767238,47347469,57732699,49301099,57381364,49111881,53929428,47374159,72770902,44768361,41121278,44992203,40764771,45473721,42842627,126415629,42454637,361317585
44770470,460310451,70427369,54780424,81279711,54781244,67419948,54446420,78805896,56475921,63679686,52724828,45302859,49556509,66770220,47350490,57735763,49304367,57384235,49115164,53932182,47377258,72773795,44771594,41124982,44995765,40767776,45476896,42845699,126419354,42457926,361321067
44773204,460313215,70429935,54783187,81282523,54783569,67422565,54449011,78808356,56478496,63682435,52727317,45305198,49559158,66773139,47353289,57738779,49306904,57386865,49118006,53934751,47380409,72776369,44774230,41127625,44998376,40770508,45479896,42848516,126422363,42460470,361323944
44776329,460315947,70432800,54785919,81285719,54786491,67425581,54451723,78811265,56481498,63685241,52730104,45307986,49561922,66776036,47356293,57741834,49309614,57390001,49120659,53937834,47383049,72779754,44776896,41130646,45001429,40773431,45482815,42852057,126425482,42463743,361327696
44779294,460318358,70435402,54788209,81288754,54788697,67429105,54454451,78814275,56483960,63687857,52732924,45311157,49564484,66778798,47358658,57744751,49312511,57392650,49123152,53940819,47385600,72782309,44779655,41133714,45004050,40776172,45485496,42854510,126428353,42466497,361330861
44782271,460321074,70438437,54790599,81291531,54791463,67432382,54456958,78817328,56486749,63690578,52735511,45313884,49567174,66781564,47361312,57747686,49315202,57395762,49125966,53944094,47388385,72785321,44782558,41137090,45006926,40778877,45488401,42857569,126431356,42469461,361334297
44785093,460323743,70441335,54793286,81294518,54794344,67435181,54459362,78819973,56489268,63693059,52738243,45316782,49570047,66784347,47363940,57750230,49318539,57398597,49128770,53946674,47391235,72787923,44785143,41139974,45009930,40781625,45491178,42860365,126434099,42472409,361337283
44787727,460326250,70444365,54795973,81297243,54796808,67437946,54461823,78823181,56491864,63695834,52740776,45319451,49572675,66787168,47366416,57753125,49321490,57401080,49131427,53949395,47394033,72790709,44787826,41142628,45012794,40784470,45494118,42862877,126437250,42475091,361340121
44790913,460329059,70447076,54798538,81300099,54799340,67441597,54464345,78825836,56494611,63698938,52743055,45322453,49575309,66790440,47369063,57756241,49324395,57404264,49133828,53952162,47396882,72793610,44790153,41145538,45015397,40787459,45496578,42865991,126439912,42477855,361343294
44793535,460331555,70449679,54801181,81302818,54802273,67444154,54466921,78828248,56497320,63701584,52745679,45324925,49577934,66793260,47371802,57759153,49326790,57406588,49136370,53954753,47399658,72796127,44792795,41148091,45018143,40790099,45499255,42868460,126443266,42480394,361346310
44796338,460335191,70452455,54804319,81305484,54805547,67447178,54470076,78831028,56500497,63704282,52749286,45327650,49581555,66795768,47375097,57762272,49330021,57409175,49139718,53957374,47402818,72798931,44796040,41150793,45021576,40792762,45502744,42871435,126446923,42483025,361350127
44798980,460338067,70454963,54806941,81307947,54807928,67449785,54472588,78833995,56503583,63707296,52752086,45330535,49584205,66798531,47378167,57764710,49332725,57411835,49142450,53959797,47405311,72801832,44798555,41153264,45024279,40795229,45505594,42873779,126450332,42485802,361353242
44801614,460340985,70457508,54810004,81310560,54810771,67452630,54475187,78836467,56506120,63710070,52754933,45333612,49586851,66801135,47380910,57767294,49335630,57414949,49145325,53962504,47408531,72804565,44801811,41156094,45027133,40798057,45508129,42876372,126453503,42488573,361356339
44804838,460344910,70460865,54813684,81313997,54814678,67456080,54479215,78839844,56509626,63713511,52758860,45337489,49590892,66804309,47384947,57770442,49339418,57418110,49149561,53965913,47412370,72807791,44805797,41159124,45030974,40801240,45512164,42879845,126457751,42491935,361360640
44807710,460348264,70463606,54816934,81316763,54817961,67458987,54482552,78842292,56512663,63716180,52762228,45340208,49594180,66807370,47388242,57772913,49342600,57420786,49152511,53968749,47415349,72810459,44809283,41162039,45034489,40804004,45515626,42882462,126461624,42494896,361364476
44810715,460351483,70466384,54820173,81319628,54821198,67461815,54485869,78844948,56515543,63718931,52765186,45343315,49597250,66810413,47391370,57775959,49345939,57423799,49155712,53971613,47418254,72813168,44812928,41164734,45037906,40806811,45518752,42885236,126465269,42497694,361368038
44813888,460354217,70469669,54823043,81323144,54824318,67465312,54489434,78847822,56518915,63722314,52767829,45346174,49600325,66813753,47394303,57779048,49348951,57426804,49158563,53974893,47420985,72816136,44816010,41167918,45041267,40809742,45521604,42888641,126468895,42500990,361371534
44818240,460358061,70473852,54826897,81327382,54828144,67469530,54493305,78852462,56522831,63726731,52771565,45350457,49604590,66818202,47398330,57783376,49352975,57431152,49162508,53979683,47424912,72820214,44819747,41172445,45045115,40814228,45525995,42892535,126473882,42505152,361376288
44822366,460362201,70477544,54831123,81331411,54832061,67473048,54497383,78856314,56526864,63730417,52775774,45354352,49608508,66821643,47402130,57787128,49356928,57435174,49166407,53983883,47429192,72824398,44823829,41176102,45049206,40818316,45529935,42896404,126478882,42508699,361380694
44825453,460364987,70480455,54834082,81334099,54835152,67475936,54500491,78859282,56529860,63733252,52779150,45357815,49611782,66824579,47405298,57789734,49360313,57438254,49169690,53986687,47432463,72827378,44827104,41179162,45052348,40821279,45533530,42899371,126481997,42511391,361383921
44828424,460368274,70483293,54837495,81336655,54838486,67478718,54503519,78862170,56533136,63735982,52782593,45360497,49615397,66827334,47408615,57792249,49363666,57440832,49173132,53989327,47435212,72830305,44830162,41182106,45055251,40823758,45537373,42902077,126485805,42514019,361387602
44832133,460371814,70487104,54840897,81340227,54841648,67482325,54507109,78865451,56536667,63739384,52786159,45363878,49619003,66830261,47412130,57794885,49367077,57444300,49176615,53992986,47438647,72833566,44833582,41185056,45058643,40827224,45541063,42905418,126489684,42517400,361391795
44835275,460375329,70490237,54844575,81343670,54845056,67486021,54510711,78868856,56540266,63742570,52789778,45367519,49622731,66833769,47415656,57798158,49370665,57447584,49180608,53996094,47442498,72836910,44837658,41188128,45062599,40830941,45545099,42908489,126493768,42520681,361395968
44838573,460379000,70494084,54848272,81346744,54848718,67489614,54514132,78872294,56543870,63746074,52793561,45370868,49626672,66837389,47419363,57801581,49374199,57450953,49184076,53999448,47446004,72840374,44841139,41191407,45066235,40834509,45548956,42912097,126498261,42524173,361400592
44841606,460381423,70496982,54850840,81349946,54851510,67492508,54517140,78874913,56546992,63748601,52795984,45373461,49629724,66840044,47422663,57804312,49377042,57454220,49187001,54002272,47448913,72842969,44843998,41194030,45069113,40837325,45551856,42914777,126501726,42526838,361403545
44844773,460384702,70500075,54854077,81353223,54854982,67495886,54520457,78878317,56550402,63751732,52799615,45376458,49633033,66843356,47426013,57807593,49380403,57457211,49190739,54005214,47452358,72845962,44847569,41196976,45072693,40840885,45555543,42917848,126505852,42529881,361407524
44848359,460388375,70503986,54857999,81356556,54858769,67499547,54524526,78882217,56554187,63755695,52803398,45380551,49637040,66847186,47429695,57811371,49384322,57460756,49194788,54008941,47456133,72849539,44851104,41200662,45076486,40844306,45559570,42921505,126510258,42534050,361412111
44851388,460392261,70507391,54861471,81359835,54862155,67502787,54527929,78885558,56557777,63758880,52807355,45383556,49640740,66850061,47433760,57814462,49388119,57463841,49198810,54012225,47459836,72852805,44855256,41204188,45080167,40847556,45563020,42925121,126514613,42537452,361416464
44854717,460395818,70510622,54864837,81363844,54865544,67506116,54531709,78889004,56561530,63762434,52811057,45387569,49644227,66853545,47437420,57818156,49391538,57467600,49202504,54015905,47463201,72856506,44858629,41207287,45083736,40850889,45566382,42928393,126518583,42540922,361420302
44858625,460399803,70514577,54868492,81367792,54869365,67510058,54535555,78893101,56565531,63767500,52814959,45391674,49648066,66857511,47441410,57822199,49395395,57472163,49206262,54020049,47467024,72860673,44862192,41210999,45087490,40855113,45570196,42932855,126523114,42544937,361425059
44862064,460403440,70518037,54871840,81371211,54872700,67513172,54538967,78896513,56569044,63770793,52818724,45395222,49651746,66860535,47444884,57825581,49399001,57475208,49209970,54023010,47470650,72864133,44865173,41214846,45090756,40858632,45573243,42936389,126526841,42548286,361428573
44865475,460407200,70521208,54875572,81374518,54876095,67516525,54542536,78899980,56572465,63774325,52822421,45398775,49655209,66864075,47448776,57828966,49402674,57478494,49213640,54026437,47474305,72867410,44869082,41218152,45094278,40862796,45577054,42940335,126531205,42552216,361432831
44868591,460410373,70524307,54878917,81377438,54879082,67519352,54545983,78903217,56575837,63777297,52825755,45401735,49658710,66867116,47452071,57832325,49406167,57481226,49217008,54029629,47477533,72870369,44872700,41221277,45097790,40866082,45579820,42943101,126534806,42555170,361436386
44872088,460413802,70527878,54882314,81380846,54882955,67522619,54549422,78906439,56579904,63780760,52829322,45404679,49662581,66870221,47455799,57835626,49409651,57484441,49220707,54033145,47481145,72873817,44876563,41224641,45101533,40869525,45583400,42947155,126539227,42558601,361440836
44875048,460416754,70531206,54885205,81384029,54886362,67525657,54552602,78909492,56583108,63783861,52832601,45407491,49665990,66873428,47459045,57838696,49412802,57487215,49224023,54035844,47484280,72876897,44879821,41227887,45104640,40872526,45586222,42950681,126542552,42561674,361444393
44878134,460420230,70534346,54888755,81387314,54889837,67528975,54556042,78912696,56586899,63787569,52836238,45410727,49669627,66876544,47462993,57841901,49416501,57490329,49227126,54039168,47488143,72880783,44883640,41231000,45108203,40875892,45589474,42953688,126546582,42564753,361448469
44881285,460423360,70537523,54891690,81390718,54892879,67532614,54559023,78916185,56589891,63790783,52839525,45413656,49672723,66880517,47465931,57845189,49419443,57493377,49230533,54042848,47491234,72884188,44886762,41234362,45111365,40878866,45592661,42956874,126550284,42568109,361452021
44884531,460426819,70540333,54895175,81393582,54896410,67535716,54562656,78919212,56593273,63793820,52842845,45416632,49676133,66883601,47469128,57848289,49422642,57496524,49233739,54045804,47494694,72886985,44890113,41237210,45115011,40882342,45596064,42959649,126554418,42571267,361456196
44887874,460430542,70543867,54898841,81396882,54900290,67539261,54566450,78923312,56597100,63797105,52846467,45420045,49679887,66887440,47472640,57851976,49426259,57499840,49237315,54049358,47498488,72890760,44893148,41240423,45118575,40885820,45599819,42963113,126558761,42574861,361460761
44891854,460434918,70548073,54902940,81400684,54904263,67543453,54571021,78927248,56601077,63800770,52850026,45423524,49683644,66891218,47476139,57855815,49430340,57503592,49241099,54053167,47502398,72894756,44897153,41244212,45122349,40889490,45603664,42966936,126563543,42579061,361465766
44895675,460439083,70552081,54906722,81404716,54908509,67547773,54575417,78931522,56605471,63804751,52854518,45427499,49687981,66895330,47480389,57859747,49434519,57507320,49245227,54057471,47506723,72899337,44901679,41248258,45126641,40893218,45608315,42971755,126568594,42582718,361470703
44898586,460442396,70554842,54910168,81407546,54911612,67550546,54578566,78934571,56608825,63807576,52857871,45430382,49691273,66898142,47483794,57862565,49437548,57510267,49248400,54060467,47509939,72901841,44904770,41251055,45129962,40896189,45611464,42974897,126572341,42585343,361474237
44902261,460445969,70558336,54913909,81411290,54915380,67554027,54582363,78937987,56612753,63811472,52861623,45433870,49694819,66901587,47487574,57865931,49441337,57514001,49252349,54063883,47513779,72905535,44908790,41254674,45133520,40900055,45615355,42978176,126576597,42588983,361478693
44905522,460449811,70561647,54917733,81415212,54919420,67557600,54585955,78941264,56616387,63814758,52865106,45437261,49698855,66905252,47491391,57869464,49445328,57517412,49256170,54067321,47518019,72909560,44912608,41257995,45137508,40903412,45619279,42981946,126581185,42592896,361483432
44908749,460453805,70564848,54921927,81418989,54923210,67561018,54590219,78944832,56620375,63818479,52868903,45440780,49702513,66908738,47494968,57873202,49448876,57520754,49259830,54070911,47521673,72913156,44916493,41262013,45141709,40907176,45623540,42985363,126585941,42596304,361487763
44911057,460456621,70567373,54925270,81421929,54926358,67564217,54593378,78947547,56623443,63821044,52871905,45443817,49705344,66911782,47497985,57876327,49451923,57523877,49263383,54073854,47524771,72915971,44919509,41265093,45144972,40909896,45626729,42988456,126589421,42599146,361491526
44914331,460459678,70570602,54928793,81425023,54929728,67567002,54596626,78950396,56626865,63823966,52875426,45446657,49708467,66914712,47501245,57879448,49455237,57526730,49266771,54076713,47528309,72919090,44922378,41268028,45148109,40912945,45630099,42991468,126593422,42602285,361494855
44918583,460463705,70574268,54932954,81429169,54933767,67571125,54600962,78954469,56630525,63827940,52879625,45450439,49712572,66918849,47505847,57883960,49459253,57530493,49270796,54080408,47532246,72922958,44926303,41272054,45152236,40916977,45634410,42995343,126597918,42606319,361499727
44921820,460467142,70577029,54936190,81432173,54937185,67573937,54604212,78957200,56634097,63830857,52882865,45453306,49715880,66921470,47509462,57886643,49462813,57533288,49274159,54083383,47535717,72925912,44929688,41274773,45155569,40919730,45637897,42998553,126601819,42609049,361503552
44924699,460470537,70579519,54939383,81434869,54940414,67576590,54607704,78960133,56637366,63833468,52886313,45455873,49718912,66924361,47512515,57889645,49465978,57536170,49277385,54086434,47538853,72928501,44932869,41277550,45158955,40922719,45641489,43001598,126605649,42611873,361507730
44927357,460473640,70582311,54942432,81437353,54943312,67579987,54610682,78963112,56640333,63836542,52889101,45458716,49721687,66927349,47515428,57892696,49468639,57539041,49280062,54089524,47541651,72931661,44935855,41280231,45162110,40925430,45644031,43004824,126608781,42614658,361511018
44930358,460476700,70585437,54945416,81440364,54946272,67583145,54613603,78965946,56643279,63839522,52892374,45461278,49724879,66930224,47518346,57895333,49471695,57541707,49283151,54092423,47544419,72934513,44938989,41282833,45165017,40928266,45647008,43007668,126612126,42617512,361514528
44933653,460479986,70588631,54948174,81444387,54949323,67586195,54616919,78969360,56646146,63842777,52895754,45464246,49727994,66933552,47521402,57898246,49475122,57544670,49285891,54095433,47547441,72937811,44942003,41286160,45168333,40931568,45650325,43011058,126615914,42620983,361518330
44937078,460483529,70591996,54952114,81447444,54952927,67589466,54620812,78972473,56650329,63846517,52899596,45467626,49731745,66936749,47525529,57901585,49478837,57548086,49289568,54098548,47551290,72941069,44945618,41289268,45172263,40934795,45654242,43014019,126620032,42624327,361522819
44940199,460486273,70595053,54955027,81450466,54955933,67592306,54623551,78975430,56653381,63849076,52902780,45470431,49734664,66939865,47528517,57904084,49481698,57550726,49292824,54101248,47554364,72943927,44948771,41291522,45175337,40938164,45657318,43016582,126623393,42627465,361526178
44942945,460489582,70598141,54958038,81453428,54958842,67594968,54626894,78978102,56656567,63851814,52905998,45473116,49737668,66942528,47531825,57906793,49484993,57553417,49295924,54104025,47557657,72946466,44952147,41294048,45178647,40941017,45660577,43019497,126627692,42630196,361529755