7797,6321,7486,6307,6907,6419,8114,6790,7413,5913,7680,6853,7193,6383,8005,6397,7482,6539,7651,6905,7487,7028,7384,7679,7030,6842,7646,7101,7602,3941,6475,3777
5675,5969,4870,5193,5259,5900,5798,6193,5394,5759,5829,5467,5085,5878,5644,5877,5805,6321,5435,5918,5275,6404,5750,6114,5286,6199,5573,5729,5557,6397,5533,6015
4711,5439,4969,5844,5342,5883,5856,5826,5257,5339,4706,5556,4701,6480,4916,5986,5465,5902,5167,6234,5884,5588,5983,6045,5685,5822,5706,5588,5001,6300,5268,6401
5304,5027,4957,5626,4770,5367,4957,5262,4921,5772,5171,5188,4802,4874,5179,6130,5767,5372,5130,5219,4653,5284,5940,5650,5237,5530,5400,5469,5445,5581,4974,5417
5777,5944,5948,5995,5490,5360,5511,6243,4702,6208,5173,6140,5663,6023,5495,5684,5387,5941,5062,6304,4990,5804,5279,6225,6542,6484,5310,5715,5648,6279,5939,6234
5276,5319,4870,5137,5364,4585,5272,4624,4734,4701,5053,4490,4221,4990,5263,5269,5696,4647,4986,4994,4843,5781,5002,4664,5099,4765,5280,5671,5154,5376,5001,5602
5834,4855,5257,5282,5856,5250,5542,5238,5634,5820,5594,5770,5534,5392,5413,5720,5770,5362,5934,5238,6036,5247,6135,5455,5989,6027,5337,5702,6691,5782,6134,6483
6014,5112,5653,4626,6030,4921,7297,5516,6161,5289,5153,5335,6282,5016,5587,4648,6107,5865,5464,5050,5808,5206,5423,5628,6270,5122,5644,5257,5203,5292,5727,5796
5771,4935,5796,4456,5618,5137,6261,4464,5661,4763,5116,4790,5046,4904,5232,4956,5310,5666,5588,5377,6086,5084,5640,5246,6352,5300,5102,5206,5733,4653,5433,5527
5183,4837,4948,5151,5337,4837,5203,4571,5125,4794,4717,4936,5373,5326,5151,4933,4861,5542,5129,4822,4862,5025,4878,4635,4868,5374,4696,5104,4883,4766,5067,5104
4999,5041,5928,5299,4889,4947,5448,5119,5713,5507,5369,5262,5610,5295,5974,4775,5937,6185,5430,5496,5526,6009,5472,5376,5521,6086,6098,5718,5238,5934,5626,5634
5987,5133,5080,4741,5786,4793,6576,4328,5074,4540,5655,4116,5237,4628,6133,5126,5345,5159,5481,4287,4696,5077,5164,4296,5519,4561,5359,4464,5769,4678,4976,5220
4742,5032,4546,5210,4662,5897,5274,5407,4561,5743,4986,5695,4646,5972,4488,5123,5392,5032,4263,5198,4989,5390,4717,5321,4841,5733,4811,5383,4589,6090,4596,5628
5079,6490,5225,5517,4877,5740,5110,5534,5511,5350,5024,6482,5017,5784,5146,6037,5802,5689,5069,6171,4832,5551,5355,5831,4742,5919,5039,6448,5245,6190,5018,6561
5061,6299,4787,5212,4709,4786,4507,4656,5376,5927,5709,4969,5418,5132,4735,5612,4689,5370,5127,5368,4560,5466,5476,5231,4851,5254,4642,5137,4456,6056,5439,5568
5812,6144,6080,6720,5992,6480,6692,6045,5470,5973,6085,6488,7204,6764,5874,6478,5540,6395,6545,6818,6030,6594,5915,7267,5938,6399,6238,6168,5955,7096,5918,6777
5173,6501,4884,6360,5325,6534,5237,7074,5208,5554,5709,7164,5734,6664,5633,7230,4881,6309,4748,6812,5530,6101,4939,6609,4836,6552,4768,7016,5222,6483,5589,6786
5405,6435,5154,6232,5529,6407,5657,6555,4584,5793,4946,5895,5429,5971,5586,6163,4988,6208,5321,5851,5320,5797,5160,6334,5130,6384,5457,5825,4827,6957,5338,6877
6120,6287,5909,6649,5789,6473,6093,7090,5169,6231,5843,5906,5902,6444,6234,5996,6182,6822,5739,6173,6316,5606,5604,7318,5820,7113,5871,6429,6152,6686,5581,6933
6665,5985,6303,5957,6807,6362,6754,6607,6127,6940,6520,5839,5837,6908,6023,6630,5865,6514,6078,5871,6534,6287,5684,6228,6580,6735,5568,6377,5994,7535,6586,7211
7081,7377,6918,7507,7425,7001,6741,7636,8085,7706,7081,7228,7225,7754,7369,7119,7066,7509,7443,7521,7887,7706,7224,7088,7220,7499,7984,7598,6906,8807,6413,7753
6818,6852,6690,7157,6170,7278,5929,7340,6759,6533,6391,7450,6855,6677,6167,6986,6099,7168,7029,7265,6691,7162,6701,7576,6497,7157,6662,7586,7128,7499,6387,7734
5667,5623,5377,5956,5379,5928,5713,5869,4697,6237,5178,7380,6203,7109,5627,6027,5072,6286,5229,6327,5180,6064,5857,6232,5173,5670,5095,7430,5019,6276,5021,6041
6656,6424,5687,6748,5191,6496,6037,6167,6051,6528,5991,6310,5660,6843,4992,6768,4066,6302,5234,6448,5011,5692,5022,6061,5473,5832,5093,7190,4752,6829,5010,6901
5968,6744,6549,6521,6690,5633,5829,6980,6249,6626,5425,6267,6590,6330,5963,6189,6025,6438,6005,7138,6738,6959,6369,6955,5564,6809,6959,7041,6635,6946,6184,7322
5465,6825,5606,6915,5234,7163,6873,5973,5737,6801,6026,7243,5820,7547,6094,6881,6089,6828,6182,6857,5536,6484,6379,7146,5978,7387,6558,7231,5828,8076,6554,8133
6109,5887,6818,5878,6645,6300,6411,6377,6060,6257,5811,6011,5372,6799,6007,7041,5556,5996,5420,6119,5720,6350,5257,6212,5066,6232,5735,6655,5797,6766,4998,6277
5903,5199,5928,5758,5844,5977,6063,6159,5533,6255,5217,5618,5295,5619,5749,6039,5667,5858,6181,6460,5266,6118,5365,6063,5749,6036,6185,5681,5317,6864,5709,5925
6003,7085,6368,6883,5860,7179,5796,6917,6682,6672,6556,6959,6621,7233,6213,6582,6406,7377,6405,7691,6376,6796,6191,6627,6032,6550,6313,7753,6396,7592,6984,8203
5968,7139,6573,7050,6342,6517,6420,7150,6344,7382,6297,7852,6001,7296,6174,7967,6181,7535,6005,7890,6274,7465,6302,8005,6776,8038,6035,7061,6962,8382,6810,8207
5803,6555,6082,6187,6647,6486,5758,7064,6237,7000,6257,6916,6791,6406,5382,6882,5919,6283,5703,6782,5882,6175,5774,6473,5838,6234,5679,6023,5524,6860,5679,6651
7058,7832,6668,7164,7299,6762,6903,7197,7566,7124,8023,7464,7520,7172,7215,7489,7353,7026,7810,7234,7413,7309,7647,6673,6507,6922,7311,7071,7777,7943,7412,7789
6438,7217,6344,6567,6354,6889,6087,7177,6104,7548,6976,7468,6697,7391,5990,7191,6749,7233,6646,7512,6183,7258,6748,6519,7119,6786,7114,6566,7120,7430,6974,7521
5732,6861,5426,6325,5759,6014,5709,6056,5849,5752,5938,6443,6267,6121,5907,6598,5301,6654,5143,6450,5489,6199,5090,6396,5169,6132,6503,6071,6323,6877,6115,6935
6353,6486,6192,6774,6065,6381,5791,6973,6763,6961,5992,6879,5934,7249,5828,7090,6652,7034,5456,6971,5863,6726,5521,6778,6229,6757,6735,6009,5889,6597,5909,6437
6043,6293,6229,6370,5569,6996,5246,6498,5185,7326,5690,6555,4968,6878,5558,6583,5986,6547,5438,6770,6415,6468,6372,7159,5801,6733,5936,6218,6410,7836,5839,7564
5655,5557,6205,5746,6100,6556,5835,6034,5988,6550,6592,6400,5450,7053,6057,6394,5955,6203,5514,6483,5310,6368,6144,6558,6321,6539,5959,5905,6764,6209,5770,7093
5829,7154,6117,7144,6054,7161,6261,7050,6054,7375,5960,7553,5798,7034,5808,7890,5876,7302,5647,6354,5545,7375,6741,7535,5699,6692,6010,6320,5724,7385,5921,7462
5598,6358,5806,5798,6450,5918,6708,5851,6431,6039,6785,6450,5336,6384,7552,5799,6249,5840,5848,6495,7136,6439,6586,6503,6243,6495,5692,5950,5912,6896,6190,6403
5731,6432,4765,6536,5009,6811,5624,6975,5447,6536,5488,6305,5593,6504,5716,6046,5535,6098,5477,6123,5471,6447,5300,6189,5403,6825,6501,6733,5241,7423,5731,7386
6007,7137,6564,7002,6154,7351,6597,7029,7623,7191,6227,6643,6327,7270,7133,6910,6964,7051,6332,7066,6620,7371,6868,6031,5758,7015,6316,7015,6256,7964,6528,8275
7311,8427,7546,8085,6647,7811,7536,8837,6921,7801,6302,7044,6072,7046,6653,6521,6737,7675,6564,7101,6651,7213,6960,7166,6657,6889,6476,7135,6715,8245,7464,8766
6667,7741,7132,7004,6902,7942,7478,8203,7528,8262,6727,8404,6888,8053,7058,7781,6636,7782,6513,7698,7448,8089,8107,8548,7015,7949,6382,8571,8382,8662,6343,8583
5192,6248,4981,6468,5069,5869,4907,5916,5472,6273,5138,6266,5268,6275,5083,6444,5267,5807,5482,6060,5654,6060,4665,5853,5240,6292,5490,6044,5943,6713,4914,6388
6687,6928,6438,7293,6983,7555,6547,7396,6330,7440,7246,7270,6553,6814,6388,7358,6327,7480,6895,7650,6307,7767,6836,7723,6462,6963,7056,7595,6211,7976,6713,8109
6249,7391,6323,7361,7857,7683,6704,6953,5954,7086,5889,6591,6113,7691,6751,7146,6728,7322,5903,7071,6211,7811,7378,7157,6039,7444,6081,7262,6700,7967,7018,8578
5315,7318,5308,7589,6242,6813,5736,7654,6025,7256,6414,6875,5704,6568,5752,6424,6012,6342,5751,6918,6030,6576,6111,7081,6896,7824,6425,7497,5890,8057,5815,6983
4098,5133,4512,6216,5165,6040,5845,5971,4859,6178,4719,5776,5582,5335,5523,5931,5901,6164,5919,6713,5673,6272,5586,5629,5907,6002,5098,6220,5675,6682,5414,7020
7004,6332,6263,7138,6330,6859,5632,6241,5619,6224,5804,6909,5579,6068,5784,6816,5771,6383,5570,6770,5434,6589,5722,5590,5903,5893,5900,6589,6246,7221,6247,6142
7183,7024,6874,7342,6875,7480,6879,8009,7014,7105,6845,7755,6366,7666,6850,8246,7787,7353,6235,7253,6169,7455,6652,7236,6620,7494,6856,7690,6395,7511,6388,8091
5783,6636,4646,6047,5669,6046,5227,6193,4926,6495,5176,6060,5154,5906,4958,6385,5126,6455,5628,6005,5817,6341,5380,6186,4732,5993,4650,6639,5731,6725,4977,6479
5176,6032,4779,6095,4781,6155,5014,6495,5671,6129,5209,6213,5050,5810,5426,5569,5710,6110,5098,6275,5722,5987,5098,6197,5641,6585,5739,6272,6169,6785,5605,7586
5562,6796,5911,6493,5356,6158,6650,6389,6263,6328,5810,6121,5340,5804,5755,6420,5952,5795,5483,5652,5677,5757,6138,6238,5093,6375,5425,5676,5586,6122,5276,6578
5372,5304,4970,5033,4937,5257,5523,5342,4715,4848,5338,5747,4578,5430,5312,4807,4132,5658,4507,5183,5035,4705,4789,5298,4236,5093,4717,4700,5033,5713,5220,5618
6072,6734,5895,5934,7764,6176,5824,6277,6337,6730,5965,6904,5550,6603,6091,6367,6117,6203,5965,5702,6019,6568,6105,6661,6694,6833,6667,6881,6476,7378,6501,7382
5868,5970,6509,6953,5849,6468,5964,6892,5916,6627,7102,7096,6356,6593,5948,7199,5653,6746,6007,6552,5233,6683,5959,6121,5103,6577,6524,7001,4985,6412,5440,7083
6495,6452,5709,6046,5910,6515,5595,6265,5600,7005,4989,6806,5397,6395,6110,6770,5392,6767,5457,7147,5450,6991,5451,7321,4874,7060,5988,6923,5422,7717,6291,7122
4406,5086,4964,5097,4689,4483,4485,5278,4399,5410,4426,5195,4428,5330,4591,5607,4030,4954,4237,5264,4559,5295,4417,4968,3908,5361,4262,4966,4474,6036,4630,5461
3647,3103,3043,4056,2727,4002,3124,5240,2894,3862,3725,4178,2824,3579,2622,3811,2917,3181,3126,3560,3720,3514,3102,3256,2918,2959,3504,3529,3455,3730,3460,3674
