629855,218782054,131254954,2318314,105396558,0,24497578,48871,5952303,148111,184031481,273885,170554048,148880,614458,0,12452637,129552527,16279100,102008,59287474,160155474,158774089,362551,427787,65839547,162336224,244912,992868,293948,0,5689392277
376929,243897903,140465042,355562,108904296,2015253,25611588,79595,5349058,29414,192588785,603819,190222749,231280,13138,0,4498050,130346002,483519,26757,24353089,178354490,165139177,320758,289141,74737047,164365383,245299,36505,135990,0,2095620422
273347,196787168,139214309,370411,109892307,1807619,16450300,4324562,6471284,71425,189943215,1416521,185764329,3195155,41959,26483,342782,147915484,6135662,897472,51756252,176246377,146449479,668126,372650,84782744,164790395,258042,560065,184691,9767,1615265221
329639,175637146,135323684,353713,107327637,51105,14318340,25731,4378279,15325,187022772,0,175100752,105171,99936,0,37303,119371041,248718,32919,49567479,176984572,160951516,308687,265392,100176437,167928085,203128,37974,1402552,62920,1756419601
6051556,215763196,135753904,390255,104078272,14707,16544070,53592,4757497,105848,188816589,77436,177448246,218627,107847,0,35990,123011236,182837,23761,23668905,181102331,148210513,314655,316012,73167988,171845051,246603,20825,585419,137393,656497157
349649,224260922,141170303,360267,106274902,16616,14611902,411813,5127804,16739,188506694,71072,180419418,407729,140689,294862,341539,131020298,169074,25702,33631345,174346058,147375128,324523,305127,73217972,173140499,241564,6435,38423,313289,532587473
500717,154247656,140771011,339813,112929444,27238,17226163,10668,4954191,66905,195880850,77353,182467122,219394,57371,105435,94844,129563084,3778212,18749,86559725,168523616,164101540,318693,330394,75361669,164068197,228506,2796,1246243,0,331465890
552062,176268186,136942910,345597,103840528,25043,16243437,18154,4899731,13050,192806862,5235,177597155,1078677,126066,0,207970,130627470,244178,23962,17082513,169097357,154591714,336530,412138,71278691,161715362,242533,20040,108052,5747,267070182
371096,209682657,142202310,374012,106898787,0,16038569,15094,4625341,88723,194805790,0,179622212,195716,68188,335786,113439,129426547,341422,14189,57584254,179866312,153149383,312254,315277,78172410,168161226,221053,10731,136030,20360,402584594
155631,230592386,138207722,371813,105093408,14214,15808508,25517,5028202,41567,186626551,55083,179538636,101308,303256,46413,569076,131865105,253347,10395,75893839,161401459,155792168,322632,293374,74194232,163085218,256279,7999,938198,0,370311152
311098,203887753,142739786,337997,108613483,38555,16062443,34985,4251003,26485,189103654,97489,173380477,308456,29938,25589,320938,130767902,138103,26032,25675869,173500810,163362143,320446,346329,73901789,173045371,250379,29199,551403,0,336270284
690240,248542309,135521212,348915,104165703,890,15409541,53667,4611161,32988,178535552,9283,178292511,283180,640518,19978,245720,120540954,237203,20394,22875206,168560585,202459539,328837,2774774,72709379,155596494,233470,3652,1013370,67509,258473411
1150170,230173047,137142142,363472,108259725,68620,24085387,1128565,18599704,268068,187002221,159306,187875692,386102,84612,0,1761121,132409489,991403,1202610,43903763,172511575,168798767,1498724,27293114,72399408,187916584,757149,1889347,552593,30935,311711638
485490,237439345,138273222,359838,106797307,12579,12917079,25472,4860741,25846,191569166,484053,183876803,126666,151843,32552,193458,125689826,468091,23023,23047044,172085585,160389135,321286,343783,69814893,166684680,221694,4843,59952,5309,390115612
2107228,230758695,135315439,345739,103410219,19693,14829824,67034,4848022,26726,185965599,0,182552631,1194088,10521517,39623,482645,119744756,1168437,21638,20185164,160912414,153022008,303262,315490,69625209,145508566,270203,9727,176193,50376,333809113
413565,191459765,140834713,374442,107861613,317189,13421977,46780,4819296,37021,190789891,123762,177787452,1353931,278579,14576,26300416,128346422,2251975,40859,20369537,168494118,158658469,319385,299711,71495416,169952618,211464,12325,42691,62652,251454515
824106,208331499,139514524,379445,106730251,10832,13867234,23513,9635884,17682,186603205,26832,178454140,170069,11775,235426,47011,128825167,491848,24648,19484001,160882850,161222074,319513,300064,71814707,159542943,231008,0,165469,209126,482323216
641317,248138975,138770538,331080,107859431,98937,14534281,57271,4999871,79844,184607525,1159624,185618663,69516,346952,41352,15140773,137917659,940591,51864,22401072,171539896,163564678,346819,310661,70817496,172321708,227589,23943,2257,36863,238839949
894483,208118000,138766377,350248,107220103,18922,15415535,1510,4743953,31132,182620870,243909,180232674,186852,38101,208591,8076128,132510943,432844,23299,23114237,175359876,159946835,320131,347526,70675034,164722658,232686,13270,209597,98811,291752555
305708,230191493,138553853,351694,106695799,22213,16324120,4179,5261509,207833,194199714,19120,180079474,104712,449682,0,228589,135272988,541744,25934,42970421,171040728,153971795,315828,308875,70360824,167428571,228418,27576,1050280,222497,295281058
296116,211828562,139523216,337764,105573323,4757,14591554,0,4995899,17427,190026534,0,176954087,30635,269404,23071,2011116,125728813,597757,18655,24141389,161731742,156798628,317363,278292,72060580,163396401,267821,2609,1074059,22223,293015816
351199,187002815,140146251,343275,106819948,75035,13853639,33036,4454793,489877,190546504,2171,176003503,68412,176055,75477,9663477,132684727,241036,708759,20767073,158881708,160913182,303807,306684,71851829,163039784,262309,8227,270065,5663,275331215
6755041,195579409,143642557,902916,110516799,1216702,36810204,845157,4639516,8662843,194000711,2261894,181982603,355000,35487,93645,12165101,160651056,6168343,3086584,48714053,192537656,163348383,2518679,1350124,77523975,179545743,278308,123732,965386,87235,202396792
582621,189124459,140224533,373053,106950576,108701,14228441,2939,5072278,65610,190237289,268675,182519064,106048,223300,317768,16597523,128728551,394554,22421,20109404,164659533,162339216,315103,643806,70457207,153800927,211929,8717,80464,150231,244032704
419454,206010476,142410891,352469,103995067,1745860,14675245,6915,4817997,16174,188151415,0,177302259,102202,110755,317607,996499,124934367,210359,0,28186202,178481765,165476351,305914,296278,71412830,158209332,191331,6356,119624,2429,166961429
464042,205721850,140276575,369900,105354789,30264,13738781,14049,5084044,13542,192593165,36593,174459982,38298,244560,564774,29213,120920778,201985,32163,21491036,177688610,161832525,312222,330547,71347608,161687566,181826,0,70051,44190,213185096
690377,215620486,138855113,372438,105612725,12807,11214187,10461583,4394505,33022,190269049,3990,180962540,76688,38921,111564,212020,124150335,171065,12939,18361990,171832235,152866014,326147,308765,69960621,166589959,221358,22589,686889,112816,180281453
428347,234083453,141468800,359188,110318724,69313,16139481,7408,4931625,33310,194500400,175341,183448740,75133,100414,23558,3145148,124357256,477748,26736,24152178,169571188,173008408,317623,307961,70243312,177691733,236735,0,1203835,66058,253683931
724445,197102771,141415419,378158,113405935,33067,13632445,5380,5384094,45587,196191013,15902,178799484,76062,190276,0,36605,131787106,143249,12256,18912922,160184973,170113410,313782,305796,72918992,170051994,228467,11130,1517492,0,168618916
771430,169352118,139842672,340296,103526276,113741,11734641,10587,5190743,142694,192390687,132779,176761520,232093,584304,0,13903884,131295035,589722,1091,33405397,185493800,151399854,299613,298419,71043177,158996862,215894,15258,126502,248441,304220060
337559,185930556,138975087,367410,107825867,12906,14518044,21563,4590341,15639,195850559,38673,177461834,355920,56802,178625,13003706,128183957,2896071,22932,22452254,166683310,158050367,343237,302167,72166316,174864838,212835,15347,768581,60349,103643238
438611,201479906,140345850,346992,110401424,7188,12533712,27655,4873232,0,190545698,20001,180059127,115789,90384,0,190251,128586232,384386,43984,17514343,161094535,171007982,310960,306176,72144594,166286140,215848,1679,1552593,29563,183738754
503415,228987654,138928051,355578,109306551,20720,14674315,6470912,5870354,18560,194367428,45507,180111173,1988973,121431,16644,193924,132605229,2576796,68070,39144834,173134994,166482164,306074,344342,78728643,166982557,271108,6015,1396524,42898,273583293
399234,185363494,143404955,370234,107692397,119875,13989190,66003,4578419,27976,192663012,341164,180787328,708462,143159,116240,12852143,130716300,330295,20212,18600051,160371153,157035331,306534,333252,74326053,170802619,191810,0,101705,83497,213337322
527025,224178131,142615538,354215,108515817,17751,15233747,17333,5202076,23057,193852856,15396,183624166,51538,159742,0,1269628,129673957,221051,22594,19423289,177633670,165810738,324338,309050,73607055,170061000,222413,8652,125197,14230,188183774
231104,207580628,140768314,360860,109257394,21221,11944998,10822,4763173,0,188735212,22603,181943854,74045,106608,100930,399672,133572776,5262243,17929,18463984,172096076,167922538,333257,288211,73600544,170120819,215590,0,90837,192996,264947614
445966,175798594,141128759,336877,109189047,46729,15837109,1514,5015024,33762,189114658,15695,177562279,90910,267962,4643,24732,116258359,179316,15824,21719986,162800967,156885521,306954,273296,78236944,173596086,201071,0,745393,282744,209446372
258731,210581285,139825629,353353,108049314,12155,16540191,44807,5167320,15202,189790959,71070,181702116,27818,90901,60495,68724,128159976,16148627,33560,19872623,173547300,161723101,325226,277257,73008310,164303825,222522,12661,1400704,3612,269678949
607041,177905588,134947596,366043,108886476,17137,18131059,14650,4804086,336174,184792569,139684,177297986,101539,82346,0,68622,118416403,346049,11894,22616986,162776092,151677621,328793,329217,71564029,189381083,223300,8929,344489,45690,256937952
254579,196664225,140956342,363242,107437505,15813,15581188,18900,5056514,41195,190511473,385269,188929556,19162,332940,17962,474210,127948903,362605,24982,36785422,166945215,165603512,309541,296532,71280908,162421364,220652,14779,90283,31044,384182455
120970,175359077,136588158,336382,108522360,7676,12851267,27196,5187762,31897,191326778,349639,183109249,143617,176431,25189,190400,124553659,178719,0,27187117,158815605,151028741,326814,339390,69634382,194262573,217600,0,99813,16147,152445493
484834,206700515,142581880,349707,112707397,106043,12868731,6968,4684737,16892,199143324,516141,182584014,16853,4703,0,45748,131174554,178593,18656,20311823,173821882,172027852,303535,293421,71247638,167747842,232303,22633,123992,32173,153942736
6153201,205332297,138969555,390491,101112961,6811564,17784207,33740,5784454,43519,195406067,259883,177297008,1317229,0,400622,1373330,149623739,5356111,43702,44666887,170516698,160506763,329821,1538981,74616579,167573057,234084,718498,110206,16297,293986647
423507,191494447,140065917,347391,109736838,0,12264784,69568,4920927,0,191931514,18200,175076983,40162,617127,303749,74102,127651750,638702,37595,17392448,165725706,153511055,331328,297658,70047386,166176270,219383,0,77219,177118,141461327
529534,217297629,139123208,352189,109387868,0,12298888,12403,5167731,5680,193389852,0,176686740,39887,334819,100100,432079,124880626,742723,6037,20389416,165623962,163305680,306795,304467,72969456,161939879,212463,3063,29900,78145,257340153
786740,201112807,140932245,334787,111664660,15664,13046575,8134,4601486,0,198273104,14724,182902381,111586,266566,468873,890308,133716654,2800778,15402,19523158,178687542,163841554,319970,298380,72789763,165469344,211101,0,193980,51111,238048536
1098354,187387589,139932332,704094,106466279,9370,13751599,47108,4453389,269626,187649260,297891,180360002,118747,200712,0,1123639,124526295,853305,4488,24621792,170768015,167329066,329171,299184,72872178,160612249,246259,1294,237343,471603,158406787
669212,166559414,139836328,352433,107705535,3811,12071807,0,4427278,4635,195848768,21823,179895430,87434,274155,210457,30698,122494256,883882,10495,18518832,167016281,163443134,314741,295045,73810893,160221535,223477,0,78692,730128,201004357
435601,256677489,141644890,376509,106690915,0,14113159,22695,5076957,5536,190839327,59393,179078797,154386,360255,25228,122091,116561408,1394858,1288,24232176,168016717,162170901,300948,309202,76443762,166407759,257637,1274,157399,2341,335371607
556998,215300863,137186968,348061,105876694,0,14005965,11090,4874616,28977,191021750,16100,181368963,150339,1376212,20133,657306,124207487,827487,10555,28019540,170812507,168804013,309269,316319,70194707,171179518,176400,12650,35395,58719,183395841
508628,197888863,142568894,372383,107971702,23979,16714870,8835,4735230,6257,189807555,14588,175084092,297877,214223,84820,1349126,124634172,272152,10690,27090215,162507126,148610786,325787,332393,77315585,159673839,266796,8706,108927,221095,198832262
842004,191090229,138545526,358896,105009730,14171,13877216,10532,5492271,4992,187544422,20871,185449128,114222,291596,90821,175931,121646563,121969,9935,51546570,189878814,162969789,323854,313905,71028317,179694537,241628,0,240817,0,181629062
5695256,158328978,141260091,351202,111144248,2426243,14116184,433982,5105766,34398,199960851,82416,178788143,104111,1262832,841958,237739,139715187,12676793,3816462,43441400,179008724,159067531,316761,1784843,77481058,165948374,247663,10076,172737,38819,303515025
350504,212114309,140475255,336738,108966939,9453,20146402,22443,5012538,23636,191521787,49776,182759096,126932,175579,3920,66018,122694761,578222,3782,24931423,168589107,149985710,311246,280526,77694341,165646915,239429,2883,262535,198576,223679718
485572,197880774,141895156,364895,110859290,15971,16228251,4184,5285625,31907,194438402,8803,189240676,119127,225945,3071,600103,131912646,145967,9109,20705989,169178348,166822408,314431,309606,74314371,168988989,231810,15084,190007,227257,275818890
496652,201582685,142040012,371050,111213829,54360,15268797,6287,4549431,11946,194729924,0,185561320,77926,205988,75160,9582,126505280,326254,12904,18977441,164396381,174246360,320509,301857,73721196,171208547,216393,0,198165,25668,193611279
912717,203381201,140321967,340330,106295320,6253,16314075,41968,6068496,15894,192161993,21399,181715676,91624,66394,13988,438017,129978185,539070,8267,19677648,167233291,161060216,307024,292006,72314817,162141743,204629,0,275614,163800,168481576
389700,207845159,138151703,363098,103569508,31638,12372204,28705,4624070,14056,187208014,38043,181863928,86182,122811,13588,0,127880176,129510,10271,23465567,176592331,162615154,321842,304983,70630437,163998677,212027,16047,76525,71466,274996262
613738,202464076,140469293,364071,109727623,10392,17071048,2703846,4502829,21373,188754941,0,176913170,87276,555488,16578,63487,127562541,518240,6909,26730701,173296242,154132056,309838,375032,73151590,155378967,211036,7093,153420,22049,102616381
