1102542414721,1507405654988,2157623888888,1479098376677,2149472746430,1249260070340,1662296508001,1236273458714,1906048736764,1257692269797,1646280585057,1162203628999,1196792941799,1162178335516,2077046050585,1152164414501,1192549350235,1261085893560,1595177691443,1424272104182,1545531352286,1349239845967,2052042662042,1502729527325,1307808470730,1220899964109,1157181028387,1389529872569,1333281979020,1108777551389,1093536075617,978141164896
1102571505922,1508000690700,2158305691148,1480058187462,2149996545928,1249847832173,1662390210567,1236705940989,1906273744375,1257694478222,1646854571018,1162211767155,1197330046982,1162180169022,2077060168202,1152178009536,1192630573410,1261512207280,1595261247161,1425114980563,1545740565918,1349792311605,2052486746805,1503638838034,1308641052518,1221303742281,1157655339365,1390365170995,1334159368359,1108779388445,1093538891364,979005680023
1102596147308,1508607567886,2159030532985,1481061929103,2150580698618,1250420730943,1662476050929,1237216873121,1906563250739,1257700642086,1647480809011,1162215763000,1197949650749,1162197952936,2077069893807,1152181851457,1192657364859,1261944426127,1595272971407,1426002702919,1545816804389,1350381859428,2052959475057,1504632655721,1309523048205,1221748893856,1158166008157,1391294051013,1335113192117,1108782565377,1093541554220,979686731847
1102622396406,1509166040288,2159762924056,1482048895381,2151141049834,1251086300401,1662548372010,1237622051674,1906832413883,1257760358253,1648125061976,1162257107807,1198575965741,1162219396073,2077091679710,1152214599141,1192704783831,1262397327015,1595302266590,1426863141265,1545917397761,1350967087265,2053404732494,1505628461228,1310378877602,1222200462231,1158643001797,1392214516753,1336051741126,1108810628672,1093549312191,980176631814
1102645281683,1509705184681,2160488638534,1483020609360,2151685544759,1251650904921,1662629172892,1238143656280,1907139523699,1257776196857,1648743507514,1162275902324,1199195172725,1162220971632,2077101966154,1152220572955,1192715026474,1262806725114,1595323826802,1427698356783,1546004753866,1351554100169,2053875715531,1506589955859,1311246469015,1222658715425,1159122274421,1393118052474,1336965402917,1108817807743,1093553396699,980720698651
1102680236653,1510267252613,2161209459046,1484000938452,2152222629016,1252186512544,1662702469572,1238584428186,1907416521344,1257795452617,1649383564130,1162281341126,1199805140910,1162244331110,2077117185136,1152223267292,1192723985158,1263237639683,1595346432736,1428559116850,1546105847729,1352137564884,2054325920763,1507566241569,1312114175774,1223094018606,1159623100673,1394033678163,1337901441363,1108820179520,1093562835398,981007850862
1102702414009,1510846670792,2161969939161,1485005372746,2152763628949,1252780720945,1662771109467,1238949633506,1907719845152,1257810746368,1650027509995,1162300325391,1200416734393,1162246407243,2077129273285,1152229659762,1192737773927,1263678060801,1595368233801,1429426912770,1546221733895,1352723884346,2054768093320,1508546614030,1312965534811,1223539222094,1160127130042,1394958997547,1338839575542,1108827899057,1093568383164,981260346533
1102725639098,1511386637042,2162731058284,1485991049378,2153339639543,1253470922820,1662849087735,1239397764644,1907967783479,1257827477416,1650678489834,1162307120484,1201062233429,1162254371093,2077139458996,1152233297964,1192749266947,1264117246116,1595389774973,1430294547724,1546341051663,1353313171040,2055246621072,1509536189641,1313865589589,1223989494104,1160616819193,1395892833308,1339793969485,1108849829539,1093571262206,981446298381
1102749587097,1511931362668,2163437257282,1486979181315,2153909382957,1254168526460,1662924636534,1239791738587,1908239213197,1257844972447,1651327798945,1162336867840,1201687317744,1162264004860,2077151272310,1152236602577,1192765459392,1264555175099,1595405815098,1431149949154,1546425445233,1353895536870,2055707299822,1510522585655,1314744148520,1224427795076,1161098092208,1396811063173,1340724624869,1108854901950,1093574478388,981583673709
1102772046768,1512500608733,2164214521362,1487961034734,2154452893343,1254718966628,1663001065686,1240274219676,1908631904182,1257859251299,1651988609824,1162356323556,1202310056964,1162276671577,2077161974129,1152241317874,1192779377123,1264990982946,1595418301436,1432037440695,1546577351949,1354489678575,2056160831178,1511515055690,1315607841902,1224877322963,1161596192016,1397725892760,1341668390361,1108863835664,1093576426292,981764559932
1102793491525,1513076772296,2164937159274,1488952245207,2154995590077,1255270048530,1663076080813,1240712458940,1908882730560,1257876591276,1652621918199,1162361893619,1202931094529,1162293138240,2077172943186,1152259401266,1192802645636,1265434957221,1595430574371,1432886888339,1546721008205,1355060910284,2056608560254,1512503248553,1316476647346,1225322823081,1162088155292,1398654520303,1342606723990,1108871737654,1093579930567,981915970053
1102816215090,1513650448411,2165701033400,1489944744111,2155535542823,1255890357734,1663149317280,1241160766705,1909253397747,1257894190284,1653270410154,1162379357008,1203561262211,1162306858829,2077183581095,1152263442050,1192816745887,1265873842767,1595441915087,1433771482269,1546831945603,1355651947951,2057064179265,1513492673349,1317371465138,1225773230987,1162590144304,1399594300508,1343551255008,1108880398510,1093581878615,982080807829
1102853526736,1514238285194,2166416478407,1490932747829,2156084920734,1256430438941,1663218644298,1241556344199,1909454725897,1257912232623,1653893527936,1162402563096,1204178243326,1162311299443,2077194188936,1152282030839,1192826705299,1266287132270,1595455247422,1434633524122,1546935102364,1356231419582,2057544892370,1514458504186,1318226974653,1226210885369,1163062021454,1400488530167,1344470042089,1108884238503,1093586982401,982230689151
1102894844477,1514815212576,2167140009584,1491909464671,2156635475563,1256976626386,1663311772877,1242046700625,1909879557428,1257951233020,1654513718284,1162444996774,1204783674582,1162359251414,2077222660062,1152316704326,1192863452117,1266722107624,1595485397014,1435455653189,1547059506555,1356807323931,2058001929662,1515437069925,1319106835143,1226639897842,1163571518079,1401388418622,1345380512499,1108896820385,1093606128822,982378391384
1102917905311,1515420111956,2167881687167,1492889065665,2157185883567,1257555336095,1663372256115,1242504552986,1910100611337,1257969657087,1655144018808,1162460508531,1205412551559,1162365204456,2077233844754,1152322595113,1192873113162,1267146224331,1595498597439,1436337863826,1547161262908,1357389223216,2058472734394,1516413984948,1319979134428,1227075570435,1164056780297,1402312532141,1346314679460,1108912694075,1093610020710,982554978501
1102946378779,1515993543187,2168609683076,1493883441565,2157738150563,1258044809142,1663460771533,1242954970903,1910343202250,1257987814180,1655764814779,1162483980890,1206036922004,1162370049170,2077283780895,1152339513094,1192884591571,1267558795679,1595511887062,1437189259044,1547253735181,1357959790553,2058927493751,1517386039838,1320829395886,1227507207724,1164516735190,1403220967591,1347242001471,1108916119875,1093615752931,982698516726
1102969521117,1516549051487,2169357168712,1494877169333,2158302391493,1258702909607,1663527815687,1243333589539,1910781941171,1258003820874,1656405134392,1162507299087,1206657567176,1162379903240,2077295959254,1152349093495,1192923813641,1267989062927,1595527462238,1438044383637,1547364248850,1358538909999,2059378972354,1518358994741,1321713479455,1227949977205,1165009934772,1404142049960,1348182167551,1108919694223,1093618479838,982834311561
1102997851768,1517118394160,2170090651857,1495878744644,2158892537837,1259266787277,1663590448094,1243798806796,1910998949423,1258023217349,1657047491249,1162533703859,1207270836966,1162383484015,2077306739686,1152355184706,1192934434241,1268426962358,1595537688830,1438914098479,1547447899518,1359115164774,2059841237862,1519340639175,1322586772378,1228396311189,1165491862839,1405059448344,1349125153215,1108926665856,1093620461372,983032049427
1103023756067,1517712336834,2170851252167,1496874385082,2159460032429,1259890534116,1663657295420,1244168308157,1911233791796,1258044663763,1657684909866,1162545202181,1207906609236,1162389045153,2077330993759,1152378701204,1192980782353,1268879797607,1595557757774,1439769212436,1547527199478,1359704581171,2060299810191,1520333974984,1323468487298,1228840181006,1165980439286,1406003693214,1350074667205,1108931606487,1093622845473,983169070821
1103047755926,1518279094347,2171570424607,1497863497178,2160016314986,1260451999894,1663727962557,1244678986456,1911735729343,1258064409179,1658318080381,1162547745969,1208544844984,1162396665361,2077354582920,1152401106095,1193026124942,1269310657775,1595569626906,1440638782899,1547631293253,1360293074241,2060764375785,1521320404014,1324341760758,1229281212611,1166476408694,1406935408958,1351008655019,1108938121324,1093625525271,983326307285
1103070387241,1518864165455,2172319792537,1498856390962,2160574914780,1260979480329,1663804698528,1245133892933,1911963236701,1258100836423,1658964422634,1162552998726,1209163226988,1162402807754,2077381619234,1152403326334,1193053668425,1269752045907,1595584196633,1441509876541,1547753393020,1360871521146,2061213517716,1522295758687,1325216302649,1229717598997,1166974210519,1407855561345,1351948473294,1108945773534,1093629746456,983476612589
1103092997252,1519427454407,2173038413222,1499849622980,2161089305416,1261547700641,1663873282418,1245487826134,1912171957607,1258118809607,1659622369651,1162561077056,1209772796800,1162405718912,2077406328963,1152424170517,1193100214242,1270193295437,1595599120620,1442365439737,1547845470147,1361448614111,2061665038979,1523273407788,1326088722258,1230167396604,1167467822727,1408785098529,1352856128454,1108952942164,1093630932977,983628942506
1103113962912,1519978997989,2173772643053,1500847496469,2161636585324,1262083177310,1663937924399,1245986394497,1912408304520,1258139615012,1660272279468,1162570951786,1210393982944,1162408894456,2077429107970,1152444190544,1193144262762,1270631184207,1595612642921,1443241600320,1547938550346,1362020499300,2062128750448,1524265672989,1326961186665,1230613519015,1167958035235,1409693577748,1353838673433,1108960357900,1093633196675,983798336606
1103161838055,1520534676627,2174515739787,1501837432059,2162211771268,1262649986827,1664037587072,1246467761571,1912973372433,1258198308100,1660926358059,1162598786276,1211027804731,1162428492374,2077447604185,1152480147059,1193196675218,1271088178158,1595661716504,1444129449887,1548050765098,1362621811165,2062587184104,1525251893052,1327852335985,1231059572833,1168461019783,1410626498892,1354770677361,1108977812436,1093661854910,983951383552
1103183924643,1521089234468,2175279391428,1502830090950,2162797109657,1263218381843,1664101706357,1246930847354,1913197694000,1258217136192,1661567901159,1162624364422,1211666986759,1162432422019,2077459168567,1152483598409,1193244524940,1271526443205,1595673873076,1445005768959,1548142131020,1363198926924,2063058644332,1526217514718,1328725369751,1231497370947,1168938615939,1411551158484,1355726711029,1108984326069,1093666284727,984110863916
1103208203310,1521652894516,2176026690566,1503816489765,2163369057353,1263822788522,1664168980692,1247304415420,1913403848033,1258236588145,1662204531460,1162647307703,1212271887553,1162439574804,2077477574454,1152487054079,1193292073495,1271957710685,1595684224864,1445871622823,1548263094020,1363795561696,2063531700421,1527216626902,1329594014617,1231939502375,1169425729966,1412475474049,1356667123525,1108989635485,1093679527439,984233485270
1103230978036,1522217943603,2176789963349,1504805889824,2163918243718,1264390475002,1664232214075,1247721359900,1913644677794,1258266967142,1662856655248,1162650576097,1212882098249,1162444010350,2077488959022,1152494152930,1193304325815,1272383389259,1595694399936,1446753652041,1548367729835,1364389198595,2063987096830,1528194056258,1330474980479,1232382170411,1169915935107,1413394584659,1357603888493,1108996146370,1093694855541,984357568564
1103256192873,1522788421751,2177514231116,1505798182890,2164490397395,1265006964255,1664289517300,1248132877140,1913916725605,1258288048387,1663490710848,1162657648471,1213507453882,1162448493094,2077498978955,1152495728702,1193348381166,1272808731570,1595704658080,1447610670997,1548450756643,1364968178976,2064442076273,1529189817164,1331340129094,1232818683407,1170407153570,1414316383382,1358531506836,1109004113867,1093710280471,984496413601
1103280275741,1523379530920,2178277848556,1506792688717,2165070937974,1265619099700,1664365767367,1248595738336,1914657387733,1258305930143,1664145233485,1162668352441,1214142255944,1162452133804,2077509693093,1152515155420,1193395346618,1273241979398,1595723770461,1448487081278,1548544380317,1365550726692,2064925330242,1530168661103,1332225824028,1233253556621,1170920887475,1415242765761,1359473320127,1109011205403,1093725782731,984624740086
1103303258266,1523954084747,2179030778125,1507789860822,2165627044155,1266226081491,1664429904678,1249065631921,1914891584307,1258322980544,1664808661068,1162671526753,1214767252726,1162459385294,2077521345743,1152537863098,1193410303301,1273693872002,1595736188223,1449364426953,1548636664126,1366131692827,2065397536337,1531174911180,1333120946673,1233707725618,1171412760091,1416195340865,1360424596043,1109018073119,1093739381787,984733168484
1103326103470,1524488621324,2179778809680,1508778388857,2166195169216,1266963583122,1664485959110,1249376253190,1915096911425,1258340094386,1665437990547,1162677539025,1215373138507,1162467146558,2077534405495,1152555869476,1193465333033,1274120460904,1595749527453,1450208493991,1548727463743,1366713867996,2065839681524,1532153713047,1333986562631,1234138882605,1171895884304,1417096641983,1361347720330,1109025347619,1093753292464,984905393542
1103348196158,1525046732088,2180502366482,1509778285652,2166738730004,1267516476025,1664559888959,1249906665536,1915306916708,1258373601082,1666106305974,1162685655820,1215995472400,1162472143769,2077545527024,1152559724572,1193511410695,1274554007084,1595767941016,1451090108129,1548813911607,1367296381817,2066305059311,1533136839759,1334870971939,1234585434730,1172394039232,1418030620269,1362282649157,1109032084521,1093767997054,985007976849
1103369480134,1525614323879,2181260623470,1510759334803,2167294056775,1268109031656,1664617976574,1250381625509,1915529971269,1258395465164,1666751272272,1162693082293,1216632744683,1162474998680,2077556282740,1152580293377,1193525920217,1274990393614,1595783475890,1451950406717,1548907898448,1367875540185,2066780639722,1534118810802,1335768746562,1235032640619,1172882258725,1418971586751,1363243245478,1109039939149,1093782216721,985136756928
1103403480771,1526188143080,2181965026498,1511742629659,2167840771112,1268665890376,1664691931471,1250827380714,1915778272003,1258433976295,1667392096040,1162709330054,1217234814526,1162501988483,2077572357254,1152629215595,1193586039496,1275414514259,1595803351681,1452800922306,1549032760430,1368457404796,2067240127750,1535112210595,1336631842336,1235486531974,1173375608648,1419894249551,1364173211817,1109078129942,1093805442716,985283025996
1103426171165,1526742996662,2182720221627,1512736302898,2168436759144,1269265949019,1664761935514,1251294626395,1916614922156,1258455784477,1668048275665,1162716899975,1217874454477,1162506028921,2077584937888,1152653095830,1193607486064,1275854401084,1595814923501,1453675271836,1549111185509,1369029872089,2067704569141,1536089377569,1337506394171,1235929548684,1173878535248,1420809742408,1365118933525,1109084237987,1093823076081,985413343195
1103458748635,1527333636131,2183466194803,1513726734784,2169000115155,1269876289234,1664841672702,1251762835979,1916868280849,1258476400415,1668695249175,1162722223260,1218526279992,1162510889573,2077609471793,1152671801506,1193640567403,1276292434439,1595825290220,1454555397628,1549210655845,1369623737347,2068172688740,1537078946915,1338390145899,1236369129597,1174373182343,1421734401471,1366068191394,1109094357092,1093831841211,985536442767
1103479995866,1527903021987,2184222115469,1514725159655,2169545219843,1270550923433,1664909843044,1252150283235,1917105926338,1258493987845,1669338598242,1162733598667,1219158915363,1162513754331,2077625778678,1152692403221,1193654094541,1276732171206,1595868178772,1455428545752,1549293234233,1370214153639,2068653436741,1538071636205,1339265247830,1236816562921,1174875895731,1422673245648,1367003695094,1109100168420,1093838988001,985672702002
1103510437891,1528447698158,2184963485415,1515729766352,2170111066623,1271199353230,1664982185795,1252615796742,1917321015027,1258517097040,1669984626587,1162741503695,1219783884036,1162517382980,2077638727152,1152711117722,1193675808081,1277153602904,1595881287462,1456309763172,1549386802028,1370793890621,2069106106312,1539062766754,1340148783498,1237270506590,1175376308916,1423607497641,1367945989365,1109108630747,1093845825971,985797788978
1103533049794,1529021339277,2185713699461,1516725452364,2170689646996,1271835701726,1665057839943,1253064680842,1917525860251,1258539611000,1670631775736,1162748480894,1220409620197,1162520942027,2077649850555,1152730728406,1193688942895,1277585738490,1595943279511,1457164195146,1549490670953,1371379791687,2069568094327,1540044689540,1341023747201,1237707753613,1175868575133,1424528709434,1368881194561,1109116847186,1093854142500,985932284889
1103559474593,1529564929770,2186440221895,1517701188677,2171259138544,1272446285481,1665141699327,1253502229658,1917783599468,1258557122151,1671261373268,1162761909860,1221032727160,1162523787440,2077661478508,1152752052280,1193700031230,1278005546603,1595954860467,1458000682071,1549603885600,1371951246740,2070011415628,1541029108035,1341889583259,1238144959115,1176377461216,1425443049374,1369799709818,1109122655729,1093871733715,986073981271
1103586260427,1530127879862,2187177385551,1518695671575,2171845481409,1273113284393,1665215930836,1253867384714,1918054520571,1258574187561,1671918079024,1162768049874,1221684260810,1162528199123,2077673384903,1152772249657,1193719768646,1278440351119,1595965414798,1458881479329,1549706380748,1372531084343,2070478214818,1542008490101,1342775559887,1238586778330,1176864910311,1426383327312,1370742130358,1109134243123,1093891617614,986236732842
1103610427885,1530672475078,2187889473322,1519659127637,2172413948204,1273742941281,1665275204255,1254306754305,1918741207572,1258592588233,1672548954365,1162773806614,1222317288538,1162533219256,2077686345023,1152792998766,1193732300047,1278858874953,1595977228102,1459728698804,1549794849739,1373095242262,2070930703351,1542981248324,1343656923769,1239018826707,1177366464874,1427279364612,1371671272684,1109143157667,1093907299106,986345707161
1103636193883,1531254944985,2188648818853,1520659432388,2172997698502,1274358139527,1665336404508,1254868022890,1919213210350,1258614209515,1673210538465,1162781245674,1222951352521,1162538099469,2077698461306,1152814576515,1193743929403,1279299467935,1595991615979,1460613938788,1549885368056,1373684125934,2071407992250,1543976614526,1344542105107,1239459654823,1177876542751,1428204654771,1372614035812,1109151443534,1093956340343,986471714416
1103690319284,1531807554840,2189364715042,1521645023798,2173530848921,1274954324565,1665431554669,1255186111850,1919447566006,1258655736379,1673838471185,1162808889354,1223553094761,1162574621686,2077726419865,1152868550587,1193771293526,1279738743350,1596025093490,1461475705373,1550005565499,1374262357888,2071851526119,1544949436868,1345397063348,1239895611427,1178357751538,1429103218653,1373550594388,1109181329543,1093985830142,986639842250
1103715712446,1532368830723,2190101799570,1522634862938,2174075058461,1275566026176,1665489924440,1255652670323,1919680843150,1258691394931,1674488817850,1162817981274,1224160635281,1162578441287,2077742140875,1152874123519,1193784714319,1280162690728,1596042409374,1462338139492,1550106357742,1374840061426,2072309082034,1545917023813,1346283652022,1240333306494,1178847753184,1430016126259,1374492354350,1109187143996,1094032249623,986757200913
1103744714087,1532945374797,2190842332568,1523628484756,2174618973752,1276148572236,1665553583261,1256072764985,1919905212302,1258714405942,1675131927944,1162823901069,1224783461155,1162583059732,2077762980013,1152892760620,1193797703755,1280593802677,1596054601684,1463206914141,1550205507706,1375418779802,2072771806765,1546904684071,1347160641383,1240777828610,1179329762870,1430945714363,1375431879405,1109192766145,1094081381586,986903145318
1103769578477,1533521356695,2191595195213,1524617010020,2175179229887,1276861385374,1665612527329,1256481316851,1920138627784,1258730670981,1675793297991,1162831016269,1225416982859,1162587486171,2077775451907,1152914978132,1193811778693,1281048285429,1596070496803,1464079192169,1550279885799,1376013841646,2073255121013,1547900486486,1348053417058,1241224533516,1179824748269,1431866526380,1376373366158,1109198580726,1094094299508,987042884570
1103807633049,1534072269781,2192352767897,1525620895228,2175754419915,1277467902277,1665685567878,1256916128543,1920360569928,1258752427092,1676427364720,1162840496922,1226033785323,1162592438382,2077787168109,1152936044016,1193826597785,1281479794944,1596083429024,1464947053987,1550378644641,1376594221439,2073721317326,1548871590647,1348929877868,1241661056572,1180304991791,1432785857489,1377319838743,1109206634192,1094139221719,987167238798
1103833171360,1534612487745,2193107062797,1526613199780,2176310266242,1278117882246,1665744757686,1257331115073,1920622635844,1258773721406,1677084074935,1162847519556,1226652481832,1162595277688,2077798871158,1152955774593,1193837678227,1281912790083,1596101281469,1465821286712,1550450132953,1377178998418,2074185582326,1549868178965,1349812309387,1242110892247,1180792084265,1433712169247,1378266593966,1109213650673,1094185131546,987296473881
1103857188599,1535216711616,2193869549210,1527607792240,2176865085716,1278685782090,1665812229047,1257696942576,1921216577404,1258792359652,1677735710082,1162853013606,1227279545877,1162598078261,2077821812104,1152975559291,1193854419036,1282331297648,1596122659489,1466698182612,1550548767899,1377765641951,2074663686008,1550844993957,1350688240637,1242560313009,1181278769245,1434641315350,1379212179458,1109221851582,1094187128616,987438306424
1103882575284,1535781922260,2194592715134,1528592298552,2177421918067,1279195513851,1665879264536,1258170557225,1921891986639,1258813271428,1678369109384,1162859652733,1227899893480,1162608435165,2077837229840,1152992926814,1193879986356,1282756167454,1596139055258,1467542368509,1550650012375,1378340124991,2075123788748,1551827946592,1351554564211,1242987128190,1181762018931,1435561395923,1380131691301,1109229761649,1094221266644,987578576157
1103906742436,1536352894543,2195347510969,1529586295309,2178004633977,1279871486939,1665953379851,1258626274651,1922111127086,1258832545962,1679017126888,1162866428840,1228518496593,1162612594114,2077849344531,1153020419799,1193902029668,1283182721621,1596152315731,1468430843539,1550762982495,1378926272712,2075571693318,1552826942442,1352450425874,1243444558336,1182246578793,1436501259956,1381074449287,1109236184748,1094256010142,987702028030
1103930302202,1536902999388,2196075066455,1530579159720,2178555588253,1280456163126,1666016973487,1259063053357,1922330881588,1258853659635,1679665776499,1162871271923,1229152230062,1162624445535,2077861078387,1153040161905,1193914219872,1283614800118,1596164571541,1469308886753,1550873577852,1379525374867,2076039814309,1553823830623,1353318698957,1243877883773,1182756095063,1437430462413,1382019831663,1109244834256,1094256890961,987836341927
1103967824510,1537437745245,2196828590905,1531565003140,2179133172526,1281128548094,1666097394108,1259462719203,1922552357706,1258886242935,1680320175017,1162910214790,1229783114311,1162656538494,2077891741443,1153083131987,1193940492876,1284062862845,1596226697620,1470182411867,1550978100739,1380119562699,2076493830435,1554812897216,1354197847888,1244332103148,1183242564193,1438357440838,1382958765213,1109266616779,1094302044646,987971390811
1103990287398,1538011243086,2197577022700,1532548711502,2179700402664,1281747208907,1666188819306,1259861008504,1922773733837,1258902891288,1680981374034,1162928231018,1230423232757,1162670800200,2077903272064,1153087503275,1193951493214,1284494537988,1596240721148,1471068459700,1551097373744,1380708483375,2076945317014,1555797022661,1355070574576,1244784620561,1183734076216,1439285593510,1383913256595,1109272957692,1094338117406,988111401983
1104015680036,1538580119290,2198335188272,1533547028331,2180290208245,1282394083420,1666260229488,1260318435262,1923003087943,1258918296091,1681628147791,1162943462250,1231062006445,1162679135425,2077921682794,1153110583798,1193967859021,1284928781773,1596251486839,1471929345395,1551173014624,1381295583058,2077422755992,1556784476237,1355947740048,1245232903058,1184244352364,1440220453448,1384846934203,1109278956034,1094340505292,988262323324
1104037750778,1539152222117,2199098032540,1534545248421,2180879712794,1283050833248,1666327160060,1260793610966,1923229053846,1258930340736,1682287436461,1162969340906,1231701968150,1162685256201,2077933536223,1153123091824,1193980671478,1285357512216,1596261004534,1472813206137,1551248938396,1381874910341,2077901729309,1557786935111,1356836052601,1245677311667,1184744866147,1441156280354,1385800208165,1109284748306,1094372028442,988390202257
1104065627662,1539722062109,2199863642081,1535538111007,2181456830394,1283649727437,1666399160430,1261314459229,1923513296637,1258953917750,1682945302794,1162985091809,1232323082864,1162690756941,2077944637514,1153137749810,1193996645850,1285810776089,1596270953059,1473683413160,1551329306001,1382450465086,2078368885652,1558764702093,1357715854920,1246111756406,1185231825026,1442072330799,1386744889102,1109291384764,1094407239243,988507183066
1104087322971,1540281231764,2200593229572,1536533351103,2182005641255,1284187486781,1666457473446,1261738842109,1923782110643,1258976813905,1683575609353,1163001265150,1232940048113,1162696121820,2077955685057,1153152585436,1194010173566,1286242880918,1596289705469,1474544191657,1551392299017,1383034434409,2078834517646,1559739089759,1358572660000,1246544844477,1185710777896,1442976387233,1387689545767,1109295984461,1094411014239,988671045279
1104110752524,1540846583749,2201345066956,1537525087079,2182557978337,1284773149620,1666531730146,1262223386501,1924110916498,1258997170278,1684225870775,1163020053545,1233566788570,1162702990302,2077967742119,1153171821818,1194021571166,1286681781436,1596303121954,1475414709930,1551493416867,1383614468941,2079288876823,1560721716469,1359442290961,1246984265353,1186184789548,1443896467698,1388629492408,1109303368287,1094448646272,988790149960