44642617,76164741,603538394,133144338,603727516,7505728,363158820,28734677,503771230,729397469,286685821,153272856,47414714,241672719,743141117,168625417,112531802,42374193,272790577,1326683,263768328,362182,524554551,4720107,13535456,1355178,74208647,2223335,66282814,173518255,194580666,190044625
24183813,1173668,659045589,331492373,686077014,1233786,416620897,286259,539928851,797866415,289759415,211475687,50338332,301619290,728202516,8617,119147615,103317706,294618645,81535325,293649881,32737633,551773802,1036808,26507123,961951,17246176,1914512,20318334,66804607,44188492,72867898
24139752,1316309,647132103,180869801,680849195,1166195,402517393,351956,542902179,762119449,303672676,117416604,37736257,261637711,719920899,23434010,94442774,57659637,318869481,18776500,292800107,466122744,544328706,1664156,23825582,1615305,16203954,1323030,25330739,47356430,82350290,47141753
32152871,16449711,658848693,196520644,709566130,9867041,415035865,7374459,571106098,796729993,312930412,56920281,35189401,85587396,748002010,215057582,112790525,20721245,324582683,50832121,286136259,239041756,555558874,148967409,32706506,64634674,21320109,24696714,41517798,132596482,89425069,67680702
22131961,132295185,664590962,379933823,698093370,1245054,413317617,261889,559571699,772271469,295008501,0,43202590,674485,733016589,61961,113610228,77065,328908448,4703857,294264998,81746733,556638183,108343020,13980571,105253745,16989389,1942519,13887235,98261984,60883016,270415986
23326788,8129019,666388046,504623699,709889649,1195612,408181149,276455,553132415,765513051,293348677,238367,32506238,80040,738624190,13432,79479674,82625,326209291,1154587,296667552,86325390,568733658,16646278,19308199,254244493,16308457,144388145,19246289,42634242,41913618,183157313
33610816,81193474,686935971,205098581,681689498,42428293,413388882,179626,542615366,790888871,314234149,67531,31195690,22539,736070533,28357,111434999,0,310390022,1186793,302218505,153626088,561411216,222660957,23836466,283247530,14460575,32242114,22541882,30680360,72872455,63880777
32596879,3777265,665158715,274671039,689567219,28897670,409504104,816300,552489084,761320455,298854079,61724,33821056,49978,736103604,209239,117026051,64534,311768626,1115540,289818643,171161126,555318696,80572358,27434020,465044537,31334867,111039661,36193998,44053204,72406230,38670396
33599129,2759649,658003769,187127083,675009529,116229617,396553244,1210238,534863091,788182425,300631147,108933,17784087,99346,713666229,28513,124459963,0,303527194,1130713,300682354,212196902,556619580,138449746,25444647,347255371,26657970,53861774,16820867,46426457,54770406,41797347
23941105,149815420,678011836,21167099,689738077,283833500,435390775,1788534,554556147,810082627,305434507,235962,22353018,1036884,727587178,813796,85163598,405363,314054317,1269554,288612275,223296473,547796012,120140512,26783633,213635054,28942755,34599026,26097208,33090495,48693248,46409677
25676172,129161504,687485414,59446776,715842779,106544997,436919105,76301240,565773102,818350205,296269914,71730907,16009486,57839927,763884014,822439,132139956,868116,309597896,1498009,300907582,230068073,561216385,120073159,26290079,90987837,35577043,24721860,20385946,65867858,51939011,82722819
27256572,108389130,659891887,394959840,697803728,70409999,416539824,7974992,574692816,796938205,305048439,656944,35664079,304156371,727746852,1843377,78403345,431298,321848397,1214229,300167030,179302269,545275972,5880044,25984517,50597575,15348843,4798184,32443138,32405071,57877895,30439745
34616124,1161777,684646316,477126990,715319621,94156815,430314949,154799832,567062239,790874460,314783581,1285924,13272107,15545482,747368942,206676893,125595539,2099707,326547545,1255070,298885533,144968934,563312430,50283,26576654,89226804,35008120,8889512,14964688,46964172,43218362,49668833
37655267,39201319,651420465,244228044,724283763,114794938,421092925,199644196,547585971,595598992,317892725,39623607,41056905,28054212,742641088,326793480,97018286,145259012,332614959,37075301,292702901,122209091,567979497,16793765,43505172,129618118,28808845,33537889,31718157,55264687,62898625,67288142
34583339,13377168,661480726,237707016,687325125,125745486,418008263,259476,566396063,207809995,300493855,1522666,21432165,123762,736584724,803027699,75799310,832795,330945349,27996867,302063537,81156722,564188642,802198,27125030,298124838,33067316,1577187,13370708,42267636,38175384,46674403
25269551,1785855,652159844,130507063,667261555,126873617,408028121,301165541,543781229,204907975,287768412,2344080,40034346,256257,757301283,762679516,73375405,392153,334389125,1271314,299429131,7996732,599032324,110558,31110218,295921543,17989728,1440011,23334806,23644363,58498061,49109281
23528215,4155109,664491445,147628951,728922391,1180235,449533354,216628653,560201448,317955179,291852404,4359221,31941877,757295,770303644,784550333,147478872,80064,335312486,1202988,283469649,132355059,586875409,32138,25981065,303502145,32672886,1178879,21977963,39803182,40559129,44123081
33643765,9449846,664167859,160187930,693291783,2783708,426645236,237176449,540713332,329455523,301069450,2915126,26336293,842931,743701722,778713946,82206074,452464,305714805,1221925,290248334,72661697,570172724,1334322,21535334,281084796,31303833,25697789,28200383,38905673,70754192,48293291
25052784,7492770,672652449,191057997,684357321,1600363,420123553,154052342,559754628,320380124,301059552,209084,17166573,1926460,748812271,790455539,84585761,322559,332863380,1144353,314282089,100843947,574590885,53886,24811063,300620730,32839983,1170097,13671945,41757198,61708307,39586245
27524874,8516367,654455793,159469983,682956829,1572062,420481863,136678042,542351838,342192407,293861509,639322,41105887,2560617,760397302,779273476,130930113,506215,311919531,2181965,288951283,100071689,598470424,88255,23177204,83588500,19046275,1800786,14101577,232953895,48515654,47882448
27703710,191760165,651161662,162157863,707615063,9902096,413585414,94510855,557755839,370845945,296667792,256636,26896024,2331979,761136286,606030540,88204048,416864,328839893,1793182,281658269,190447877,585235984,145279,27802459,21123,39779638,2218866,23771920,136642106,80176313,213365821
25024487,782669315,663474496,345437,704479431,95697358,426666208,219511527,580426727,470907334,300962175,219807,19178689,1580949,750685834,1748501,92757465,738512,334240036,1871126,303499065,27763692,579152381,759108,23139909,120989,19666043,1126244,16006104,40258104,81520220,303914029
26447557,103800065,659004087,786296374,694702178,174010711,405952708,140419677,546662272,189851542,307684986,1333848,47127144,215999484,739113523,3717507,113385040,1449663,303135569,1963739,295955723,53732006,548749113,400576,24863538,634838,14651518,1903204,13733124,61030479,73557625,237548113
44037408,35143449,642769367,765107765,686713984,83825682,410747662,198910412,544788067,62802417,306139944,39471651,31777764,347706145,764812297,47942901,166049702,29097393,320039984,52566987,294756034,28506221,583173472,27011679,27134151,122177042,31194651,27609659,24761049,56897513,61064480,239664935
26510426,1462950,661702865,786628889,706558156,195670353,431236502,3469708,560669997,67731,284420030,240506,25842066,115162,762054642,189540821,94534198,253815023,332591203,104934942,293024570,94148979,581229399,1317914,24873870,226008014,12801318,2232247,12847527,40900509,54740857,37216641
23599791,1610832,676160613,84656620,699123201,108879055,407658701,616171349,546935692,1452709,312611257,840472,33630960,1203316,744069480,134440687,78135114,422739544,304506347,98411478,301679944,136696410,547998844,12013588,28864673,324831576,18198523,2611047,14118502,51177391,74574508,49714811
25539148,1191942,672395790,125906,709291161,64100778,415344141,796723478,557823319,0,305480611,1782417,21242014,0,735360302,231677283,86575396,367455060,331127121,15752965,302454401,157092150,551029535,16729016,26220653,242891883,31539747,1939594,25230901,42775147,41030992,30647583
24356064,1777186,663251753,270078,703107160,182011191,425043704,761825891,545149879,1060661,301380469,999134,31026243,1044493,748501693,123979202,100554049,471779735,324711215,17733168,292850860,60328787,568638082,178359255,24712051,120818237,31075479,1705026,22795212,47216124,55151359,40059354
24430533,1626746,677990986,175538,709392645,176152092,414914245,807384547,551742060,196842478,283124131,216746,49483325,1361250,733676280,23627,87698037,237606799,319368447,1182589,300546277,124757931,561638835,58169036,25931846,225120614,13598316,1391399,14988233,45155062,67102729,45706662
25250474,1561484,661063418,688572,692702736,281701803,406337218,547549477,545234759,378799991,307571630,1659133,32443897,1688348,723961496,13935,164103372,400176272,322365709,1261087,297934211,3541386,522465241,2368728,25632783,229811009,15406719,30736846,23710717,33976253,39443654,45596181
26673070,64121850,661112990,635614,679036142,212613233,399352561,281914,536509013,771839543,306976547,2618613,31299568,1731081,735530575,112822,73697642,315217784,312777125,1235405,299964745,40576551,554241048,4236919,25317745,333448239,19760808,26866178,24461202,166362440,64543513,56088707
26790029,187777249,662506067,133415398,702019683,2165289,429770464,213212,548925752,784462277,301913231,193456,17944416,1563194,748151868,0,94068036,516390296,313316503,1151051,296960464,27013635,560855020,2771330,22280412,28865309,21351506,1516268,22253362,87501103,63564527,132473450
29652113,132344412,639083112,94755380,702831428,4362317,422665463,100541199,566191847,783231277,283340528,2124880,26986464,1443825,753819588,699133,97694139,378353776,306012951,1198427,287518137,19182400,565928148,9087772,25089542,238050456,24956908,1879438,15229856,50562698,83817847,141198256
38504911,38260347,655108874,279761990,665172923,94065981,396765425,183516167,540463713,689391840,291448302,35558643,33464319,48249773,715986688,64999577,126488140,265064207,321889064,23874227,297164569,128463553,557241148,34945031,28624776,86645393,51384672,24292800,28163121,81800598,56242289,47703328
23907363,1304107,666149874,173797332,702911355,228339511,407921115,648145868,556759150,449435177,301553651,63713732,40535544,4653272,748315289,175007071,89536464,1184999,320355100,2114707,295559031,37686362,558468338,1635152,25380986,81929348,15244447,2290133,14926515,46524661,72930591,41250955
25644819,1164613,654056063,52513,693237659,1203735,407730970,784342505,548111411,31113927,289138041,364051357,28699069,267967399,752095083,58523201,103526749,152134076,313553310,2571823,285943729,143730502,572424627,4685347,33992853,43156635,31198348,1628080,18849945,34464577,47162974,52214074
26765255,1238457,664129884,31782,697365976,1574515,406301505,780798709,561005808,76330,296714184,513329854,32075364,19755278,744758732,285584001,257574841,150258518,331137744,1312400,296645653,31123623,558339143,4035284,28492522,121454172,22579447,1499165,20078098,43122922,62762260,40851124
40055960,1219226,642749566,119565,690354254,1177743,413008299,787597549,542961214,106881,287545720,398708617,23291906,1693131,716872982,301872163,80822088,168389792,312112608,1371389,283038787,43476414,529213900,527918,22088770,168601790,12341410,1480600,20265230,37514038,69938022,44478089
33641000,1136538,661412228,0,706692312,1188204,430752500,790683644,548059080,0,300611131,420629396,27670418,1966277,759850485,40838007,96887924,288599909,313167920,98589221,292835713,69885462,562659527,5154142,25442164,164374393,33084026,1666645,15285736,40008300,51104400,37904504
27892613,4492989,666010349,1346392,710668182,1251008,439719427,783569989,558838130,134537,305174095,491251193,25462662,2248418,747588969,248164,75890185,186641501,338245224,116882749,287988147,150590158,572321568,1451242,28692771,162683882,26662410,15912716,14510436,42885372,44412833,49334654
24498226,4985645,677438301,1202936,731321280,1333963,456658359,793962177,581010479,0,318629718,497503366,25986495,1973002,747616149,509232,86463116,270426214,320749992,41905232,299915052,195889290,539745129,472836,30724746,55264178,26383934,60033612,18152192,51798412,62464244,49215893
26408970,18925199,656189904,33276163,709071323,1768261,427418473,759774649,554878436,13420,280284813,459868291,41968277,18260907,749952077,14083,92969196,283488173,325647494,19647800,293436631,110520479,583467767,1791926,25185560,160827203,12679772,2497362,12929034,32204203,64183762,55317407
23803850,1275086,672087668,91863269,704602392,1181072,418455475,784839561,552444819,61826,295934533,586034,40934850,479679029,774399748,759788,217944039,123412175,323839550,36406454,294404689,148628050,584272570,146481881,29703379,84511419,38007932,5302790,19055909,29329725,90734744,54993470
46300731,94482839,641551194,83650820,676769538,15683427,397475285,231299071,550447601,530625707,277097759,11724181,41390868,310947054,724983154,19019685,87427516,38524773,324797908,37708750,286890406,181057964,544636821,262007153,23081137,189932963,16062462,12912257,20420026,63791724,82083930,59125098
33327490,92880278,665742409,736040837,709686150,155322861,432689603,106336930,548565941,2978764,295472373,2720608,32415936,911299,745808665,750098,99195188,226890863,310304123,40587482,292710278,331065809,549820890,1684630,25746918,98265187,13905849,4876441,13652868,44889706,52400544,132091163
23709619,1760309,649732513,786298503,714589372,151144558,424436958,241373317,558084375,123932927,267140903,6868514,32733677,1569714,757579604,574280,85933585,207424081,318720022,1178613,283655419,1854117,581763402,343219253,32845995,247663,13556680,4606382,18971163,31726300,46799107,41723082
42495382,1165786,674145786,807513025,706919713,161424470,414965913,23802,567010906,306795109,295317239,19315289,18174841,75334373,753134004,2069317,80603391,248907971,311159150,1616290,292181772,82470,566321730,276827154,29172164,517022,28807371,7044712,20163695,46793425,52624327,41575527
32531821,1275066,652527106,446649957,711797913,335510525,423111661,27783504,554281023,69010677,300595421,233908080,41775114,134078353,749278219,44399516,93305669,203000927,321306325,2044524,292595226,733159,566203250,362560045,24440345,264926,15646961,11078852,24579234,41100254,59020736,39595643
23002876,1442799,649848497,33009,707326177,400518581,408704947,481673452,557709185,206942410,305723553,304243664,34086889,933421,746846857,62306097,104807887,174516333,321628434,2785118,294287391,0,536546500,318092017,24301021,233329,19613098,1665456,27352858,33409258,48334315,49833193
32268924,5877659,671163700,93939715,703048871,1179736,417074572,799703129,559848063,146632708,310475079,203262403,45334871,979791,729603988,73108790,95276351,237377013,335409755,3324512,304496188,272528,542963435,320213020,24118569,195547,14304237,1455561,20933251,46818545,50174637,43037606
26988850,1455495,684618416,309392041,709277257,1171213,434685884,800046211,555857654,241814879,312333266,42995,58341992,115461,743805048,88928898,102426187,185493681,317613705,3011561,307023599,2763799,549000504,308210461,25846044,234815,30335819,2807893,20099499,39670522,54486530,40892933
31905935,1204231,663420813,304850900,701994173,1176405,408386944,785802091,531969896,173944884,301271496,90809,40890497,0,738168151,4437937,246692557,166375835,310711166,2873225,299419894,1270858,554975781,449273561,21969455,3528509,14105599,1716647,17212606,43397898,51832109,36810342
25135491,1576825,641804281,298477492,703383446,1170727,427607265,772132617,551565761,61013354,286699986,301265,43985561,0,738858677,142655783,92577923,145426781,320920349,1877543,285136194,71760,557064697,436882074,23173371,3341944,10420051,3236124,17488184,37118231,52504367,43155879
36267545,13904141,646934207,282346875,703129271,15990209,426197895,690472396,560928737,318680872,292530766,18422122,54437495,24995168,752483143,163216343,102526374,113002620,319315336,30532541,290852857,10561555,574839782,215835950,37786911,23284688,21338778,52643245,27542155,63778377,59894633,116794204
25828184,410882432,641132962,391924223,704920239,42509599,436153465,86908993,558926483,161822,274961383,0,31505285,70094095,757761034,1121558,87618482,0,333035221,171887101,280996025,34688,580311766,473164345,23113075,58247613,23532255,27660691,19498279,47019982,46277089,166620925
25620586,306023834,678582554,792388721,685281838,12670681,420896005,194512251,544095019,0,317676285,46038,28104432,196178075,759434745,1853364,90125750,58676,312969631,1227237,305248205,28276,565783848,381666411,34224165,5165256,28044354,1679155,17004253,37900071,56488359,41616722
26811671,126267912,655236470,776090271,676231749,178328951,409966384,187941037,550435594,2818122,303385757,58543,24323985,96116633,737404081,473968,100621558,1537279,314482087,1222645,300345096,1230826,552420412,341157923,27971463,117823885,15477598,1642442,30600562,39702186,50923741,60731629
29253255,13232772,657734231,792893678,695081147,288096897,398455012,201363322,555058639,6314968,298768750,87539,31011858,240124319,758977098,376615,90877095,1626848,330196989,1136983,301923162,132171,577715177,186149356,24055797,114452304,29053552,1538515,17769986,48329882,40381223,31927567
23141885,1186233,676759985,801214706,714683950,134811406,423083424,190322480,557908801,14531238,297615138,1384191,48739232,306947464,725538111,46714,96914901,1594133,326077967,1132728,290633339,0,544665229,277937906,24261117,179125002,9671485,1749556,23102352,44437158,46783561,41853775
