28707058,37344487,97147214,30019990,104246990,31704993,52144758,30013977,85822712,28225298,47585478,29540708,30665782,28530031,136116599,29244056,29390430,31720737,64772040,30267891,59040766,35884296,123216009,31813872,28369420,34378005,31931208,29866296,28380015,28387962,29620518,22776293
28707583,37382012,97159649,30022000,104255091,31706161,52145272,30014253,85822969,28225363,47598929,29540950,30677614,28530036,136116738,29244062,29391600,31739697,64773551,30269338,59045059,35918834,123238970,31815161,28371558,34402617,31956615,29867723,28382121,28388098,29620529,22777175
28707963,37428037,97174493,30023762,104265947,31707712,52145896,30014747,85823210,28225427,47614993,29540952,30691358,28530042,136116862,29244064,29391778,31761348,64773732,30270916,59046755,35958452,123266726,31816455,28373734,34430389,31987104,29869103,28384462,28388235,29620593,22778255
28708317,37481371,97192095,30025472,104279189,31709438,52146573,30015233,85823424,28225494,47631872,29540955,30710114,28530047,136116979,29244066,29392510,31785988,64773885,30272754,59047449,35999846,123299937,31817740,28375963,34460175,32022716,29870550,28386835,28388378,29620613,22779529
28708659,37532028,97209002,30027089,104291190,31710891,52147294,30015802,85823650,28225559,47648771,29540956,30726759,28530052,136117103,29244069,29392796,31808965,64774011,30274340,59048445,36043694,123330485,31818929,28378279,34492154,32057271,29871950,28389156,28388512,29620635,22780712
28709046,37582005,97225647,30028861,104302080,31712599,52148132,30016124,85823899,28225630,47665378,29540972,30741831,28530061,136117186,29244077,29392927,31832366,64774241,30275989,59049694,36083930,123358619,31820128,28380464,34521330,32091777,29873306,28391404,28388668,29620651,22781851
28709439,37631479,97242718,30030420,104313387,31713988,52148657,30016523,85824128,28225705,47683099,29540982,30758450,28530069,136117253,29244082,29393035,31856330,64774728,30277608,59050297,36128037,123388401,31821360,28382821,34552611,32126504,29874673,28393690,28388778,29620697,22783008
28709890,37678539,97258632,30032273,104324558,31715322,52149325,30017463,85824429,28225787,47700698,29541036,30774325,28530090,136117906,29244184,29393295,31880066,64774963,30279323,59051342,36169740,123417001,31822584,28385005,34585205,32159190,29875761,28396019,28388859,29620777,22784167
28710454,37729034,97275814,30034112,104336816,31716875,52149989,30017870,85824679,28225856,47718445,29541040,30791368,28530098,136118016,29244189,29393399,31903265,64775121,30280970,59052125,36212330,123447958,31823872,28387387,34616560,32193802,29876873,28398364,28388940,29620879,22785363
28710862,37779767,97292470,30035857,104349625,31718406,52151082,30018370,85824898,28225921,47736773,29541043,30809859,28530101,136118067,29244193,29393643,31927752,64775267,30282632,59052931,36257802,123480279,31825035,28389657,34650786,32227097,29877955,28400658,28389004,29620899,22786558
28711222,37828624,97309124,30037664,104360289,31719789,52151799,30018951,85825182,28225988,47754491,29541048,30825990,28530106,136118168,29244196,29393746,31951098,64775402,30284285,59053470,36304523,123509460,31826177,28392019,34685039,32261326,29878931,28402961,28389075,29620951,22787672
28711617,37879068,97326085,30039352,104372128,31721139,52152454,30019392,85825453,28226055,47772473,29541055,30842885,28530113,136118500,29244201,29393857,31974708,64775557,30286003,59054087,36347386,123539559,31827355,28394366,34717205,32296302,29880001,28405368,28389141,29621011,22788835
28711989,37930661,97342999,30041183,104384383,31722718,52153114,30019773,85825703,28226129,47790882,29541060,30858883,28530121,136118744,29244206,29393975,31998938,64775709,30287696,59055243,36390357,123569550,31828572,28396673,34748175,32330759,29881149,28407724,28389219,29621083,22790027
28712354,37980582,97359285,30042875,104396507,31724297,52153850,30020339,85825959,28226196,47808313,29541062,30875519,28530128,136118841,29244208,29394251,32021896,64776166,30289326,59055996,36434432,123599426,31829679,28398904,34782256,32364533,29882423,28410062,28389286,29621113,22791195
28712687,38031747,97377176,30044449,104408035,31725401,52154265,30020924,85826179,28226261,47825616,29541063,30891514,28530134,136118920,29244209,29394401,32046489,64776322,30291163,59056949,36480772,123629590,31830902,28401313,34816448,32399970,29883750,28412425,28389351,29621138,22792360
28713075,38082660,97394809,30046127,104419584,31726671,52154644,30021596,85826443,28226336,47844071,29541067,30908594,28530138,136119187,29244210,29394583,32071347,64776554,30292789,59057581,36526026,123659913,31832157,28403653,34849169,32434935,29885105,28414732,28389421,29621167,22793521
28713452,38131143,97410838,30047817,104431281,31728096,52155089,30022084,85826805,28226419,47860944,29541128,30924357,28530143,136119268,29244213,29394690,32093962,64776731,30294463,59058446,36567625,123689565,31833415,28406022,34878408,32467404,29886412,28417055,28389489,29621281,22794664
28713967,38180726,97427706,30049586,104442646,31729508,52156021,30022606,85827060,28226557,47878822,29541203,30939878,28530201,136119529,29244366,29394831,32117472,64776945,30296126,59059332,36614055,123719362,31834622,28408419,34911648,32501599,29887686,28419310,28389606,29621560,22795829
28714348,38232821,97445933,30051177,104454081,31730929,52156282,30023115,85827270,28226630,47897702,29541207,30956453,28530207,136119593,29244385,29394907,32142278,64777104,30297897,59059714,36660100,123750428,31835827,28410756,34946509,32538850,29889048,28421587,28389740,29621652,22797023
28714746,38285378,97463239,30052898,104466632,31732451,52156825,30023613,85827512,28226700,47915845,29541211,30973856,28530213,136119781,29244386,29395005,32167094,64777239,30299638,59060755,36704268,123781609,31837127,28413117,34977792,32574403,29890350,28423862,28389811,29621808,22798257
28715089,38335370,97479716,30054593,104478969,31733846,52157374,30024117,85827725,28226766,47933172,29541215,30991621,28530217,136119874,29244387,29395061,32190756,64777518,30301312,59061514,36745898,123812667,31838360,28415423,35009578,32608109,29891532,28426305,28389923,29621944,22799463
28715544,38385320,97496890,30056287,104490410,31735423,52157901,30024567,85827946,28226830,47950669,29541218,31007231,28530223,136119981,29244387,29395213,32214295,64777648,30303059,59061952,36788889,123842086,31839532,28417677,35041643,32641797,29892844,28428521,28389990,29622052,22800638
28715901,38434754,97513596,30058095,104501380,31736963,52158343,30025023,85828169,28226893,47967591,29541220,31024094,28530231,136120054,29244390,29395327,32237386,64777832,30304646,59062705,36832977,123872091,31840671,28419960,35073776,32676526,29894127,28430762,28390060,29622161,22801840
28716341,38485275,97530663,30059707,104512886,31738603,52158948,30025486,85828384,28226998,47984603,29541250,31039380,28530238,136120131,29244393,29395403,32261381,64778028,30306398,59063425,36875873,123901495,31841933,28422245,35104605,32710946,29895270,28432976,28390126,29622244,22803025
28716730,38534149,97547587,30061440,104523961,31739861,52159415,30026311,85828650,28227063,48002465,29541330,31056089,28530242,136120226,29244394,29395480,32284713,64778166,30308028,59063995,36919147,123931237,31843003,28424536,35137583,32745651,29896445,28435256,28390191,29622437,22804152
28717105,38585153,97565199,30063117,104535369,31741397,52159939,30026722,85828878,28227128,48022048,29541413,31072593,28530246,136120294,29244394,29395589,32310129,64778281,30309762,59064667,36963041,123961126,31844228,28426849,35168596,32780820,29897721,28437581,28390259,29622860,22805326
28717498,38637815,97582915,30064870,104547757,31743171,52160487,30026973,85829109,28227192,48040703,29541498,31089018,28530251,136120392,29244398,29395682,32334548,64778387,30311451,59065428,37005082,123992588,31845449,28429212,35198659,32816816,29899043,28439869,28390324,29622911,22806546
28717954,38686102,97599951,30066656,104558429,31744648,52161183,30027466,85829448,28227286,48057779,29541647,31104462,28530307,136120519,29244460,29395874,32357544,64778723,30313198,59066068,37047879,124020957,31846584,28431388,35230330,32850476,29900168,28442188,28390427,29623070,22807675
28718339,38735168,97616574,30068414,104569868,31746302,52161576,30027712,85829759,28227352,48075025,29541648,31121059,28530399,136120635,29244465,29395980,32380560,64778897,30314838,59066560,37091848,124050901,31847791,28433693,35263085,32883833,29901257,28444458,28390493,29623170,22808806
28718724,38785252,97634014,30070074,104580644,31747574,52161993,30028423,85829977,28227419,48092810,29541648,31137361,28530479,136120730,29244467,29396053,32404003,64779080,30316544,59067269,37135511,124080447,31848973,28436009,35296223,32919500,29902315,28446779,28390564,29623220,22809971
28719075,38833289,97650224,30071718,104591103,31748752,52162683,30029050,85830197,28227484,48110318,29541648,31153125,28530567,136120937,29244470,29396139,32427073,64779252,30318147,59067855,37176472,124108695,31850185,28438280,35325238,32952033,29903339,28448996,28390632,29623258,22811074
28719490,38883741,97667266,30073378,104603118,31750293,52163145,30029482,85830420,28227549,48127255,29541652,31169660,28530662,136121016,29244472,29396273,32450666,64779484,30319857,59068585,37218750,124139306,31851333,28440600,35355976,32987079,29904384,28451278,28390698,29623483,22812258
28719874,38932599,97683233,30075036,104615226,31751721,52163651,30029922,85830640,28227612,48144923,29541652,31185623,28530742,136121103,29244475,29396376,32474049,64779661,30321447,59069070,37262680,124168654,31852448,28442972,35389450,33019839,29905406,28453636,28390764,29623570,22813397
28720414,38983802,97700322,30076668,104627900,31753020,52164112,30030492,85830850,28227677,48162735,29541652,31203099,28530832,136121167,29244478,29396467,32497633,64779807,30323084,59069745,37303299,124200017,31853758,28445309,35419403,33054291,29906550,28455802,28390829,29623738,22814587
28720842,39032477,97717393,30078363,104638865,31754376,52164619,30030963,85831064,28227742,48179337,29541652,31219458,28530916,136121243,29244481,29396639,32521375,64779942,30324868,59070290,37346268,124229535,31854947,28447672,35452035,33088340,29907597,28458127,28390899,29623854,22815697
28721231,39082138,97734439,30080138,104650223,31755852,52165086,30031448,85831277,28227809,48197730,29541665,31235615,28530973,136121297,29244512,29396731,32545615,64780113,30326462,59071081,37393407,124259582,31856091,28449984,35485288,33122421,29908770,28460492,28390971,29624049,22816847
28721636,39133450,97751704,30081657,104662629,31756906,52165785,30032114,85831519,28227876,48215154,29541666,31252787,28530976,136121363,29244571,29396801,32569237,64780286,30328119,59071809,37434418,124290494,31857317,28452396,35513676,33157922,29909895,28462848,28391036,29624397,22818045
28722118,39182618,97768915,30083304,104672806,31758127,52166455,30032718,85831750,28227962,48232287,29541684,31268171,28531000,136122583,29244599,29396884,32592585,64780480,30329816,59072639,37475360,124319043,31858643,28454729,35543055,33193357,29911025,28465126,28391123,29624647,22819196
28722487,39231336,97785568,30084989,104683531,31759494,52166784,30033226,85831976,28228029,48250982,29541685,31283595,28531006,136122734,29244603,29396974,32616276,64780596,30331457,59073017,37519143,124347921,31859879,28457089,35574451,33228475,29912085,28467533,28391217,29624665,22820314
28722870,39281739,97802327,30086902,104695338,31761069,52167475,30033835,85832178,28228096,48268615,29541689,31301206,28531015,136122857,29244606,29397063,32639353,64780842,30333072,59073971,37564745,124379272,31861051,28459402,35606894,33263098,29913102,28469914,28391360,29624968,22821513
28723271,39334035,97819973,30088594,104707307,31762597,52167970,30034384,85832381,28228161,48287573,29541690,31318612,28531018,136123013,29244613,29397197,32664887,64781016,30334800,59074415,37611735,124410622,31862180,28461600,35639797,33299327,29914168,28472164,28391488,29625148,22822726
28723656,39383887,97836669,30090466,104718699,31764333,52168665,30034883,85832588,28228228,48306911,29541695,31335846,28531024,136123113,29244617,29397330,32689209,64781196,30336449,59075002,37657698,124441184,31863295,28463906,35673158,33333599,29915172,28474500,28391626,29625650,22823893
28724471,39433421,97853973,30092224,104729795,31765624,52169196,30035521,85832870,28228367,48325237,29541699,31352158,28531033,136123184,29244626,29397398,32713393,64781359,30338206,59075648,37702240,124471034,31864447,28466203,35707177,33368727,29916274,28476866,28391707,29625869,22825034
28724897,39485100,97871469,30093870,104742331,31767084,52169705,30035995,85833167,28228435,48343516,29541700,31370014,28531037,136123268,29244631,29397501,32737246,64781586,30339919,59076406,37747062,124502859,31865668,28468459,35739369,33403459,29917408,28479204,28391776,29626020,22826227
28725646,39536034,97889103,30095611,104753982,31768502,52170158,30036436,85833389,28228502,48362832,29541700,31386562,28531039,136123349,29244635,29397569,32761967,64781740,30341563,59077123,37792750,124533340,31866897,28470896,35772749,33439321,29918547,28481501,28391840,29626295,22827394
28726214,39587649,97906877,30097182,104765880,31769964,52170715,30036898,85833619,28228579,48381004,29541703,31403457,28531042,136123514,29244643,29397638,32786912,64781871,30343299,59077834,37836429,124564125,31868306,28473263,35804005,33475791,29919703,28483773,28391915,29626375,22828594
28726661,39638927,97923902,30098745,104777824,31771386,52171324,30037486,85833850,28228645,48398440,29541705,31420864,28531045,136123689,29244647,29397774,32810833,64782042,30344951,59078468,37878370,124595171,31869563,28475488,35834220,33510860,29920811,28486033,28391980,29626412,22829782
28727117,39686471,97939979,30100474,104788927,31772988,52172087,30038011,85834204,28228728,48414918,29541740,31436197,28531085,136123961,29244688,29397897,32833141,64782266,30346640,59079636,37920781,124623240,31870759,28477764,35865409,33543848,29921828,28488377,28392067,29626477,22830892
28727479,39738087,97957679,30102201,104801099,31774473,52172643,30038469,85834483,28228795,48433734,29541741,31453650,28531089,136124091,29244695,29398057,32857603,64782513,30348359,59080518,37965337,124654770,31872014,28480082,35897240,33579543,29922918,28490703,28392231,29626524,22832073
28727985,39789078,97975075,30103896,104813102,31775969,52172923,30038962,85834665,28228862,48452206,29541741,31469708,28531094,136124170,29244697,29398184,32881471,64782839,30350041,59081048,38010653,124684556,31873217,28482323,35930696,33615213,29924053,28492946,28392384,29626577,22833257
28728383,39839766,97992881,30105734,104823888,31777652,52173336,30039306,85834861,28228929,48470939,29541741,31485841,28531097,136124308,29244701,29398318,32906976,64783109,30351839,59081623,38058393,124714158,31874360,28484573,35965608,33651873,29925178,28495220,28392525,29626587,22834423
28728756,39889657,98009925,30107492,104835170,31779199,52173814,30039959,85835083,28229002,48489817,29541744,31503366,28531106,136124392,29244707,29398610,32931683,64783313,30353515,59082391,38099986,124744675,31875617,28486874,35996228,33687630,29926334,28497515,28392594,29626649,22835577
28729166,39939220,98026512,30109197,104846608,31780697,52174388,30040529,85835316,28229067,48507859,29541745,31520077,28531111,136124489,29244714,29398678,32955982,64783503,30355199,59083193,38145813,124774788,31876696,28489083,36029048,33722725,29927423,28499851,28392716,29626763,22836735
28729548,39987698,98043265,30110901,104857162,31782106,52174991,30041123,85835550,28229132,48524562,29541745,31535814,28531114,136124624,29244718,29398893,32980330,64783718,30356895,59084036,38188500,124803575,31877999,28491384,36057995,33757214,29928518,28502140,28392783,29626801,22837858
28729919,40038796,98061471,30112498,104868078,31783428,52175499,30041654,85835759,28229197,48542911,29541745,31551532,28531116,136124887,29244721,29398968,33005515,64783905,30358739,59084465,38232389,124833138,31879221,28493773,36090359,33794131,29929657,28504531,28392846,29626831,22839041
28730299,40086834,98077949,30114230,104878511,31784567,52175862,30042267,85835992,28229266,48561604,29541746,31567035,28531120,136125001,29244726,29399078,33029514,64784068,30360391,59084870,38278787,124861766,31880404,28496110,36125508,33827368,29930702,28506789,28392917,29627214,22840120
28730707,40138615,98095115,30116005,104890338,31786126,52176536,30042770,85836276,28229332,48579280,29541747,31583241,28531124,136125215,29244729,29399212,33053675,64784216,30362107,59085763,38323783,124892400,31881648,28498423,36158114,33863705,29931769,28509124,28392979,29627248,22841324
28731366,40187044,98111350,30117853,104900842,31787629,52177016,30043408,85836498,28229424,48596903,29541777,31598816,28531158,136125429,29244763,29399335,33076651,64784391,30363698,59086420,38363567,124920796,31882915,28500706,36187750,33897151,29932825,28511329,28393066,29627396,22842463
28731730,40238999,98128777,30119527,104913318,31788873,52177525,30044114,85836747,28229488,48615136,29541777,31616416,28531160,136125643,29244767,29399799,33101113,64784517,30365423,59086979,38408981,124952561,31884151,28502938,36219076,33933039,29933921,28513708,28393135,29627406,22843683
28732130,40289927,98146337,30121315,104925129,31790472,52178129,30044665,85836960,28229554,48633338,29541778,31633395,28531161,136125804,29244770,29399939,33125958,64784695,30367153,59087382,38455405,124983145,31885321,28505292,36252703,33968572,29935039,28515997,28393199,29627435,22844877