2432860183216,6137513190148,3311517482757,4974437062557,3257145395858,4331757369290,2977556559807,4162235962153,3007744982778,3284364961859,2850030127650,3101015794017,2520529326423,2665271734118,3280012042905,2644891264484,4087219621217,2298593274414,2757554688841,2313680181331,2651547914425,2350816257117,2800159097395,2255127271052,2467055486983,2350686477738,2443805261922,2275061615987,2425833168397,3053783242337,2773504808330,4582625853802
2432976879431,6138030595931,3312307957665,4974937424402,3257929490596,4332261333425,2978163596242,4162731308398,3008395138834,3284876779698,2850424836676,3101517610833,2520619736652,2665780500152,3280969736471,2645391089337,4087608976114,2298738441042,2757827770372,2313805627582,2651807509303,2350959633835,2800637749376,2255239543832,2467166845253,2350853049648,2443938322180,2275224238661,2425958552213,3054439130167,2773690831457,4583233684350
2433116240561,6138576220789,3313144807964,4975477750196,3258750605656,4332797132785,2978817574406,4163285149692,3009047299153,3285413846603,2850832523352,3102062250728,2520718271271,2666316997706,3281954245417,2645930104523,4088086312982,2298855108607,2758112271810,2313923042689,2652074539074,2351091886146,2801143371801,2255458053523,2467266507100,2350968296185,2444057900417,2275366127094,2426108256945,3054719395635,2773806327949,4583530347838
2433159921788,6139152359519,3313981234810,4976045930801,3259574534144,4333360742768,2979488375410,4163861381798,3009709933616,3285974159335,2851257078368,3102627349677,2520780309358,2666874325071,3282944278419,2646485764332,4088576924450,2299101571170,2758400640266,2314120282912,2652352308273,2351250522462,2801646991067,2255663448241,2467321379797,2351179097950,2444114393793,2275574376390,2426146072593,3054926205356,2773931190379,4583744085752
2433219179356,6139694999919,3314799350013,4976588109508,3260393950095,4333899635963,2980133090768,4164417586710,3010372739879,3286527224803,2851675456229,3103180260058,2520886954301,2667418761846,3283924448434,2647025498545,4089031305338,2299306102983,2758689132443,2314282735061,2652625495120,2351418069109,2802146635551,2255855387415,2467436533108,2351362423206,2444178234798,2275723043925,2426221808579,3055115310088,2774061401942,4583942041592
2433306148404,6140258461132,3315629937805,4977139669317,3261222345660,4334455788075,2980780328297,4164972790157,3011042120766,3287100237168,2852093368582,3103730678241,2520970943795,2667974672513,3284902038599,2647589476845,4089474598462,2299520052838,2758981414614,2314434212707,2652897153918,2351554623640,2802645856794,2256017974030,2467492874621,2351532639949,2444259050123,2275927091029,2426314221400,3055331594552,2774176644673,4584143207005
2433339895739,6140819308324,3316442683592,4977695086247,3262015567215,4335015270485,2981413312699,4165518547363,3011701073766,3287650766032,2852505887670,3104283547795,2521039985903,2668531986152,3285872613271,2648149637745,4089955607709,2299731704002,2759264113049,2314652504684,2653169534906,2351763626633,2803147631222,2256226955278,2467524761316,2351723411798,2444287624963,2276090905405,2426357638614,3055532372402,2774277584627,4584353932755
2433386941077,6141377860765,3317269372923,4978254784895,3262845034430,4335566535426,2982070510830,4166069321464,3012360534325,3288207761117,2852914023135,3104831706816,2521106852595,2669077595146,3286870654756,2648700051872,4090471409505,2299959173581,2759550239762,2314849022442,2653439720630,2351972244915,2803654803622,2256434806256,2467558779995,2351937715538,2444327411119,2276290353411,2426393958017,3055736075724,2774405003330,4584561895819
2433463908445,6141934959486,3318088387963,4978804543653,3263666816468,4336117105175,2982708413562,4166619633507,3013021923997,3288758008551,2853331618830,3105384654259,2521187188040,2669630231052,3287846225989,2649254353922,4090871135758,2300209235267,2759831075023,2315029516555,2653711776036,2352132597228,2804153233231,2256585192392,2467640385502,2352069291063,2444433825150,2276461635540,2426477054872,3055927932571,2774557502287,4584758041002
2433538672749,6142487142775,3318909985410,4979349863971,3264484364935,4336660895998,2983347858797,4167172255225,3013673738823,3289308024502,2853746773461,3105929476877,2521287430093,2670173311304,3288833794734,2649803019449,4091437169242,2300365059165,2760113751223,2315189451110,2653983828057,2352333792428,2804662699443,2256781907931,2467719343230,2352282290777,2444520596787,2276660091321,2426526948915,3056127620238,2774678731832,4584943680524
2433602805015,6143032941883,3319709456373,4979898105800,3265297134969,4337198411610,2983986644888,4167714732325,3014335548072,3289849565231,2854153703369,3106468081364,2521366482812,2670711928132,3289815729349,2650343488803,4091801785747,2300556513607,2760397910545,2315373931468,2654249447074,2352530641096,2805164002671,2256996649329,2467790277091,2352511686928,2444580315355,2276914786885,2426600318617,3056321902664,2774840362403,4585129381036
2433687916859,6143601346832,3320535357069,4980444949409,3266110176959,4337742762872,2984632413801,4168254496363,3014994309693,3290398532981,2854567958511,3107016228649,2521439784518,2671271800913,3290809037627,2650894560854,4092433848620,2300748890210,2760673623168,2315621310711,2654523395674,2352725687026,2805666651525,2257193821033,2467841514532,2352730619021,2444638896295,2277097741521,2426652823785,3056503731046,2774967643268,4585300901353
2433787567411,6144151724120,3321359335507,4980986804688,3266938352958,4338284433973,2985276589326,4168794046832,3015655217453,3290942152941,2854978442034,3107562385552,2521534295282,2671805915544,3291794283262,2651434907563,4092779942516,2301005235364,2760958090702,2315755108421,2654793459590,2352861844027,2806169189497,2257371916338,2467956757531,2352834832196,2444750077293,2277243050878,2426746671891,3056655933004,2775121097314,4585467951966
2433826922025,6144722919108,3322184852338,4981544977925,3267759994257,4338853227623,2985920916986,4169353376218,3016324794594,3291495158126,2855394854321,3108119549113,2521606372631,2672352762611,3292778391231,2651992628008,4093396399643,2301231637431,2761245398859,2316003484442,2655068410992,2353064335769,2806671273545,2257549078850,2468017132601,2353027141014,2444791165908,2277439927187,2426783355967,3056829708478,2775234761818,4585624830166
2433908124965,6145296376053,3323014821489,4982087767859,3268592614066,4339408770280,2986568134775,4169897251482,3016987598007,3292045147327,2855802780909,3108666433948,2521681740955,2672898911723,3293759621783,2652548754699,4093817092012,2301402717485,2761531884003,2316250141080,2655341892650,2353229986974,2807166784317,2257724326744,2468097134400,2353258348794,2444861002902,2277603210637,2426843550599,3056987245359,2775336172154,4585795916210
2433945168969,6145858999142,3323820328900,4982640211074,3269409296522,4339971604293,2987215082607,4170444917879,3017649656045,3292597930253,2856207920480,3109213962167,2521742173421,2673452278757,3294748221713,2653091641545,4094151715970,2301598252313,2761817467782,2316497182937,2655610073288,2353435867715,2807672928668,2257915129606,2468143815211,2353514217693,2444899593944,2277777205875,2426873451209,3057179740881,2775434556143,4585954099540
2433986112902,6146425701033,3324651782123,4983200863626,3270224488451,4340523654707,2987864910393,4170998288945,3018316332130,3293151444101,2856623662164,3109780583719,2521817461739,2674005473228,3295730108931,2653642958417,4094920444339,2301773376456,2762098619236,2316776479768,2655880821407,2353604813990,2808176393145,2258112509647,2468182158705,2353718959368,2444930958985,2277985283420,2426914987255,3057348269713,2775549131040,4586121512473
2434035163502,6146993684001,3325462420123,4983748547788,3271047147984,4341077825556,2988508893623,4171545737158,3018978193732,3293702000574,2857040942502,3110330539227,2521882444458,2674554108245,3296716103903,2654206967917,4095290754334,2301979771054,2762383194570,2316989561247,2656148499542,2353836075941,2808679967541,2258309788345,2468223990600,2353894707409,2444985196362,2278204097356,2426955494954,3057545116530,2775667862124,4586275260698
2434089075058,6147560070320,3326269541434,4984301427602,3271869293358,4341622988437,2989149410453,4172097377074,3019638324006,3294257104872,2857451345780,3110893699123,2521961300993,2675101709938,3297701242115,2654748412052,4095630366108,2302169213008,2762665691556,2317213603446,2656419053859,2354045214413,2809184007744,2258470661177,2468278117357,2354092598561,2445027960945,2278425212880,2426997569546,3057743474624,2775777324053,4586465292825
2434141839158,6148132550114,3327081650105,4984871978089,3272695329377,4342174483180,2989801444914,4172659221360,3020305983599,3294819993449,2857864298279,3111441537904,2522016664408,2675660767919,3298691741835,2655308503722,4096059796276,2302430538401,2762948333108,2317438750992,2656688736700,2354221485184,2809679583998,2258666397785,2468316739103,2354278981209,2445062557859,2278620822012,2427038573247,3057930369869,2775894184331,4586621712967
2434213928802,6148698814211,3327915284455,4985428102230,3273536687943,4342738744698,2990448609086,4173216278658,3020982102478,3295376633715,2858286121014,3112001194110,2522104729867,2676229122476,3299671207654,2655868305262,4096932498698,2302633986084,2763238852569,2317659321671,2656971239727,2354454290463,2810187125661,2258862619735,2468377662665,2354463882735,2445105248969,2278838036638,2427085146031,3058119323270,2776037040298,4586830347100
2434258332058,6149267081433,3328743003630,4985987396634,3274359307380,4343283546234,2991091258746,4173768207432,3021643270757,3295934341512,2858698469970,3112557056564,2522168521524,2676789248777,3300658343651,2656422827279,4097288192221,2302858038207,2763520222138,2317893489189,2657245872743,2354652475768,2810692379748,2259052412640,2468424472305,2354661999348,2445153617392,2279026016761,2427142287631,3058279590668,2776160070629,4587044649807
2434301364475,6149836070108,3329573332356,4986546130850,3275188642540,4343836936796,2991746392264,4174334093879,3022316414501,3296480816463,2859115658087,3113105720604,2522239507836,2677344908960,3301641146674,2656988946727,4097648523718,2303048235039,2763802037474,2318141513392,2657518570002,2354876160285,2811193055000,2259271303571,2468470279710,2354842575851,2445196898540,2279215124041,2427184879164,3058445898372,2776287235842,4587202275111
2434347714233,6150401348429,3330398971486,4987095307170,3276015837105,4344393423319,2992393961266,4174882461234,3022986432338,3297027860170,2859528870482,3113651969136,2522303044638,2677900260432,3302632765454,2657538659443,4098011883730,2303211191642,2764082319145,2318396455909,2657790804158,2355029568443,2811694446765,2259501815891,2468532393281,2355042026903,2445267800581,2279411628333,2427230504772,3058616704738,2776386744919,4587406012417
2434405269678,6150971676000,3331218072030,4987655696071,3276858515165,4344945064337,2993044527766,4175437951672,3023652463793,3297578629059,2859945752439,3114196033960,2522374505518,2678446672065,3303627054862,2658100983361,4098781927224,2303450762096,2764368989590,2318617342840,2658061001075,2355185460507,2812194372188,2259695948576,2468583418794,2355219031257,2445340658057,2279616581892,2427292653061,3058776893397,2776476769892,4587607130874
2434444941458,6151536851141,3332055402996,4988216921209,3277693995019,4345500553622,2993697284014,4175994345422,3024321797915,3298138846641,2860363311031,3114750544713,2522442278913,2678999609459,3304614581190,2658657120622,4099456694917,2303696105129,2764652120392,2318808823271,2658340246481,2355374707230,2812696010095,2259899703623,2468612782307,2355403111642,2445389896748,2279814019039,2427354491413,3058946536158,2776613639600,4587789647833
2434485061863,6152096355989,3332877472356,4988771920712,3278525009366,4346049055502,2994342472948,4176548037039,3024987892620,3298695478834,2860773990031,3115311690355,2522512237458,2679556126988,3305600750241,2659206646263,4099809680891,2303910559606,2764936533497,2319020654399,2658611245355,2355580870431,2813202907850,2260100578677,2468663723513,2355645599125,2445432012508,2280001297746,2427384717505,3059132146027,2776700132450,4587963013538
2434538192054,6152660881598,3333705238619,4989335526704,3279347492340,4346604098148,2994990123576,4177103568595,3025659912450,3299247766199,2861185091665,3115871264596,2522583696142,2680111116187,3306595964732,2659765934037,4100172566064,2304108989334,2765217711902,2319217027313,2658885463058,2355814361083,2813702330888,2260280668004,2468717082307,2355824169438,2445491898891,2280233330798,2427443077321,3059286240355,2776809292281,4588119861927
2434586368650,6153224042399,3334522316516,4989887802485,3280170800203,4347156030090,2995626228989,4177650223317,3026321995994,3299795106840,2861598487991,3116427524964,2522656051793,2680655801137,3307569760960,2660322414515,4100550222130,2304326146662,2765505670944,2319423148809,2659151669993,2356003568882,2814201021433,2260487616778,2468752063541,2356023295579,2445540992017,2280447739099,2427513060066,3059459519732,2776930965827,4588313293381
2434629891934,6153791188516,3335348618085,4990454623976,3280981190822,4347722243312,2996272720085,4178216005357,3026983982343,3300359289003,2862011333673,3116989117691,2522730735914,2681216598774,3308564971118,2660886877691,4100918266023,2304536409232,2765787512867,2319608157427,2659421517505,2356207351420,2814704175945,2260722413076,2468785823041,2356214125947,2445595244681,2280678723700,2427558588089,3059647046202,2777053610040,4588508913916
2434714459309,6154360173822,3336174457201,4991013202420,3281803391476,4348278025728,2996917335188,4178764584406,3027652691057,3300911032500,2862426871108,3117532544343,2522821834450,2681760388462,3309557323948,2661450360258,4101867587878,2304792648587,2766073029561,2319791822303,2659697181656,2356403547179,2815213406835,2260920611246,2468835673887,2356428608537,2445644406015,2280873502424,2427663354408,3059837397871,2777203448200,4588705289770
2434769846024,6154932239398,3336998975491,4991576034248,3282636573812,4348826324529,2997566844454,4179309349246,3028314010897,3301471644560,2862844397002,3118087236571,2522887325710,2682317562930,3310545449952,2662010413964,4102538044796,2305016215879,2766356611349,2319998825245,2659968347708,2356597536240,2815713659266,2261123184672,2468876409159,2356617686065,2445690499078,2281107422640,2427732124097,3059977738637,2777320230097,4588898141933
2434808072609,6155517991777,3337826193168,4992141441442,3283451505954,4349382590605,2998215511463,4179871945432,3028980079460,3302037307380,2863261061371,3118649842228,2522952710260,2682872954760,3311523717566,2662573734604,4102885223258,2305246451110,2766639065140,2320223024754,2660243113576,2356807071396,2816208107745,2261339920938,2468904571468,2356812676394,2445726486109,2281268495498,2427802056792,3060161303776,2777412117237,4589062369223
2434846670232,6156076548716,3338639649088,4992681960937,3284262253144,4349921103119,2998842985781,4180432960027,3029643475848,3302591074479,2863671555611,3119202703356,2523013760256,2683419788053,3312504198662,2663122320913,4103217346579,2305414161169,2766924007673,2320463829490,2660514335083,2356986631121,2816714058315,2261565068746,2468957245584,2357000110522,2445763743090,2281490093002,2427845853745,3060323229738,2777502025960,4589234226730
2434883381267,6156658793565,3339470817825,4993227755546,3285077921819,4350469134978,2999488296421,4180982020993,3030307430771,3303151294924,2864080246685,3119749954445,2523082107471,2683973539466,3313494199846,2663677847723,4103567066862,2305620096163,2767207637624,2320691662232,2660780458248,2357215184868,2817221036509,2261779856758,2468991257326,2357186274845,2445798646975,2281674976624,2427886343926,3060479347482,2777594216878,4589397535710
2434929431549,6157221563877,3340294936465,4993790430871,3285897656619,4351030212346,3000129789172,4181550853563,3030970323632,3303736849167,2864496467612,3120305526561,2523144089327,2684531798482,3314460853725,2664233784407,4103926125939,2305827277486,2767492184562,2320893464554,2661059541910,2357374065445,2817714672573,2261997755689,2469026357999,2357409839521,2445836073741,2281898607781,2427941817019,3060635641843,2777701635306,4589565386361
2434964363080,6157791530015,3341129122724,4994354418549,3286723618067,4351592939225,3000781849306,4182108560542,3031636267089,3304294639482,2864917858900,3120876423956,2523210088927,2685093440393,3315447336322,2664805544367,4104290288248,2306032349359,2767776502545,2321087356824,2661336548140,2357603483648,2818217675076,2262218023619,2469059396569,2357600584727,2445870185759,2282112680037,2428000265091,3060823616474,2777810462369,4589739853879
2434996607788,6158366699033,3341960657723,4994909421008,3287555567755,4352151947673,3001443381015,4182667908908,3032311890533,3304850930151,2865331803994,3121435853364,2523263413580,2685659361306,3316438247530,2665369567796,4105193503462,2306283643354,2768059669586,2321322891315,2661605164985,2357776482222,2818719576222,2262415945693,2469089429284,2357786063274,2445897091734,2282329492760,2428043158527,3060997561034,2777902790430,4589903475509
2435037900248,6158940919248,3342793005406,4995464142906,3288382317216,4352702006864,3002083844865,4183214842333,3032982640422,3305399494622,2865745976855,3121990511131,2523323580693,2686213433097,3317431640477,2665915420246,4106160506359,2306528896373,2768344770149,2321513724320,2661876642528,2358010449898,2819229510300,2262610509995,2469125164651,2357971155795,2445929189909,2282511288714,2428103004901,3061147499463,2778005089612,4590084062169
2435081264942,6159507089128,3343622083389,4996026439359,3289201803472,4353259467170,3002721287238,4183767955111,3033647670936,3305949949972,2866160120553,3122547844505,2523390914033,2686766257563,3318423258606,2666467531044,4106521053017,2306744603282,2768627788061,2321702811910,2662144874958,2358221670278,2819731319957,2262808257186,2469155734162,2358181012724,2445963042298,2282714794610,2428153417621,3061358092022,2778126159607,4590259024602
2435143442871,6160073541719,3344450064650,4996583451384,3290043485758,4353810402839,3003380875696,4184324820412,3034323070507,3306515296023,2866582053332,3123102325196,2523476682547,2687320382919,3319414080588,2667024052684,4106872363252,2306973637476,2768914841309,2321911787526,2662421691539,2358440236581,2820234613947,2263050177190,2469209907445,2358394955339,2446037226253,2282894405378,2428245376989,3061513361777,2778249191927,4590434229227
2435192842414,6160630304729,3345260310511,4997135144407,3290859980597,4354355228768,3004012583342,4184875232811,3034982008035,3307063740365,2866997478863,3123651256361,2523547249609,2687877213791,3320396739867,2667569706206,4107213669141,2307157555896,2769199190108,2322088548965,2662694629692,2358676287220,2820744452652,2263296657187,2469248583504,2358604648643,2446079829529,2283125229578,2428290742193,3061647897678,2778365275892,4590583711212
2435239519854,6161199797838,3346086406563,4997698299858,3291678279046,4354913485972,3004662270146,4185441207290,3035647688154,3307619029936,2867415505510,3124208680407,2523616689028,2688435056509,3321378785320,2668132300729,4107563860489,2307396968833,2769482765672,2322275654451,2662971085841,2358872407562,2821242188386,2263491821958,2469288102666,2358806260274,2446110090098,2283345271816,2428323786764,3061815762123,2778473816390,4590768446184
2435283079370,6161754663845,3346912838568,4998245244931,3292502371672,4355469043897,3005308980041,4185987352836,3036316617102,3308179316798,2867826397379,3124762502838,2523679058092,2688994471888,3322382466703,2668681212645,4107944344417,2307657330997,2769768720795,2322521960335,2663242221460,2359058450870,2821751194754,2263710711330,2469334053407,2358985984972,2446154712718,2283508029063,2428384396302,3061963659489,2778586198770,4590965714848
2435337045397,6162309608849,3347719709640,4998793759454,3293309543998,4356012239157,3005949826417,4186528347086,3036975107652,3308722394660,2868228905706,3125308010599,2523746541383,2689540209100,3323365524931,2669230108794,4108321833426,2307873683329,2770049599126,2322716862890,2663506894481,2359291580590,2822247799662,2263959789877,2469372206206,2359168220897,2446196729824,2283677114910,2428441945734,3062085729148,2778681106424,4591109836923
2435379924820,6162877396521,3348543359385,4999350004757,3294123328683,4356568288306,3006582282948,4187083258490,3037638850503,3309271553319,2868639519388,3125856824454,2523810957307,2690086595105,3324357305800,2669785062131,4108701562941,2308087707371,2770329863190,2322929684087,2663776354053,2359508941626,2822757557213,2264161456478,2469407563406,2359350228364,2446228093530,2283878162679,2428476850453,3062233508612,2778815298862,4591280864798
2435422033160,6163433776096,3349382838667,4999906322569,3294937910927,4357122771236,3007221542308,4187638535810,3038301132816,3309836694282,2869059592785,3126408022436,2523889271532,2690646250218,3325344728429,2670339170957,4109707595992,2308328445961,2770610147694,2323135867002,2664054165762,2359696349316,2823256422477,2264355510694,2469450796496,2359567165644,2446264525182,2284085139449,2428535732040,3062425626769,2778910379631,4591473502922
2435463350766,6163989859430,3350210850868,5000451267842,3295767714533,4357664483011,3007858499404,4188185729998,3038969224031,3310385811881,2869465044376,3126962124612,2523964805758,2691181631418,3326331314695,2670887344589,4110713663452,2308545476014,2770892313866,2323342161051,2664323101282,2359953014276,2823753713672,2264541386633,2469496864507,2359752528506,2446299035198,2284247134913,2428588946441,3062584650880,2779015855832,4591617799391
2435507639422,6164549518120,3351023832453,5001005389825,3296591391160,4358201096621,3008496601059,4188736491863,3039640369174,3310938014398,2869875088503,3127508712946,2524024336466,2691724433401,3327319738155,2671432703430,4111219302903,2308756356058,2771174710488,2323570065667,2664593038944,2360152008185,2824265773995,2264742042476,2469563263294,2359940531308,2446339203017,2284414303476,2428664246885,3062727883463,2779116260038,4591770043800
2435558576569,6165120495292,3351849594011,5001566890906,3297411792721,4358763787580,3009131714992,4189305663927,3040312143469,3311497885050,2870294091454,3128062529526,2524083508631,2692272643278,3328298762349,2671987397150,4111584264539,2308960460635,2771457794274,2323803646344,2664870069101,2360346368274,2824767424215,2264928852332,2469598347233,2360157591524,2446365666176,2284613253187,2428722910959,3062927472818,2779220092839,4592016324115
2435623408165,6165690571637,3352660299266,5002122503246,3298227896119,4359312130492,3009778458357,4189850931376,3040978233324,3312046645967,2870707488662,3128610914862,2524162347294,2692824850151,3329291926828,2672530465740,4111924755024,2309204121099,2771740006724,2324016899036,2665146107449,2360570994405,2825267450412,2265051433817,2469656135901,2360357639752,2446433269651,2284845492525,2428833627467,3063074714879,2779323776708,4592191002689
2435670917421,6166262794551,3353486090944,5002679908302,3299046934523,4359869172139,3010427819475,4190410804930,3041645309164,3312594711449,2871122753244,3129168490595,2524245124951,2693388986347,3330278657905,2673086411109,4112284796419,2309424929416,2772028391160,2324225872204,2665420565853,2360767026135,2825768891532,2265251494696,2469707806375,2360557326183,2446483205819,2285077682634,2428875914420,3063210876015,2779448692442,4592324424208
2435732257566,6166832708076,3354317115806,5003240390040,3299883610316,4360419573444,3011072521627,4190977425365,3042305983171,3313151966466,2871536639916,3129730676899,2524308700803,2693941295670,3331270952065,2673641044331,4112629322012,2309667520513,2772310865375,2324419847662,2665695565837,2360950645578,2826279310207,2265394886674,2469733312807,2360761852794,2446526466603,2285304647278,2428982255303,3063398052462,2779536176963,4592547295367
2435774246782,6167393040834,3355132548809,5003796964054,3300704086387,4360978202561,3011708744901,4191529795981,3042964314594,3313699142838,2871947756389,3130288015538,2524374772050,2694492286143,3332262025622,2674196167902,4112974970287,2309895554683,2772592315185,2324668432417,2665963202843,2361123339123,2826783846202,2265594067544,2469763944823,2360941742132,2446558444121,2285504092354,2429025651147,3063549553111,2779610391757,4592705159939
2435821042268,6167974416257,3355951886894,5004361530391,3301530157958,4361533525707,3012357502011,4192076734707,3043636564576,3314255931211,2872359291951,3130854446978,2524443767838,2695048369308,3333252224922,2674759617531,4113333508271,2310127394498,2772872814160,2324881166341,2666232891467,2361309849253,2827286907002,2265763853882,2469805884801,2361192671712,2446611325167,2285724189624,2429061699584,3063701775865,2779690201731,4592853269310
2435869810712,6168562339407,3356775436082,5004928202667,3302361842813,4362098165449,3013015164424,4192637430303,3044297093743,3314804036410,2872774534170,3131413634823,2524508043937,2695616495714,3334220900794,2675323152664,4113709848463,2310322311897,2773155916618,2325088230926,2666506060775,2361500587334,2827782643953,2265979287157,2469852271724,2361424914782,2446646196032,2285940589542,2429108481264,3063846706512,2779778771995,4593016201889
2435908251733,6169129225789,3357587689126,5005488449522,3303175088342,4362652627174,3013659421332,4193196899421,3044953398546,3315357668852,2873189287807,3131976855006,2524591004237,2696173012582,3335211747073,2675877436200,4114078286846,2310504054869,2773439563240,2325293077951,2666775380219,2361710947809,2828287764352,2266217711493,2469883815800,2361607105341,2446674910426,2286141419769,2429144718533,3064062181521,2779876637222,4593201796399
2435953276049,6169704694070,3358406706491,5006045117842,3303991200707,4363202704585,3014301024515,4193755824215,3045614587580,3315903782711,2873604259087,3132530273436,2524651562180,2696722100711,3336186693046,2676428968077,4115074213753,2310662975291,2773718728022,2325558294330,2667046629242,2361908612964,2828785684632,2266428066569,2469934389664,2361818004246,2446732987233,2286327790997,2429182772253,3064204318242,2779965982179,4593327343784
2435988801186,6170281633584,3359227108198,5006601165682,3304816757768,4363749385417,3014951631897,4194308422024,3046273343778,3316465609517,2874015487061,3133079876000,2524711478955,2697278589914,3337173415194,2676987843657,4116080262122,2310837218345,2773997708537,2325771005104,2667314955429,2362113042399,2829284198166,2266626582166,2469960415211,2362028219493,2446761079029,2286561053912,2429232213701,3064366537407,2780034108008,4593461649177
2436020421601,6170847950879,3360048591539,5007158503276,3305632101835,4364295779398,3015591281376,4194849843343,3046951055248,3317018039392,2874418781485,3133631613226,2524765824692,2697832916880,3338157238223,2677542679677,4117041032888,2311051427022,2774278347484,2325968547141,2667588664717,2362306777585,2829787849480,2266835441424,2469993937447,2362217150742,2446789953777,2286774197488,2429275962899,3064540736111,2780129703478,4593656263959