6296734,34738082,3397734,5310513,3142503,4299767,2926911,4219171,3046765,3623057,3060948,3579743,2909237,3168278,3142144,3201464,2356261,2789420,3297240,2812679,3090452,2793537,3448649,2809807,2792633,2838145,2767030,2808464,2747316,7461459,2787533,42327038
6296994,34738379,3397957,5310754,3142726,4300009,2927107,4219374,3047024,3623273,3061150,3580012,2909448,3168545,3142358,3201729,2356467,2789634,3297397,2812937,3090616,2793774,3448887,2810062,2792810,2838487,2767267,2808692,2747550,7461760,2787762,42327282
6297302,34738698,3398278,5311060,3142998,4300252,2927345,4219599,3047314,3623476,3061365,3580246,2909679,3168749,3142584,3201942,2356716,2789907,3297645,2813104,3090868,2794037,3449118,2810317,2793026,2838686,2767473,2808914,2747772,7462017,2788007,42327586
6297609,34738990,3398544,5311345,3143238,4300488,2927549,4219942,3047554,3623755,3061634,3580503,2909974,3169020,3142832,3202148,2356940,2790160,3297887,2813352,3091098,2794300,3449319,2810594,2793269,2838963,2767729,2809217,2748024,7462303,2788244,42327939
6297917,34739265,3398869,5311623,3143494,4300777,2927799,4220205,3047851,3624052,3061949,3580755,2910210,3169241,3143113,3202358,2357216,2790444,3298130,2813634,3091368,2794550,3449589,2810830,2793563,2839182,2768003,2809478,2748251,7462595,2788545,42328285
6298184,34739612,3399126,5311993,3143726,4301113,2928012,4220529,3048027,3624322,3062164,3581030,2910439,3169533,3143353,3202626,2357455,2790772,3298362,2813909,3091597,2794830,3449851,2811108,2793795,2839482,2768207,2809759,2748496,7462897,2788765,42328640
6298453,34739999,3399414,5312322,3144022,4301410,2928214,4220854,3048235,3624638,3062340,3581289,2910653,3169805,3143548,3202921,2357644,2791070,3298559,2814219,3091815,2795125,3450082,2811436,2794030,2839822,2768421,2810063,2748728,7463251,2788970,42328951
6298740,34740305,3399746,5312600,3144287,4301708,2928459,4221157,3048458,3624949,3062544,3581607,2910900,3170074,3143758,3203220,2357874,2791353,3298759,2814594,3092105,2795412,3450314,2811783,2794281,2840169,2768668,2810370,2748963,7463570,2789219,42329308
6299021,34740627,3399989,5312911,3144523,4301991,2928760,4221441,3048707,3625216,3062775,3581856,2911116,3170357,3144008,3203480,2358164,2791646,3299022,2814903,3092358,2795707,3450585,2812052,2794538,2840439,2768950,2810647,2749193,7463945,2789509,42329691
6299323,34740953,3400240,5313238,3144820,4302271,2929007,4221743,3048964,3625532,3063006,3582141,2911367,3170696,3144267,3203765,2358403,2791979,3299249,2815204,3092608,2795974,3450813,2812344,2794746,2840769,2769193,2810944,2749444,7464329,2789760,42330086
6299620,34741218,3400511,5313500,3145055,4302501,2929278,4221985,3049192,3625735,3063251,3582371,2911656,3170929,3144518,3203983,2358690,2792203,3299491,2815482,3092864,2796242,3451066,2812558,2794960,2841064,2769465,2811180,2749671,7464629,2790021,42330385
6300014,34741522,3400905,5313759,3145391,4302800,2929571,4222287,3049491,3626007,3063605,3582572,2911970,3171167,3144827,3204214,2358987,2792472,3299826,2815747,3093168,2796547,3451365,2812808,2795225,2841342,2769807,2811405,2750008,7464972,2790349,42330720
6300303,34741913,3401174,5314118,3145622,4303082,2929852,4222589,3049748,3626281,3063857,3582889,2912223,3171482,3145092,3204492,2359215,2792756,3300088,2815986,3093425,2796805,3451627,2813064,2795479,2841637,2770061,2811648,2750237,7465311,2790603,42331046
6300594,34742222,3401437,5314410,3145896,4303363,2930119,4222851,3050052,3626508,3064132,3583127,2912502,3171741,3145381,3204776,2359540,2793003,3300321,2816247,3093715,2797071,3451911,2813324,2795763,2841923,2770364,2811868,2750526,7465637,2790948,42331364
6300952,34742534,3401808,5314642,3146265,4303566,2930457,4223017,3050360,3626654,3064472,3583327,2912856,3171910,3145699,3204947,2359863,2793219,3300603,2816405,3094027,2797260,3452250,2813499,2796077,2842103,2770668,2812048,2750862,7465877,2791325,42331579
6301292,34742866,3402072,5314939,3146554,4303810,2930719,4223298,3050624,3626907,3064766,3583606,2913149,3172215,3145955,3205226,2360140,2793475,3300911,2816659,3094340,2797463,3452557,2813782,2796339,2842365,2770913,2812365,2751091,7466188,2791554,42331961
6301640,34743212,3402353,5315301,3146829,4304156,2931028,4223542,3050856,3627226,3065027,3583856,2913416,3172521,3146168,3205551,2360401,2793699,3301182,2816958,3094640,2797682,3452826,2814068,2796620,2842682,2771175,2812663,2751347,7466524,2791818,42332286
6302009,34743522,3402691,5315597,3147068,4304462,2931340,4223858,3051142,3627464,3065289,3584109,2913657,3172830,3146471,3205847,2360668,2793959,3301466,2817287,3094920,2797988,3453104,2814333,2796957,2842960,2771447,2812938,2751589,7466818,2792096,42332584
6302350,34743857,3402951,5315922,3147376,4304679,2931662,4224112,3051479,3627722,3065574,3584354,2913939,3173130,3146767,3206091,2360952,2794195,3301781,2817523,3095205,2798228,3453422,2814557,2797222,2843182,2771733,2813200,2751910,7467054,2792392,42332858
6302641,34744167,3403232,5316215,3147662,4304994,2931899,4224412,3051751,3628039,3065876,3584619,2914213,3173421,3147025,3206358,2361290,2794491,3302034,2817849,3095490,2798591,3453694,2814863,2797514,2843423,2772061,2813481,2752238,7467379,2792719,42333179
6302938,34744547,3403480,5316491,3147905,4305266,2932133,4224743,3052016,3628401,3066103,3584953,2914481,3173741,3147269,3206689,2361539,2794784,3302271,2818126,3095724,2798908,3453959,2815159,2797760,2843722,2772270,2813779,2752489,7467749,2792977,42333526
6303264,34744848,3403753,5316725,3148147,4305511,2932444,4224966,3052225,3628651,3066343,3585224,2914722,3174012,3147558,3206964,2361835,2795058,3302551,2818375,3096000,2799183,3454257,2815443,2798032,2844007,2772535,2814055,2752773,7468085,2793284,42333851
6303510,34745192,3404035,5317067,3148416,4305758,2932732,4225295,3052434,3628937,3066599,3585519,2914974,3174330,3147795,3207271,2362126,2795341,3302822,2818669,3096315,2799481,3454491,2815799,2798300,2844264,2772844,2814361,2753043,7468372,2793579,42334174
6303796,34745541,3404309,5317418,3148651,4306071,2932957,4225562,3052695,3629236,3066872,3585782,2915267,3174606,3148012,3207612,2362388,2795692,3303056,2818984,3096550,2799774,3454752,2816023,2798554,2844612,2773035,2814679,2753339,7468642,2793845,42334580
6304188,34745815,3404665,5317701,3148933,4306348,2933294,4225804,3052986,3629482,3067117,3586061,2915505,3174924,3148236,3207934,2362672,2795963,3303305,2819298,3096847,2800127,3455024,2816340,2798867,2844867,2773282,2815009,2753610,7468968,2794101,42334893
6304521,34746097,3404942,5317964,3149252,4306587,2933585,4226065,3053275,3629724,3067400,3586348,2915784,3175206,3148529,3208170,2362973,2796169,3303650,2819572,3097125,2800332,3455306,2816598,2799192,2845156,2773601,2815218,2753886,7469314,2794439,42335186
6304811,34746442,3405143,5318282,3149474,4306922,2933759,4226351,3053468,3630012,3067644,3586649,2915969,3175510,3148758,3208448,2363146,2796454,3303862,2819869,3097314,2800629,3455501,2816904,2799413,2845482,2773808,2815550,2754067,7469650,2794619,42335562
6305123,34746734,3405443,5318638,3149793,4307214,2933995,4226645,3053745,3630336,3067893,3586952,2916275,3175812,3148945,3208714,2363397,2796754,3304095,2820181,3097586,2800913,3455778,2817206,2799672,2845756,2774063,2815866,2754298,7470015,2794960,42335890
6305486,34747051,3405739,5318898,3150084,4307481,2934264,4226960,3054001,3630605,3068176,3587207,2916549,3176072,3149232,3208955,2363683,2797037,3304386,2820460,3097861,2801219,3456054,2817461,2799956,2845978,2774375,2816128,2754563,7470337,2795267,42336227
6305798,34747355,3406028,5319161,3150323,4307823,2934553,4227273,3054278,3630911,3068470,3587495,2916818,3176290,3149531,3209216,2363977,2797318,3304674,2820751,3098148,2801509,3456318,2817770,2800242,2846281,2774674,2816363,2754866,7470698,2795554,42336585
6306108,34747720,3406377,5319478,3150569,4308139,2934763,4227603,3054544,3631203,3068686,3587812,2917110,3176588,3149822,3209499,2364223,2797582,3304933,2821081,3098436,2801852,3456573,2818075,2800502,2846549,2774912,2816625,2755133,7471045,2795816,42336906
6306410,34748033,3406693,5319779,3150853,4308407,2935026,4227860,3054819,3631443,3068932,3588075,2917357,3176817,3150072,3209753,2364489,2797858,3305205,2821296,3098756,2802081,3456889,2818335,2800762,2846796,2775212,2816826,2755388,7471345,2796143,42337232
6306742,34748401,3406991,5320065,3151156,4308775,2935299,4228147,3055059,3631703,3069230,3588351,2917618,3177092,3150350,3210008,2364730,2798104,3305539,2821539,3099021,2802334,3457173,2818609,2801126,2847016,2775504,2817066,2755699,7471631,2796422,42337539
6307082,34748651,3407313,5320284,3151451,4309069,2935581,4228408,3055347,3631943,3069518,3588609,2917873,3177384,3150594,3210314,2365035,2798367,3305806,2821805,3099308,2802627,3457423,2818850,2801429,2847323,2775801,2817310,2755962,7471921,2796671,42337841
6307379,34748956,3407573,5320626,3151668,4309362,2935869,4228716,3055614,3632249,3069822,3588913,2918143,3177718,3150879,3210623,2365285,2798660,3306035,2822124,3099580,2802879,3457620,2819121,2801715,2847603,2776084,2817552,2756239,7472241,2796899,42338244
6307737,34749239,3407809,5320929,3151889,4309676,2936137,4229005,3055874,3632549,3070086,3589172,2918404,3177995,3151157,3210879,2365528,2798936,3306288,2822452,3099846,2803132,3457855,2819439,2801961,2847922,2776382,2817842,2756478,7472543,2797119,42338572
6308132,34749533,3408134,5321224,3152262,4309937,2936404,4229321,3056150,3632808,3070419,3589460,2918688,3178286,3151433,3211186,2365848,2799184,3306589,2822734,3100185,2803408,3458164,2819740,2802284,2848178,2776719,2818106,2756805,7472914,2797395,42338869
6308462,34749907,3408446,5321541,3152575,4310221,2936684,4229613,3056462,3633143,3070683,3589781,2918981,3178538,3151733,3211435,2366111,2799436,3306923,2823001,3100502,2803702,3458453,2820043,2802574,2848492,2777048,2818362,2757120,7473224,2797662,42339172
6308780,34750225,3408764,5321848,3152933,4310507,2937026,4229889,3056741,3633360,3070955,3590044,2919271,3178833,3152012,3211665,2366377,2799706,3307224,2823315,3100777,2803913,3458720,2820329,2802844,2848760,2777334,2818656,2757387,7473550,2797978,42339574
6309098,34750623,3409078,5322149,3153160,4310756,2937264,4230272,3056959,3633658,3071200,3590406,2919524,3179167,3152258,3211923,2366617,2799952,3307457,2823600,3101038,2804184,3458986,2820588,2803112,2849046,2777615,2818925,2757682,7473879,2798257,42339881
6309358,34750989,3409295,5322478,3153416,4311127,2937483,4230598,3057196,3634003,3071418,3590797,2919707,3179479,3152499,3212233,2366842,2800304,3307693,2823868,3101223,2804472,3459204,2820905,2803325,2849315,2777799,2819267,2757881,7474300,2798476,42340261
6309635,34751320,3409605,5322787,3153735,4311467,2937799,4230865,3057489,3634263,3071752,3591074,2919944,3179774,3152780,3212502,2367125,2800611,3307957,2824121,3101452,2804727,3459462,2821152,2803544,2849591,2778078,2819566,2758172,7474639,2798775,42340571
6309981,34751713,3409837,5323044,3153969,4311775,2938080,4231146,3057716,3634568,3071981,3591349,2920174,3180116,3153010,3212862,2367320,2800919,3308161,2824468,3101688,2805028,3459717,2821445,2803767,2849921,2778318,2819923,2758451,7475008,2798967,42340887
6310274,34752023,3410091,5323324,3154208,4312055,2938258,4231446,3057936,3634893,3072195,3591637,2920384,3180438,3153275,3213189,2367565,2801216,3308426,2824774,3101947,2805360,3459929,2821772,2803968,2850237,2778565,2820230,2758662,7475353,2799189,42341224
6310559,34752318,3410316,5323584,3154489,4312372,2938545,4231720,3058225,3635203,3072441,3591945,2920654,3180741,3153563,3213552,2367846,2801526,3308631,2825123,3102207,2805668,3460162,2822049,2804232,2850511,2778813,2820558,2758879,7475669,2799459,42341561
6310816,34752624,3410591,5323873,3154774,4312659,2938815,4232019,3058464,3635467,3072716,3592230,2920957,3181015,3153850,3213832,2368128,2801836,3308885,2825348,3102499,2805894,3460466,2822250,2804514,2850787,2779143,2820800,2759139,7475959,2799698,42341888
6311073,34753029,3410858,5324251,3155045,4312964,2939036,4232293,3058715,3635757,3072978,3592506,2921223,3181314,3154097,3214158,2368375,2802162,3309106,2825654,3102722,2806209,3460729,2822563,2804753,2851032,2779398,2821079,2759400,7476308,2799946,42342262
6311449,34753338,3411142,5324475,3155338,4313234,2939322,4232536,3059007,3635953,3073312,3592757,2921543,3181540,3154402,3214395,2368626,2802437,3309387,2825925,3102976,2806416,3461016,2822815,2805015,2851242,2779680,2821342,2759712,7476589,2800229,42342568
6311817,34753600,3411474,5324713,3155662,4313495,2939640,4232755,3059294,3636195,3073638,3593021,2921830,3181774,3154700,3214654,2368911,2802724,3309657,2826178,3103275,2806689,3461338,2823031,2805325,2851535,2779994,2821622,2759982,7476890,2800537,42342891
6312112,34753951,3411749,5325010,3155896,4313886,2939910,4233038,3059532,3636482,3073850,3593283,2922046,3182092,3154939,3214963,2369109,2803049,3309859,2826509,3103498,2807003,3461544,2823305,2805555,2851866,2780219,2821918,2760216,7477211,2800761,42343249
6312435,34754272,3411973,5325299,3156198,4314177,2940138,4233337,3059844,3636802,3074116,3593584,2922252,3182392,3155176,3215267,2369319,2803334,3310046,2826851,3103758,2807312,3461733,2823667,2805821,2852152,2780511,2822261,2760450,7477620,2800969,42343617
6312740,34754672,3412204,5325646,3156492,4314524,2940344,4233689,3060063,3637120,3074337,3593885,2922451,3182695,3155388,3215600,2369525,2803628,3310285,2827141,3103978,2807654,3461940,2824023,2806113,2852462,2780709,2822622,2760683,7478001,2801195,42344022
6313108,34754936,3412537,5325949,3156784,4314793,2940604,4233988,3060375,3637372,3074612,3594179,2922713,3182942,3155669,3215796,2369830,2803896,3310538,2827419,3104261,2807897,3462253,2824268,2806412,2852713,2781016,2822890,2760967,7478275,2801497,42344292
6313500,34755267,3412880,5326201,3157134,4315081,2940896,4234234,3060649,3637675,3074906,3594424,2923018,3183198,3155969,3216046,2370168,2804132,3310788,2827651,3104574,2808119,3462539,2824566,2806719,2852965,2781252,2823199,2761215,7478571,2801811,42344564
6313810,34755597,3413166,5326523,3157430,4315356,2941172,4234514,3060916,3637962,3075224,3594713,2923294,3183496,3156193,3216307,2370462,2804423,3311111,2827904,3104911,2808428,3462792,2824794,2806983,2853245,2781572,2823520,2761498,7478868,2802085,42344884
6314122,34755875,3413492,5326775,3157795,4315588,2941478,4234739,3061248,3638198,3075503,3594959,2923585,3183761,3156461,3216533,2370774,2804653,3311412,2828127,3105159,2808668,3463031,2825057,2807245,2853475,2781876,2823787,2761781,7479178,2802390,42345184
6314482,34756164,3413816,5327066,3158093,4315835,2941808,4235023,3061547,3638463,3075801,3595192,2923853,3183999,3156739,3216812,2371076,2804976,3311754,2828377,3105505,2808961,3463358,2825320,2807605,2853739,2782188,2824063,2762095,7479496,2802701,42345530
6314785,34756467,3414144,5327364,3158396,4316146,2942087,4235343,3061795,3638784,3076075,3595496,2924142,3184232,3157050,3217088,2371320,2805251,3312028,2828676,3105740,2809222,3463575,2825579,2807860,2854015,2782455,2824324,2762416,7479817,2802990,42345847
6315103,34756802,3414479,5327643,3158691,4316461,2942407,4235680,3062123,3639087,3076409,3595845,2924471,3184573,3157355,3217379,2371607,2805501,3312343,2828903,3106110,2809469,3463882,2825882,2808183,2854236,2782773,2824592,2762725,7480140,2803272,42346224
6315434,34757064,3414798,5327891,3158983,4316745,2942715,4235950,3062457,3639343,3076705,3596088,2924739,3184830,3157596,3217599,2371889,2805768,3312586,2829155,3106383,2809723,3464139,2826194,2808459,2854505,2783050,2824866,2762984,7480538,2803557,42346614