6688403,355531,219857976,11532262,231447412,3424339,94431986,21046399,212006407,1889577,78581962,1208721,22576901,1286395,391636520,18829,8992686,2898128,118086492,18015,116780253,15125,265812354,887842,13149117,329400,13894189,4824,22680208,33071,81404044,3283445264
1676517,237801,268962167,270262,282005464,301893,103121388,3925784,234514951,51524522,93147282,39467,9807938,1589016,429028710,77921,3651982,8501,130801658,0,120871945,0,311027695,5999,257292,47326,1194883,13729,380750,137598,27299018,365207288
716369,179813,286443195,38042,292393909,67823,102988902,6915,238795087,21190,96663617,0,9061877,10233379,427758545,37333051,3727852,8817254,126929601,39560,122036564,2452,307143155,6123612,303000,126620,1130587,0,1037445,0,37587798,676862670
223144,6945691,266892506,157977,283969882,51955,101852767,28430,233909647,47297,95442597,64217,11060813,437155,432536780,28559,5337525,24858685,126952572,0,117836490,0,309530342,26806471,17235,155697,544429,17213,487832,36660,20125050,233850639
597712,17176233,269695917,34556,288524419,283660,105210990,0,240228239,32293772,97257163,9163,9543057,84141,427015756,512641,3480660,558795,123914609,0,115023391,2683,310540393,10329918,156083,5407,525295,0,117018,29327,29722798,155663589
196131,1839,269334956,36705,287372121,56143,103208845,7317,234972651,4348371,96744376,9954,8807323,35693038,425867700,16937114,3554951,745242,125113455,0,119383771,0,306819965,116087,11741,190360,84192,53277,44413,30391,20132728,258293413
250470,91427,280525580,64661,291557611,473219,104573087,18136,240894637,0,97215580,9668,9508245,43682,429614854,46614804,3581378,11400031,129058664,173503,119325673,2103,310448189,41707,0,245357,96368,0,8894,0,22174090,303269060
310345,227890,271453569,82082,283555659,83242,102990381,21686,225070061,249075,96498308,15927,7017438,71460,430861571,42433092,3650736,14347341,123768365,4917,116309765,0,315014624,54412,448625,137768,218355,0,162642,5435,18767224,195585407
621147,0,258167492,65619,277150506,10891,100233133,18853,224251942,27917,91568680,8905,8893787,216907,431859968,55647973,3105818,379144,120521404,6044,111724533,0,311862249,65832,100140,377213,179108,0,115497,18622,21905674,55602675
135297,27323,263750074,71683,283972335,44972,101367841,13060,226547443,0,90211163,3556,8454296,36932,432487598,30620974,3360417,26654261,119502303,62725,115626028,0,310759062,15680,60381,40391,571870,0,149497,5941,35660133,229029922
1210961,922598,291046051,1569822,293826633,13666175,106543389,5718574,244112573,2339373,100512793,0,12769654,114661,426425597,26074880,5984624,1017788,127983872,1385896,129107030,13835052,306885105,5841781,387986,297942,738746,3816406,1332616,351118,25286417,245939621
580201,4147,274281149,401717,286153178,24492588,101789783,0,241176729,4439,93248647,0,6701513,3391,429397544,35813,3373535,130346,127037541,0,119229656,0,308436124,33140918,11819,285014,123335,11257,140308,62634,15372927,92075874
526454,416251,262815273,153566,289790143,581069,104165751,73865,231459752,5273,93904709,29785,6014401,46798,430081431,0,3899146,60858,122734263,6179,115377960,28685,310917138,15502243,164166,31063248,290914,8561,86549,10879708,29274407,79650547
275051,15764464,271559658,208028,286822419,69633,103309668,90300,229975934,143554,93189327,0,11310451,39437,430487841,20904,3395614,18380,124079088,0,119642374,0,306974875,135506,39400,41460,387795,13240,607809,30627401,18486998,195915420
248242,31502455,261806209,13661479,282181469,11241386,102487527,15649,231413718,214062,90770571,62740,9426134,58578,433105272,0,3485172,7229,123855799,0,115468727,38086,311400250,66102,467140,18492,404022,0,63554,0,15677742,159776680
568360,18892,281243112,121036,289249870,13115732,103974032,6400311,250744092,35974114,95858131,862896,9775647,78310,427231965,197570,6179584,23998,130193784,0,120958655,0,306773629,38735,191817,20606,629871,19662,3485405,32960,20490632,143846239
676547,31072,271420550,61154,291897572,418718,105394217,0,236175265,11589163,96187571,45768024,8765249,102036,425203627,118238,4138254,337889,123624617,8490017,119012166,24060,302314262,5598,140018,12125,260560,6702,322418,14967,26617407,65818638
616530,12200,273843491,146247,289124613,412941,103006898,3837,242104263,57220,95143789,5116161,8335507,4673072,428009592,347069,3533848,61797,128276707,345714,119105071,46279761,312984860,94324,0,639623,333435,7243,477789,9212,24165986,89475610
439956,0,272516363,51816,287249876,46007,102093637,0,234134289,0,95560758,0,8615410,52080217,430635718,11579,3645222,5024980,125967389,188988,115496795,21012,309158527,32255,134823,24995,172969,16045,36909,0,16814007,85901288
116213,76788,264807284,36208,289586237,128224,106100838,11254,237080586,8199,95430553,16759,8352108,27338725,430900573,23227,5933895,11216879,126073753,19100258,116268556,0,314359919,54006,10017,116764,322576,16491,0,87894,23519236,134232247
1658224,704703,263758199,17653809,287120939,13328232,104980942,3473,230535758,21226,95103825,17355,9014069,1019591,432897960,529008,13513947,10545313,119833058,25384821,116547820,773197,314612478,45100,1980406,97043,1003969,396190,139493,983585,15877990,63973537
522264,90798,267518934,10822651,289592550,10854730,102769437,20653725,242240446,0,94712408,29117,11493196,126411,427577427,22214,3562830,16200000,127110122,1539,115312258,171381,308118569,98703,10597,31948,234556,0,49245,4020,25049621,134977640
1102676,15940,268525402,122123,289594652,16304,104362464,50070842,246308750,0,94030737,0,9706032,0,429741356,6393,4167606,7520325,132396370,57722,116990076,272391,307512200,24991,332500,71189,141104,561658,151272,0,45233614,126464392
472359,28182,262225241,41836,287655686,37044,102901139,47298277,225619529,22935,93241886,0,11779885,2775,433778297,58344,3523008,10721239,118792454,52467,114381927,56092,308850996,507346,60523,235394,242720,0,385030,52551,22422749,74970026
779893,1315340,269379101,200753,288004367,104008,102944332,56877120,237995187,35040,92906380,39394,8662739,40525,430914333,14865,3235511,260716,124315181,126353,118315093,181225,304989965,317233,179704,802000,1026447,69984,60439,32678,22195349,56293609
581300,106491,283042313,59328,295481124,24433,105438227,57591944,241718518,31457,98306948,0,9114795,0,427300727,15557,3637562,278912,123409648,19025,123164541,0,310127065,28968,610846,142499,167244,2999,173264,12655,18209004,88006016
793732,24014,263838086,10185,283372515,41187,102748056,43556479,236618852,12695284,91001873,0,9238381,225093,431915904,7570,3513671,160548,126966534,42346,116388933,0,314374364,5511,184303,65798,307372,15336,202774,0,16797129,128369438
839928,14126,277249790,132571,298708332,20476,104759862,24727303,243878239,32774971,97561775,10245,9669555,0,429844981,9147,3386067,159984,127531296,12172,120355314,2950,308864455,74835,25832,526470,274139,0,206268,16705,19451813,54848445
785557,28659,261465601,15487,284159790,20938,103722600,33499,234304398,29228881,93672374,7838,10438405,27652535,427669553,7218,3898850,47071,125691217,19250,114585021,32966,309626204,82948,99981,639977,345319,8235,95629,39381,17252562,63455714
31769,78831,262575260,480817,287575416,39026,104968279,0,238294415,20460,92498043,0,11917204,56140608,431988806,36039,3509271,320182,124134509,0,112510041,1752,307736482,37590,383080,786046,208943,0,18875,27441,32763277,139945763
1622123,1101828,276721323,557312,282351752,2559783,101772283,3046512,239475535,3171142,98426728,36907,11253633,33704596,429965428,3976383,4191709,512020,126976409,896171,118527649,1931630,306970692,21974265,441813,971661,2562029,3726,3281406,9922,23306145,117811228
144450,242082,269154840,218792,282909701,278856,101997458,0,237254865,0,92761275,0,8883112,19612,431778229,208159,5966564,5822,125595167,878975,116714955,16381,313739697,9284877,118424,25003916,371667,21038420,210861,60501,15399487,33515910
957749,20904811,272988504,134738,285878600,92476,104185499,51794,240297226,8421322,94108607,0,9057401,73245,431136153,153574,3519780,578336,125656631,5026,117332532,558608,312374165,41482,100121,88346,202766,28409550,287203,73533,22382871,95850329
387469,77312,257246132,167422,282222882,69480,102672507,20713,234082148,55861495,92848202,2308,10427570,40812,433516661,161443,3807870,68427,124029922,0,112341006,0,306920383,72991,7837,158198,687415,27685,256536,1758305,18300831,137427302
148406,38779,255856345,238499,277913134,71896,100837770,18306,229066136,55727466,92008516,0,9155418,1220,433490426,174093,2945630,28981,123141790,1233762,112153531,0,311151268,140899,144697,142426,434398,0,52648,0,20473847,92168446
164850,15703,262891929,95737,285655695,178864,104394733,23013,237651972,12779776,94525162,7875474,9637692,293277,431950043,228904,3667520,72946,123822938,22568938,116746654,13624167,313594227,143056,4933,496719,195384,0,0,29960,16343244,119613470
387655,23006,258124891,14430,280041367,104603,101395929,18727,227719768,29975,93531904,0,9590867,295983,435767552,4920,3815031,0,124318358,41338920,114793828,14778254,309695657,23248,95803,1113692,219445,0,55757,0,16161924,18664281
23496,113535,277355807,121737,293710854,34883,104776179,32759,238250709,16595,95647743,6107,10713407,600064,426719148,0,3560540,5458,130399383,0,118759580,57158027,309814031,82628,32773,957664,163724,0,105362,41671,19679545,66295568
94243,70387,266493022,28201,286437068,43153,104476422,20051,240413278,9641,96040887,29632432,8805526,347645,431311164,2045,3549726,5934,126271472,25477,118540632,27859473,305768195,70808,9774,1051212,283929,0,323377,4933,13929687,170834921
181718,68865,268264216,111655,289464398,29211,104484516,27136,236714199,51797,94668151,4573,12030807,74323,429283911,0,3195280,321875,123887123,0,114894422,56851342,312206417,118774,88517,899724,703875,0,110039,68914,33870745,183068095
1390585,287296,262540633,1608591,280907859,172830,101127056,18230861,236775919,4959299,92836864,508381,7189005,2112980,433882641,2777,5022719,1922198,128954246,2896,115619883,38323736,312039631,2618164,10424646,758964,954792,900487,2722908,14742,15708213,109591902
370621,28954,274684402,32198,282966417,156060,100306619,44173199,233317309,5592025,96881035,7665245,11420362,11939,432013996,0,3535637,38297,123739805,32292,122383204,24405,310178029,2120846,128223,56630,542624,93255,0,0,21348200,46066381
3799230,108632,276999092,15390,283264132,51829,101655426,67907,232466296,2990394,97674407,54275402,9932785,14630,433102552,131491,4329763,167172,123177731,2067,120620981,0,307665822,321439,18974,5549,331987,39498,4724,0,41323343,108112483
277905,0,263881965,31996,284961555,4301493,103684403,0,240075935,0,93308472,56527252,9769357,14210,431653103,0,3962775,17000,123775622,11612,115209185,211093,313498261,52541,6616,344533,46551,61478,224169,18252,17548582,93910523
743479,68103,277546721,1228335,287504373,33993,104220087,0,232301028,0,94128364,26388872,9284648,170825,429310477,434469,3773294,7610264,124715736,22629845,120151072,482106,310775072,459706,527937,204111,375372,48539,303709,0,16889259,126402450
15030,214138,271997473,211926,287461030,47305,102477113,0,236298315,0,97595967,165859,7532319,6253,431516675,0,4055309,0,126921352,56591660,116830219,144942,303815262,291253,174495,18502,1226060,53314,2853765,28979,19009050,90629837
849513,131174,276789744,116908,295697815,43675,104583820,0,247753965,8899,95139478,170436,9414221,8412,427653393,0,3696665,156424,128237892,40090195,119477357,17257656,312439767,168889,12139,229654,58432,6584,242434,9989,21005735,63383023
567230,56669,258909311,188987,282218277,30318,102079079,0,235885501,0,93177603,155945,8040495,13955,432807753,0,3557899,16044,128754819,26844407,112270007,29252715,317665019,549232,69894,137733,109664,8303,182670,40756,15503676,80424655
384928,24380,256606980,159009,281759607,19804,99765477,0,228566858,21230,89231089,43698,8283680,22982,431830723,0,3169479,24860,122678308,39659235,109847062,16378145,315896673,198680,36028,16763,592748,1021,1411440,0,17498562,66694663
1030911,167317,274367710,86215,291808434,16489,103118505,0,250112961,0,97610433,243362,7693348,10319,430287071,0,3761963,249868,127987393,20027,120829524,57451630,307419963,131917,11513,8412823,271383,4250,5435,29647,29744347,153403095
4890152,888012,271247634,274797,294709247,91182,105036682,141224,241658140,2218154,96051768,243428,8657300,275660,426454673,552754,3984879,2055907,128246851,3557695,116461650,56368503,308344256,3383973,1194535,149997,1131340,1185884,833684,1712837,37982500,52810110
1054731,185098,266702931,46105,283729965,205507,101565320,16741,233053579,42326221,94595614,10915,10980659,17800,430993936,0,3180764,5298,123171316,4799,116872153,14494211,307254576,65341,0,928398,1416395,0,1985,0,30860098,70564899
124097,3960862,269221891,82509,290926249,11267,104604158,0,239580576,57195947,97073494,13385,10871763,39550,428660776,4721,3848537,151350,127691229,0,118578355,17102,311104135,21835,304741,792113,394939,0,62852,0,34674974,93812218
586758,40060,268718781,29174,290977650,31473,104312291,0,244205342,22845930,93507301,33909799,9557650,0,430320959,0,3547415,103066,127864977,0,118026309,224995,306946129,68884,1207397,148191,205694,0,0,0,20636456,95298613
403136,105511,274782593,273806,282220471,235193,101497168,19477,231909321,63927,97595275,29389362,8255819,19617,433247888,22058,3534686,28119145,124086056,0,116551888,155926,307780021,104142,109059,61513,256783,0,199554,25077,16690797,115397940
126810,36504,255316691,98000,277496764,24602,100605899,0,228571453,6307,89182767,55029299,9763883,4836,435584562,12288,3470926,32959,125003947,0,111569005,223657,311852643,15351,65191,72121,289056,0,19172,5924,17426481,122152898
711259,9581,276407257,107694,294405290,184744,105126073,0,239070488,12643,100258150,57610199,9651658,0,429309501,6667,3728796,73898,127699856,0,119323390,141886,302799456,0,18552,154391,325517,0,63208,0,18190035,103295445
1294912,150930,268845017,166092,284106958,74184,100858996,68497,231384362,0,95184942,56559433,7038666,0,432539864,21943,3500557,230015,125368955,14536,117694054,271312,309526823,28334,42687,37164,186077,0,150651,0,15215464,75229371
190419,375096,271381189,103077,281899220,51533,102021323,4002,236631878,7417,97665556,56859709,9974935,0,427697914,24497,3178110,5686,126273322,0,114990097,1688,311183959,28670,0,1004238,286602,0,111297,0,16693455,88038333
