745692697109,930494629942,1649763320750,915775559938,1709936898815,886581145001,1341693457079,910151718253,1537325609232,944654744996,1194326216746,863644711321,750041639569,858969166959,1754130679560,860358350487,873582754762,851547434744,1279305822662,879524375879,1188608925504,898311407134,1630009335048,891718785666,729423968409,818450001251,712119738081,829631204101,735206105845,799191753878,784957372076,712219308982
745997349867,930700602456,1650219646247,916028810123,1710257069575,886797113210,1342089166816,910393395663,1537595710149,944852957304,1194708023805,863903848557,750401265062,859305431191,1754430800853,860605921448,873962432643,851823785549,1279592811331,879830327342,1188937200229,898612252053,1630318618854,892046107855,729795173275,818659492021,712469216870,829902498837,735579330975,799538265644,785210496031,712665977239
746315229493,931084355542,1650509536300,916312111485,1710652828230,887060026429,1342518241756,910672168884,1537971293159,945105871645,1195073851299,864103467725,750852901824,859576326184,1754678730487,860879663237,874305249327,852114509877,1279930308298,880134206346,1189318875631,898858713188,1630890040558,892296751772,730177120571,818893500439,712760118226,830174767127,735842475223,799780188284,785524299543,712882716099
746684274113,931389694432,1650865305530,916634151561,1711011599665,887440957640,1342854455811,911037321933,1538279965904,945418156127,1195368267555,864337776901,751176447258,859889051441,1754987605245,861116576219,874598594647,852381617652,1280154510769,880460958533,1189622697366,899166821517,1631241693356,892594960454,730508237649,819304201987,713254852754,830485445881,736238047673,800004399877,785932957900,713140795779
747030151128,931773673405,1651359656117,917001609971,1711438803874,887706506361,1343329128172,911315983404,1538697724246,945684854735,1195738042416,864539104047,751486680256,860428272687,1755326746645,861434528662,874835550401,852698922975,1280462388126,880731483277,1189972594655,899475261054,1631508940369,892830085729,730808670686,819582655790,713552197484,830898422784,736535474277,800292538283,786218285723,713329837075
747337739624,932110933627,1651683751630,917341774220,1711876175253,887979447308,1343642884118,911546377524,1539120333214,945909732494,1196106113761,864723587219,752025155668,860781611608,1755908417290,861769933528,875176188899,852978297800,1280852497592,881007333655,1190201643800,899695775547,1631883328492,893055088671,731136165427,820050644679,713840242619,831121756709,736938920421,800591772194,786586698023,713487608162
747616488752,932341813685,1652082715001,917647509724,1712226100971,888246145650,1344008472185,911837752158,1539439344162,946131707246,1196451392769,864904452696,752600034357,861093657279,1756331790035,861995923224,875546198438,853174000778,1281251929785,881361012776,1190646283189,899922661034,1632331535792,893279073213,731429628496,820347107457,714289506512,831390219037,737243264676,801274227298,786945367062,713656816348
747852573981,932586429722,1652465202923,917953156357,1712487636816,888523948135,1344328120569,912100826124,1539722511389,946448015303,1196805225874,865161061755,753048559320,861632653336,1756821542371,862369500396,875895940309,853465909248,1281510400257,881656028028,1191014202647,900231098151,1632581555061,893520188818,731691853890,820607833572,714670014622,831724750685,737625420887,801546217642,787275460781,713831412765
748352157543,932882942066,1652673406941,918375256916,1712763949587,888820794431,1344707223684,912347772992,1540002321530,946752136786,1197265446216,865451433296,753525452297,861867057806,1757238599813,862695049884,876255936654,853686386448,1281917059420,881934273720,1191407680666,900631699273,1632917095039,893870232699,732090648971,820991355192,714906075326,832011713933,737895166326,801761551030,787692191266,713997262484
748647853448,933192013148,1652888240284,918630766224,1712981204859,889070915709,1345044071000,912779333545,1540324353401,947054196796,1197679653536,865761472290,753820520915,862134103346,1757560242130,863046593645,876629386372,853945130287,1282216620040,882333883072,1191751892594,901001180329,1633288088180,894140009841,732427362972,821249293785,715272539440,832396009292,738390343837,802144005442,788194325791,714184615069
749010154294,933694567110,1653289054450,918946468030,1713318149902,889505439130,1345399542318,913053470325,1540569570128,947481990599,1197970203067,866069726959,754072502735,862456040966,1757813248756,863330227179,876888663095,854219954836,1282592401038,882605849412,1192125602865,901281970945,1633655641405,894324712300,732753518054,821516166422,715607738528,832783885181,738644261725,802474132313,788504120362,714355138506
749402080471,933977802023,1653670071078,919150297845,1713603362669,889802852026,1345690468948,913335748945,1540964336533,947835797124,1198240668576,866358010327,754488273667,862721295373,1758107773036,863599546953,877157876028,854520559093,1282879933145,883051546498,1192447471841,901826838148,1634133583542,894563725254,733268399545,821836593279,715927617850,833067769343,738934588053,802657173790,788901920209,714521522219
749753311230,934244620994,1654064036723,919393350007,1713934469175,890128454313,1346034968349,913540525882,1541360042057,948227330029,1198536339462,866660223576,754860465168,863001712055,1758482650570,863961826594,877436069069,854737915825,1283243688254,883427781424,1192738773860,902309871405,1634480502576,894900748896,733653677962,822217709686,716161879315,833377387146,739190328838,802944622771,789278651965,714706815194
750227059835,934509399230,1654485731949,919731524559,1714372736350,890445079913,1346362633010,913846785936,1541813444575,948628515479,1198875783151,866934216860,755227760432,863312641239,1759092952621,864236768650,877781426130,854984238002,1283603295452,883702598610,1193122359126,902590232211,1634712739508,895108394392,733896111528,822567132188,716630385546,833885356632,739535012705,803290603753,789631658179,714916613702
750776473432,934848895326,1654799756834,920098671099,1714709380947,890753127557,1346593978851,914172645246,1542236666159,948938400602,1199227760194,867258483444,755552117157,863651937032,1759354714804,864512478885,878077652472,855232992334,1283989737918,883935857316,1193490668773,903077303843,1634968770339,895313332659,734317575193,822829019063,717027279444,834186519682,739904515164,803566385467,789932655812,715138533795
751253770023,935139320536,1655095440866,920418550070,1715089652679,891147269034,1346874367515,914526835297,1542661319475,949319795711,1199490522590,867635559452,755836522536,863984750423,1759593808189,864764790568,878377591510,855480733630,1284314645650,884280493276,1193790218411,903403190947,1635313530102,895675539192,734664575846,823119293784,717333277939,834465449023,740181469245,803766429414,790309563937,715324958371
751579314383,935511260543,1655436138268,920776974724,1715482210409,891419062225,1347238709731,915013441662,1543087652442,949603210252,1199744876453,867878903089,756245594066,864250177501,1759924862519,865010060972,878629443321,855756434829,1284595286168,884587798579,1194110582220,903742861409,1635621156407,896140389677,735000634256,823436239498,717591011751,834812123148,740450726552,804259742756,790512195893,715493724060
751884766719,935825321709,1655710418583,921051637054,1715746582007,892017604527,1347478596022,915383887939,1543403914643,950045524491,1199948096173,868127090405,756562164033,864560842735,1760127069813,865276225950,879001062505,855969582919,1284841027271,884880519493,1194453772892,904060084035,1635824560496,896594932321,735423010083,823760233737,717989579304,835346819182,740801709989,804566274660,790882574255,715693881265
752221747315,936371943161,1656057955661,921359193114,1716155261766,892313147235,1347871242793,915650780617,1543716019250,950385528370,1200316342953,868437776901,756855701853,864765997541,1760441702484,865577051205,879433942634,856308865538,1285276021942,885303937467,1194714068311,904403815058,1636077617056,896933063702,735658575935,824032562999,718266726164,835726243144,741071914832,805073514321,791290917516,715863380886
752500295286,936658979958,1656358593442,921706127441,1716442925617,892596934018,1348321747437,915959306873,1544033721380,950684104329,1200540073993,868641147785,757220202647,865135836131,1760774388776,865899903547,879710029650,856809723083,1285666702016,885815954849,1195182588256,904756816236,1636312729689,897363586460,735912326669,824311107779,718607837851,836100049501,741371163253,805380129975,791716118547,716021782217
752769025016,936944213175,1656733641768,921970366470,1716762658046,892853025765,1348704152207,916212053248,1544270110320,950924751189,1200883976889,868910489090,757487544094,865562273162,1761179209199,866229546041,880093059825,857215429643,1286066070998,886110234033,1195534735952,905167723072,1636649753359,897792793863,736217296933,824686157087,718883650271,836581878515,741764376284,805695831476,791946414746,716203366055
753049773755,937290521042,1657083885868,922372855153,1717092591914,893339687157,1349070653969,916592236468,1544592247313,951280625339,1201225722334,869302513825,757743831204,865875027014,1761464365294,866470840150,880448245538,857472839933,1286283926096,886435061190,1196008746085,905553823233,1637096829471,898036691033,736537983513,824931439334,719196131455,836844811001,742071135840,806073464774,792218261044,716355988114
753313614781,937640155043,1657335302995,922650804261,1717352002768,893606025707,1349308229476,916938589207,1544914660227,951712697060,1201693461421,869648306830,758098165352,866090960200,1761951874256,866780622558,880827804233,857822363210,1286584046620,886696730111,1196334498499,905928235183,1637443559457,898446899928,736816562689,825267960861,719523993830,837172521398,742336931210,806411264078,792475708046,716568584415
753882133594,937953421956,1657711925260,922987170020,1717614742169,893879995597,1349660715600,917233455603,1545274052866,951928434644,1202061577749,869989332484,758456181057,866294657146,1762398140475,867041422564,881253387147,858086111902,1286857593118,887037540979,1196653883830,906284103333,1637721184779,898940849179,737087732400,825550123822,719815316403,837691383519,742665001743,806647188807,792812413797,716724205728
754214994230,938244705715,1658192454218,923252353969,1717910131310,894228810309,1349995656126,917464549537,1545765216730,952252584229,1202284653891,870301165861,758770139746,866675349807,1762729376163,867306726097,881600124047,858377959433,1287207499339,887492456189,1196967792291,906550316660,1637991880544,899203956467,737435960047,825941923138,720131934299,838083926863,742978276328,806881568270,793457668293,716925869037
754505067349,938515443212,1658473984408,923438813634,1718392462145,894416386692,1350383722691,917763116982,1546199081601,952537789745,1202664781526,870674672004,759146836729,867009589665,1762999344709,867661367282,881959311171,858653980348,1287483675660,887842870657,1197281457752,907015665847,1638269657909,899603124103,737751493169,826214924721,720483636337,838369976772,743234147487,807079529992,793770342276,717096227453
754811548250,938777455796,1658795142529,923707764689,1718735148697,894669123273,1350626903081,918011582274,1546667193444,952799960512,1202989082337,870942170743,759521662517,867259889829,1763285449719,867924729998,882341773235,859068881738,1287809380340,888300130223,1197565037835,907384611285,1638638811658,899908657809,738120138701,826508045435,720989598808,838709760580,743443810872,807457691248,794203742103,717297240230
755143182157,938987083407,1659168997393,923942393900,1719154910567,894888207024,1350891843020,918372269987,1547072514095,953007895410,1203328330956,871212703100,759859517292,867497098976,1763587095589,868200424275,882781042088,859347474333,1288257720799,888535876865,1197885663246,907942621183,1639108537214,900290671072,738512495954,826740670366,721311961669,838952579960,743744000177,807871363827,794536002213,717472142065
755455029798,939322306031,1659577161997,924222648198,1719459764501,895067804936,1351310169514,918765540539,1547477771461,953242286457,1203762464415,871563311872,760140576562,867801563787,1763979507672,868539123108,883179011341,859688061027,1288704918009,888747182524,1198160026411,908271795856,1639376877939,900560076811,738837101579,827059389154,721808284131,839373094352,743973431903,808199176143,794918233826,717614843786
755793619170,939636585720,1660007627460,924475938897,1719765852373,895409124576,1351618835035,919038756581,1547816373192,953583247801,1204052550123,871857766493,760494956130,868142778874,1764231715525,868673945705,883490007531,859976180741,1289071306631,889037715221,1198550147577,908614066296,1639631061718,900764436755,739136636755,827486766678,722114239936,839688871863,744362033230,808562841813,795448501837,717787680924
756244113358,939917344511,1660568320076,924855077799,1720075367759,895966804321,1351892830436,919394734894,1548121815290,953924861120,1204285312767,872223873439,760785418801,868363592916,1764473269671,868937884029,883799341212,860328867671,1289379711156,889356313796,1198898055831,908954151895,1640018610820,901111487579,739434446557,827742210853,722390672899,839999625129,744771860969,808841864913,795767166096,717932824657
756536207495,940353993036,1660817871332,925233344476,1720301208358,896332588897,1352142935700,919674788489,1548393042133,954224513300,1204567262883,872635168969,761092762656,868603895751,1765180374578,869279953425,884078827706,860778533448,1289720891512,889826082956,1199195035743,909287025354,1640281291171,901411063729,739749453594,828147787584,722691057689,840406022468,745006387071,809179783850,796077912840,718131411248
756766801995,940690080830,1661242283880,925673740114,1720575205120,896572231342,1352451945179,919967310628,1548686559302,954449579992,1204887708982,873036518472,761341856538,868859102782,1765715608454,869746782897,884365425893,861004761517,1290107154452,890260932327,1199812302773,909728290449,1640544096918,901759710454,740000069881,828455435546,723001403998,840692198775,745164615077,809599275889,796299986758,718297385560
757221113028,940975122686,1661586451752,926014943428,1720867667137,896804015605,1352716147932,920366981618,1548995215416,954785862587,1205139502832,873296763347,761621056945,869145707559,1766083892406,870222447556,884600185402,861260731011,1290452908713,890576693810,1200359846363,910084317689,1640838867538,901943224866,740501788344,828720452092,723311871907,841016481028,745471345570,810125717004,796657465741,718473088194
757458189113,941369259633,1661890760407,926381570976,1721171799651,897087593552,1353029332176,920795254263,1549296047491,955164787315,1205473846515,873643104730,761905960355,869505065528,1766604985065,870500006269,884953668686,861509023521,1290739362446,890889654180,1200664532343,910429615261,1641104034127,902253898483,740817936918,829002939605,723593702369,841401374518,745810453855,810498652352,797194814800,718647857860
757755181205,941597529249,1662325852949,926753273505,1721469525112,897387155836,1353341109327,921295600039,1549610124848,955533484534,1205725723500,874006227220,762193322274,869879849168,1767123121689,870953730363,885404669949,861731004792,1291067116219,891183160797,1200922412157,910725936168,1641398395204,902571048049,741064229878,829241065911,723889408431,841939650054,746064857737,810724785801,797579549640,718794087861
758054523481,941866523990,1662562349046,927054770867,1721787961599,897735426836,1353769117452,921583528633,1549888183481,955821626182,1205923943431,874387448408,762554679034,870253496045,1767554403788,871354679922,885764123924,861992908089,1291276475908,891541049534,1201161729262,910964118909,1641780467438,903033971643,741300242888,829492685703,724362448531,842249130317,746563124081,811041523391,797921681464,718957514015
758362306639,942193883087,1662873607054,927379619334,1722059282035,898039876865,1354038242916,921849031374,1550210278449,956148616667,1206236356574,874719817570,763049103691,870586577178,1767846073861,871558511904,886030917250,862296823324,1291817944595,891931060252,1201536815812,911349455278,1642098776626,903293816216,741550761336,829956365126,724610355494,842630493773,746854010732,811386758527,798284475872,719140788207
758629329142,942505876189,1663273306883,927787173964,1722302361040,898300256729,1354350125026,922173119315,1550548799684,956334722332,1206679253130,875123447038,763319535366,870939652657,1768129056363,871857259264,886370503582,862605749733,1292271444747,892227191140,1201794598720,911698775065,1642416183312,903711036393,741899167100,830334986039,724928787248,843044647911,747215825638,811773446026,798617959623,719296477646
758973658703,942726857876,1663670301342,928185892732,1722557985783,898731378397,1354674217881,922397625597,1550966304103,956544335097,1206983225568,875379822614,763618815760,871242730389,1768408381993,872125405281,886632060679,862972453055,1292620034966,892662481543,1202203363490,912097983982,1642788233183,904238974648,742249957198,830522638920,725240555480,843313667282,747522661295,812143146393,798988822340,719445789450
759674952216,943063374154,1664050378587,928485865766,1722889888168,899088528768,1354971637275,922903125037,1551341337900,956784388921,1207247742967,875633630849,763858438851,871501795242,1768759999787,872617054411,886855878720,863171059767,1292840654205,893040677831,1202551285136,912490155565,1643011200098,904463493974,742567010279,830825894881,725585729730,843599164284,747831668770,812416757168,799420049841,719584938098
759980829628,943452144705,1664516750319,928796596553,1723272728777,899483705136,1355285165798,923433623424,1551658004113,957046163947,1207567694382,875937443882,764192866833,871912254199,1769075795931,872951833552,887153221410,863421635174,1293218907373,893475371463,1202867482117,912749376104,1643280034094,904641058670,742865916248,831049284394,725866145464,843856885401,748059945705,812767031821,799757155487,719752436314
760362023252,943760625051,1664832445300,929027007864,1723568170923,899818429117,1355622696803,923967352807,1551982785260,957420624786,1207883475434,876233387369,764559989301,872267813977,1769412900325,873258831469,887430709719,863857358627,1293492185016,893750347067,1203235889248,913175015865,1643565728552,904867310024,743212705816,831357153480,726353805010,844356702429,748378527384,813138303946,800066451765,719904611917
760595546254,944054128794,1665125898992,929344110718,1723790647285,900070376871,1355898849983,924484872890,1552201818418,957716796951,1208149367219,876490205521,764810617221,872739979986,1769819562610,873550311333,887844658604,864213713489,1293769345090,894175076821,1203606851922,913446172163,1643957499728,905267109087,743732786186,831685574323,726649109745,844706023981,748667059763,813617556551,800408409792,720080066196
760955516044,944419757777,1665426253992,929657274626,1724098051239,900333350240,1356165043586,924772322540,1552586775828,958031511786,1208385041619,876693877621,765033761428,873082435570,1770108085515,873863420780,888204957795,864586081508,1294057248614,894507662351,1203982356666,913798097776,1644513606294,905604527032,744040541683,832000466299,726927975167,845240167212,748879574801,814036855790,800797610047,720275368985
761257696445,944690135548,1665696812323,929993763694,1724335356083,900743042431,1356575258639,925096067514,1552891663605,958290880083,1208674570306,877022734863,765349121987,873402757317,1770551150407,874202121291,888477944439,864931008508,1294360143123,894742235414,1204287254714,914134694296,1644807121679,905933996406,744379023902,832353573408,727481184887,845622446368,749215765650,814410887556,801142894416,720394590919
761588756352,945162166644,1666005664890,930500286265,1724732741678,901144415065,1357103153002,925344008854,1553207734411,958484346227,1208894469452,877288855158,765663648726,873706146486,1770959065305,874611569628,888854441600,865222808779,1294677583289,894977022495,1204592471066,914557482133,1645074467914,906300908545,744660968656,832629722381,727844592968,845971695007,749508194380,814625079482,801423102369,720537375461
761874905730,945447739394,1666352762112,930819295176,1725003193559,901506741408,1357347126512,925618229112,1553598720571,958741848089,1209199567236,877526597505,766042646173,873940564684,1771309855108,874891167638,889262127637,865459718832,1295033350798,895201411334,1204891276018,914837933820,1645373485742,906655096700,745043738171,833089492847,728152036634,846279312999,749829512613,815039040650,801782297750,720692414593
762195244131,945780619241,1666677545326,931067968225,1725395433805,902000700141,1357668661270,925918018727,1553875099037,959030168345,1209450035154,877791589997,766317608673,874258919390,1771589588952,875227789469,889610864201,865766807014,1295532431126,895494380604,1205223099363,915119356900,1645724198805,906940127209,745314111786,833354096943,728499499764,846747861862,750121787229,815566960436,802119726035,720837807200
762500830421,946014038597,1667080524946,931347680063,1725644066347,902280513360,1357935573284,926194689098,1554216610310,959430444453,1209741954409,878062435130,766613710671,874506155858,1772065913845,875476963816,889871642048,866133633111,1295876186477,895870555493,1205602560308,915569278513,1645998919938,907321236617,745591526869,833583487531,728947327948,847070386575,750435911234,816040212678,802454667910,721019150717
762734332288,946306019527,1667339547565,931625688165,1725997672920,902535535367,1358226735389,926648307030,1554663567207,959853774387,1210098264962,878310431049,766913029896,874783575176,1772521618525,875680144246,890227761451,866297294349,1296172957104,896219812336,1205904468009,916010475430,1646310414382,907601773841,745824714511,833996138251,729318145890,847277465250,750765072628,816511730914,802785535600,721160018447
763093318322,946649251839,1667599134004,931852886476,1726303291801,902791591386,1358590676083,926973973895,1554949385813,960082270288,1210431216228,878599838043,767197734509,875110924127,1772819037725,876027622304,890523314104,866708244923,1296437613627,896662925563,1206314017240,916348117769,1646825330302,907989569361,746172902859,834313425711,729587417832,847752462411,751110551791,816859170185,803083126910,721320634085
763582644423,946966862704,1667911967177,932179358126,1726735664014,903119471833,1358856544668,927268066334,1555241600979,960376787941,1210764186235,878906941549,767463030203,875458653818,1773086972396,876465553161,890791145582,867035026699,1296883252506,896971888139,1206625088936,916646260633,1647107408771,908397148371,746492521948,834612688745,729891722060,848040223978,751444981017,817165089255,803525241531,721467091178
763933516338,947263444250,1668277055569,932490984567,1727062413308,903447927764,1359104053549,927528187562,1555644568663,960650751846,1211268432224,879310377436,767749012075,875673424943,1773376879567,876739698849,891049253522,867260584993,1297155793692,897424467873,1206908920635,916969671172,1647540373146,908719173955,746823090720,835060265798,730138413283,848512294321,751749826918,817407841737,803900611021,721605905283
764277303832,947588899909,1668507630378,932864145555,1727622702081,903694888158,1359404828133,928065030093,1555889611863,961021842321,1211742260890,879764450089,768016398490,876088622112,1773746866384,877013380131,891328826029,867591591514,1297545989064,897667174042,1207190561023,917186680640,1647890863388,909069220960,747131849927,835322907915,730442305292,848788969654,752015405907,817727823455,804291029626,721795797552
764570676786,947898213245,1668856467086,933094514995,1727877356972,903911014519,1359718444323,928456279242,1556190986073,961350653029,1212037883328,880041819633,768258788084,876503078279,1774396908324,877439694670,891633244993,868054907971,1297967401730,898021059023,1207548273194,917544960202,1648152687268,909327543104,747527158082,835521633395,730769787699,849056191581,752299640747,818097977701,804554388177,721950716065
764983288643,948205754915,1669345772936,933522219668,1728221397196,904118332785,1359966165807,928790757209,1556441768276,961662900287,1212356636391,880377242688,768557139809,877014890880,1774727399771,877799134895,891911448849,868327205811,1298198980001,898337196360,1207875773841,917874952763,1648400586223,909578413936,747826449761,835736651619,731118580565,849405107046,752593206591,818544345024,805015531151,722115824633
765263634173,948400116315,1669617287171,933776506598,1728617945742,904352829826,1360291769374,929015927048,1556737339750,962134618052,1212625418351,880666834451,768824684822,877268267577,1775046320257,877988051564,892137588935,868585050308,1298426645437,898584267059,1208130612039,918268033563,1648675510024,910082554951,748169171182,836284373313,731620388618,849760497180,752915579401,818871298995,805602609573,722284707784
765613861309,948711266498,1670110773864,934072582115,1728946630265,904625563707,1360668411641,929286506758,1557101187470,962466312339,1212898090660,880984685764,769108223360,877675004321,1775322965803,878390722783,892543823710,868861073587,1298720974521,898903901513,1208384895703,918463316726,1648926133889,910497529056,748436876189,836626329663,731859586611,850140958037,753243199325,819324670215,805867080690,722433135571
766137411743,948917275963,1670341123567,934402627135,1729266696978,905161034589,1360975077088,929668808661,1557352303346,962867111164,1213129420428,881189980219,769337499136,877958405515,1775590914350,878734651855,892795984748,869120587066,1299247638042,899113833659,1208618290376,918712587051,1649275507521,910814876912,748826923858,836881734009,732202089699,850534073801,753546552604,819794671920,806189050236,722599545368