6154070,16213236,12265119,11180234,5646996,7067086,16970306,11057246,13805004,3665426,8686855,12153515,9061148,18644131,899831,15491064,7178052,9295750,10776951,9170338,13297939,9696963,8930665,13022610,8168569,5379608,8927077,8525206,9078746,46320872,11106285,48631779
7204440,16646420,4045470,5662935,18445977,9799984,10295749,11070650,14989916,5837116,13172055,7817104,10835770,17123953,12326038,4831750,7766040,9570998,6304112,497924,8254354,10725728,17255701,10697150,12622135,14300169,15765084,11482541,10209364,16145396,9234487,6644970
13158274,17011621,10806923,7289275,24238992,1194683,12388345,2164991,14311643,8532929,9750379,3350066,7228186,7733278,8422800,13493988,32492521,1363761,16448268,4227549,8682743,9228953,2467954,7084563,7365743,12661702,6300850,32481625,4968042,8775058,16798892,8054769
15969930,3783862,30573122,4718956,13754316,2222994,7636658,151659,21517036,4511079,33165851,7651420,21765131,10137618,14329360,11511462,30028456,14706972,12850979,15235520,17017381,2889291,9949914,5938574,9416345,7162638,6787473,4287504,13824837,8875181,20200005,4644431
5297731,7378682,32024930,9855181,9808448,13439259,9306743,4071498,7463755,6302106,21166341,14149062,10127770,6681832,12040841,1469284,26007821,5262045,10132255,10801156,6349987,3712333,10645799,2267591,12370329,7142784,14796708,9980413,14096904,7224877,20894548,4110899
9424275,179037,26881015,16624206,19527119,18192736,40649880,8358258,18798543,7370059,9839577,1429619,9116288,3285042,7364799,49193,17203193,6654381,23373662,348556,13727892,8226818,23104105,362548,9926055,9987471,11002290,763239,5653704,3738265,8442403,17040419
994812,22368880,21334763,817053,9134641,523608,20402814,23173074,3921962,41111234,48526588,692078,10656990,513620,21387908,84917,24455653,822162,37571306,35626,3489574,3658654,27587223,448947,5671506,325340,2198378,277668,13174260,20245,1225618,55086108
1344022,2688362,8903723,5138935,8152058,16812279,348141,16778941,105616,12423013,7784830,314371,6277393,3233762,11034089,30415086,35723520,14415839,36362520,66425,39846284,3883593,19855412,836419,19511449,309224,14619501,5803159,7267712,1009081,10737889,1117820
2565458,54723,4589055,457955,12316590,20860362,3940663,18644685,11013994,28752965,197692,10759269,822077,29384556,688562,8759944,10700733,4859059,350930,1470336,24318322,406937,42362167,4378089,30936296,221365,20365802,935362,15080244,4109741,24750096,1837724
5425307,40129,5236907,9987723,27341437,2319855,8074601,22178220,11697493,3516563,35450082,11923221,19768706,10518077,15872013,24257480,14515134,13187050,5026438,2445432,12906916,15054635,313527,4236794,18504902,3704118,7292604,2303603,11570470,673103,8031392,4201145
8554401,14530461,16352747,303721,5867491,16658525,15947833,9307207,13826585,4948523,23497633,4693511,29066014,25605345,5059983,7365543,16763942,1174181,11202483,8542601,27076848,592619,20621521,2641624,5865953,10046091,4581405,9552674,13031720,528111,5997095,3010300
3733149,13176317,17536815,16713424,21754187,20699,10703429,17404344,18695147,26874301,25995626,13705898,8282136,8500344,32532523,11762357,13185212,2309906,15200703,1154334,16321536,1913894,14384476,4487887,14262207,326849,1773564,6927873,3005204,6119415,14079655,4764717
8048103,22092485,12861563,1309998,2439186,30917,874927,23893060,13405550,15711805,17718082,18464243,2737116,14566403,9523845,10117241,15076706,3463809,10195778,19951886,19882900,3128415,20135449,6513559,14706670,1493549,18737854,11026073,10831791,466815,8732641,4134330
17992993,27015334,9727523,5648048,5980389,586701,3327773,9371080,14755273,39326347,9254760,12334678,2900886,17741161,6074782,25989347,2933577,17432576,7824453,9436576,6092158,5361098,15002164,2482234,26304704,9000571,20640834,14607113,12767908,1432961,12722473,3498769
4216583,20248007,8531568,12296422,677955,21025940,20553326,17390340,4359697,8110812,11160360,14550991,17666350,2257363,13130018,28383,4964843,25820688,5471433,29523815,2654339,12836281,10082076,5747443,15150949,4255989,17077097,3725196,15226831,6483277,6872020,3488752
22742892,8485017,12776959,9365872,9991721,27606,9579723,16215662,2671307,2772140,4834455,4171002,1969038,15606522,12149543,280943,4122762,96232,8510796,15828494,11134240,7650009,12271477,31951351,19424379,13656039,8670430,25242512,11960148,23144021,5063370,10171117
6707682,15086700,1894291,13775432,9270380,318190,25881184,2866549,13018932,31950,8922017,1155569,6016887,13918176,9978444,6141585,8752846,356611,8195068,24620062,4780260,310498,6507513,22008754,10101968,7662672,18301489,36228696,9343223,14808001,4404444,27898779
13802479,32115568,30628108,13418962,6999871,6268784,6380815,8761621,70340,3725885,851400,2409360,478508,8132217,4967712,5493985,9048857,17615347,1927888,15316187,6299470,13643294,4741004,12630553,26246748,4177022,5191926,32914995,19474827,1575562,21783267,12097166
16829261,7579868,4441910,15361978,6401511,28068522,23745166,15463389,4770108,19390609,15342007,9223700,1558975,25225513,9838875,14312758,211309,10905653,2486544,807595,2390833,17692530,34452633,14773153,4545348,5811668,7200217,12453389,7346333,9706,7804789,32225883
2355280,6477429,7938770,13201462,1857146,5164118,7842415,12643895,17713734,23568341,4080961,20265893,9838069,26065158,6341222,12001198,14008095,4684566,6903013,5945549,39796437,14621709,5175441,25568851,2685107,5925593,3083040,1950233,4108468,81937,7810969,43861144
15156937,5968797,5378371,2126825,7502808,33238,26756713,2737179,26076,24021275,6370817,19291200,993896,13901275,115410,18935713,196112,8238695,8790116,14951293,16411044,4933489,1408210,24857477,34970150,6579560,9623015,10717383,8316338,15458466,5722393,26177621
10366464,4436965,3800246,5373193,10351150,41729,13445663,88160,12329181,9473174,3201912,21364022,6708632,40176567,3262796,8489348,5393492,12236454,8099263,21254868,4238263,26614761,9814789,11808714,2204559,8462116,13625376,4028246,35039684,4538386,11655822,1541126
12084455,13540724,8952877,14602552,26478000,24267,65218,4155548,11428115,14699788,7215719,2226217,1266539,8416871,7517591,12615563,59442,18741590,16878467,5376474,34140639,23124894,4664931,28483599,13505698,9586217,7092580,14149734,12680019,6601751,3608528,18269036
10767974,18650802,12622161,13030300,17101340,4477290,11502545,18128182,7379360,16858187,2553461,1097890,12922678,2275098,11009525,14234678,5584021,13327051,7008750,6356101,23408058,9328673,3977556,32905515,14949784,29137591,11513532,13319515,3503065,7542056,7856487,13849687
7393536,17277496,8291760,23120243,2007320,13870667,8414443,21023,11445781,4984998,2733065,5888945,12162262,1314182,1014541,5359023,699975,14723205,36879930,25355,10815950,3647808,13094587,9593375,1114696,27712192,15521643,40882515,18776728,6595510,930815,11854728
10072657,31112182,15723873,6033844,10689836,22371583,14942180,13131762,12632629,16044562,5603016,10675803,7204137,7507385,6082714,22579905,7622637,23130583,58316,13157674,14477578,2158005,9319854,970155,8911620,4936381,19885554,2341271,12647862,3754218,6084133,7961755
17386985,7559747,8307495,251737,21933425,1457694,8412468,3939079,22630009,20634,5244138,26127626,1352238,12600025,927884,10419784,60682,12983656,59367,13012138,1823141,28256626,7343118,21789726,20448796,15127134,18640118,12664256,24638383,6542369,9080064,3707586
5586963,28300559,13429275,22362993,24240620,4101475,337961,62699,3079677,6394981,11349380,2239021,18535825,15175600,11766640,29297,19296369,5061821,3317508,17248261,15484588,21486690,17749429,6746233,2856055,3613059,5237426,5696863,6531150,7662548,7787597,35450150
14347716,33693879,11632584,17007329,19610965,10746814,20819974,17085327,20737556,1753164,18317267,3310877,793365,67214,11384447,28405,3587520,5873507,20336003,474661,4104411,5190133,4095746,3835686,4437733,4072202,25757835,32782848,7152672,3483665,4471477,15525039
2259012,39521563,12351285,8545928,1702815,14541145,16632744,37604401,17937172,12775681,19273203,8328791,7075212,541965,12585406,9075051,8278939,283658,14434754,212233,7748434,3933955,9385075,1656087,2610478,1230904,19275649,23984496,13077459,2366926,11278502,3414199
381688,9214408,6610136,3379157,4797001,5110354,14686550,45394627,21630345,30592648,3819703,5595052,6678207,5183480,10522012,5053610,15845442,2457776,17691808,4703528,38071319,312165,1384428,169453,33381043,2354722,11526654,10238626,17383219,2166615,1628146,17235463
10570243,12315501,7529542,7204699,11221420,966890,12780570,9200776,15578798,1564213,2906614,1178848,21260704,22499293,2840311,18846922,49668,26860883,25384235,7308358,21498529,3300051,10385585,2323886,12828127,16831548,8301340,2935761,277400,236701,15498234,47413027
3798095,18432092,23997731,1865510,6647262,8366355,9380503,15176043,1904773,1059430,19281287,2197659,23008559,22985951,5455166,9343388,32116436,2306254,15577447,40143698,1402612,13396053,10575964,7430534,1356520,561162,2687611,8986735,3743536,565703,17521195,1941526
1293059,28866874,13837715,15053605,22553918,996278,9376249,2322741,23438332,3150930,8101044,8182157,14639771,7692543,6774737,24070265,11983875,10257294,12407036,9756165,3081631,22350681,30346718,4915793,12375568,4736811,13720226,9960697,6644415,2968644,10632303,15341460
14184260,14341594,13273344,2946762,16941504,653111,5206910,9306209,15110309,2757633,12691339,5816431,12155459,64969,3728235,10953608,5863941,10294512,2312409,1920353,10849076,20365717,26178523,27105964,2497814,27730292,14402505,15882293,12305401,9049697,7918260,2338719
10044891,43460299,4413319,10866698,16635263,4133,26691980,2407132,16801595,2968573,14817576,162379,4771220,91217,14786921,663889,196640,4118652,12621340,578242,98888,12465955,30569374,19470600,19490291,29900591,13749463,21642788,1348727,1120804,2274267,8359536
1462659,31911717,19419293,15979986,14189349,15573934,8258778,1311403,3275643,4495130,13362721,5061830,112459,9254955,17909613,168632,10647111,8057616,3322893,12027056,20147452,6421665,9484395,3980647,6713387,14715699,27741705,22281126,12899466,1363892,17037004,8556183
3861470,9727001,6328685,30728650,8806408,7365469,176242,6303751,211720,8685367,17091013,18596790,35285549,10567189,12915427,13909164,12784233,1214763,27643257,17128373,20548581,541464,12874174,6430002,5128039,9637069,4648996,1479168,14956566,790459,9332443,19597121
11325097,8388321,20662075,33871194,10110073,7253981,15221144,9549105,2193655,5703414,13967783,4504295,15769967,11300601,8138118,386424,17758702,8092124,13425894,4100527,8811562,4736491,14374933,70681,17941838,20765909,5833661,8819890,10513300,11808714,8057822,11219255
544657,3770206,4323737,14044000,11748119,1413622,567510,24702801,8553526,25345690,20739386,14172850,18343894,8055441,17845081,3187565,24301374,1065518,27207457,15640,16775269,6551033,6018373,294745,9196875,8891451,7212983,24061011,7154378,22163046,6631004,6770192
12857655,195164,9650676,19604393,9933435,820400,3879457,6334061,2994685,23334608,640610,12242874,14866067,4987348,8933643,5249385,6872283,7657342,35462516,6878835,6775895,201886,17752673,3629524,11577915,19915055,25055501,33133948,7461685,3502532,13376538,2850196
8775509,9019069,27506491,4538235,15439468,23713760,21069493,579409,2192864,25609365,329570,5314291,4403778,21876011,18092385,5616607,25714665,4011270,14394751,5669368,17670321,347776,4864344,8268335,2771966,602281,8528286,24624795,1384796,7529932,9220900,2649448
12035646,7481914,4855855,9941839,7130765,7347145,23521390,2117709,280163,21231724,2834303,5519156,10838190,14864650,13628419,9245369,23195679,16247654,14795896,21335912,39595311,7854960,19628966,10425763,1089944,1206683,3189423,5099444,256736,2055666,22309873,718836
4272124,20265002,10562993,4007162,13896135,3435487,12495254,1580994,20518751,11805848,12441910,5797466,795708,502303,5304790,2804663,10037578,27342430,19397900,28514403,16865026,10618550,31453577,7766723,25801117,9610219,5708708,13137531,2657313,9188421,8127000,9914186
11723789,23396587,14810162,42487899,21646134,15238083,14353048,1484789,28037195,8394169,8186690,5506391,5579934,1028371,3540723,31055998,5229131,9324566,6318437,2935126,26754300,4304181,13661525,1355285,17664778,1524204,3324350,3194427,7000006,1118176,248884,799706
18322559,16490125,10284172,16192737,3076766,17581933,5715469,99517,20324891,3254691,6209170,4014666,11681159,21942824,12103706,6164670,28609871,10290952,13390423,2542972,19492145,5112514,7007091,14272166,2195265,19544991,6712492,282082,11353389,14071754,10512052,4884005
14843713,10271320,1904245,322741,6279912,8817090,7242926,35477,10312312,115572,10227279,790651,14901289,12276731,22554151,6587053,5046920,40022754,26259217,17782958,20129151,15999719,18928218,4556506,9401980,1725235,7825408,271335,8018079,1982954,20670232,7258551
8002835,10474812,6576503,386935,1068456,1308752,4929106,67488,9874654,58028,6673950,359768,13975127,3373159,10382534,1042173,14468472,23108422,14570304,15115753,8308937,13190329,27232727,46615680,15716745,19419044,22501456,5335173,17889588,9102252,9410340,271585
14726685,21922,7123310,8907931,15209360,6802078,6539498,7392516,32524810,6188228,11382908,499555,7505794,2690935,1804686,41878,4056593,2525331,15251035,22675661,28293261,1640363,13203476,10185424,4393302,22678335,11565962,12010399,15359640,27179020,12296177,6262786
3470663,41273,15515710,9572236,6880672,36809089,1530792,16915424,1041275,7949043,28115969,15070242,19191000,24455355,17364064,1600258,7431902,10495350,14212244,172110,7520349,204516,15001374,76042,12390587,867929,10681242,31455378,2366913,3414152,8449531,727473
15652222,57057,6106516,18299381,6629590,122049,15610868,8136261,7853889,2305779,3685951,3551946,3055455,11909480,15543805,19668976,21600388,15070222,22295393,23358776,19247876,1443526,25267933,5142224,3076854,1972006,11149521,1149226,14951209,26141281,2562830,16394619
10760894,631514,18515200,33707633,9978474,31790958,9624896,27442838,7400493,7945357,1917192,2599589,8584,3113405,13805333,6574493,1568869,673162,16675147,15356950,12331046,14588731,14587592,627922,21129307,257564,21015260,498999,10174997,202368,22548618,724840
11879001,1344450,15432586,28157673,11898394,16433,21003352,5930204,7075276,26157280,14581921,6515978,18972200,4318213,11233185,7724289,7727120,14700042,10034687,768318,13576026,6436870,9017165,6336453,7216076,7731270,17518130,274934,9642063,12409193,4069357,25706752
21374301,2825130,4450379,15042937,1363754,18606808,11651117,25453876,9840353,2078090,10090264,1404217,17716090,9644782,14871298,224973,7969405,392808,13304578,2108126,21621152,5731245,5975212,16867763,13845908,12207064,12783296,23548598,3989299,4301846,23817512,13449754
24964563,8839164,14417771,1501048,12343373,10729860,23816111,21839978,9550735,28873189,752554,8854506,2723514,21615823,761616,8857426,14685081,23669473,20566699,1068198,12038661,1811979,10612291,636033,2622702,7394303,19375747,3887640,27682469,2446123,13229452,1738607
12460128,7608641,11845384,5039105,8288719,6450789,10003606,4338615,10445857,121131,14128047,3055057,26032945,3729510,18900462,32528568,11988750,17775339,25861018,16576951,362705,13357578,3455160,205618,25704937,962028,2565372,2427319,5399741,18476053,8980480,1715343
9008969,8867856,18023189,1089659,302466,8258795,64559,3280429,7223074,29054,2884634,218577,18211892,2644092,23155357,14364045,7899107,9797350,33205859,14856334,5193730,33403663,7661171,10154703,14674389,13484565,14520187,18691351,14877450,28279256,3184963,11037772
4615443,34187498,4597893,10508917,10574209,14644275,18747211,231986,243626,6034502,4439405,1921595,7927101,499837,5640019,67185,14517585,10393715,16601393,1027485,24399643,333118,19187028,20185222,14238504,5951302,24936694,22628336,6194203,3665501,17328643,16052783
5692871,19762091,2766141,3960251,9806913,9707842,8428193,5027113,2916,27919341,15543687,18051320,35294718,8507205,14324119,93765,2900296,4975954,12624697,33716162,11285868,4717100,11277903,3379785,7800804,457438,11120143,2578011,23171710,8750192,14747579,2688159
