1098699529045,3505630706405,1388503618073,1520212186928,1449578149327,1529975522793,1177382501988,1457002071800,1376894414535,1295441095716,1222867777131,1289574051271,1175583302907,1260441449811,1530580746387,1267384488730,1035197468302,1200247207185,1186976615587,1202453242625,1140236478933,1266299402206,1305341844953,1242769120796,1096298683697,1189937185323,1163389845874,1199695839808,1140983374307,1800607602822,1999020199556,7549679720676
1098705683115,3505646919641,1388515883192,1520223367162,1449583796323,1529982589879,1177399472294,1457013129046,1376908219539,1295444761142,1222876463986,1289586204786,1175592364055,1260460093942,1530581646218,1267399979794,1035204646354,1200256502935,1186987392538,1202462412963,1140249776872,1266309099169,1305350775618,1242782143406,1096306852266,1189942564931,1163398772951,1199704365014,1140992453053,1800653923694,1999031305841,7549728352455
1098712887555,3505663566061,1388519928662,1520229030097,1449602242300,1529992389863,1177409768043,1457024199696,1376923209455,1295450598258,1222889636041,1289594021890,1175603199825,1260477217895,1530593972256,1267404811544,1035212412394,1200266073933,1186993696650,1202462910887,1140258031226,1266319824897,1305368031319,1242792840556,1096319474401,1189956865100,1163414538035,1199715847555,1141002662417,1800670069090,1999040540328,7549734997425
1098726045829,3505680577682,1388530735585,1520236319372,1449626481292,1529993584546,1177422156388,1457026364687,1376937521098,1295459131187,1222899386420,1289597371956,1175610428011,1260484951173,1530602395056,1267418305532,1035244904915,1200267437694,1187010144918,1202467138436,1140266713969,1266329053850,1305370499273,1242799925119,1096326840144,1189969526802,1163420838885,1199748329180,1141007630459,1800678844148,1999057339220,7549743052194
1098742015759,3505684361544,1388561308707,1520241038328,1449640235608,1529995807540,1177429793046,1457026516346,1376959038134,1295463642266,1222932552271,1289605023376,1175632193142,1260495088791,1530616724416,1267429816994,1035274933371,1200282144666,1187022995897,1202482373956,1140283731350,1266331943141,1305380449187,1242805863693,1096336256489,1189976689440,1163427626358,1199752616684,1141021455296,1800687719329,1999077539225,7549747696625
1098747313490,3505691740226,1388593333637,1520250893509,1449650044056,1530009246799,1177439099789,1457030587844,1376966501889,1295469944372,1222953718612,1289619172438,1175642320912,1260501770623,1530628765257,1267431286278,1035300941192,1200287406711,1187033128152,1202493175112,1140290081337,1266335655474,1305391094986,1242808131284,1096348626818,1189983832224,1163442423066,1199762597097,1141035552200,1800694944206,1999098433773,7549751807524
1098756737765,3505691919263,1388620214652,1520267517715,1449669571175,1530027439535,1177479749669,1457038946102,1376985300432,1295477314431,1222963558189,1289620602057,1175651437200,1260505055665,1530636130056,1267431335471,1035318144385,1200294061092,1187056501814,1202493523668,1140303809229,1266343882292,1305414199091,1242808493832,1096358552873,1189993819695,1163453425356,1199763360336,1141041205904,1800698682471,1999106876176,7549768847943
1098757732577,3505714288143,1388641549415,1520268334768,1449678705816,1530027963143,1177500152483,1457062119176,1376989222394,1295518425665,1223012084777,1289621294135,1175662094190,1260505569285,1530657517964,1267431420388,1035342600038,1200294883254,1187094073120,1202493559294,1140307298803,1266347540946,1305441786314,1242808942779,1096364224379,1189994145035,1163455623734,1199763638004,1141054380164,1800698702716,1999108101794,7549823934051
1098759076599,3505716976505,1388650453138,1520273473703,1449686857874,1530044775422,1177500500624,1457078898117,1376989328010,1295530848678,1223019869607,1289621608506,1175668371583,1260508803047,1530668552053,1267461835474,1035378323558,1200309299093,1187130435640,1202493625719,1140347145087,1266351424539,1305461641726,1242809779198,1096383735828,1189994454259,1163470243235,1199769441163,1141061647876,1800699711797,1999118839683,7549825051871
1098761642057,3505717031228,1388655042193,1520273931658,1449699174464,1530065635784,1177504441287,1457097542802,1377000342004,1295559601643,1223020067299,1289632367775,1175669193660,1260538187603,1530669240615,1267470595418,1035389024291,1200314158152,1187130786570,1202495096055,1140371463409,1266351831476,1305504003893,1242814157287,1096414672124,1189994675624,1163490609037,1199770376525,1141076728120,1800703821538,1999143589779,7549826889595
1098767067364,3505717071357,1388660279100,1520283919381,1449726515901,1530067955639,1177512515888,1457119721022,1377012039497,1295563118206,1223055517381,1289644290996,1175688962366,1260548705680,1530685112628,1267494852898,1035403539425,1200327345202,1187135813008,1202497541487,1140384370325,1266366886111,1305504317420,1242818394081,1096433177026,1189998379742,1163497901641,1199772680128,1141088298590,1800704494641,1999151621171,7549831090740
1098775621765,3505731601818,1388676631847,1520284223102,1449732383392,1530084614164,1177528463721,1457129028229,1377025866082,1295568066729,1223079015014,1289648984507,1175718028380,1260574311025,1530690172611,1267502218441,1035420303367,1200328519383,1187147015491,1202506084088,1140411447173,1266367478730,1305524938941,1242821035705,1096439042979,1190008425833,1163502483046,1199782232802,1141101330310,1800705022752,1999157618266,7549834101040
1098779354914,3505744778135,1388694168662,1520300936526,1449754137579,1530084634863,1177539167150,1457146432573,1377044561229,1295594941030,1223105010640,1289662690405,1175726310516,1260582811369,1530722705134,1267513980798,1035433488579,1200330829289,1187162216194,1202507238422,1140427768709,1266369392624,1305539323417,1242825523592,1096453305186,1190008752682,1163504256610,1199789160675,1141104335514,1800711142167,1999171697921,7549838865757
1098787403017,3505766870620,1388707030225,1520302246524,1449756576765,1530084665780,1177540042077,1457170325633,1377057966779,1295610652835,1223122728722,1289681154648,1175729047632,1260597377772,1530732228979,1267524098039,1035448565285,1200334293098,1187172411972,1202527190308,1140447651609,1266372521039,1305559458866,1242832037151,1096468011856,1190010246231,1163522994464,1199800186748,1141115167305,1800711608982,1999180430562,7549843000087
1098805396010,3505793885954,1388716757748,1520307894572,1449762557154,1530085252481,1177543369850,1457179696713,1377072722052,1295649979182,1223131983482,1289693489326,1175731948518,1260615118933,1530738303761,1267550087386,1035451498862,1200351725674,1187180236425,1202536626884,1140453743767,1266377882137,1305574461030,1242834519385,1096494316560,1190019246802,1163543635298,1199814793861,1141127935213,1800713041943,1999193153035,7549846498856
1098809612593,3505814133961,1388725289316,1520320190994,1449763235109,1530106278421,1177563923176,1457197087053,1377077081749,1295658089994,1223143143842,1289708040317,1175749614868,1260617376296,1530751433779,1267550115769,1035456463705,1200377546362,1187185707858,1202566150699,1140456398106,1266390718418,1305584543106,1242840266828,1096509467509,1190023502791,1163560712395,1199818519057,1141143162044,1800719525220,1999200025055,7549849987608
1098832355485,3505822618978,1388738066275,1520329556866,1449773226830,1530106306027,1177573502899,1457213302715,1377079753056,1295660862134,1223147978297,1289712211319,1175751583906,1260632982818,1530763583322,1267550396712,1035460586467,1200377642594,1187194218654,1202581979193,1140467532346,1266398368427,1305596814583,1242872218179,1096528891888,1190037158830,1163569382825,1199843761569,1141155122192,1800742669241,1999205088425,7549860158725
1098839063167,3505837705678,1388739960566,1520343332298,1449782497210,1530106624217,1177599384083,1457216169264,1377092771988,1295660894084,1223156900314,1289713366888,1175757600793,1260646900994,1530773561766,1267556538297,1035469339313,1200377999205,1187202413722,1202606599255,1140472312606,1266398678925,1305603322096,1242894226933,1096538993856,1190044821502,1163587684314,1199879990265,1141164465415,1800757477242,1999209492869,7549888057504
1098852865646,3505869821246,1388770588674,1520356751260,1449789497081,1530112893001,1177605764898,1457224930885,1377092842328,1295664619969,1223157751714,1289715776248,1175758079301,1260655033211,1530778529478,1267562032282,1035478388170,1200395614552,1187204341610,1202621915442,1140478612076,1266412322219,1305608063100,1242906857486,1096565240604,1190048998524,1163592876240,1199912905260,1141183940242,1800759052804,1999231276136,7549900154670
1098869694907,3505877401114,1388775030584,1520372113238,1449795898592,1530140961523,1177629510064,1457240394274,1377097612436,1295684010578,1223173093721,1289724999948,1175759638276,1260680258724,1530788368353,1267576345040,1035478599479,1200406520205,1187206828154,1202622723037,1140481002909,1266430014749,1305642515733,1242921630639,1096569785952,1190054810192,1163600076457,1199925358649,1141191286575,1800759062510,1999239080925,7549932380553
1098872050187,3505883878543,1388782969354,1520385314700,1449797755738,1530146125641,1177637352479,1457253038169,1377115326170,1295707578919,1223177174682,1289745265841,1175769476345,1260706323882,1530794709575,1267588346238,1035492607574,1200411204771,1187213731167,1202628668586,1140520799346,1266444636458,1305647691174,1242947199490,1096572471059,1190060735785,1163603159497,1199927308882,1141195395043,1800759144447,1999246891894,7549976241697
1098887207124,3505889847340,1388788347725,1520387441525,1449805258546,1530146158879,1177664109192,1457255775348,1377115352246,1295731600194,1223183545499,1289764557041,1175770470241,1260720225157,1530794824985,1267607281951,1035492803686,1200419443466,1187222521283,1202643619879,1140537210390,1266449569947,1305649099384,1242972056967,1096607441209,1190067315345,1163612782512,1199938026265,1141203711381,1800774602913,1999252614287,7550002419318
1098897573588,3505894284305,1388792147971,1520392814718,1449815609696,1530146200608,1177677554855,1457255863508,1377127681427,1295741073368,1223186747411,1289785921063,1175777178873,1260760401724,1530798087781,1267615771299,1035498197178,1200431679920,1187230620546,1202664874747,1140541448653,1266476184708,1305658914173,1242983865681,1096609645768,1190075777461,1163626407888,1199942054511,1141238751065,1800779141299,1999264270109,7550003960444
1098909658043,3505907825029,1388801100848,1520407417270,1449842087696,1530146224875,1177677620073,1457260019056,1377139109542,1295755773156,1223193963130,1289788147280,1175778445412,1260768818595,1530805605372,1267628386862,1035498256620,1200450421510,1187247499013,1202670251221,1140575589292,1266499309602,1305663579104,1243012349280,1096623151466,1190085363678,1163633500468,1199956204245,1141251431084,1800785743050,1999267878637,7550022229480
1098920426017,3505926475831,1388813723009,1520420447570,1449859189036,1530150702165,1177689122618,1457278147238,1377146488902,1295772631343,1223196516591,1289789245170,1175791368090,1260771093693,1530816614897,1267642621540,1035503840641,1200463748561,1187254507763,1202676607322,1140598997350,1266508638275,1305667556660,1243045254795,1096638101250,1190114501269,1163645014000,1199969523760,1141254934149,1800793285106,1999275735124,7550036079167
1098927819553,3505943753327,1388822014769,1520443567813,1449861196356,1530164572832,1177697537061,1457278168261,1377157934683,1295777616341,1223199249656,1289795134115,1175803530352,1260772407875,1530817629438,1267647980563,1035504540616,1200478471766,1187291387693,1202676632677,1140609813300,1266512286083,1305680651247,1243054848170,1096639215946,1190142213461,1163660535643,1200010406275,1141273710877,1800799880616,1999276665939,7550047933895
1098937892210,3505974865509,1388837738642,1520449601657,1449871886192,1530186944415,1177712479241,1457291300023,1377170567312,1295793660903,1223204852672,1289805809918,1175810734489,1260779915260,1530823712152,1267670560468,1035512163253,1200501602349,1187291446009,1202689790351,1140624290878,1266514444088,1305689971101,1243055818325,1096648127566,1190147149842,1163680421197,1200012747546,1141286358739,1800803634834,1999282750072,7550055895650
1098955279195,3505982425256,1388846046137,1520449853394,1449893819617,1530188402109,1177720891709,1457295239102,1377193197321,1295793681537,1223210096810,1289831937544,1175812086727,1260792515285,1530824640036,1267680980252,1035512223935,1200514586005,1187291505376,1202702802489,1140626114019,1266542700714,1305697314219,1243077608051,1096668576362,1190162276976,1163699061315,1200025411802,1141310997122,1800810177203,1999291830136,7550059603236
1098960866158,3506010725815,1388859475412,1520472216387,1449918060237,1530192503584,1177721229670,1457295301801,1377196276998,1295800076518,1223221446190,1289834176565,1175830622552,1260807690885,1530836406676,1267681009549,1035531520304,1200519647826,1187294822884,1202720050750,1140641598607,1266564187404,1305715063648,1243084354284,1096671432417,1190165890035,1163704298741,1200031108665,1141317528272,1800817839751,1999299617733,7550095053386
1098975213874,3506044419694,1388871107996,1520489223716,1449937671202,1530203250398,1177742049644,1457312387128,1377217014554,1295801829682,1223239763457,1289837487442,1175831415917,1260807758099,1530847791123,1267681037954,1035535107824,1200525521333,1187315158887,1202720525411,1140645703018,1266569377537,1305719159394,1243088189970,1096675870150,1190169962237,1163730056576,1200063891513,1141324680944,1800821323416,1999304089210,7550110578425
1098977472886,3506083941257,1388883459281,1520497769644,1449939374017,1530217791543,1177758682388,1457349991529,1377234951726,1295814605363,1223259036660,1289845816233,1175838491129,1260808300064,1530860376529,1267690113005,1035543386763,1200525804991,1187329593641,1202720737644,1140653451452,1266573311492,1305728544469,1243089846057,1096678480628,1190171193141,1163749332225,1200087876009,1141337758403,1800823690342,1999315367712,7550113992624
1098977854574,3506093155665,1388890069417,1520501148801,1449944171018,1530222901897,1177773368938,1457395386156,1377256582071,1295845198011,1223262856363,1289851411285,1175845169336,1260813483544,1530870898541,1267695166615,1035559232205,1200528262767,1187347285449,1202725441172,1140691522771,1266573623657,1305729928897,1243090015510,1096711861671,1190173547863,1163760858879,1200098114635,1141355141622,1800825856957,1999316995858,7550131228087
1098988424817,3506105471166,1388897598959,1520508353500,1449955392438,1530223868787,1177786149508,1457404586932,1377272160869,1295846762224,1223265762977,1289852590133,1175866430040,1260835982837,1530873738852,1267714013537,1035559281873,1200555123650,1187372669684,1202732749530,1140713021300,1266576923708,1305740314482,1243092339396,1096724689798,1190190379411,1163769160219,1200101050396,1141355419022,1800826093658,1999332494092,7550178641114
1098992222912,3506123903258,1388921596690,1520510219010,1449962039700,1530232235142,1177795530011,1457419762975,1377274065642,1295847821654,1223285044264,1289854787792,1175889438599,1260858968788,1530879194018,1267723356925,1035591398309,1200557429904,1187388247131,1202772893228,1140714423912,1266590319761,1305750890446,1243099769930,1096726046318,1190190940573,1163771847830,1200110037131,1141359162558,1800826659361,1999350015287,7550180582640
1098993515971,3506152770132,1388935434405,1520525272615,1449984593618,1530233231420,1177804906260,1457422085716,1377297503974,1295850972584,1223293145308,1289862969949,1175904078370,1260866661331,1530885968755,1267747427190,1035603382184,1200567687198,1187400654167,1202782649393,1140717505543,1266612670442,1305781237164,1243104685723,1096738421886,1190195677384,1163785568056,1200119997828,1141365806973,1800829628005,1999360647590,7550195924100
1099007700231,3506167111726,1388948707749,1520528219377,1450001535122,1530233884531,1177810113170,1457431391925,1377312614283,1295853730217,1223305836647,1289868786380,1175916233829,1260866726300,1530889696990,1267758380798,1035609246125,1200577981710,1187402966576,1202784569746,1140728354619,1266633036159,1305807415687,1243131791687,1096740919700,1190223407676,1163799970561,1200135880121,1141378112374,1800838677702,1999368565850,7550198262819
1099017745122,3506210572025,1388953121068,1520539086075,1450018170385,1530233888664,1177836805150,1457433799057,1377329415878,1295856698790,1223320654223,1289868948759,1175921005049,1260866817517,1530904483911,1267759044687,1035609442765,1200582100362,1187415587916,1202785147988,1140728453507,1266645502114,1305837985061,1243151262287,1096760409991,1190253308267,1163813720024,1200157522909,1141379461101,1800839798506,1999370840117,7550206622355
1099019207781,3506242483742,1388972540361,1520555066061,1450032359734,1530249462598,1177845063928,1457435110460,1377332691521,1295861193920,1223334016944,1289874010589,1175921117508,1260876072472,1530922393524,1267759213319,1035620089876,1200590157978,1187418910809,1202797175044,1140748600959,1266651923779,1305847469456,1243155242934,1096767123378,1190268023966,1163841461729,1200179804035,1141392360567,1800841162398,1999387877121,7550215178538
1099023069251,3506252210743,1388978869046,1520585794711,1450041166142,1530256828067,1177845240170,1457441414211,1377332903241,1295869879287,1223351107957,1289892607379,1175956403057,1260886639661,1530935308951,1267773122483,1035632874109,1200591372741,1187446554066,1202814303417,1140769149540,1266652465243,1305860343630,1243161672936,1096772251417,1190277661035,1163846110725,1200181283203,1141407317133,1800841952857,1999397209564,7550234775659
1099034394348,3506260599064,1388999531121,1520619665905,1450051276215,1530264082048,1177860461314,1457450963316,1377335096896,1295875582701,1223365075740,1289897111674,1175972173024,1260897940262,1530943447069,1267773508907,1035650632811,1200599464865,1187459979960,1202818403944,1140777961102,1266657201734,1305874718563,1243161743617,1096790193255,1190298426944,1163851944386,1200190103093,1141417830433,1800853761571,1999405267386,7550245994914
1099034939005,3506264369270,1389003854858,1520633709905,1450063024334,1530265495670,1177861028824,1457475666117,1377343650422,1295900928391,1223385815126,1289911284524,1175990516918,1260905995703,1530961292150,1267776696472,1035674934185,1200600530383,1187487187417,1202818419584,1140794736371,1266663752767,1305880736936,1243162038362,1096799390130,1190307318395,1163859157369,1200214164104,1141424984811,1800875924617,1999411898390,7550252765106
1099047796660,3506264564434,1389013505534,1520653314298,1450072957769,1530266316070,1177864908281,1457482000178,1377346645107,1295924262999,1223386455736,1289923527398,1176005382985,1260910983051,1530970225793,1267781945857,1035681806468,1200608187725,1187522649933,1202825298419,1140801512266,1266663954653,1305898489609,1243165667886,1096810968045,1190327233450,1163884212870,1200247298052,1141432446496,1800879427149,1999425274928,7550255615302
1099056572169,3506273583503,1389041012025,1520657852533,1450088397237,1530290029830,1177885977774,1457482579587,1377348837971,1295949872364,1223386785306,1289928841689,1176009786763,1260932859062,1530988318178,1267787562464,1035707521133,1200612198995,1187537044684,1202830967787,1140819182587,1266664302429,1305903353953,1243173936221,1096813740011,1190327835731,1163892741156,1200271922847,1141433831292,1800886957081,1999434495828,7550258264750
1099068607815,3506281065417,1389045867880,1520667794372,1450095528002,1530297376975,1177909499164,1457484697296,1377349118134,1295971104088,1223389619609,1289934360845,1176020624953,1260947723712,1531001946597,1267796807833,1035730716812,1200628446649,1187551840580,1202852303699,1140858777898,1266672157389,1305922982919,1243184361984,1096814829955,1190329042414,1163895930579,1200277022291,1141434088028,1800889012747,1999456805701,7550258983586
1099072879939,3506301330419,1389056430873,1520671801534,1450109424137,1530300812462,1177921994418,1457486278290,1377369636885,1295982909936,1223402061519,1289940158311,1176021420661,1260948226015,1531007251387,1267799612496,1035740754390,1200655789079,1187571238480,1202880818102,1140875642924,1266682775939,1305954436496,1243192128707,1096840631072,1190338652633,1163901639287,1200290159822,1141436745341,1800898201168,1999464932701,7550268897772
1099084603728,3506324727006,1389071241035,1520714289433,1450131070271,1530316050545,1177936347466,1457487763079,1377397674080,1295991304105,1223410248209,1289945664702,1176027000595,1260949254386,1531010792110,1267830668494,1035745983521,1200665113645,1187577556917,1202883753228,1140902397224,1266687080120,1305968098021,1243193483992,1096858295850,1190340176837,1163904963637,1200293354249,1141443745347,1800899319344,1999465181585,7550269697478
1099102926287,3506341217131,1389081525207,1520730482170,1450134147037,1530333632478,1177942062935,1457487862596,1377417998971,1295994558796,1223416457379,1289949679368,1176038681754,1260971197210,1531022895816,1267836833164,1035774593392,1200675404597,1187590947340,1202886296200,1140921889369,1266692192634,1305975105112,1243207756158,1096860491115,1190359721828,1163911676129,1200293636331,1141455098736,1800913391098,1999475693637,7550274581483
1099117770000,3506351488451,1389083429452,1520730804911,1450140426949,1530342449568,1177949305861,1457487898073,1377428311283,1295994674368,1223426684658,1289950470019,1176053583043,1260983473941,1531045449967,1267843420217,1035779640312,1200715427351,1187617206557,1202904079158,1140942018520,1266708192353,1305994033330,1243212312664,1096869893095,1190361447063,1163919501537,1200293907666,1141463116815,1800915374052,1999496363869,7550281840034
1099125772835,3506361963263,1389090005955,1520731191846,1450141495405,1530343758320,1177954234967,1457487965561,1377438185937,1295994732396,1223433358608,1289950829787,1176067558170,1260986847100,1531055832501,1267844462390,1035794108784,1200738535773,1187631776861,1202919194911,1140950327457,1266721382682,1306021266057,1243258928344,1096885609840,1190380866107,1163942002993,1200299242839,1141481006403,1800924476304,1999505774209,7550282111619
1099140499520,3506361985185,1389097129265,1520740099777,1450156704765,1530350560398,1177960774465,1457495358077,1377470710747,1296000920624,1223444741516,1289951329342,1176075063964,1260989538035,1531057637187,1267844504268,1035798165377,1200741061104,1187647027896,1202941870572,1140978620718,1266723023045,1306034469533,1243269113768,1096890003142,1190403544442,1163953568955,1200311253238,1141496366043,1800951655324,1999518070386,7550288374405
1099143970183,3506362026458,1389112644975,1520749672013,1450163585437,1530387369487,1177962305257,1457512273501,1377471752022,1296008869667,1223472857485,1289966399584,1176094254964,1261013993390,1531075001251,1267846104526,1035805597279,1200751556454,1187661240140,1202942042682,1140986141067,1266723227561,1306049470907,1243269189810,1096902393729,1190404412371,1163964250197,1200342708616,1141498732956,1800955069476,1999526519917,7550289101878
1099159622405,3506362083515,1389118751491,1520767971394,1450170215027,1530387491536,1177977916125,1457520409762,1377479605911,1296011175446,1223476543436,1289969951530,1176097310419,1261025902870,1531090545056,1267865773502,1035827197667,1200766626676,1187683535533,1202965401458,1141005388943,1266724671087,1306074738840,1243274332034,1096905470583,1190406384377,1163975399718,1200343857842,1141513684165,1800981210757,1999529082747,7550305496497
1099170383299,3506362715029,1389137266691,1520801679027,1450180193501,1530419282494,1177987541021,1457547852600,1377487006404,1296019120803,1223478460628,1289972551119,1176097319003,1261029016275,1531104350389,1267872347995,1035828766536,1200767299838,1187700210680,1202980758408,1141017719989,1266739259818,1306089326432,1243274959956,1096926599890,1190406641941,1163996414978,1200344356841,1141523859162,1800981413125,1999551631365,7550306221337
1099182262300,3506364059479,1389152699277,1520829836700,1450192091895,1530419298927,1178008544373,1457553782804,1377494081680,1296045278083,1223493042549,1289979067097,1176116291203,1261033334488,1531115583574,1267880072284,1035836493656,1200781999880,1187710245367,1202981526726,1141031296015,1266745696688,1306098343597,1243281296409,1096933815966,1190414373211,1164013933108,1200344631775,1141533501225,1800993822318,1999555700722,7550331928089
1099203636601,3506366884609,1389157149656,1520844879637,1450193455649,1530437905735,1178020195490,1457579236680,1377503922033,1296047356173,1223503132813,1289980471314,1176134007293,1261042979270,1531130454872,1267880297257,1035844463061,1200782392688,1187723549945,1202983634852,1141052917167,1266751427933,1306104318809,1243298164172,1096947661874,1190426580275,1164026716404,1200368180373,1141537490524,1800998124164,1999579518234,7550345377843
1099228601164,3506375723773,1389171567427,1520846380685,1450205799022,1530448635595,1178044011601,1457601076658,1377513472768,1296076229362,1223503885367,1289989325820,1176136730807,1261064595093,1531131216488,1267889154683,1035859148142,1200806062161,1187744116644,1202984703050,1141064955828,1266753239912,1306114931100,1243298800205,1096950284576,1190433974578,1164046092151,1200372068013,1141565172993,1801000570287,1999592747686,7550347116450
1099241061292,3506383332414,1389183412811,1520851419790,1450214087741,1530455086384,1178054015207,1457605415273,1377523918625,1296076350493,1223518013414,1289992380877,1176162763752,1261068324603,1531150116950,1267921683251,1035871136892,1200823837500,1187769977662,1203001280001,1141065318533,1266766597490,1306118386260,1243299005823,1096975989513,1190434936606,1164048657523,1200374495332,1141570572734,1801019046340,1999601728166,7550348831793
1099250070261,3506392200270,1389201436000,1520852509449,1450214390207,1530463345179,1178054079766,1457608695702,1377531141699,1296076379547,1223520898048,1289992599454,1176180975644,1261070968695,1531173272307,1267936047296,1035879035999,1200833634850,1187803183521,1203016136335,1141070512263,1266800001153,1306126047431,1243309160526,1096990663902,1190448421171,1164063177710,1200393186683,1141585450184,1801047325596,1999604913129,7550359869565
1099254685704,3506426387768,1389206033893,1520863018366,1450224964416,1530477989454,1178072826977,1457608927688,1377531385325,1296082414049,1223525337453,1289994521049,1176188902745,1261071468532,1531178912326,1267936114481,1035893553584,1200844028565,1187819784914,1203017163820,1141094911906,1266800334271,1306145234459,1243329345748,1097004902406,1190454372473,1164088114404,1200415815019,1141591644387,1801050991097,1999622241772,7550375922348
1099260378575,3506446149859,1389208800034,1520866978617,1450234771329,1530487697296,1178081255170,1457613954801,1377531388241,1296110333390,1223540881140,1290012572369,1176224197463,1261079975737,1531193236445,1267936208246,1035896453880,1200849004519,1187832409611,1203050879982,1141106197774,1266805051371,1306156512362,1243332725533,1097012703210,1190454829911,1164099234547,1200418393030,1141614816097,1801059741289,1999636989351,7550378610507