750728,260118,4939290,150484,5920403,119158,1502383,128249,3884301,142282,1236708,131525,147408,97675,7156489,99748,87307,98839,2424292,102399,1496621,104108,7863033,105563,88938,95821,89280,93902,93073,129518,122362,278763
750787,260230,4939342,150554,5920435,119198,1502413,128278,3884330,142304,1236746,131553,147432,97698,7156517,99774,87332,98865,2424312,102425,1496641,104162,7863058,105607,88967,95852,89295,93933,93097,129536,122388,278955
750824,260371,4939380,150626,5920494,119227,1502449,128313,3884349,142320,1236775,131586,147449,97735,7156556,99795,87352,98882,2424352,102454,1496657,104190,7863078,105629,88987,95872,89312,93953,93123,129557,122418,279120
750874,260472,4939408,150712,5920565,119289,1502492,128353,3884383,142336,1236800,131604,147479,97759,7156584,99810,87391,98909,2424372,102474,1496686,104225,7863113,105652,89012,95918,89344,93979,93150,129577,122450,279267
750899,260587,4939460,150784,5920619,119328,1502531,128373,3884401,142368,1236828,131642,147514,97772,7156618,99833,87419,98932,2424394,102495,1496712,104280,7863130,105664,89051,95950,89366,94003,93167,129611,122479,279381
750923,260679,4939487,150900,5920660,119370,1502563,128426,3884421,142402,1236858,131673,147554,97805,7156641,99890,87441,98969,2424429,102520,1496728,104327,7863163,105690,89069,95969,89386,94024,93185,129640,122511,279523
750967,260757,4939513,150979,5920727,119437,1502607,128466,3884457,142438,1236874,131695,147585,97824,7156675,99911,87467,99001,2424449,102583,1496751,104349,7863191,105726,89088,95993,89405,94064,93198,129673,122540,279657
751016,260852,4939553,151061,5920786,119500,1502642,128491,3884488,142471,1236897,131719,147622,97847,7156697,99942,87498,99020,2424457,102607,1496779,104375,7863209,105748,89104,96012,89419,94096,93210,129716,122571,279809
751056,260925,4939589,151163,5920854,119551,1502683,128537,3884507,142500,1236919,131748,147646,97873,7156734,99966,87512,99048,2424486,102627,1496815,104411,7863224,105770,89136,96057,89434,94122,93236,129757,122604,279910
751090,261050,4939618,151235,5920898,119606,1502719,128555,3884531,142530,1236942,131789,147673,97911,7156755,100007,87532,99086,2424504,102668,1496833,104431,7863248,105790,89157,96100,89459,94142,93268,129796,122632,280033
751116,261149,4939663,151305,5920956,119658,1502781,128590,3884563,142566,1236970,131816,147698,97954,7156773,100034,87546,99110,2424524,102693,1496843,104473,7863262,105832,89185,96118,89479,94186,93287,129829,122656,280165
751149,261239,4939712,151368,5921024,119708,1502808,128645,3884597,142611,1236991,131840,147724,98002,7156806,100054,87582,99138,2424541,102716,1496874,104527,7863284,105849,89212,96148,89500,94226,93325,129852,122681,280267
751193,261351,4939739,151448,5921085,119732,1502849,128680,3884626,142638,1237013,131875,147746,98039,7156833,100077,87595,99169,2424558,102737,1496900,104560,7863306,105870,89234,96199,89526,94279,93346,129873,122717,280412
751245,261472,4939770,151513,5921155,119769,1502891,128713,3884661,142673,1237044,131902,147764,98078,7156860,100108,87618,99180,2424572,102755,1496923,104573,7863325,105891,89264,96216,89545,94346,93362,129886,122741,280534
751306,261543,4939818,151583,5921221,119841,1502929,128758,3884690,142710,1237073,131925,147807,98102,7156877,100145,87643,99215,2424597,102781,1496955,104599,7863348,105917,89287,96236,89569,94371,93400,129909,122771,280733
751347,261645,4939855,151659,5921269,119890,1502981,128788,3884722,142730,1237106,131948,147830,98117,7156895,100160,87666,99246,2424618,102795,1496990,104614,7863365,105978,89316,96259,89592,94437,93459,129925,122796,280892
751382,261745,4939893,151746,5921325,119947,1503029,128832,3884745,142758,1237126,131971,147847,98140,7156927,100182,87694,99269,2424639,102812,1497033,104638,7863388,106008,89344,96279,89614,94474,93483,129974,122829,281086
751435,261831,4939922,151819,5921406,120005,1503052,128878,3884760,142774,1237155,131996,147876,98159,7156946,100224,87733,99307,2424658,102841,1497058,104659,7863396,106024,89362,96304,89636,94499,93509,129992,122855,281263
751462,261935,4939952,151886,5921478,120049,1503082,128916,3884787,142802,1237176,132018,147908,98188,7156971,100243,87760,99331,2424681,102862,1497084,104706,7863425,106057,89386,96355,89665,94520,93555,130019,122875,281379
751481,262026,4939987,151972,5921528,120134,1503126,128984,3884818,142837,1237199,132070,147933,98206,7157015,100275,87784,99354,2424698,102880,1497105,104741,7863444,106074,89407,96370,89677,94538,93565,130043,122905,281508
751520,262124,4940030,152041,5921586,120173,1503159,129044,3884841,142881,1237226,132107,147956,98236,7157049,100307,87817,99387,2424743,102900,1497124,104753,7863459,106098,89427,96395,89704,94565,93591,130061,122930,281663
751562,262238,4940057,152107,5921660,120223,1503188,129092,3884872,142923,1237247,132136,147982,98253,7157079,100334,87851,99413,2424755,102919,1497153,104787,7863482,106116,89445,96413,89727,94600,93610,130106,122955,281793
751620,262300,4940079,152231,5921715,120245,1503227,129117,3884898,142970,1237274,132183,148014,98274,7157116,100372,87866,99441,2424790,102961,1497186,104844,7863514,106135,89473,96426,89748,94620,93622,130130,122969,281936
751688,262386,4940114,152293,5921782,120291,1503265,129159,3884921,142999,1237295,132212,148042,98317,7157144,100398,87890,99473,2424808,102980,1497209,104875,7863535,106158,89519,96446,89773,94649,93648,130152,122995,282131
751739,262489,4940136,152382,5921836,120335,1503312,129201,3884956,143018,1237319,132260,148070,98375,7157164,100430,87922,99509,2424822,102998,1497240,104898,7863551,106188,89532,96484,89795,94667,93661,130176,123011,282293
751786,262607,4940197,152426,5921891,120377,1503346,129239,3884976,143040,1237365,132307,148103,98397,7157190,100472,87938,99524,2424847,103015,1497269,104914,7863567,106203,89560,96524,89813,94689,93686,130209,123054,282437
751817,262713,4940227,152493,5921949,120417,1503378,129304,3885000,143071,1237384,132335,148131,98423,7157201,100497,87964,99548,2424880,103033,1497291,104944,7863600,106232,89587,96548,89833,94738,93721,130244,123074,282656
751857,262815,4940269,152550,5922004,120449,1503406,129330,3885015,143088,1237407,132385,148162,98471,7157217,100526,87986,99588,2424903,103085,1497311,104973,7863626,106242,89613,96577,89843,94776,93752,130260,123098,282773
751902,262924,4940304,152622,5922048,120483,1503451,129368,3885039,143116,1237446,132415,148176,98497,7157243,100556,88016,99603,2424923,103131,1497347,105037,7863644,106265,89628,96606,89855,94804,93790,130294,123128,282951
751965,263020,4940355,152690,5922120,120543,1503495,129396,3885064,143154,1237460,132439,148199,98527,7157259,100587,88036,99627,2424942,103177,1497366,105062,7863670,106300,89644,96629,89876,94843,93801,130322,123148,283107
751994,263132,4940399,152750,5922186,120574,1503541,129442,3885086,143188,1237489,132464,148216,98588,7157287,100615,88058,99663,2424972,103196,1497398,105095,7863687,106352,89679,96662,89890,94874,93818,130352,123170,283287
752049,263208,4940444,152824,5922230,120619,1503585,129490,3885118,143224,1237501,132507,148232,98610,7157307,100636,88083,99699,2425001,103224,1497426,105111,7863716,106377,89707,96709,89910,94907,93844,130379,123187,283418
752097,263324,4940474,152894,5922305,120661,1503630,129539,3885144,143252,1237519,132571,148253,98660,7157331,100655,88124,99716,2425032,103242,1497452,105137,7863735,106405,89721,96727,89937,94949,93858,130409,123213,283552
752127,263408,4940507,153013,5922376,120716,1503661,129581,3885172,143274,1237539,132627,148268,98707,7157356,100691,88149,99746,2425058,103268,1497488,105162,7863750,106429,89739,96746,89967,94979,93885,130427,123244,283674
752157,263483,4940546,153073,5922442,120767,1503692,129642,3885206,143299,1237562,132655,148292,98737,7157373,100713,88170,99781,2425082,103295,1497513,105216,7863772,106460,89758,96772,89981,95009,93917,130440,123270,283892
752244,263578,4940591,153136,5922510,120820,1503739,129674,3885229,143316,1237583,132676,148332,98782,7157392,100740,88192,99814,2425099,103321,1497531,105251,7863789,106489,89785,96834,90002,95028,93937,130465,123290,284021
752272,263728,4940626,153210,5922578,120889,1503775,129722,3885261,143346,1237613,132693,148366,98794,7157413,100780,88219,99854,2425110,103344,1497556,105281,7863798,106518,89799,96864,90035,95043,93964,130481,123322,284125
752351,263778,4940662,153279,5922634,120917,1503815,129791,3885298,143374,1237642,132716,148387,98841,7157452,100808,88242,99896,2425132,103361,1497574,105293,7863820,106543,89819,96891,90047,95070,93987,130501,123346,284260
752412,263853,4940693,153353,5922690,120951,1503852,129835,3885311,143397,1237665,132744,148404,98877,7157473,100847,88275,99938,2425152,103387,1497603,105314,7863842,106579,89850,96956,90075,95086,94003,130520,123362,284380
752465,263941,4940756,153405,5922735,121001,1503882,129859,3885335,143420,1237691,132782,148430,98916,7157496,100866,88293,99955,2425180,103424,1497622,105405,7863858,106607,89871,96977,90094,95108,94037,130541,123381,284514
752534,264021,4940789,153473,5922800,121051,1503909,129883,3885373,143445,1237725,132798,148456,98945,7157531,100889,88311,99982,2425202,103457,1497639,105436,7863883,106625,89890,97010,90108,95158,94059,130572,123388,284662
752584,264117,4940850,153536,5922850,121093,1503946,129906,3885387,143467,1237744,132831,148491,98973,7157565,100920,88336,100021,2425224,103481,1497656,105454,7863899,106660,89919,97049,90132,95207,94077,130586,123407,284811
752609,264209,4940884,153620,5922911,121165,1503987,129971,3885415,143504,1237759,132847,148524,99000,7157596,100956,88357,100043,2425255,103517,1497712,105471,7863939,106680,89946,97072,90155,95229,94106,130613,123426,284949
752648,264294,4940933,153683,5922965,121212,1504026,130012,3885434,143524,1237774,132909,148550,99040,7157619,100994,88379,100059,2425275,103535,1497729,105500,7863964,106735,89967,97121,90178,95254,94130,130626,123462,285077
752693,264356,4940974,153761,5923031,121253,1504064,130073,3885465,143553,1237803,132940,148575,99087,7157650,101030,88403,100091,2425289,103560,1497739,105535,7863995,106757,89983,97137,90199,95270,94152,130647,123489,285248
752768,264440,4941025,153826,5923081,121289,1504098,130110,3885497,143585,1237817,132956,148600,99108,7157664,101054,88421,100114,2425310,103653,1497764,105560,7864020,106785,90004,97173,90223,95306,94179,130678,123511,285466
752831,264541,4941066,153898,5923135,121356,1504150,130155,3885522,143619,1237829,132987,148639,99136,7157691,101077,88453,100141,2425336,103671,1497786,105585,7864042,106815,90023,97187,90239,95333,94220,130701,123527,285605
752904,264635,4941099,153968,5923184,121408,1504186,130191,3885546,143648,1237859,133024,148659,99166,7157715,101102,88483,100169,2425358,103691,1497814,105604,7864054,106835,90061,97203,90265,95352,94240,130773,123548,285740
752958,264741,4941122,154049,5923262,121495,1504234,130231,3885567,143670,1237889,133038,148678,99190,7157743,101124,88504,100189,2425383,103723,1497828,105644,7864076,106859,90076,97223,90285,95383,94278,130792,123580,285855
753017,264826,4941177,154102,5923341,121548,1504267,130286,3885581,143690,1237904,133074,148706,99231,7157772,101144,88531,100226,2425405,103749,1497858,105673,7864093,106875,90088,97254,90317,95434,94309,130813,123595,285963
753073,264926,4941218,154175,5923394,121589,1504309,130309,3885613,143707,1237939,133094,148728,99270,7157789,101160,88553,100263,2425417,103783,1497872,105738,7864106,106903,90111,97270,90329,95499,94336,130852,123612,286138
753111,265023,4941250,154255,5923434,121669,1504362,130369,3885641,143722,1237962,133110,148772,99295,7157819,101187,88589,100281,2425437,103798,1497908,105790,7864127,106925,90140,97298,90342,95512,94371,130886,123632,286227
753144,265134,4941299,154336,5923502,121697,1504385,130460,3885664,143753,1237980,133144,148788,99320,7157847,101207,88622,100307,2425461,103810,1497930,105805,7864137,106957,90171,97322,90364,95540,94385,130906,123655,286373
753178,265215,4941330,154422,5923548,121786,1504407,130481,3885685,143798,1238002,133169,148838,99351,7157871,101227,88659,100339,2425476,103866,1497945,105832,7864163,106990,90194,97351,90380,95567,94399,130941,123664,286548
753238,265312,4941369,154476,5923614,121819,1504437,130511,3885702,143846,1238028,133219,148860,99377,7157904,101266,88682,100361,2425498,103896,1497976,105857,7864187,107029,90208,97379,90398,95591,94424,130968,123679,286732
753298,265406,4941391,154559,5923663,121886,1504485,130563,3885727,143879,1238062,133258,148890,99421,7157924,101281,88700,100388,2425527,103932,1498000,105889,7864205,107065,90221,97399,90412,95614,94446,130990,123701,286898
753353,265482,4941425,154618,5923723,121916,1504517,130598,3885751,143909,1238081,133294,148914,99471,7157939,101318,88731,100411,2425552,103952,1498049,105923,7864225,107101,90242,97442,90432,95647,94470,131023,123731,287080
753403,265592,4941460,154666,5923771,121984,1504543,130639,3885768,143937,1238096,133328,148941,99493,7157977,101336,88762,100473,2425568,103990,1498072,105970,7864243,107121,90258,97460,90450,95667,94493,131055,123748,287283
753449,265673,4941484,154751,5923837,122032,1504577,130671,3885787,143990,1238117,133370,148962,99538,7158003,101362,88786,100495,2425593,104025,1498097,106005,7864292,107149,90285,97482,90472,95681,94516,131085,123767,287440
753537,265817,4941523,154819,5923877,122067,1504615,130697,3885811,144015,1238137,133393,148988,99556,7158029,101436,88809,100534,2425617,104038,1498129,106024,7864311,107201,90307,97504,90492,95700,94532,131094,123803,287557