7573,10133,6045,6650,9161,4959,9381,8186,7341,8483,3590,3691,8832,5584,8113,5623,8009,10767,8151,6674,7906,6506,4558,4419,7545,9325,10358,4293,7496,11144,6523,4770
12768,10635,6925,8215,8515,10446,8203,7626,8580,10186,6521,4638,8474,5144,7845,7862,7808,9935,11427,7082,7502,5511,9823,3336,6860,7698,5774,10406,8472,6853,10600,5607
8732,14810,5936,6271,9528,8716,9867,10300,3919,8627,6311,6695,4530,9985,7116,9414,5791,8302,3810,19593,4140,7993,9778,8138,9157,5068,3978,9625,9724,12349,10390,5731
7362,12327,6246,11960,10941,8703,8686,12703,7871,12536,5301,11959,4441,10466,7769,7398,5888,5089,4089,7581,5350,4464,7255,6653,6220,7751,11291,7960,9114,11150,5526,8028
8295,5743,5547,4883,6783,15627,6698,6643,7443,6539,7356,11775,5340,13435,5791,4750,9340,7471,13761,10386,9812,10960,12795,15554,10204,4925,10998,9499,5751,10305,4824,5955
8995,12793,13041,7838,11129,10582,8757,14209,9388,4631,10731,6195,8176,5907,6744,6643,8184,4736,7193,4998,6614,7891,7975,11967,7337,10886,7180,6828,6923,6609,7718,6586
7305,7604,7646,10250,8469,6063,12039,11734,8603,7879,11257,8686,6430,6054,9838,15009,5837,8386,7534,5221,6696,13732,9215,9671,7605,6518,7208,9171,10009,5468,11207,5898
6494,9927,12548,11078,11522,10442,9591,6042,11415,3984,13581,4302,9463,6475,7427,12414,6909,8096,9399,6494,9210,7087,5626,11509,6458,12131,5706,7135,9508,4742,8952,9639
10582,9264,9555,8754,5025,10291,8210,6833,6915,14295,5835,12443,8770,6506,8247,13177,6816,4338,7645,6181,6971,11969,6455,9296,8797,12263,7987,12224,9399,10401,5794,12028
8811,11232,10686,18492,6544,5079,11532,12956,7007,3646,7771,9516,8102,6744,11642,12420,6810,6701,7879,6777,7963,3343,8560,3031,5733,8695,7963,8404,12847,5317,11091,13992
7650,11854,10190,10028,5850,5661,4134,10270,3356,13022,8138,9190,8389,9398,6408,14066,11142,13727,8243,5905,9379,15042,4922,6634,9615,7771,8750,6978,12620,5595,8148,6320
8008,6871,9297,10187,7463,13352,5380,10404,5455,11292,8625,7225,6317,14809,7052,11300,6274,6188,9192,10528,7534,14499,3904,7697,8902,5594,7986,7104,7018,5658,7455,8487
4450,8837,7724,12685,6618,10834,8112,7643,7948,10517,9293,9501,9380,4711,7914,3891,10641,9047,5934,5166,8527,12341,5290,6941,6987,9303,11045,3226,4518,18351,11495,11172
6645,5789,3857,4934,7803,5627,11910,7508,9735,15351,10175,8299,9549,8135,11064,9597,8310,15569,7351,10412,7537,11640,8454,14288,6856,11571,8395,6354,6082,9299,6876,7064
12715,9020,9442,7426,9061,14920,10563,10587,9615,6032,5927,11188,10971,5344,10926,11043,6218,8314,8773,8000,6015,4400,9017,9562,8037,14355,6833,4525,2170,11233,9210,4301
9380,8401,9750,12598,6299,10601,6322,10299,8448,8719,4966,12214,7216,13076,6327,11970,6648,6822,8078,3840,9239,7584,11674,8473,9864,5321,8328,10078,8662,7480,4245,8797
6327,7255,8108,7033,10099,9430,11421,7225,7957,4311,5892,9262,4763,16126,9503,12177,5047,7329,9860,11247,6297,16444,8367,11124,7409,6989,6386,7531,9768,9272,7600,5724
6264,11446,10381,7712,5112,11350,12199,8498,6528,11350,8557,8381,10113,16581,8119,11387,5972,10952,11272,8013,8788,4258,5115,4780,7872,9115,10413,6153,4844,8222,6630,12666
8469,11026,11269,5820,4767,5747,9846,5730,10325,5689,6874,6545,2568,8218,6022,6273,13720,9004,8940,5807,7418,5958,8779,8184,5155,6910,7457,10779,11267,16180,9086,17399
7603,16763,4819,10043,8417,15876,12132,10439,11988,6406,7021,6235,6229,13489,7410,10023,5616,7488,6705,5520,7929,3628,2855,5302,7082,6470,16174,7371,9549,5619,8870,13442
10195,5170,10095,6694,8201,7449,4800,4201,6081,12663,6178,5889,13554,7093,7167,12016,10528,13328,18685,13963,8613,10102,12543,8616,3811,7484,9154,4076,6963,4510,5066,13681
11048,6645,12217,6691,9919,6157,7842,3540,8726,10853,5823,11744,8683,6584,8913,7903,4740,6597,8161,9670,7553,7298,13188,8327,4769,10352,9421,11734,6646,8607,9207,9685
7736,11428,9230,9855,7263,5261,3677,6172,7394,7711,6941,9187,3454,9824,12345,9161,13750,5357,7222,12044,10814,9719,9104,7314,6486,11233,9643,8750,7565,15355,9046,10788
5057,10466,9435,15130,7029,6530,9647,5185,8811,5211,12475,15130,8458,6129,6739,14783,9539,6344,7474,9285,5352,7008,6012,16446,7466,5493,9198,10817,7466,5402,8990,8447
7688,9829,9613,8419,3003,9834,10799,4912,6213,11860,5984,5146,5394,8484,7404,12802,9927,8836,8100,12736,8091,5921,3701,16737,9065,8904,6685,11317,8648,9278,10939,5989
6292,4308,10609,12778,10888,4396,4330,3087,6933,9483,8010,9851,5558,10820,8756,15473,5852,13109,3458,13628,6275,16337,15441,9420,7001,6893,9966,3197,8638,5137,8704,13129
5157,7080,7493,5382,8730,4674,11557,3318,14366,10495,8738,9529,4641,10180,7449,20965,5440,10989,10463,4818,5353,16046,5684,14089,11409,4776,5640,10766,10185,3778,9997,3604
5764,13046,11150,11185,10752,9616,7727,9162,12529,11571,7524,6526,10494,7834,8169,7115,8276,4828,8146,4964,5415,2329,5301,4863,7800,13885,6288,7729,3452,14833,12054,10336
6747,14120,7698,11476,7017,13811,6257,11415,10210,9057,10065,4154,10567,13757,13104,8793,8778,11896,4311,5769,6483,6107,7899,6317,6549,6648,8556,9686,7222,8164,7475,6583
6450,5213,7030,7183,5455,6649,4214,4822,8109,8843,8490,9704,6675,2838,9123,18271,11077,14215,12180,13077,19288,8851,13177,10950,10491,7834,7629,8684,9598,5338,5844,7749
6050,7042,12620,8523,5713,9409,10689,8381,8408,5729,7641,16027,8111,14243,5791,6159,11601,5846,5879,8395,10405,8655,8335,4441,12142,7750,7874,8343,6768,7283,7179,11602
5410,6026,9156,3096,10165,10282,6036,4472,10904,11113,7846,10686,10109,9185,4280,6726,9697,17563,7255,18432,9851,16005,9588,4191,7110,8188,7586,4909,6812,9602,11092,6690
8583,14795,11629,7689,8741,6240,6395,8750,5590,5600,6909,4186,5884,5038,8711,5720,8570,11414,5455,10910,2271,12271,11482,14644,5797,7291,5429,14713,6924,11765,13345,5812
10746,9203,6478,6705,9306,10527,6646,7620,6299,9927,5042,7877,5796,5898,4910,3732,3632,8465,6187,10029,16400,6732,12289,16702,11430,10314,7748,14828,8847,10345,6315,7065
7513,12244,6143,9848,11341,9950,7866,12247,7363,8790,8037,12335,7512,6170,10565,8832,5769,9913,6574,10992,7877,3462,8949,22054,6941,8562,9054,5465,6784,7079,10838,6038
10040,12099,10950,11840,9121,6372,6709,1563,7691,9336,6292,7815,5404,8570,7885,7700,7672,11703,5120,7598,6343,15408,9389,13018,6871,10870,7369,8802,8369,11177,6464,7354
7570,2925,5643,15492,6184,4353,5230,4581,7749,21227,4558,11421,7667,4135,7383,6786,9306,6163,6487,10806,8799,15675,8855,11453,5739,14697,9030,5917,10363,9333,8103,4547
9524,14059,10989,4956,9505,7642,4222,7202,7342,5463,10986,10389,9966,8331,9962,10640,5617,17637,4808,8938,9082,8623,5120,10077,9501,9380,1954,11636,7814,8595,8886,8886
4832,4818,6857,10160,5076,11071,8266,8912,8416,7871,7369,10074,6647,15288,8070,9173,19993,6551,6390,4056,5270,1613,10443,18242,6773,13095,5371,5743,10138,8007,13054,13993
11430,11368,7194,12389,3687,7949,8507,7487,11288,9342,12041,13119,3144,9241,7600,7161,8265,14513,4506,11623,5812,12244,4925,8046,7152,3874,14711,5375,4723,9989,11959,12699
10571,4936,6189,4436,6696,11631,7484,3901,7655,12375,10445,10546,7263,8315,6057,8924,7690,7757,9485,20538,9542,11919,3182,15487,5442,7845,9782,4844,8388,4193,8562,10565
13970,5778,12062,9788,10512,3099,10490,2705,9025,6897,9966,8317,6429,4953,7435,4276,5368,7425,12475,8740,6477,7457,9579,5941,9268,9652,15662,14393,8913,20135,9715,7080
7738,15039,13331,4375,10933,7506,10829,8386,10489,10135,13085,6635,14298,5528,8902,4091,11177,9883,9802,13121,4962,11283,5129,2767,8935,7594,7056,6184,10502,7623,7918,10381
12033,13832,15773,10166,7146,3963,9845,4877,12333,8208,6835,8698,5206,7941,7367,6358,5204,10513,6162,12591,9420,16041,6796,12795,8004,9361,5067,12091,3190,9509,9377,4064
4949,14361,3837,9553,3122,9056,5870,8757,8782,9235,11093,11456,15813,8962,7990,12175,5208,9070,11611,2247,8356,8618,7151,4785,6753,13147,10997,17302,6992,10660,8832,9512
6017,4902,6913,10084,3646,6307,7453,7049,7195,17568,6688,8077,5572,12520,6742,11041,4723,13969,14196,13038,7561,4658,10449,7801,4417,12520,5892,12081,5448,12699,7022,7852
11934,10962,5577,4089,5402,7166,11288,25352,11793,8148,7664,16174,7637,12582,10162,12061,4858,10224,5979,15821,4656,8761,4763,8773,9276,4299,5386,7789,4906,4030,8550,7497
7933,8941,12480,7341,11062,8358,6163,11333,7213,11178,5124,13144,7704,7778,6518,9890,14603,9408,5546,8218,5965,4678,11040,7591,8916,4292,7755,7253,4691,11323,4267,21231
11116,17079,6516,12397,7513,6038,12819,5515,9123,20213,4858,8725,4701,8923,10852,10586,9182,2601,7379,6632,7405,12177,6334,12978,8568,11185,4074,7416,6012,4649,10119,4137
7428,9958,9818,12372,8759,15291,12137,8681,5216,8814,5438,11376,6322,6102,3849,8212,5593,5053,3559,16707,10095,3822,12538,13988,7915,7413,12084,4516,11588,8760,8522,8377
8212,6088,5917,8620,8271,5327,6014,3003,10139,14016,13814,8887,5974,12451,15987,3559,8732,8565,11911,4204,6758,11311,8875,10210,7821,7954,9600,10791,8533,10390,7029,7645
11311,21318,11763,14002,6241,11075,9390,1630,13084,9837,10644,5011,10622,9266,17738,5103,10893,6863,8381,4965,9985,5842,10012,3996,9324,3229,8228,2836,8332,6522,8142,6448
10184,6054,9688,9151,8774,9021,7240,10802,4556,11590,8609,10466,4592,7161,9436,13741,11295,7596,12371,11206,6672,8769,8057,5191,9102,11539,4600,11081,7962,9365,5650,12128
8915,8673,6953,8350,8511,5309,11543,6787,12445,11610,8254,11192,8341,11213,7781,7377,3198,12398,5958,5782,9735,10064,2096,14561,5895,9870,7144,8393,11554,10910,8627,8162
7615,11004,6429,11783,7076,6000,11433,8425,6451,13173,5948,18820,6932,6431,10734,8652,10990,5084,10978,7610,8342,8563,5501,9159,8896,8358,6740,5435,8467,9721,9042,4841
5211,15126,3537,16897,7084,15845,4646,10353,7247,10261,8383,9051,9062,12602,5193,7362,5597,7438,4105,7192,1351,5955,5904,6691,12159,9572,11607,6381,14993,7388,5157,19013
7959,17522,9932,7909,5729,9621,5279,13817,6862,15878,1736,15412,7084,10388,3034,10984,4179,3776,5673,9900,6153,7733,7118,15414,9953,6431,7898,11950,5348,8642,5032,10535
9772,9159,5055,14246,12448,8979,10237,7541,4492,9069,5326,8288,6197,10729,10506,10191,6121,7601,6447,12977,5473,15679,3213,12749,7374,13208,4972,7768,4959,10962,9481,5766
7691,14853,6162,15164,5104,10808,3763,9506,6473,9043,8462,11895,9086,8644,10245,2008,7186,10806,8058,8294,11817,8143,12515,5939,6916,6919,4718,5764,5945,10892,10494,15285
