277253089,256102006,261772551,295042335,234020507,363324421,269737003,286935460,307037167,294686767,459597054,300433564,198725325,309453804,309847758,314295077,278444386,305754068,251408526,243941161,222415991,358676753,255783513,440480716,238120161,252499482,196361431,371788479,281423875,240738678,287862765,460686954
311403055,269987796,343474733,425143334,324152932,231755740,312747303,337510221,255501691,276212627,314352859,387153492,326509057,439879567,415481104,277637892,301562003,271638982,297908627,346402574,273968462,334932193,270910492,303673674,277086172,291148476,304959819,220324122,304391843,250277004,258547542,252115963
252737301,360061276,343672969,454183479,326687599,284993617,299296334,261469396,345782714,242885938,311176830,333517869,465279650,283495209,375103017,229437649,408155461,256412786,343469813,261866013,321125173,390184473,367273719,248568160,300045391,420626971,305708477,268599990,228942938,224170032,321657529,161983358
305740844,227043690,316665751,258532127,246073993,332744553,329886959,262529939,270817812,283438354,348083196,362486173,348238749,210214951,339399837,310181410,336999221,233111194,303814778,278089436,425919602,594392954,306984704,210395823,351943403,311662938,294098219,308236442,342140827,374738889,393455337,166601862
330704996,296598680,311379435,325261081,373983947,343587452,390793335,402250718,319022626,164616575,360565429,440058435,320872330,301361812,435595884,662962951,290608269,394769065,261645436,263609999,287165138,374838981,211124043,302712308,216004905,301873877,312154677,212487384,274750037,288632443,320446504,169910356
262190300,353140375,313312779,385832391,330302565,380866951,232704028,312246309,299047455,340587474,244622160,349027902,343675477,226029080,331153028,190745310,289358187,307501851,324340115,530058706,303019924,367061507,382281094,343137698,283972448,304626031,371601143,514268694,301755964,424938385,338453325,176887844
283908968,377016418,305069963,291337917,361172400,580477264,310272620,270841098,372622888,388394881,225154428,259976738,310300270,384615487,332016276,386243341,299584496,286797942,252287074,330045343,325764000,361559975,231115516,239459972,358102518,378611270,264403015,380872630,294386513,483182010,309298047,177971477
380867177,359308496,249002740,217461467,293975896,371602452,322856506,381427798,261124145,422830547,240869290,316362476,328678409,297853620,321164149,274173610,323597622,348259947,356486320,335508040,326684264,396987940,256708892,229660237,316453680,326764667,364187261,351279756,357872728,479215532,357104153,174830353
334686528,214784176,342867523,329862535,267310690,392779181,318777251,443303748,278553325,319140085,331063613,261067955,291758563,365565530,295828883,425665704,313399814,567712528,246909248,438719000,299928311,270143250,261939865,264933525,273128556,342627429,304168671,244639991,368120896,419093943,441731716,187755977
325224947,240327144,303241793,275910820,332349115,308164500,232850805,378990286,322634641,515101825,418657712,260147131,344413721,377860521,268220949,255607007,213071788,371157257,243583587,282395062,226657630,368461994,368322275,550166465,347852555,285813837,276176034,497206781,302233739,324628066,337689984,204027066
303113275,389363060,287086849,501664440,259384077,564753996,364224159,377095337,457572757,329195179,276550781,267151671,367651022,473937407,311233077,245963404,235302980,244116816,260985379,413556023,226782391,417975444,348659243,211285170,264492578,347318577,305120522,369266682,279638283,435453548,343202419,169926318
267449111,327893550,244175829,298963246,292656448,353752707,388906395,388666308,308211312,304566600,290222986,495960545,244867706,236692908,348113409,274459290,213501476,328010453,288422607,289342142,274218382,318170567,413292444,292692320,197706829,500831113,289904841,502597143,285846702,425964870,262007129,188313962
277716136,358137311,302643136,422441796,271533379,322474754,272565846,304118735,322951226,424951679,321115260,378448402,207716633,428803413,352443061,370394018,281902878,226899441,267234337,296153409,334074414,247915237,262384148,267460879,272337369,261402568,325598141,676490540,304083932,322028493,248894007,194665513
258318155,362854895,377159921,463018715,273796556,671939457,274347659,349812956,237240366,309640457,279444006,280495002,389233188,400178837,319789486,404131176,262149724,336735647,210147097,273107043,368022253,408459228,289118121,275784324,261444425,253320702,249639841,313545602,426503280,337063094,375386747,210653610
287198707,279950732,323491337,310361848,324039097,290201613,331970510,309575620,306542754,235866454,360802454,432101221,258932095,213480581,257304156,264905020,380489491,304307639,212889342,276077131,309366808,299035980,177561144,557506940,345296462,343809010,331188247,535420490,636853220,230202210,313865604,168006717
281093423,424419798,283040758,424666427,311409003,298177949,253605120,299602417,389080024,346308538,349704543,355745630,253807760,273760122,339617047,347907374,283467854,346633598,289929784,266307330,290016797,322574271,302783977,383381548,306667559,285352244,400315355,388692623,265308383,516962089,555750481,247920938
373201224,350069506,248923957,370700360,302915888,292489742,221469570,439213802,290348275,317230853,420482629,266652201,323651409,283389333,265981340,443748920,403347073,440972893,257806913,399168655,275979319,334324535,237850413,226167752,324094613,399299730,274800407,287387738,313280816,304322190,323043892,202228207
285736287,327450251,442810308,382537321,351866810,312079258,351511170,298185695,278746369,293619914,253668146,411149564,284768498,275369817,291556847,246308599,399784626,227243524,253182044,325293479,269448922,412895111,273018282,453562260,379780286,586444162,307132736,282746945,528903509,280860402,323122809,188358304
256374197,361042253,287593028,389421523,421776544,524839148,294333252,464525276,302871916,383033837,297953485,439737537,342504464,303542166,388367405,348690216,270649051,267889120,227598481,301733924,294588384,356903963,266029969,241109733,296993705,198492989,336734642,257652445,195109356,313714797,268709450,229322362
251359860,268103632,334053079,289832912,205402977,451514650,326393125,594713576,209314372,456755650,246014861,397843408,254969249,360532405,352106730,420603094,307545213,315635115,357468497,283208713,223279249,279685176,303692717,389583060,197085373,274266893,236226861,413731069,301999340,367584750,335764447,223054030
277274466,414835171,267830117,377366660,244684004,293548817,394354943,458153963,291553806,368884684,281290605,427176613,311183697,340848381,283061206,244620004,285246341,224653292,231675263,240161590,362294117,339680282,275756910,300493817,275195448,269428621,301382821,445461885,322092887,576470899,430702591,197846728
227783582,247376220,240871576,324011495,190897380,404558590,287416209,576752659,250696816,509384872,272526654,364747191,314379351,256532465,326454953,281624268,263978785,304772101,421618331,405886817,342748029,540149567,298669957,314505603,282362736,239259449,284719807,262617927,304914958,269002388,277188445,196313115
239738737,382179925,238723485,572610552,212640455,582176406,334223055,492915057,226012656,393327517,350897925,419498563,270051897,318606785,226460309,295132526,226589452,271845423,269512902,223546940,291248616,407929465,284773325,386032052,414397707,272061566,319372239,288934746,382972857,308514388,256470210,226515776
254255838,343869125,215572951,300242940,246815777,371417324,242516791,453916184,332701145,261832366,254330790,396470145,265177361,606440459,273968330,304617952,351848668,396883856,257963790,374831710,486274110,389208303,288516413,358717115,203489394,402471262,348123191,245523016,166656584,394925038,304748421,207716793
223922876,224624947,251675659,413475405,527479374,422056959,226869991,416613114,200896011,297296092,307181328,539656292,249714243,365475209,198695543,407415355,196594193,290263122,233664801,299176619,222615935,323377884,424542709,346086517,283891965,484659400,400273503,388313253,245419516,329701240,296240895,190862503
291784373,446163006,241438933,396512997,244125181,279219758,269613379,562410471,202318422,270063016,253791423,388057589,380403242,352361983,230157978,317768007,303387677,403790335,583653944,303444902,231069410,262514019,310546882,264089661,279508625,351665585,229203652,544899465,243924274,425860358,281214098,245830986
327268938,332563030,239305272,262540737,218237133,304807007,284754420,457876584,330199956,250028578,270107729,556005215,479917305,478166368,271124521,280042014,421328820,311141874,289075441,518330202,223005647,304175241,232374280,214071502,265787815,310427970,247077496,389149181,336394047,217343538,385802364,160739619
273353392,319892580,233388622,282611733,184772698,369738839,247229955,395552673,241429351,273372202,269126696,386551375,284444367,302871406,289926734,428313324,276671284,262680668,249632752,405560063,368300209,721656443,308598892,273111410,274474083,282599416,275304922,382066644,484569665,286452850,234282413,225369078
424425808,543359279,293120164,449216056,304003813,362093138,499465648,383517174,234332799,354844935,281440639,377066976,294353247,469791750,204160169,287924035,230938002,301752640,236739667,447531961,260401681,335009142,227024413,391533328,298135202,347042521,298780816,373450817,325487509,287684513,198450533,184593035
249514850,405867425,314420884,450665989,237286024,365687858,512095789,382964659,209015029,339318286,246295016,230973513,348843598,616812110,322138568,308095399,298994569,356700278,264050546,313125478,243520215,352898644,204002005,455493233,278340843,512905017,240738108,313609576,231892369,373073490,253637759,210765357
247078077,372953690,218607975,266553332,294157412,492510643,184348959,386839627,264962562,493042671,217308685,323755277,267891857,304163519,328807049,397249456,216809982,443084492,411019963,376191506,274069832,290008030,326681994,371191417,258229214,476133042,348851972,308790807,251293024,273702744,266287375,204638623
317468663,300633982,311472257,418173824,355755199,405834978,264077952,511733497,220401306,370721787,241567969,633719609,368034217,454584939,245020955,170083042,315120823,263397798,436761167,295158090,281432851,244119304,277900089,273490406,192153911,335458244,209415178,429050939,209191025,382104825,212233426,158456470
256039427,395259173,256085202,336830624,306453680,272827631,350905196,339486840,315766835,278389363,275027203,539854933,325087840,425480676,222209471,416511606,285201375,261263416,299451208,270049650,519519219,282929191,250695920,318399884,237845002,443188549,273649519,370186029,215042551,297243186,303136272,187209854
302485352,378033036,394150582,338051904,199074477,348467983,261263493,579303644,264892759,267250278,213541444,416816776,274447938,294315160,211564997,293866705,374493361,386194129,229584355,309392100,301216541,593097317,271395329,348179173,219182662,374101414,340721185,328696403,355459525,334814174,352996863,228780909
240019008,415176362,380476293,444694248,253884158,446932110,262251317,329678860,211346677,305117017,219195704,280172368,364327875,497005924,245017395,404076393,371637226,288139031,237765908,344119787,281851896,485766424,237549814,296198547,295417379,558359603,311089055,300590924,311296384,369988418,308842799,166099828
342783781,374643706,287797086,384092168,306678905,428104735,329176790,585424242,330514001,326803585,351910751,272279234,330841672,287671866,379626156,490831703,332289861,403973575,327081995,271813030,287451094,262418330,199678360,303299792,230777434,341549229,360933099,349011841,363359694,350262215,304498115,173029788
191930259,349550540,325235985,297690857,300482393,299705307,394923045,570051397,356059125,322971529,327613004,324897238,278500601,413040196,370239397,409417847,254153664,423341339,406476147,320759810,263242512,256893874,183118058,360568442,298624198,228231510,227041150,287325089,282349196,287077186,343338928,141756919
229462062,370332648,192594567,334216220,245122172,336361743,286066192,338078642,226272227,330396280,225044385,316255932,227621439,280088760,228117630,506457914,314899374,515267384,376541576,315719462,329808959,272771888,416802375,423543322,339775879,589985364,314480760,361310584,319664618,323627948,190342309,214978617
326509253,356650193,200736645,430013481,462256875,414786981,193513062,387958118,292878496,225779081,286707325,356794016,316229543,378149882,175723237,243241414,258121716,327034902,448777892,430901749,290619303,826388271,239418910,331768329,319080498,299757769,261907526,326925792,300712785,415078823,257031020,196769055
154380408,348428282,436551499,418636235,331872972,448860004,269577097,497071666,236531584,408645073,194849516,270941761,423611028,312567804,248636896,429006957,189581009,312357301,244834213,443889473,276093028,315466610,267695548,380562279,291354211,546029831,264031214,536838332,223258762,271436990,239149059,214449126
239564110,365830593,261891684,540637577,250506585,332794109,230207062,289440093,245150248,313485947,249702925,324598105,357955004,406215279,350971035,414047124,266895927,394875132,328737213,354645906,247121031,323300592,197419971,330836704,281885383,375685546,397282104,485214946,196283992,365862748,316239418,211364741
263191694,440507481,269344549,320926838,244260103,428795193,247222483,584440895,226032189,455626129,251369653,409460659,268195360,309396528,254466279,532753712,299309634,293976382,380743460,391505159,515336636,351418012,310035224,285573557,250672328,393098945,230344429,295600328,304461107,282132444,250398982,155169775
251966968,362281554,241118064,420234278,274808591,349316107,241142430,269396798,195478257,285865984,209179609,436706620,320805464,428882415,305495101,463665843,271412999,384118629,229625058,292324007,231759886,279150181,405919472,612549421,313426167,448945894,294493632,293697235,307240844,314441167,477297715,196525566
262601240,296873617,201863065,299480524,302952989,338198146,458292221,583728888,223058415,402372019,258227288,404362432,225493591,479854129,374469573,455550478,221989432,382112271,165636140,386448966,237053394,420689197,391383496,330260904,249011998,343074725,381526642,384300035,272561719,247741401,287935746,180068944
308396367,366786386,273187283,391948299,281164228,381821339,198661316,383526903,201259131,357059246,205137690,373501775,294014268,306522977,239520150,310948445,353983217,459334217,383889071,711082835,381760589,429222634,372260591,338178105,225151407,357469881,195725901,340889387,275301655,393140234,218393554,224799058
252138790,370137194,298809846,412097497,373489606,528236457,331729717,589793398,265079638,365044811,185025365,409828271,278142952,252324317,200414272,317019815,236330701,315805412,224330827,303131059,375305526,398248839,281238563,390170422,305207149,310797164,292746545,291750934,368540000,328400927,207317414,201258746
242546660,352416454,363049186,358354485,511162365,223327112,302299666,289381006,235105827,326886286,264342379,301306633,375688278,318650013,296026643,253190456,347892754,332285377,352513658,335553099,239766528,327961007,274959332,369057392,301887818,394831336,324224885,399723854,393990104,704709408,299586687,173014924
236962332,495954717,237587679,422327748,271482920,529923388,212124656,282271548,238186097,286953412,338216088,233496502,214158574,367932678,300336307,257337046,254753371,256251380,227295369,377426065,320701299,417371413,232578409,330675385,241394615,400080693,373989275,411420067,382547224,266940518,474153431,240561255
289630699,415799706,242876639,361791074,299553950,307570427,183344559,534838267,262777523,262586964,291028691,442123884,327672502,457290740,215420104,354629006,365024022,502380179,213511903,424203184,305359208,283593269,313201916,249573387,238348135,400959127,344467734,496612949,321636269,304724943,374006120,158768237
207009824,410414500,356747414,330599692,276668291,374562349,335285936,277997192,270149243,307829387,325571908,301738606,222572293,386930770,405519387,236098473,286576218,414512456,222590613,324263509,241075949,642040654,244771431,264881154,313035889,336155647,332287103,641409275,236214463,337219115,173966873,187629343
278990805,241134493,269134878,361724513,320017138,660840761,297896857,495617973,310530701,254185650,214625324,253825579,469069651,275413733,262298553,250510219,282598058,260650627,328662367,301064520,405096333,550305543,265489620,287744536,332499002,350227874,273294692,261030244,288118621,429956067,256814644,166687478
316066698,304636731,264517520,268911480,339753088,323335352,316833266,792767331,202635120,328450019,227430259,431900075,248997066,429804948,267001613,364007490,268772668,334998830,378697875,226840736,334735354,319992801,239918493,431890917,260407571,370760133,316499541,413573151,198927527,290390696,322423241,182650253
280095884,468824271,272989422,344321252,268460202,541452137,224033182,317583608,280384157,391242097,256796662,306368326,496161924,466051123,342548152,350882385,291628055,349919429,245144131,482784464,219672501,354555749,237689761,468895218,223277604,426837260,296457457,367695486,182523424,397438840,162214952,206307310
197652026,280482101,194014893,355462087,233911135,447179637,265947977,397167900,199487772,460957132,213350132,514737987,302942503,404395261,266309289,367259004,589826513,263813084,276696830,384811501,293323073,309639426,487134024,380617310,325975029,405213108,205779231,309597063,228150179,338002081,189361454,220890795
277409617,490267167,237529057,395926359,301061459,436462832,221241236,460697478,321717814,319963811,207563372,360036992,388016187,388963822,249372978,341917260,232947642,299305676,305373732,368284506,179647088,347214927,322651104,427050501,256648982,366427361,273451654,495843857,302674343,312487282,210184762,193654447
249019102,419774831,289426856,347321915,236897558,329389289,246533716,376901854,174188906,283892745,206211343,422370724,191948948,473745228,225244798,368028265,388567704,361394995,353315856,386498055,614104501,456539587,204169531,441452250,216551374,347877603,253894561,407578492,209686506,408646958,310934101,273865792
192266776,329637959,206813885,345169730,277333772,510785162,372418415,282984695,198245240,274254993,239039121,262651187,287513352,281170325,427098147,214991214,422395483,689873731,275190187,355487664,301134545,438866537,205738564,347808466,246785255,419002282,237231169,308079567,279464262,392752171,288357062,228404277
195909336,327311136,213054236,284342750,229273716,452475049,255139797,363335214,299515727,529625500,232949377,448857452,251741198,499954133,235814104,345606991,191723720,466087612,195125777,382260445,289617163,346341067,480597551,345855174,404006943,317333796,267834694,337424732,246350956,263403231,222697412,201370252
319749418,216665436,356843217,368745702,357291173,259075882,454627280,312534556,282624966,211303309,342890424,260860262,231325041,330775986,288613402,756982227,271136711,319027713,244793658,333748468,347773936,278504155,282369838,524267408,277192361,359367353,316077610,337262667,268113552,226486654,406419264,201107781
