318,196,270,178,242,193,243,167,215,209,222,184,291,146,287,189,267,143,197,196,236,184,186,197,241,182,287,184,215,138,236,125
206,133,195,132,182,131,162,114,167,135,138,136,152,141,157,136,147,113,159,143,156,172,196,175,165,149,132,150,195,206,166,188
192,195,155,168,96,180,129,161,117,167,110,176,171,153,158,155,131,142,158,176,126,165,193,146,165,174,158,157,149,211,150,237
122,224,129,227,122,258,149,248,88,245,133,235,126,219,142,240,111,225,153,221,129,228,112,184,155,178,165,202,127,275,135,288
212,145,160,168,167,192,160,180,156,138,164,161,145,131,145,170,142,164,127,161,123,147,166,145,155,176,145,136,141,169,164,173
218,151,140,132,156,98,159,147,144,148,171,105,137,111,142,137,106,130,160,154,144,151,161,123,146,151,127,136,145,231,171,187
194,196,111,175,132,174,142,169,112,174,129,147,123,173,133,198,132,183,123,168,103,165,122,158,105,150,132,126,107,213,139,230
213,183,167,179,158,139,163,140,173,143,162,125,157,137,148,124,147,125,167,144,192,130,123,99,135,127,108,90,160,222,132,214
264,142,227,138,186,108,196,113,188,99,170,135,206,105,191,131,211,94,144,146,175,131,186,129,155,109,147,137,179,198,200,166
269,123,219,145,225,113,296,129,261,95,258,107,234,95,219,130,216,84,219,116,236,104,207,92,250,116,299,138,252,213,182,167
290,147,265,103,233,139,223,125,244,127,215,124,270,124,254,112,217,122,174,154,252,116,258,123,270,110,271,129,229,247,247,244
209,129,114,151,143,119,131,117,182,129,136,128,176,133,98,180,135,129,129,129,132,121,185,109,163,192,169,126,171,175,129,190
162,191,137,176,110,173,123,122,114,153,127,180,144,150,108,136,139,165,104,156,131,150,142,181,124,151,108,127,103,205,132,232
188,109,150,146,145,158,147,131,135,126,153,113,109,159,150,140,142,142,142,139,159,164,151,142,155,161,154,129,150,171,127,139
209,127,208,136,214,162,187,155,181,132,177,108,235,100,196,107,214,113,216,129,189,118,215,118,185,118,208,112,203,186,165,151
140,125,128,141,119,140,116,144,83,140,103,145,110,147,144,180,95,164,98,143,124,135,150,160,143,119,129,182,125,172,131,222
188,129,211,124,189,160,145,120,157,156,142,125,165,126,162,138,140,135,188,122,180,120,157,146,158,142,178,160,184,179,132,184
228,139,184,156,206,141,143,148,169,160,187,101,160,147,149,152,157,100,139,96,175,121,150,127,152,112,163,125,182,177,173,199
212,150,144,159,143,167,141,165,127,160,140,107,103,119,137,169,138,177,158,173,174,113,171,113,190,143,190,127,167,216,161,175
175,227,141,251,94,230,143,268,130,197,153,207,156,225,160,236,207,244,133,259,119,279,122,254,128,218,134,196,174,320,96,268
169,180,164,142,142,105,143,135,163,145,147,176,168,139,109,117,165,118,113,121,110,128,185,139,158,105,129,132,137,197,151,202
227,145,148,128,194,142,148,152,167,134,193,127,148,140,162,130,161,114,140,118,173,133,162,122,173,119,178,147,154,153,132,199
163,146,186,126,172,170,127,175,126,178,127,123,187,120,129,162,184,131,103,127,143,151,162,129,142,126,157,117,154,172,135,162
248,140,242,145,248,119,223,128,178,115,198,148,150,80,176,119,167,100,185,92,201,128,215,95,194,104,177,88,199,153,178,174
200,201,111,181,167,180,149,149,105,178,136,169,83,147,198,177,113,145,157,124,145,160,152,165,147,198,194,163,129,202,125,251
189,154,185,143,191,165,186,146,207,120,139,144,232,124,165,124,202,157,191,155,164,83,174,156,212,173,222,120,207,217,220,214
138,126,132,152,100,125,133,131,138,140,138,160,182,145,164,134,142,170,156,102,163,163,165,128,125,143,116,130,114,176,161,151
228,166,174,109,150,111,166,165,118,159,116,116,148,129,131,151,121,133,132,125,138,128,129,123,129,149,157,148,156,203,121,172
184,224,151,154,117,152,129,168,140,159,144,125,118,163,136,154,117,111,148,143,147,147,121,175,169,137,148,175,189,185,147,205
172,194,88,190,133,153,196,199,118,159,133,176,171,205,115,202,157,199,145,146,153,204,180,173,140,179,127,166,196,225,165,279
265,116,206,90,226,94,284,62,261,77,278,63,261,70,239,48,276,92,243,68,254,116,251,72,187,79,214,105,259,198,234,225
337,109,325,151,266,157,283,79,343,107,290,130,285,85,300,120,309,84,309,94,278,139,280,114,300,123,256,115,318,199,250,217
229,135,215,143,282,137,301,115,207,124,240,127,257,115,188,128,238,127,173,145,177,136,201,158,221,123,250,114,232,210,209,224
269,105,213,141,227,96,219,96,211,134,215,149,251,116,240,141,264,133,263,140,262,168,214,111,192,131,200,145,152,203,188,218
315,144,251,130,234,149,257,126,231,135,285,115,285,98,252,98,278,119,250,88,265,105,258,119,274,148,243,111,188,221,243,178
281,100,299,105,287,87,284,90,305,123,328,121,293,139,333,95,254,94,283,89,347,114,290,106,260,131,269,174,301,276,282,255
321,123,296,89,258,127,222,105,234,128,276,108,274,56,241,93,232,101,241,105,213,106,286,80,258,120,296,111,293,237,305,192
221,188,155,108,161,144,126,151,161,141,195,126,177,97,158,140,127,120,137,128,147,130,135,134,127,150,145,117,161,185,129,145
294,152,262,102,196,71,195,88,219,114,187,124,203,187,209,99,199,145,217,122,212,131,177,124,249,122,236,88,219,146,186,142
194,137,179,129,161,102,169,124,165,143,157,130,133,163,140,144,149,117,151,98,165,94,168,119,159,92,169,115,139,180,181,173
202,135,167,120,136,104,152,97,126,135,134,96,101,106,149,157,158,124,170,117,161,125,165,131,129,92,160,129,187,187,207,143
257,159,196,96,272,140,228,125,206,160,210,96,164,86,213,115,226,115,195,131,195,144,187,128,203,128,238,105,184,178,183,215
259,131,158,71,172,95,175,100,176,115,203,118,214,92,158,125,176,147,182,135,179,128,215,96,189,145,163,142,201,156,213,166
255,124,240,123,219,88,203,103,186,104,207,71,240,123,189,70,214,74,199,115,192,96,232,118,243,109,202,111,245,160,218,165
272,103,208,91,234,92,223,84,198,123,246,96,219,84,211,81,208,133,248,116,210,94,199,108,239,77,211,104,206,206,218,213
175,155,161,157,161,104,148,163,149,123,127,159,164,148,152,129,166,118,140,153,169,161,165,171,152,132,154,116,151,197,134,191
157,148,132,149,161,204,142,163,112,131,156,157,159,151,135,143,141,130,113,173,143,177,144,119,167,153,154,145,116,212,135,248
258,94,234,130,217,117,193,104,219,107,174,89,188,105,192,158,165,146,178,104,170,99,168,155,164,125,200,82,189,167,185,186
249,135,232,157,170,113,199,94,233,110,222,106,233,94,231,130,191,82,217,126,194,106,177,98,160,150,185,85,254,150,171,132
333,175,217,143,202,103,183,125,230,162,213,182,261,153,215,176,230,121,229,166,202,145,245,138,254,128,249,146,247,241,227,245
241,114,185,129,166,136,188,92,196,101,163,139,148,127,137,94,200,167,188,146,181,155,222,112,196,113,230,106,221,195,159,226
307,138,232,100,238,102,211,134,208,154,200,106,225,115,291,148,193,103,308,106,260,121,204,108,250,129,239,87,282,204,216,232
205,184,220,110,154,128,195,125,152,179,144,173,134,145,127,137,177,143,150,120,104,165,167,151,164,163,194,161,164,209,194,212
270,199,239,62,260,131,220,104,262,91,273,129,225,124,214,124,199,98,212,107,244,127,240,146,215,146,198,113,214,216,223,225
216,158,181,129,172,91,202,93,167,115,195,120,175,91,195,115,204,58,174,102,198,87,182,127,200,138,161,118,199,186,168,166
234,117,169,125,202,159,178,101,164,130,186,93,174,148,183,94,177,104,190,126,173,129,206,126,209,125,164,154,199,185,191,163
197,138,144,92,218,110,184,159,143,154,124,119,150,105,133,126,107,80,137,130,141,77,186,148,218,131,167,114,190,190,150,186
177,160,147,123,188,167,173,161,188,183,152,146,175,139,176,167,195,91,161,144,178,125,167,138,155,123,153,152,174,161,157,194
201,143,216,120,228,133,279,136,207,150,183,141,257,133,207,109,203,91,219,103,244,103,217,90,202,135,229,160,237,164,213,191
