100255861,10697839,197919155,366530103,357810952,97453021,361628620,12046628,295448282,620283918,113639717,182463818,519951535,339276085,466682175,303424463,175080687,103137446,276609732,283465182,469303229,20747130,204833052,376581290,451214618,105968343,214556342,122629340,372419095,1125759964,338248817,1516805278
9653497,102581750,96187293,10108484,307085403,8858926,13166657,17348196,116195051,228344103,102551081,83397645,119722688,175889814,93932745,184502280,94385678,100471344,118467089,190869303,181949817,539850911,96585345,192428892,282378149,253156773,93738351,274161626,9073605,82812246,145311214,98013968
421273370,279158104,9578002,452392020,90306333,244779481,15974957,270572929,8665631,353669502,202640075,267993558,454839118,441600242,182296717,271997813,100222872,343801530,534654743,378634868,90144957,94401494,469311052,14449068,175114535,275386807,274737468,190322119,267256032,375943074,191073981,275255802
15179347,135621668,12221551,296648969,94683735,419908001,186640508,99024394,8049517,98736925,180253363,106352802,356104864,177223734,102626693,132271998,9277962,607139966,179412175,138382507,190413980,314626119,180790025,206158783,98231391,767502076,176838082,372747903,315112354,335699536,363035402,160530756
271108213,7419413,111042441,162939118,247718398,260993696,189495563,536286451,421448632,99789641,182157686,374613823,16186310,32485442,333357469,268939944,93279574,105136999,272472638,362322788,449714236,286187248,193313331,370754521,368721759,93338827,94731650,18945798,279852279,98242911,355558602,18873839
271850005,359521524,610072388,100913453,149353209,251797230,7429598,363957342,87732384,482074992,440376229,181944783,99229639,94409624,623428047,270275765,355486344,178490459,103620257,74681438,180121893,111085161,363096465,6737603,104192683,9436238,579884063,189333796,351168310,553466337,260696052,352681924
329375916,72823314,182426678,143717650,368842409,457875090,7346689,293976672,271465302,421326603,6706872,179562158,150471822,274428823,249727425,546760094,571977984,82479580,8471895,470225970,9941567,451397290,97224865,343464437,183329592,389150649,4651395,369698918,167504491,25847342,198629614,222909842
94593938,457066663,266345135,496131204,11596259,12384244,177047005,271678610,169247697,52330790,498387966,94727315,104250536,93238077,5498890,40030642,191996413,94982263,194651966,239644540,187541345,91257151,127322806,244383852,208025551,14525583,71386123,99783168,368849019,146163514,7963034,363263110
446031364,95165352,26418562,89349775,281419004,89288369,266178065,193202357,448402945,98471134,358956941,187028752,425778496,91779587,674567627,97723552,160590569,265862743,185445008,277938722,180700636,44987197,98590882,176877519,59586640,180899476,236406241,11147576,94919883,110031645,329553860,190301042
97852194,374933449,98013081,35613448,354733325,75369855,269984342,104142949,99338407,13850468,414520237,150479274,350409333,158925258,414647882,104568900,446560781,10506921,370134897,109966956,103950474,12649180,361655103,17406462,275362428,15135598,453148233,16850129,187671609,19727587,187049051,20548156
438622004,18390147,76023533,21801701,188298275,19940750,186759905,108274446,267243167,15368765,101651302,105327015,404912484,104141506,263024153,15050391,514578985,105464166,405336261,20844878,279463390,26302243,286293436,37568377,15107669,21126407,190653221,94823865,430591581,34140340,74072288,20377984
6706401,7699150,178115132,249658185,130557867,438317213,264053437,31261176,433629522,9081492,172349068,270715107,475307420,175615560,545852109,371913663,538606671,119092410,373257972,581677540,93158064,35239235,551887015,98833322,182566479,90675258,271132236,270929377,510973038,19529036,163559301,195406942
93481814,539948106,189742331,245293518,628926126,612132481,187039987,155420445,101479303,454282593,453443512,314829566,189167732,600070529,187563959,275558759,180544997,620281640,184014299,99378019,102811631,97313918,267072836,551461785,195666245,451831137,8102962,99112692,346162575,283587445,73407608,17710947
456831764,134215554,259579526,435178700,10726005,6420909,186505197,189459875,454742160,98642221,188895880,8332571,185739677,362756786,222477013,98512516,279625491,189991852,97329419,95857571,111781794,6407113,366185720,100490247,12439993,194003178,249773050,279433916,309006703,17097565,364315493,27315310
258679241,284862015,270139353,96637074,346616501,200610431,184422498,86011894,175985876,8876935,100927354,169526109,104043992,304691687,381973643,94123448,267750933,97656915,282384710,346374790,101602990,193507163,311020597,10165650,97266193,98219444,296607233,54709165,404947071,17355929,266607351,22387023
108511005,296784226,423760120,521864070,455383731,262412751,180007737,104334879,94622922,341279656,397820605,198560904,193360955,181264717,562349193,615811491,225766872,281679737,142282239,201405418,358024149,271785663,365858683,610148872,447176828,633390171,102652410,319358875,361363673,22894399,99654406,222831000
179439879,95403744,273958858,364444297,433818027,186978573,13127815,455520966,100416977,93334982,352742724,190774304,186427749,19821170,98568006,357113016,185095761,271437772,184248048,187649335,409295967,269300401,101155818,267517111,447686373,96350195,269433894,278399215,614408577,98303044,685956167,217237948
193460754,99154711,359339326,188820156,434351675,184039797,370369971,184221576,365935200,461162542,550871659,186872746,187746041,100659927,325510706,717342649,460842139,188569128,98583082,181482713,363789859,259101077,99459386,544123081,363501131,367966095,538430232,282333708,548362007,471422087,178662660,238099867
511309547,186964991,603079102,519961303,93635137,264644904,110969451,98163239,9340370,294718470,12748535,90414020,94946268,98013389,450916479,283713934,80002652,11495422,201940664,183410147,183637427,268910159,105893279,9465512,426655671,431209874,342010008,266400419,98576593,108290157,71943355,198064541
373090801,156468122,193723869,408638527,26134566,763000646,280760966,365715768,11576556,385118557,11313609,482373881,357232106,616738121,21598795,111407383,267968226,283244724,100803793,292759628,185324369,18028539,98007639,97025610,100863786,106503773,282021919,868134775,98995348,320629845,182459614,271591903
369791596,347207905,261180639,656913762,346320354,87347327,447955909,288834434,625779516,258701214,163413188,869288526,95519464,175837397,360158261,3689986,367616174,89952110,8032955,710467120,273163966,532780588,7045411,97708659,462869938,250255370,187094741,319202769,266746455,299150626,529163390,298672163
287598395,374887776,102798100,186498052,439398334,406088876,6744921,241208331,544879418,12023182,344833827,96329739,449070445,271651515,407682097,267846296,183581010,327651219,523950847,44210740,440332711,188251268,364295999,196577947,272710962,537774372,810478014,366914172,302691146,91875917,277096068,381701084
101201177,99184944,184842050,531018305,9726133,354726110,182025000,187275669,360724639,351070508,364202454,13327088,100720782,11424329,181181605,185351254,116463553,478512207,172096870,440804015,10637651,309492701,282240226,186738636,264819884,12161507,68205693,151513569,288323788,23263780,194597199,144731748
98839865,190898517,268345785,367052623,181627793,367142997,535651801,14717259,9068059,99363264,700158624,173368454,78580075,10269278,20535587,97746629,575500259,23803027,271947937,52068234,334415051,9839201,273637947,110890232,624435526,8555696,542434702,192858884,266507231,16369039,437515850,378217066
420567307,262472975,11218035,7829283,181831210,178295758,13105102,92449630,176915862,10966755,17932569,179031096,104019915,356138657,6322039,449518385,279373658,268556423,15387401,18700980,78715739,100034305,97305267,315842536,276978351,468038073,104363774,103775497,249279079,288490850,29515714,89659751
268412641,94384210,312400730,192858534,327086367,105504009,620844486,93752905,255383354,107153577,258606596,23404653,526965579,105184119,428850656,447412587,184319135,96430465,106609574,294092931,273538949,96160482,180315138,184288837,153471469,182051296,530149236,100161488,266743438,391907858,352318179,42758581
245518082,19899057,361744870,96554112,270600284,112416891,97699432,102415479,277140088,188123028,129990496,101888442,266547576,6250939,181963913,263789455,326312534,271301624,280598593,60946773,529128713,93832399,455055062,91301782,183950194,309495507,275759722,183980321,63698716,13025344,363965185,64618352
185662598,7380345,770500030,102923767,354290263,226807045,332058419,158266112,94298260,21399921,99407221,26439892,98995383,274647881,188819332,274065400,8264157,15170719,373659085,282626871,251818236,186001028,206165943,13971268,578580228,95893794,272549201,20000352,361450817,387057235,98883632,288300846
190510567,99045717,101709474,99585514,200649949,188431035,279796905,385611168,462861906,182655024,446722431,265239164,272958100,244920475,361564765,262245267,96068775,184083951,155453367,451462905,292050585,183516817,67473609,278938540,459548910,556223559,396990367,183274312,436449151,146826506,450039153,366835775
96120138,525403764,191491529,681273527,283805154,370523221,192254445,345547623,438416672,26347623,96165786,183476565,98079017,350837433,242463966,364191575,334289795,318097562,186646409,308571904,97830007,364607357,201555800,589868736,101136351,376259070,376331808,269894481,274761713,103890603,97024230,434035656
106170514,100551553,343330126,202590576,102193808,12165503,322539048,106731875,98860926,16167358,248932697,13775147,101173858,286594405,188219591,14552363,775795444,105093754,270437761,101079942,466601809,62514430,446443036,20918734,889125529,16783980,371172666,18634194,105250875,201933259,297477302,18718886
182468506,16797489,354681261,14435539,361771897,89916008,101983329,11675275,199044449,18135042,509572520,11570471,430308472,15649754,97917563,94962852,675267188,18606888,191491861,104685526,180060177,15510171,191576956,12688268,269072796,19199562,163904453,18634783,206772527,36596880,356556641,24310723
284656937,186313181,428077456,100787122,527316284,19745207,547127082,136277871,183806006,16698353,441142994,17351006,268020752,96091300,540387274,16080930,438070368,15947050,186702037,18311076,87429336,21228736,278427615,13852499,174364363,96988063,300049081,16940023,171472528,36299225,27586663,30199161
64870486,78286767,285559021,105316798,404983194,13142493,327970313,196903165,98404019,11082588,169052579,10844454,104703575,178098212,121835903,369850223,318638368,15752725,182565981,99916890,366114829,99778487,97412567,613019992,428566891,259357263,99263464,716909074,203249232,101505438,19157391,244537923
9458004,13287990,102672828,47875996,458448216,14355037,298747182,11719509,203985022,119162596,447159878,322900384,340042672,10667135,279866797,9140299,381539329,14734304,9811847,19342593,184238314,17291327,210977122,53807414,495695296,12319352,170311620,461610051,104876678,23610319,159862778,178508746
183293777,14748954,243725142,17454692,305094381,14500356,274519359,18876008,422794226,101555796,166014531,14942748,625256844,21513243,447502006,24439137,310297008,23512336,189008228,19590755,144955117,14271753,899455907,23308479,98659734,103061688,540748478,50574956,100208004,22943246,516050907,35419830
357559010,16357465,606680833,18702603,792548696,17124619,436081493,14680476,183949652,30792139,263719149,17435272,438012638,23081902,302564601,20540238,521190998,13785659,673148257,15679507,212593020,191572364,453448431,110157907,140319803,21417966,344183607,28307569,183418490,123925842,188948094,36184442
182606685,92500133,366812442,8532466,267705846,197546546,345209085,101513555,103426351,248002772,72500535,95840930,264529245,7179180,619892939,188646318,9758039,8262459,269300845,106889259,97733958,94657233,254800443,11757052,445637649,183239505,199982490,181840799,279026758,281443751,181113685,186889742
104234844,105809565,380625704,283215272,403531633,5088796,249622984,12407227,272216155,70642640,103264874,98930562,169513067,189590447,472616365,99362798,525211894,172838039,180953892,13738912,271319765,194750285,196348082,13377142,535896907,99889662,273691501,98057668,100674585,17128271,357909569,14876831
244935142,163760627,163425799,190572463,95911860,96503764,98906072,194328620,96592006,278463024,107719447,247494011,242834883,271035300,101873677,266414597,117752123,96062695,362286961,180070084,91351147,271077188,98787722,105093744,385037140,7282613,258547973,229426048,580329479,183921259,360388117,191588216
347996314,96159666,590125595,575097165,213868984,188718587,310350025,189518074,442023986,136986932,7562540,97210912,12951883,6137922,539736710,17782526,78504644,190361905,194672168,182674092,301815569,227454957,273284840,261424505,278332764,98353274,423904169,535526769,201733545,101812191,276598130,13390501
269608267,100891661,234476511,21196341,353258678,111475223,886885307,175239761,583241309,15700733,15456366,13744709,202573415,9189601,11932673,281030309,287957631,30447453,359173818,200498922,258808361,336118343,15299520,163960812,180665905,10944863,246851628,395344228,134371939,192890657,284026006,19052317
525254970,13334743,194045113,77974480,5189342,4697414,181825842,257777038,357449390,196280693,6974622,99983354,97789955,636511646,98591599,12404568,283060029,98728790,273289071,193718415,374990063,10268063,468525011,349952419,275522859,11080134,363240220,320543844,296599379,262536187,367484769,16216426
188550186,8618137,541288449,16410959,263368359,12912725,417798362,99636966,287164499,10143643,14120961,13193586,188469265,154500487,91183207,14843255,364721549,97602721,713359741,5777027,335577662,92634375,494216855,7456656,97374952,29609937,459529871,42424126,183466454,29681763,185875848,107214447
669140193,95965789,454074714,93279855,368956870,276199266,183058060,18470062,528701648,183855947,522838478,15196906,460247728,12461661,269451635,105986318,556516074,104809610,258162202,101232287,99594187,97815977,219813432,16548933,448552693,17715477,544970427,190650183,177672735,27080143,450878768,322840362
184731951,425245591,445573271,190774711,802815221,8255129,356074108,259220080,555072139,184474445,183766914,670881221,270126745,323360519,357216922,108057364,529229147,188555670,185491792,366975526,284871056,267572930,278628026,441431014,508203546,99608521,337305080,10259547,184999241,22741097,94012605,118489146
269629207,182427656,252887935,11895768,264187477,179752975,7195143,183238744,116415350,354473682,601706000,363597519,110900619,128590522,96592454,480266659,96339513,357234761,90851221,188294713,459862317,185474870,9695128,98794811,282152408,298220740,360676937,179992551,440314253,281420587,633685474,354269592
49833346,174321786,511638941,101131518,314873604,95376779,226740562,183768601,711944413,175817934,82096369,93809492,337459184,75482817,319361139,452379606,17940920,253558934,111827138,92363439,319049345,93457884,719871944,174850895,261839487,284271864,268683030,187036627,428659039,106511144,177869944,190419869
99170521,158651726,190606254,191046299,322245701,458050972,359551499,148819180,57349609,11157479,93137063,22290815,282623118,108312069,792146680,94910527,354288576,290763568,205376961,190219729,26576504,17397855,16971703,53574304,365855119,496652526,18212899,188009328,101922220,22417619,410984558,101264458
103759945,266683113,313763827,26891022,71724654,103333796,267769569,11830310,98778977,20636513,12495256,19036116,445998077,15333202,224303345,12241063,112673807,12007638,400864924,188251907,872487894,448753772,354073693,187342312,257121996,266516871,358325117,467910514,491344314,42863652,254239224,164866740
97961870,8557802,192882133,281058938,625586488,12625486,88932414,98120172,103048220,295434374,269095234,188082509,7902955,9419932,25773498,8116359,99109936,270907366,99599169,80118529,532050864,190587949,100286491,192768919,189150201,192259934,190714979,8650138,631201927,108064750,223845029,25615516
435394949,93427926,163931420,179556292,538495453,194211739,21957632,7314069,178304252,111960792,126444498,108332782,99765976,201329391,53074553,84282113,193391830,98441787,197404798,198717347,460802749,178308693,268193399,27638776,168028238,268645334,264887094,108868478,184710010,62833474,195400829,100316305
320391939,183104318,525208671,12670760,363809666,107781951,620929581,188147019,359237259,280520825,9249024,16468642,371944924,54598000,173377187,300942576,114415703,353420558,274249810,72500512,264466801,18326594,438409383,10349543,352644653,178918096,164984436,105362427,280440186,202628081,100519094,202012036
195439647,405638648,251210867,13110833,359022291,43699077,99593265,195655473,632770006,104535272,271152627,219959624,175602759,99146923,275389142,194496257,513924386,101447583,275873811,289649423,29554683,11268199,434278838,18701539,191105566,188595469,12362029,13089896,16691663,409434829,236218772,63070086
480766781,94826954,454244663,178011603,416342526,16502874,395146360,193493215,268122504,187728474,267616368,96831704,564334369,15746463,312354936,98389906,181826458,11331314,179076759,11894549,413354689,106407852,412525715,18581649,279768670,101061684,473938191,91365254,313132667,86521080,260870047,282760262
10702399,301528746,104414723,225700747,185318161,119582042,182146835,276163569,98357961,100893028,804932004,189105231,73549605,544072850,456541244,102256454,284550174,182379108,58016574,237410621,103857137,183617489,102020974,99223144,378386037,101408074,274419141,503856536,273031882,198450611,621660265,106289997
17000242,185606832,504111323,156925854,100014285,272677767,349693888,443892257,348794411,95931727,159238160,7435654,522994598,11077989,543962481,190793190,340389109,7344120,179493017,11870450,84528420,93061293,444318066,533698447,332447230,274616400,226710192,101210972,366607091,197394145,534177726,189871407
546111897,272164607,96101653,268776310,371178223,186622075,533714992,97004949,370041151,372659187,251449272,192768721,254763354,378187192,9512168,703886805,270297632,13314003,456880795,281166276,12123036,363723011,329342847,553808579,354770479,141772013,536576922,451444662,280091442,105842294,8194567,104177621
468427275,25741522,215786191,16381354,267853101,8140733,91078727,202855041,110253569,179631007,156819712,13935400,26971855,18954842,189164241,20665720,298262330,27766906,237314411,21655877,101049392,13273717,93748932,17305870,458289016,15784948,66533696,102506711,128764595,31189565,897353261,202449015
