75784127,529805325,150165485,97184973,180329821,106253931,124178404,98849647,160025618,105546027,127209649,103321338,89363573,95300285,162044393,92616579,105126546,83939561,109044437,79684964,95994216,93199572,131536101,86334938,70415026,77775930,81106861,76528904,73187806,173592884,71004179,450967119
75784472,529855530,150194060,97184989,180361237,106253961,124189049,98849717,160048957,105546028,127217059,103321529,89363926,95300390,162088352,92616642,105126834,83939571,109055633,79685055,96005112,93199651,131567072,86334947,70415211,77775985,81108090,76528911,73189267,173592935,71008198,450967934
75784811,529915500,150226948,97184998,180401620,106254083,124202279,98849784,160076415,105546033,127225601,103321601,89364172,95300456,162137860,92616645,105127114,83939581,109069956,79685119,96018325,93199715,131603505,86334949,70415334,77775991,81108218,76528917,73189382,173592942,71009379,450968893
75785101,529973349,150258738,97185005,180439733,106254240,124215132,98849853,160103860,105546103,127234380,103321672,89364532,95300524,162189568,92616653,105127343,83939585,109085598,79685186,96031234,93199780,131643677,86334951,70415443,77775998,81108304,76528920,73189442,173593008,71010116,450969822
75785384,530035496,150292588,97185011,180482130,106254246,124229402,98849923,160131628,105546294,127243325,103321744,89364845,95300587,162241200,92616659,105127582,83939589,109099816,79685250,96044632,93199842,131682370,86334951,70415564,77776003,81108408,76528923,73189523,173593075,71010771,450970803
75785699,530094591,150325476,97185021,180522457,106254255,124242995,98849991,160159290,105546464,127251804,103321819,89365316,95300651,162293839,92616670,105127845,83939593,109114776,79685317,96058434,93199906,131723171,86334957,70415681,77776011,81108471,76528926,73189574,173593144,71011651,450971738
75786489,530156293,150359773,97185032,180564449,106254262,124257138,98850055,160189365,105546566,127261132,103321894,89365637,95300716,162344667,92616687,105128104,83939602,109131887,79685381,96072180,93199971,131761422,86334959,70415810,77776021,81108560,76528941,73189632,173593177,71012306,450972717
75786784,530217573,150393785,97185042,180605649,106254269,124271159,98850121,160217614,105546637,127269966,103321966,89366060,95300782,162396776,92616691,105128384,83939606,109147383,79685445,96085934,93200035,131800843,86334972,70415926,77776028,81108611,76528943,73189684,173593177,71013162,450973681
75787064,530277935,150427547,97185049,180646290,106254277,124284659,98850192,160246321,105546703,127278915,103322042,89366522,95300845,162445707,92616702,105128745,83939612,109163103,79685511,96099863,93200100,131837712,86334972,70416039,77776041,81108661,76528947,73189737,173593180,71013815,450974639
75787365,530338110,150460563,97185145,180686930,106254295,124298364,98850284,160273158,105546800,127287884,103322127,89367095,95300929,162497364,92616725,105129391,83939643,109177085,79685592,96113092,93200179,131877855,86334998,70416161,77776060,81108723,76528963,73189817,173593221,71014188,450975603
75787645,530400629,150494827,97185156,180728526,106254298,124312192,98850350,160300696,105546873,127297108,103322200,89367775,95300995,162548638,92616734,105129692,83939648,109191546,79685657,96127185,93200243,131916454,86334999,70416288,77776065,81108814,76528966,73189884,173593224,71015101,450976600
75788030,530461126,150528731,97185170,180768641,106254326,124325525,98850425,160327272,105546951,127306181,103322270,89368324,95301066,162596924,92616813,105130033,83939730,109205687,79685722,96141383,93200311,131952544,86335003,70416485,77776071,81108910,76528967,73189938,173593240,71015911,450977585
75788318,530521436,150562519,97185178,180809932,106254334,124339435,98850493,160354373,105547017,127314575,103322346,89368690,95301134,162645509,92616818,105130271,83939733,109219510,79685786,96155532,93200376,131988746,86335003,70416685,77776078,81109017,76528972,73190008,173593243,71016630,450978551
75788628,530580418,150595402,97185187,180849868,106254363,124352692,98850575,160381726,105547039,127322990,103322420,89369106,95301211,162698361,92616830,105130534,83939738,109234378,79685855,96168888,93200445,132030004,86335007,70416808,77776083,81109115,76528974,73190174,173593257,71017272,450979486
75788899,530641043,150629454,97185196,180889977,106254364,124366099,98850642,160408587,105547044,127332122,103322494,89369509,95301277,162748448,92616835,105130776,83939743,109248521,79685918,96183036,93200508,132067748,86335007,70416932,77776089,81109227,76528977,73190363,173593258,71017730,450980444
75789156,530700764,150661803,97185205,180930664,106254372,124379678,98850709,160436284,105547047,127340546,103322566,89369926,95301344,162799392,92616841,105131042,83939744,109263595,79685983,96196096,93200575,132106188,86335012,70417080,77776093,81109335,76528978,73190514,173593262,71018465,450981370
75789466,530762816,150695811,97185214,180972716,106254379,124393710,98850774,160464282,105547054,127349699,103322635,89370361,95301411,162849726,92616850,105131303,83939749,109278269,79686045,96209453,93200640,132144017,86335013,70417231,77776099,81109504,76528983,73190764,173593266,71019031,450982354
75789816,530821788,150728639,97185225,181013686,106254389,124407259,98850851,160492119,105547062,127357878,103322707,89370690,95301491,162900131,92616856,105131564,83939753,109293069,79686111,96222908,93200707,132182515,86335021,70417356,77776107,81109590,76528991,73190899,173593281,71019556,450983282
75790193,530883263,150761724,97185444,181055948,106254399,124421430,98850921,160520186,105547068,127366528,103322800,89371099,95301559,162952081,92616859,105131821,83939773,109307627,79686178,96236107,93200774,132221720,86335023,70417488,77776114,81109674,76528996,73191068,173593379,71019979,450984278
75790493,530941132,150794055,97185576,181095413,106254486,124434333,98851150,160549201,105547096,127374851,103322896,89371324,95301643,163002630,92616878,105132081,83939812,109324404,79686292,96249287,93200849,132260602,86335036,70417626,77776143,81109783,76529016,73191254,173593404,71020563,450985222
75790763,531002113,150825696,97185584,181138121,106254517,124448558,98851273,160578291,105547136,127383270,103322965,89371670,95301716,163055155,92616883,105132356,83939815,109339958,79686404,96261096,93200912,132300666,86335037,70417780,77776150,81109925,76529020,73191417,173593410,71020932,450986189
75791103,531062571,150858680,97185594,181179132,106254536,124462248,98851400,160605712,105547167,127392190,103323082,89372055,95301782,163106986,92616888,105132628,83939819,109354587,79686470,96274415,93200978,132340165,86335041,70417921,77776155,81109998,76529026,73191537,173593416,71021725,450987162
75791396,531123926,150893397,97185654,181219127,106254541,124475744,98851498,160632106,105547210,127401912,103323255,89372520,95301848,163158862,92616890,105132890,83939822,109368310,79686541,96288739,93201042,132379922,86335041,70418030,77776164,81110062,76529033,73191608,173593420,71022504,450988147
75791711,531184810,150926088,97185723,181260764,106254561,124489702,98851566,160660109,105547240,127410442,103323384,89372988,95301964,163210414,92616895,105133181,83939824,109382923,79686604,96301633,93201106,132418666,86335044,70418148,77776168,81110129,76529036,73191684,173593423,71022985,450989107
75791986,531245755,150959631,97185728,181303174,106254565,124503995,98851632,160688970,105547242,127418896,103323520,89373269,95302093,163265711,92616900,105133455,83939829,109398392,79686667,96314989,93201169,132461459,86335044,70418258,77776174,81110184,76529039,73191771,173593430,71023509,450990049
75792333,531305486,150992913,97185737,181343778,106254572,124517580,98851700,160715861,105547250,127427269,103323652,89374017,95302294,163318589,92616913,105133724,83939832,109412100,79686733,96328745,93201233,132501909,86335048,70418386,77776178,81110279,76529043,73191855,173593436,71024140,450990988
75792653,531365834,151026667,97185745,181383288,106254576,124530725,98851764,160742213,105547257,127436557,103323723,89374433,95302414,163370438,92616974,105134019,83939837,109426018,79686797,96342582,93201298,132542601,86335049,70418512,77776185,81110365,76529049,73191929,173593443,71024660,450991948
75792996,531424804,151057808,97185754,181424292,106254588,124544367,98851833,160770180,105547261,127444564,103323793,89374954,95302583,163422581,92617263,105134263,83939838,109440940,79686863,96354616,93201361,132582331,86335051,70418651,77776191,81110439,76529054,73192003,173593454,71025219,450992855
75793291,531484878,151091305,97185760,181464790,106254601,124558114,98851900,160797766,105547261,127453349,103323864,89375499,95302768,163475002,92617548,105134533,83939842,109455849,79686926,96368688,93201426,132622185,86335051,70418802,77776196,81110597,76529059,73192079,173593457,71025847,450993805
75793620,531545899,151124337,97185781,181506374,106254626,124572046,98851982,160825754,105547282,127461926,103323951,89375960,95302975,163525677,92617662,105134794,83939880,109470593,79687063,96381683,93201508,132660436,86335079,70418918,77776216,81110669,76529077,73192163,173593482,71026358,450994799
75793898,531605440,151156933,97185790,181547255,106254635,124585678,98852045,160855006,105547287,127470160,103324019,89376286,95303086,163578347,92617664,105135050,83940009,109487038,79687139,96394843,93201571,132700451,86335082,70419055,77776221,81110738,76529080,73192218,173593485,71026659,450995723
75794199,531664843,151189238,97185798,181588129,106254643,124599315,98852110,160884346,105547290,127478401,103324089,89376934,95303206,163629751,92617667,105135284,83940104,109503484,79687281,96407846,93201636,132738982,86335084,70419208,77776225,81110873,76529083,73192342,173593490,71027444,450996657
75794477,531724283,151222432,97185804,181629249,106254655,124613132,98852175,160912788,105547292,127486391,103324160,89377211,95303335,163679331,92617670,105135525,83940174,109519017,79687418,96421310,93201699,132775708,86335086,70419349,77776231,81110933,76529088,73192415,173593494,71027913,450997584
75794764,531782933,151254468,97185811,181669685,106254676,124626466,98852247,160941152,105547293,127494198,103324231,89377555,95303466,163730041,92617675,105135764,83940379,109534451,79687562,96434364,93201765,132813920,86335089,70419495,77776235,81110981,76529092,73192469,173593499,71028475,450998502
75795042,531844045,151287768,97185816,181711925,106254679,124640691,98852314,160968315,105547299,127503062,103324300,89377771,95303593,163780124,92617677,105136033,83940450,109548286,79687711,96447812,93201828,132851300,86335093,70419636,77776240,81111028,76529102,73192537,173593508,71028906,450999465
75795326,531905055,151320485,97185824,181753120,106254685,124654565,98852384,160996589,105547304,127511950,103324370,89378298,95303715,163833789,92617683,105136278,83940644,109563636,79687810,96460465,93201892,132892184,86335140,70419789,77776247,81111081,76529106,73192586,173593518,71029629,451000414
75795614,531964149,151351879,97185832,181793018,106254694,124667792,98852450,161023324,105547307,127520497,103324439,89378589,95303844,163888017,92617685,105136541,83940715,109577766,79687877,96472504,93201956,132934105,86335219,70419917,77776252,81111148,76529109,73192629,173593521,71030185,451001335
75795928,532024256,151384575,97185853,181834397,106254709,124681642,98852526,161050577,105547309,127529040,103324511,89378780,95303975,163938209,92617690,105136794,83940828,109591753,79687946,96485374,93202022,132971505,86335274,70420062,77776275,81111203,76529124,73192680,173593571,71030673,451002287
75796190,532084630,151418241,97185860,181874609,106254721,124695014,98852589,161077732,105547310,127538006,103324581,89379167,95304094,163990418,92617693,105137052,83941032,109606271,79688013,96499322,93202106,133011334,86335282,70420196,77776280,81111268,76529130,73192735,173593647,71031290,451003246
75796448,532143475,151450740,97185892,181913253,106254817,124707685,98852676,161105003,105547336,127546925,103324682,89379600,95304236,164043106,92617717,105137300,83941241,109621451,79688108,96512732,93202215,133051953,86335311,70420329,77776308,81111354,76529164,73192807,173593748,71031990,451004199
75796709,532206079,151484391,97185900,181956682,106254822,124722366,98852820,161133254,105547342,127555609,103324752,89379971,95304356,164092973,92617724,105137556,83941418,109635829,79688177,96525618,93202282,133088661,86335315,70420446,77776313,81111445,76529169,73192882,173593761,71032553,451005187
75796990,532265553,151517108,97185907,181996927,106254836,124735924,98852965,161160568,105547344,127564022,103324823,89380358,95304484,164144051,92617728,105137808,83941510,109650454,79688246,96539271,93202348,133127268,86335324,70420601,77776319,81111533,76529174,73192967,173593765,71033169,451006127
75797304,532325858,151549861,97185912,182038377,106254847,124749831,98853105,161188159,105547349,127572583,103324894,89380794,95304615,164198241,92617734,105138031,83941723,109665143,79688315,96552488,93202412,133169314,86335324,70420750,77776330,81111596,76529185,73193045,173593765,71033876,451007075
75797602,532385636,151582476,97185929,182078226,106254906,124763185,98853263,161214213,105547352,127581326,103324963,89381321,95304756,164250004,92617737,105138282,83941918,109678515,79688385,96565391,93202481,133208629,86335326,70420913,77776335,81111698,76529191,73193112,173593769,71034521,451008028
75797871,532446509,151616395,97185940,182118322,106254964,124776630,98853406,161242261,105547354,127591131,103325033,89381683,95304888,164301024,92617743,105138512,83942136,109693994,79688452,96579129,93202554,133247821,86335328,70421036,77776341,81111782,76529197,73193244,173593771,71035219,451008992
75798184,532506924,151648391,97185949,182159813,106254971,124790488,98853552,161269918,105547361,127599906,103325104,89381986,95305004,164351127,92617752,105138771,83942221,109708831,79688524,96591437,93202638,133284893,86335340,70421222,77776349,81111834,76529204,73193326,173593772,71035768,451009944
75798471,532568126,151682860,97185958,182201120,106254982,124804457,98853688,161298210,105547363,127609170,103325173,89382392,95305138,164403707,92617754,105139060,83942408,109723952,79688592,96605792,93202720,133325159,86335347,70421365,77776355,81111976,76529212,73193464,173593773,71036271,451010940
75798803,532630457,151717687,97185964,182242413,106254993,124818268,98853856,161326606,105547421,127618945,103325253,89382629,95305362,164452650,92617804,105139293,83942758,109739520,79688660,96619945,93202802,133361514,86335359,70421481,77776367,81112030,76529231,73193556,173593779,71036530,451011942
75799098,532689439,151750024,97185994,182282577,106255061,124831663,98853926,161354637,105547431,127627361,103325384,89382997,95305609,164503779,92617816,105139529,83943165,109754612,79688728,96632984,93202886,133400523,86335365,70421605,77776373,81112109,76529237,73193628,173593783,71036963,451012876
75799401,532748504,151782769,97186011,182323120,106255089,124845303,98854016,161382651,105547452,127635624,103325468,89383309,95305755,164553397,92617861,105139792,83943406,109769996,79688929,96646526,93202973,133437817,86335397,70421746,77776463,81112216,76529257,73193859,173593803,71037382,451013809
75799707,532808054,151816335,97186018,182362634,106255105,124858555,98854083,161410616,105547459,127644560,103325542,89383678,95305829,164603246,92618012,105140028,83943471,109785656,79689364,96660459,93203042,133475660,86335413,70421876,77776476,81112303,76529268,73193919,173593804,71037803,451014756
75799972,532866984,151848205,97186025,182402803,106255111,124871964,98854151,161439640,105547462,127652925,103325612,89384153,95305891,164654966,92618081,105140256,83943471,109802189,79689777,96673422,93203118,133515138,86335433,70422014,77776489,81112497,76529274,73193969,173593804,71038325,451015678
75800279,532928455,151881343,97186033,182445500,106255134,124886138,98854223,161468837,105547470,127661487,103325682,89384671,95305957,164708207,92618283,105140517,83943474,109817724,79689980,96686314,93203526,133555493,86335448,70422168,77776505,81112556,76529284,73194035,173593807,71038880,451016647
75800556,532988341,151912198,97186047,182488109,106255139,124900411,98854293,161497743,105547476,127669008,103325753,89384927,95306022,164761273,92618479,105140751,83943914,109833120,79690047,96697869,93203631,133595615,86335485,70422307,77776523,81112616,76529294,73194092,173593812,71039356,451017576
75800882,533049552,151945384,97186053,182529469,106255149,124914317,98854360,161524580,105547480,127677844,103325823,89385318,95306086,164810124,92618548,105140988,83944211,109846745,79690111,96710672,93203694,133631262,86335489,70422532,77776597,81112658,76529305,73194162,173593824,71040061,451018527
75801136,533108555,151977975,97186064,182569481,106255156,124927669,98854428,161552719,105547490,127685986,103325893,89385769,95306153,164863168,92618610,105141225,83944467,109862304,79690178,96723909,93203759,133671632,86335494,70422658,77776612,81112720,76529313,73194235,173593890,71040677,451019439
75801397,533169336,152011809,97186077,182609303,106255168,124941066,98854492,161580117,105547495,127695237,103325962,89386100,95306277,164916700,92618661,105141481,83944534,109876919,79690245,96737500,93203822,133712809,86335498,70422769,77776631,81112774,76529321,73194351,173593964,71041243,451020396
75801689,533227886,152044177,97186091,182649850,106255179,124954590,98854560,161608668,105547506,127703438,103326034,89386565,95306344,164971313,92618815,105141746,83944883,109892738,79690314,96751178,93203887,133755025,86335501,70422880,77776649,81112840,76529332,73194414,173594046,71041842,451021309
75802131,533287410,152076488,97186098,182690666,106255187,124968254,98854629,161636660,105547510,127711365,103326108,89387088,95306412,165022436,92619055,105141995,83944995,109907777,79690383,96764205,93203952,133793502,86335503,70422997,77776665,81112886,76529341,73194469,173594114,71042501,451022234
75802421,533346787,152110229,97186182,182729560,106255197,124981422,98854716,161663853,105547530,127720725,103326188,89387610,95306482,165073659,92619137,105142263,83945100,109922791,79690473,96778363,93204032,133833009,86335516,70423162,77776698,81112958,76529363,73194552,173594195,71043058,451023193