58264541,241233685,71281050,63879216,71578502,62188502,64081193,61524329,71128638,64091234,62305294,59808201,57013471,55389572,66389286,52551604,65820480,53199092,60715635,53950534,58464543,52175306,63580538,49193626,50780244,50528582,51133644,51018466,54525392,182977214,53615050,514721532
58265780,241257401,71317483,63903224,71618028,62212541,64100747,61549307,71159454,64114288,62319842,59816110,57014616,55393679,66432120,52561708,65822791,53206290,60723016,53956230,58471729,52189430,63602191,49197713,50780914,50529698,51134488,51019554,54526092,182987760,53616502,514725648
58267692,241280537,71355057,63926808,71658138,62236680,64120869,61573411,71188500,64139304,62333885,59823272,57015827,55395062,66476901,52568669,65825411,53208704,60733434,53961662,58481753,52206694,63625825,49199345,50782265,50547038,51136086,51025695,54527832,182990580,53618231,514730890
58271666,241305566,71392915,63952408,71700011,62262329,64140966,61599276,71218027,64149953,62348047,59827722,57018290,55398819,66521177,52571989,65828689,53217688,60744270,53978412,58492399,52208006,63650417,49203717,50784071,50551702,51138490,51035730,54530684,183004981,53620505,514736840
58273680,241330766,71430342,63978215,71740477,62288264,64162227,61625262,71247846,64161365,62362257,59844745,57019677,55405263,66566725,52577725,65831783,53231729,60755017,53984639,58503228,52219048,63676474,49207514,50785987,50555928,51140531,51038164,54531966,183013095,53622668,514743245
58275180,241356367,71468122,64003784,71782834,62314042,64184922,61651112,71279815,64168227,62377990,59861258,57020901,55409488,66610733,52584493,65834724,53249132,60766208,53998801,58514046,52230340,63699946,49210536,50786573,50563425,51141454,51042410,54532837,183019550,53624041,514749398
58276475,241382029,71506461,64029939,71824633,62339890,64205619,61677012,71310942,64182373,62392902,59883500,57021791,55418095,66655139,52590083,65837217,53253996,60776992,54011534,58524669,52238687,63724401,49212766,50787115,50570714,51143150,51047999,54533545,183023134,53625563,514755085
58278242,241406503,71540989,64054205,71866101,62364404,64226058,61702127,71342106,64183947,62407026,59891639,57023191,55442944,66698944,52601165,65839514,53255332,60787752,54017772,58534794,52255749,63748218,49218116,50787785,50575030,51143971,51049311,54534595,183038232,53627482,514760288
58279879,241431436,71578194,64079591,71907338,62390524,64246229,61727602,71373714,64190102,62420821,59906181,57024781,55462179,66742551,52612652,65842241,53265184,60798634,54026275,58545352,52264034,63772840,49221690,50788860,50579166,51145292,51053173,54535855,183044253,53629779,514765751
58281749,241456971,71616617,64105732,71948941,62417038,64268250,61753566,71405912,64195612,62434320,59920218,57026156,55484511,66787597,52623079,65845051,53277738,60809538,54035561,58555892,52269636,63796925,49227292,50789933,50584317,51146018,51054959,54536778,183049508,53631271,514771935
58282900,241482451,71653678,64131434,71990840,62443006,64290490,61780224,71437642,64211760,62449822,59930732,57027944,55500342,66832732,52628787,65847797,53289922,60820352,54039648,58566459,52283184,63820953,49230288,50790920,50596525,51147005,51056711,54537625,183051211,53632462,514777695
58284727,241507403,71691118,64156913,72032580,62469419,64312674,61806118,71469347,64234448,62463826,59937101,57030384,55515953,66877001,52632029,65850455,53295462,60831297,54053113,58576872,52287453,63845372,49237498,50791626,50605015,51147810,51061812,54538916,183055325,53633808,514783063
58286434,241533120,71728783,64182913,72074493,62495235,64334489,61831948,71501124,64250602,62478362,59943581,57031881,55535895,66920170,52634775,65852916,53300887,60842533,54064330,58587704,52291828,63868473,49241411,50792351,50615190,51149405,51072454,54540253,183060462,53635253,514789361
58287844,241558416,71766296,64208065,72115947,62520308,64354282,61857190,71532720,64265204,62494008,59954129,57033031,55551064,66966203,52643806,65855693,53304102,60853309,54068781,58598543,52297822,63892258,49246870,50793765,50630428,51150455,51077965,54541261,183063216,53636722,514795073
58289545,241582495,71804041,64233216,72157929,62545282,64376393,61882239,71564247,64287343,62508738,59958953,57034524,55561472,67011887,52656538,65858301,53307858,60864608,54076528,58609364,52301255,63916454,49249200,50794778,50637788,51151543,51081482,54542310,183078036,53638676,514801880
58291192,241608203,71841915,64259257,72200027,62571270,64396821,61908626,71595713,64299843,62523841,59963631,57035463,55573186,67055695,52663186,65860467,53322073,60875505,54079862,58619801,52317458,63938744,49252504,50795182,50641802,51152266,51085756,54542753,183095304,53640043,514807648
58293031,241633612,71880473,64285106,72241563,62597073,64418744,61934222,71627664,64308503,62537330,59966234,57037380,55587048,67102545,52667372,65863065,53342276,60886921,54083380,58630573,52326562,63962224,49268731,50796011,50647808,51153125,51092214,54543877,183102097,53641369,514813423
58294504,241658464,71918154,64311433,72283079,62623104,64440081,61959984,71658312,64321875,62552019,59977677,57038268,55599852,67147186,52672833,65865586,53349458,60897322,54093255,58640943,52342542,63986033,49274358,50796297,50651975,51153557,51098969,54544431,183104273,53642274,514819381
58296031,241682957,71955445,64336752,72325396,62648988,64462727,61985078,71690250,64323934,62566625,59983201,57040023,55606040,67190954,52681652,65868045,53354344,60908282,54107014,58651578,52354055,64008999,49286478,50797479,50662799,51154899,51110225,54545454,183116057,53643866,514825395
58297390,241708414,71993535,64362529,72366682,62674940,64482764,62010813,71721148,64343249,62582694,59990685,57041162,55614394,67234249,52687410,65870691,53361075,60919168,54111018,58662346,52360565,64030168,49290092,50797976,50668676,51155766,51124217,54546241,183130930,53645139,514831957
58298629,241733311,72031163,64388365,72407907,62700696,64503457,62037253,71752008,64348010,62597765,59999584,57042151,55621554,67278860,52693063,65872952,53366949,60930037,54119485,58672972,52366029,64052805,49295159,50799348,50689055,51156385,51135240,54546996,183144303,53645971,514837714
58299729,241759827,72069259,64415112,72450356,62727419,64525337,62064193,71784207,64363287,62611626,60004823,57043183,55630711,67323740,52703519,65875156,53376474,60940750,54122708,58683413,52372865,64074505,49305622,50799888,50697749,51157047,51142233,54547905,183157457,53648107,514845533
58302532,241784490,72107701,64440373,72492660,62752939,64547382,62089737,71815061,64374494,62625538,60030478,57044071,55637094,67368907,52718260,65877339,53383300,60951455,54134553,58693963,52374312,64096930,49310669,50800942,50702529,51158193,51144171,54549210,183165050,53649209,514851625
58304710,241808157,72145653,64465338,72534324,62777730,64569365,62114107,71846606,64384079,62640408,60034531,57045282,55643802,67413797,52728379,65879991,53397998,60962286,54146081,58704427,52378362,64120410,49325292,50801721,50709917,51159106,51155160,54550433,183169787,53650233,514857616
58306340,241832700,72183240,64491110,72574604,62803169,64590197,62139308,71877480,64393617,62655654,60050381,57046367,55648118,67460218,52741764,65882739,53415361,60972824,54149533,58715179,52386666,64143734,49332413,50802482,50711466,51159798,51157069,54551614,183178204,53651290,514863196
58307387,241857721,72220674,64516813,72615539,62828984,64610493,62164927,71907657,64396171,62669763,60053281,57047615,55649351,67504350,52760042,65884818,53422358,60983253,54173292,58725273,52393169,64166803,49334998,50802673,50718540,51159990,51162134,54552324,183194410,53652072,514868559
58309555,241882102,72256202,64541333,72655223,62853862,64629050,62190023,71937064,64416587,62681925,60059090,57049270,55659358,67546610,52769622,65887776,53424394,60993867,54181441,58735606,52403335,64188202,49338138,50805689,50721874,51163543,51163836,54554609,183202200,53654966,514873682
58311848,241907542,72293953,64567707,72697035,62880139,64651810,62216763,71968977,64428151,62696084,60063396,57050482,55673869,67592495,52772566,65891062,53431105,61005036,54189370,58746286,52420801,64211298,49353829,50806933,50729603,51164989,51168575,54556853,183202939,53656196,514880128
58313505,241932744,72330734,64593283,72738910,62906308,64673247,62242807,72000356,64435302,62711040,60085825,57051285,55678580,67636584,52788464,65893107,53433720,61015852,54194876,58756762,52426244,64233226,49357582,50807639,50731084,51165928,51185815,54557913,183209487,53657739,514885457
58314992,241957948,72368678,64619219,72779978,62932983,64694281,62269089,72029802,64452609,62728228,60095024,57052816,55692945,67680207,52792817,65895606,53435296,61026591,54200790,58767465,52433916,64256197,49363562,50808613,50746337,51166782,51191743,54558797,183213449,53659396,514891886
58316102,241983235,72405692,64644294,72821699,62958043,64714403,62294394,72061241,64474410,62743738,60096723,57053894,55698125,67724860,52803121,65898414,53439159,61037342,54208887,58777809,52435469,64279767,49374465,50809079,50758905,51167900,51205844,54559995,183219316,53660805,514897191
58317606,242008823,72444077,64670775,72863724,62984365,64736047,62320683,72092081,64496375,62757890,60102750,57055417,55703777,67769667,52814667,65900445,53445519,61048284,54220065,58788390,52448247,64302021,49381373,50810047,50761065,51169123,51213306,54561373,183225692,53661885,514903162
58319147,242034295,72481855,64696459,72905574,63010411,64756753,62346671,72123549,64504192,62772493,60104096,57056616,55709569,67815307,52819759,65902750,53453059,61059428,54226076,58798782,52463335,64325717,49386435,50810748,50778305,51169836,51221878,54562347,183241785,53663464,514908516
58320518,242059648,72520121,64722136,72946795,63036217,64778536,62372917,72153732,64517728,62788226,60109608,57059175,55712942,67858991,52829172,65905471,53464675,61070064,54234575,58809554,52473018,64348308,49392239,50811967,50788178,51170926,51228645,54563563,183251106,53664920,514914443
58322469,242084878,72556754,64748022,72988218,63062157,64798126,62398659,72186245,64526902,62801891,60126670,57060328,55715744,67903142,52835826,65908523,53474562,61080873,54246863,58819982,52480514,64372000,49396312,50812863,50799226,51171956,51235413,54565000,183253811,53666878,514920618
58324673,242108982,72593749,64772800,73028792,63086980,64818915,62423602,72215466,64550108,62815795,60128927,57062109,55729680,67946052,52838627,65910948,53478768,61091539,54249805,58830322,52487728,64394621,49413862,50814139,50808040,51173446,51241800,54566320,183258563,53668632,514925953
58326144,242134186,72631584,64799143,73069436,63112694,64840126,62449828,72247341,64560282,62830120,60146101,57063220,55732661,67990268,52849587,65913538,53481399,61102793,54252290,58841075,52491158,64417389,49425980,50815649,50814880,51174622,51247221,54567923,183274542,53670769,514931352
58328314,242159370,72668517,64824448,73110864,63138307,64860269,62474925,72278617,64566397,62845196,60168503,57064514,55741499,68032696,52862746,65916104,53485954,61113679,54255140,58851807,52502836,64439503,49432727,50816525,50819789,51175434,51249109,54568477,183287088,53672046,514937011
58329670,242184812,72705713,64850323,73153097,63164982,64882316,62501539,72311290,64570271,62859007,60194397,57065392,55747655,68078252,52868691,65917728,53495926,61124893,54266467,58862211,52518555,64462511,49437267,50817368,50826757,51176340,51253148,54569240,183292668,53673151,514943123
58331272,242209599,72743546,64875907,73195293,63190460,64902733,62526638,72342855,64571536,62874540,60209218,57066535,55757511,68122440,52880263,65920411,53515500,61135849,54274605,58872888,52525354,64484805,49439372,50818449,50831224,51177780,51267294,54570478,183296435,53674467,514948797
58333141,242234725,72781724,64901383,73237235,63216427,64924140,62552291,72374089,64585139,62890130,60223207,57067892,55769187,68164375,52893811,65922843,53520383,61146708,54288232,58883536,52529998,64506282,49445952,50819076,50836045,51178603,51270296,54571370,183303266,53675721,514955762
58335840,242260394,72819656,64927689,73279995,63242440,64946227,62578510,72406231,64590319,62903849,60237269,57069427,55778779,68211350,52913923,65926042,53524879,61157883,54292882,58894120,52542251,64530515,49452774,50820712,50842636,51180693,51271458,54572944,183310028,53677371,514962424
58337898,242284844,72857581,64952787,73321769,63267705,64968458,62603883,72437027,64594491,62918635,60244901,57071040,55797611,68256532,52929277,65929153,53532363,61168626,54294870,58904756,52557535,64553218,49454923,50822881,50851458,51182310,51277159,54574970,183312010,53679204,514969137
58339895,242310353,72895260,64978260,73363177,63294344,64990556,62630325,72467991,64603636,62935042,60258465,57072700,55804562,68298617,52936590,65931739,53541586,61179346,54301437,58915514,52571316,64574340,49457475,50823566,50859028,51183531,51284670,54576491,183323451,53680365,514975834
58341142,242336105,72933396,65004003,73405710,63320731,65012344,62656302,72500049,64621657,62950172,60264331,57073788,55810518,68343018,52940493,65933970,53542790,61190431,54317979,58926160,52576011,64596520,49465484,50824822,50871380,51184024,51299650,54577303,183329019,53681434,514981743
58342156,242359650,72969986,65028435,73446384,63344563,65031760,62680794,72530921,64638177,62964751,60269306,57074666,55825877,68386278,52946807,65936506,53546666,61201203,54335974,58936477,52582221,64618749,49472067,50825741,50877743,51184832,51307857,54578332,183332613,53682960,514987559
58343934,242385087,73007964,65054431,73488022,63370654,65053193,62706296,72563217,64647932,62978736,60278940,57076127,55838087,68430519,52950807,65937986,53553255,61212180,54350255,58947063,52589348,64641878,49477243,50826546,50889244,51185897,51316142,54579355,183340105,53684541,514993391
58345764,242410371,73045779,65080077,73529605,63396575,65073696,62732569,72594185,64665214,62992726,60282434,57077195,55855603,68474436,52959391,65940460,53577378,61222837,54354495,58957610,52592283,64664090,49479164,50827010,50895177,51186326,51320672,54580306,183344911,53685817,514999395
58346973,242436259,73084174,65105862,73572209,63422986,65095276,62758723,72626331,64673952,63007277,60293282,57078424,55881640,68519370,52965530,65942933,53580679,61233815,54364567,58967958,52598699,64686322,49486153,50827566,50903754,51186913,51328540,54580877,183347334,53687117,515004876
58347969,242460350,73120282,65130981,73614004,63447602,65116417,62783269,72657922,64699174,63022081,60298587,57079313,55883961,68561584,52969643,65945130,53586507,61244567,54375741,58978090,52603673,64708145,49491074,50828008,50919588,51187371,51334859,54581391,183356783,53688001,515010697
58349177,242485350,73158040,65156742,73655775,63472951,65138760,62808890,72688564,64704982,63035522,60309765,57081052,55891961,68605475,52975458,65947416,53604627,61255657,54392545,58988622,52612894,64730427,49499912,50828641,50924127,51187924,51341287,54581966,183357839,53688860,515016213
58350210,242509048,73196437,65180956,73697923,63497233,65159437,62832512,72719956,64713611,63049396,60317275,57082929,55905583,68650238,52981876,65950086,53606270,61266555,54395910,58999471,52624641,64753606,49518270,50829292,50933831,51188599,51350546,54582537,183365050,53689748,515022241
58351456,242534146,73234783,65206741,73739371,63522912,65180629,62857902,72750062,64722927,63063886,60320503,57083882,55911591,68693552,52987327,65953569,53619604,61277032,54406464,59010075,52633825,64776391,49526709,50829824,50945654,51189042,51361456,54583151,183372787,53690581,515028353
58352826,242558401,73272495,65230769,73780207,63547002,65201727,62882688,72781318,64735600,63079146,60328384,57084938,55924900,68737841,52989010,65956118,53634374,61287938,54414310,59020797,52639995,64798840,49529802,50830428,50950836,51189375,51375758,54584260,183380716,53692427,515034519
58354518,242583863,73310052,65256795,73822170,63573405,65223521,62908915,72813511,64750916,63094119,60338662,57086214,55930470,68780073,52995965,65959409,53641344,61298848,54421553,59031497,52643177,64821339,49537961,50831421,50957525,51190468,51384151,54585245,183397566,53693668,515041231
58356465,242608921,73347836,65282563,73863868,63599796,65243629,62934290,72844705,64760787,63108894,60345958,57087507,55932047,68823291,53001696,65961968,53647972,61309810,54441692,59042328,52656825,64844480,49543958,50832165,50963213,51191338,51385983,54586466,183413047,53695009,515046695
58357913,242634880,73385831,65308518,73905757,63626272,65264679,62960265,72875673,64780659,63123528,60349760,57088984,55937391,68866989,53008613,65963262,53659299,61320748,54458619,59052769,52658514,64867463,49554168,50833448,50971437,51191876,51393067,54587217,183417954,53696423,515052193
58362388,242660405,73423891,65334862,73947950,63652865,65287008,62986212,72907664,64800626,63137326,60352146,57091631,55940999,68911882,53010443,65967696,53672821,61331651,54462272,59063646,52661169,64890263,49559915,50836134,50983167,51194909,51404981,54589206,183422379,53698668,515057803
58363584,242686260,73462109,65361027,73991238,63679470,65309268,63013102,72940061,64828666,63151161,60361432,57092636,55948684,68956466,53017263,65970775,53680439,61342423,54463164,59074310,52661819,64913196,49573306,50837285,50995970,51195438,51412799,54589826,183424113,53699762,515063958
58365486,242707516,73492926,65382915,74024598,63700734,65327774,63034799,72966114,64840323,63162674,60365631,57094459,55953344,68992895,53030751,65973192,53691898,61351672,54464813,59083311,52666024,64931151,49581785,50838661,50999068,51196657,51419073,54591538,183437257,53701546,515069302