80,40,40,34,75,36,28,38,35,40,48,32,31,23,25,25,20,24,39,24,22,14,28,20,36,29,30,13,21,27,18,185
88,73,53,67,61,18,29,28,26,43,27,28,33,13,23,25,30,23,33,17,30,34,21,21,34,17,33,21,22,22,16,125
130,34,43,32,67,19,37,22,15,42,37,56,16,26,31,28,35,31,37,11,22,20,21,31,15,27,30,26,30,28,27,154
129,36,30,32,44,39,38,40,28,45,73,25,31,35,18,24,31,18,24,25,18,43,16,26,10,17,12,22,18,24,20,148
119,42,28,40,42,40,32,30,16,33,76,32,34,22,10,24,17,27,14,40,27,24,16,22,22,19,14,21,9,41,19,179
98,58,43,34,47,27,36,39,14,32,28,43,43,24,28,26,12,20,33,20,27,30,40,18,23,19,23,26,21,36,13,107
108,29,62,35,70,30,34,23,30,33,21,53,20,16,22,25,23,23,14,26,18,23,30,32,15,27,10,47,21,26,32,126
114,43,60,38,70,36,52,17,21,46,49,23,31,23,15,37,15,30,36,19,30,35,9,24,32,48,15,30,30,31,19,166
100,27,43,33,56,46,30,24,41,36,32,37,47,16,34,18,13,31,15,27,30,22,21,25,26,34,19,35,31,31,41,133
101,24,34,29,52,33,48,38,30,57,43,49,19,28,17,27,33,31,44,17,34,30,51,20,21,22,28,25,30,24,18,176
101,41,36,37,75,25,28,37,20,57,31,31,25,26,22,10,44,20,20,26,14,22,47,22,23,23,28,19,18,14,24,208
142,41,53,28,53,25,24,31,29,24,34,40,24,23,22,14,82,8,25,25,38,41,27,16,26,23,10,25,42,32,20,225
116,52,53,24,72,26,12,18,19,22,38,32,17,16,17,34,14,34,17,30,49,30,34,25,29,35,45,34,31,27,10,219
98,38,76,30,53,21,50,39,26,38,43,29,28,22,17,20,23,26,22,32,13,32,14,23,7,23,29,22,32,38,19,169
119,46,40,38,62,43,19,27,25,39,35,30,15,23,29,19,32,15,24,28,26,21,46,26,12,29,38,24,18,35,13,256
104,35,34,40,65,24,20,38,30,50,35,32,30,20,28,22,6,38,28,22,13,21,22,25,26,28,72,26,21,24,20,210
108,33,39,34,53,19,24,26,35,33,77,35,38,16,30,25,35,27,37,31,28,30,20,40,22,34,26,32,10,16,26,186
122,34,53,32,52,47,33,22,24,29,26,18,37,17,31,33,40,27,24,18,16,25,21,31,52,34,24,32,26,23,34,226
103,26,39,46,55,16,38,31,34,32,23,26,64,24,20,27,20,30,26,37,23,19,33,31,24,19,29,35,17,28,33,223
78,41,43,33,68,33,45,21,48,50,32,44,26,24,29,29,24,35,25,28,21,19,23,23,18,44,28,16,32,24,30,174
147,22,33,37,46,23,21,22,15,48,64,24,31,46,19,18,26,46,22,17,20,25,23,26,24,31,37,14,33,14,14,195
118,35,29,42,57,18,37,17,42,24,44,28,54,40,10,24,22,35,39,29,16,27,39,27,57,23,25,44,12,29,16,203
132,39,49,29,47,38,27,26,19,33,20,23,33,24,21,19,19,22,14,28,17,25,25,26,27,22,38,38,25,26,65,174
97,54,30,25,79,22,47,40,39,36,43,31,17,20,23,28,22,19,17,28,63,23,23,45,14,34,25,30,23,33,30,214
105,48,45,24,65,34,41,48,30,33,29,44,31,18,15,24,14,28,32,24,18,29,57,26,10,27,55,24,35,22,40,204
105,52,59,45,54,29,34,30,21,23,25,30,27,24,24,29,24,30,19,37,31,19,22,24,31,39,76,15,23,27,17,164
138,35,51,24,53,29,49,22,29,43,36,23,36,33,40,32,33,20,23,29,17,19,16,40,11,18,21,30,18,31,31,227
60,37,83,34,75,34,22,33,21,37,20,26,15,25,29,21,36,19,60,16,21,23,29,27,17,26,22,13,33,18,17,211
138,35,40,30,64,33,30,35,30,45,36,23,24,22,25,30,18,44,20,33,39,32,21,21,12,18,28,20,50,21,25,218
122,26,51,43,47,25,32,45,44,42,35,44,14,25,12,21,26,25,23,37,23,25,24,35,14,26,15,29,40,26,23,211
100,33,39,27,79,29,36,37,22,44,62,27,19,22,22,22,40,20,20,16,44,37,21,25,30,11,21,24,14,33,17,196
103,42,36,53,47,28,53,40,27,47,24,21,15,24,13,28,26,20,19,24,40,21,31,24,30,24,11,30,20,25,21,193
150,31,39,27,44,20,36,27,42,18,31,24,27,25,17,13,15,29,46,28,29,32,23,19,21,26,22,37,15,21,35,199
89,20,45,27,85,33,30,34,33,34,43,34,30,21,18,26,20,31,15,18,12,38,15,25,18,25,16,41,81,29,17,230
94,37,67,25,85,28,27,33,40,43,34,20,22,30,32,38,30,36,22,35,18,22,17,17,22,22,22,24,19,19,20,192
86,33,59,40,62,30,30,32,36,50,22,24,24,34,17,24,73,26,25,25,20,27,27,44,26,27,19,25,17,25,25,165
128,29,44,54,56,28,42,25,25,44,35,25,13,24,8,18,16,15,44,30,20,38,54,55,31,32,27,27,12,25,22,142
107,33,46,60,41,49,42,31,29,51,24,52,52,27,20,22,44,21,23,15,34,28,18,21,44,56,17,33,13,20,22,176
86,53,32,25,65,35,27,28,48,34,44,24,33,26,46,26,50,13,29,18,30,18,24,22,17,22,27,38,17,26,24,206
95,29,41,46,75,30,25,25,34,37,46,29,32,40,33,24,25,30,19,24,57,21,25,29,24,32,25,27,18,24,37,218
137,60,40,26,46,39,60,45,36,60,37,25,17,26,19,32,12,39,28,25,18,15,18,24,19,27,21,16,22,26,42,204
149,42,46,31,46,39,20,24,30,31,33,21,34,15,18,21,20,26,25,20,27,21,29,19,30,33,31,17,20,26,16,183
124,43,38,26,80,44,35,36,37,64,22,32,13,25,40,13,21,13,29,22,31,20,15,33,22,33,37,29,34,30,26,195
63,32,45,29,61,30,44,30,36,33,26,32,26,13,21,17,26,17,53,27,36,24,25,23,28,29,33,35,32,34,17,208
116,39,40,45,40,23,40,38,16,34,32,17,68,23,22,26,41,12,22,28,17,20,16,43,20,34,27,17,20,8,14,136
102,22,36,36,53,19,26,28,19,46,34,16,35,23,30,20,36,15,45,21,18,34,36,35,20,26,34,38,52,28,40,213
97,42,71,44,60,33,46,27,26,43,39,40,29,27,18,22,31,30,10,15,14,20,18,27,20,10,25,11,19,16,51,176
98,30,90,28,54,31,27,37,22,28,27,42,31,22,60,23,41,30,40,25,26,34,25,15,19,47,31,19,29,20,15,200
128,45,48,41,65,30,26,23,30,35,25,23,26,16,14,15,22,47,51,32,23,37,40,22,36,10,26,26,15,25,25,182
108,40,91,35,55,34,24,34,37,35,24,28,16,25,25,26,28,31,27,29,33,38,23,24,27,18,32,30,35,23,42,229
118,38,24,34,73,25,57,42,25,39,17,27,64,24,12,18,8,30,13,17,36,24,16,20,23,13,18,28,24,35,33,220
117,42,27,45,70,26,40,40,22,48,23,28,43,17,21,20,30,15,17,19,42,27,29,28,41,26,32,31,19,31,25,227
78,41,35,37,83,21,44,25,37,46,43,38,23,23,27,42,24,36,18,20,31,26,12,22,52,27,12,19,20,27,50,270
126,36,42,31,51,29,30,32,55,36,54,30,35,33,16,24,31,29,23,34,31,17,23,31,15,18,27,28,22,23,14,153
147,32,47,31,58,25,32,20,18,31,28,16,31,19,28,32,16,15,80,21,11,24,27,10,36,29,19,22,21,40,27,209
82,41,30,77,55,39,44,29,23,46,39,33,19,27,21,25,30,25,30,27,11,29,56,30,48,20,11,20,23,10,37,185
118,21,34,55,72,24,33,18,29,33,52,26,37,16,28,21,29,17,21,16,35,15,15,15,27,44,21,19,30,22,25,141
111,26,42,26,73,27,30,22,43,40,42,30,34,16,29,40,24,15,46,19,22,13,19,22,27,20,8,33,19,28,47,176
116,20,45,32,72,32,31,21,27,13,37,40,23,33,24,24,20,28,18,23,60,14,44,23,33,20,16,34,14,24,30,198
