317925447,265898045,188839136,240349299,644130082,369931058,278396644,232703422,253387495,271265046,302361857,235809966,182904870,198746177,197119725,276945514,277185934,234058548,270642196,292925605,241694684,320432008,296313290,263961305,309753488,348222417,314898871,237746296,361553453,340748894,260819021,437902359
243256370,399572817,255801266,474662838,288220375,234506758,295891241,405218942,289480875,175443045,223598449,179061446,332928785,234085903,257449323,307253552,278214126,206293297,397497944,189516985,426239508,325192192,331077040,209525009,323462143,186882241,302789114,439842760,356712302,248884765,348253880,200069931
265906004,247848476,320398720,301518363,593848426,316814090,233716338,200657776,294736261,247311842,340625802,342864376,274358275,236552796,359284623,315040109,307918858,269994332,318518759,406256876,270772838,296672800,308882420,298478979,245593940,237488746,370978871,231137837,352823433,301329514,340462294,201736668
221959933,265240472,232320112,350908285,229028459,325484637,473708649,276677158,268033151,369288532,722283397,345793802,325068838,302927361,235708262,316596252,277882293,305124653,403284273,396449809,181910138,423505476,389302933,309751770,235831313,209784684,216961143,282330889,280055699,420250261,254216057,193571941
203174255,328823418,337582915,424070473,243497897,446709455,180947255,287284939,261717753,329561969,870748574,302404986,262076086,342805228,222548369,311564670,222363443,288817384,240278438,359744144,244141327,382580136,183584078,263532715,341322739,287164380,221073716,252043463,231657983,324662156,241680251,229038655
190746126,288242510,258352145,293475716,274671307,310253856,303901230,314899810,289036539,409712303,287395320,403491693,426483468,264718534,439370512,305418249,204430398,338341647,332521312,226655048,326471179,399608642,520021982,256376238,252280151,356423153,210403745,340359137,286189123,371788547,205626170,157165379
177691401,362171791,598904473,245833848,212247082,375413654,229826356,370191860,214418303,277078998,274117596,346529723,193209382,340886018,327633293,313368154,311992270,376252918,220024396,332872689,207741072,311519440,434526298,358152715,247488860,277872370,136514913,384840007,227392274,293858686,395586393,201445497
225086826,320966394,344631896,264622788,267185934,269414395,597980722,278202629,282254874,315595497,326582802,308224642,399102903,304432560,195234768,374688222,291068027,332114337,299978081,230361564,252881955,352170223,236176793,391743922,273814977,390752397,247500666,295185156,287804681,313953271,289138373,203109412
279179913,322869118,362267733,349092772,289793398,293898039,237153502,232845890,297538772,333136549,474416914,229818498,407148946,299471426,369274615,194882133,313716863,400100614,294714617,263963929,405467775,222431403,191457661,255445390,391893884,402326676,221312638,376669428,207311698,354726668,381345634,174181661
227630455,339987930,307016702,241125266,366856157,364978506,231621710,340591361,308894889,510720618,297586528,243921658,277764061,282323568,210640664,315343360,361063404,341879096,564639591,299831985,297206648,316695745,470242654,340947553,257982837,225289894,363661170,334782371,338860645,199060314,196556531,192640092
244415023,314961756,329397922,414131914,494532552,344764520,154691118,231352353,286158296,313617572,305385306,279024872,248031158,397636026,182071447,305183742,434314613,272925690,235330191,282420175,187785694,268103125,480848859,271401092,348402996,296302357,246687393,449676995,294769118,268301122,288097631,186817286
151679620,339984682,229482095,269166031,309245960,212275989,286820447,240941358,302957882,260839019,281210253,437854466,299390398,284306663,355541867,186066701,754645530,228999025,209839422,292396812,331415318,353342227,273002792,210522878,251707341,287105523,235550978,321004266,485003775,274350279,259850782,205013803
235125827,343203528,219533982,267296322,213181027,237038610,239243547,262268904,251358249,234352188,222370462,374744635,165061892,261630177,294816948,356324504,345889361,388777848,161956768,286315799,447248382,282083045,506302175,264547935,379557492,269083134,618938910,357778914,338644085,285184333,378254639,205707324
478406380,281744468,193531950,347872078,211653822,229620480,386555288,332258307,289225706,375055582,429301409,274000970,354877909,242124480,406514711,249805068,259663536,436820370,216744951,392746285,321580690,269620161,240943263,289349309,148431229,374042207,448284539,327337401,395969227,375806664,205426234,184706270
232884946,267431814,245652613,332905009,306039894,302713721,208660531,280421833,288482083,267705603,240318282,440021313,223387441,270570273,372649938,362718362,255700304,326175126,222312986,293620404,323473998,343895236,546270730,433823692,233237874,454396374,362685933,287029721,189073198,436521020,347413050,213048835
222474152,323608859,256003430,414274875,229861957,209900388,230021634,319397817,356025159,356091447,236630478,389299131,227582592,366583455,229234122,266714115,199429693,387024739,262065328,250512366,240954263,361690244,249391390,315410744,289076875,352579056,800369832,319664743,227378136,354134822,292185622,197652372
210582299,377880497,230652897,382995095,297592611,290364328,204491691,338348770,260920020,241369394,675635155,302821688,343860907,309727153,264059070,320145768,416887058,284752197,298982631,358625752,289102757,324163597,138819690,492091866,299443599,396175252,242157033,363068658,180825241,289128854,233888973,194017238
221845490,245842234,265449204,354375304,366955266,472157175,309674776,280594779,147001700,210722464,207153353,243199001,252128640,317685317,219440625,397455195,386112026,275699740,273589838,277968986,196066069,384797118,219863521,378876529,563130730,351014088,235227080,503255687,239781496,334819122,335331618,207830597
180109984,283532167,234975168,368989263,179676326,268899378,182382982,524870389,134217411,374120296,271450811,509376203,599255912,349344015,187460054,323233018,246732796,315831717,328345034,390831468,171763292,318835010,297886618,389535963,357124365,217709129,354709828,385590859,459075570,299999743,360292673,227450527
319225944,278419034,443185166,393803339,266458118,423922675,369438742,270122537,240620031,270320032,424023501,284256587,179275553,311220698,253010762,311842742,195604589,373820784,329369511,394857325,295846473,256229907,217725706,348577991,260472488,408817292,270023966,270433617,402529013,247758660,300775195,173852170
163321570,274546279,255311354,379433556,267025814,278166308,307385633,342141379,234181715,342296340,372116431,255396574,304506566,382210287,193606941,248472060,194614489,486194308,303154626,272617022,292299429,311403754,322078279,292917289,236793885,304454686,406515326,276419088,453205249,308154072,238731843,178982752
292457658,374855411,266581242,339607165,339048812,317915960,329983072,377349812,416223039,393829352,211537538,271852785,350064837,467721615,248544017,318384610,238705088,429612855,248862523,301498103,282744265,238356778,355764385,323018903,479225304,294589401,246047271,341159110,216807473,381385398,194492169,199076127
161982800,397388937,189168745,329424870,227862652,346865819,255997298,348173809,284844323,299645104,260177621,331150847,342534692,368182712,241609088,458502870,173564312,342707895,189879883,423790871,317851707,260323256,249760618,342022515,250339499,272863518,413061385,444963506,174964208,329369508,579647207,178234139
233394997,413326939,283182302,245526194,256552275,340941573,193047374,340774207,294029984,300827965,390090788,318092753,180276653,487066338,238170675,256224907,205834492,262939420,189025002,353924728,693004887,296572617,215252357,375294751,221308904,398938642,258205716,302222075,294852766,404857518,322588910,192579874
262099031,348036169,325576031,243799263,266885529,269951400,187872075,493239149,255864472,269512505,361619645,446214038,303638668,245980199,212830734,249038404,273756766,336994706,251992340,230270524,398791522,317126293,513397051,280862510,203907683,385468923,534071012,362330592,239912090,306563887,272958533,205536870
272573693,404656088,283142159,313837299,230996963,385358959,318095821,240400979,294840793,261251347,274393493,247028782,268821533,290318514,204608080,261273157,256544347,297843063,225910712,488959722,222877500,291103316,299149723,328349052,286989777,354394944,886032019,259465215,273125685,348896880,242871381,171408257
155215972,268768241,417894492,329208521,187477856,269107368,404179158,359774442,333907809,468669896,384977413,364976057,395687686,443707396,346793779,413909593,383988062,366150870,275599858,297156174,213472453,233439790,182615499,298871241,229983220,271395694,252151074,233540012,274575263,246333002,303470334,208381665
375436167,310849037,150205846,277867750,216859847,501378144,178926520,375920223,309976377,383244547,272678570,326148786,285870740,301788577,278663098,269759137,314724127,267121408,571818751,228407607,246568313,268548543,384987049,372332772,222016361,368953267,304598191,269905393,352252197,292471129,214171189,207696930
286469629,314891544,364276112,250841406,331811363,361707435,245798899,345393718,161595343,265291969,231149185,289206015,251031717,423984207,215615519,318884951,235262396,457597976,211612706,425471333,406229093,237290791,290518973,223781769,155335511,308870460,304830381,276391373,492952024,408235766,187599272,197892604
246989614,288653446,204740476,276204309,296040789,386812002,459903156,403762309,254452889,356999503,412917105,339102443,260069152,397247956,286712720,310710045,275348649,275720741,182839024,378152245,302106287,259296320,204554825,432338102,247082246,300235182,226706083,314574526,417800537,289876231,182737103,200545518
225334810,305773622,227095589,277489286,217140783,309185197,318706298,391754116,202519752,401362901,567939817,243675171,370992981,425053000,226362313,394717988,435392442,404394921,235211448,272400180,498561707,384730964,232449317,208788797,258745771,198109823,209445264,353767147,349313743,379483627,185786332,169493516
233382388,293956056,216796277,262996113,225563758,395291999,572743545,254826181,334839501,275732252,202844003,306010229,200468736,367986626,176368210,316738474,289688814,352540175,218296489,305760550,460014598,322174230,449827430,209568019,331671644,523009778,186904027,479355819,350728679,345951487,276176253,184242746
157395544,403301728,134599132,309567141,127331851,438410536,258171540,333345962,346033676,333192927,222198001,409699454,172890788,308545184,175800247,274639096,206920299,347517864,422878040,297058352,411216358,321018386,239242071,291262968,234902628,463398924,436568099,380892994,288757131,225368916,440001905,192354262
239941129,347956765,324872039,292491316,233654336,390621786,198117423,364760840,273911764,276561691,285782299,410371478,305054208,302426238,228152498,334528831,175962740,301639679,226736677,319232984,293970847,232341532,173355927,315075019,221855082,414387115,230480627,472160156,881162493,394500715,179055524,222941153
316305124,246443611,350861159,344256529,265166890,354718377,225866733,266400177,283928223,228155274,329958284,390313393,277147696,357578711,280097802,341816259,356973539,476951772,222721344,394189875,330259451,365231548,341549718,368428990,265612867,286256346,234150791,497874239,261140731,270653078,297104532,184165163
253187033,355871392,240018612,406664548,145130558,331541941,196631141,306894889,176952601,316092341,250192971,300896062,221019663,379158585,239371843,298555827,837125772,286099004,277882094,359610701,284709244,297506655,290729839,380144573,244300215,259659704,352006006,351530310,264737111,323189388,214395266,185479463
324839403,332866029,224331123,269982767,281854462,309853605,180295281,250485666,359293645,408143423,212166204,262615620,218699543,287688479,235708547,253616463,307162494,265972150,480474810,335417145,236661273,543152881,401292353,478675636,431069922,445014061,288000390,355826696,248148605,274983221,251474523,127199016
314295939,404919843,321129567,309188288,380428019,330069319,289666351,267866898,241512736,382568082,340453511,372419644,562036235,268210565,232058680,256692257,279972737,230828523,260430551,317033200,319341533,327283880,256444634,370515684,390507894,489379224,256379851,361417175,186360385,264091703,398489922,162497417
258878628,363094826,309230387,377229144,282008937,257147124,375227873,279889470,309026739,339146572,226562499,274447695,340705286,413283189,439926575,283810983,510462722,293946183,256902983,248450116,339307454,194539635,278451835,194464537,257008774,343211636,274568590,376357269,211564266,286876830,310280994,197076681
343139510,375731784,224957558,553301645,198554461,408069360,235777418,360797557,235293172,333164148,188883340,277167921,221445122,316799657,286809802,307894138,295751929,336418693,235000412,328496564,703068132,338617013,228644393,273471784,350334885,509728237,251073219,297014788,330957763,265893823,445375549,207182974
236218255,425478073,232867963,293306847,320221116,381250276,442161225,475225484,260663105,400620815,236542253,226779737,182120193,266380667,232858538,319166139,216687023,357033967,314619842,331643055,258654649,264997295,182015495,307096056,184613938,332074047,162582154,217541835,250083996,405933645,592394020,215136884
152921595,416253680,342946537,268897221,255453632,348774004,276819784,369635145,223134352,212747700,342339674,269949526,325863656,452523577,235872831,320864429,228324577,319054258,297281169,268656389,240093727,341166966,296984201,385259655,399803604,439248872,423064514,359640817,188176788,435276701,206179888,165794425
297351778,484217933,346691608,257503612,278288983,419102044,265456488,347737611,284214155,354289859,251384833,282657148,152062226,424870725,284822072,210675606,305646289,270384724,295573543,253388518,160552904,260486079,208307874,315025184,299760161,252659712,511526486,318975841,351554342,375912649,274972002,181675543
368919911,302696168,403779923,222236890,362584034,458249315,282534313,313378221,259231781,224277688,187280550,354685120,211175584,297451419,241345014,222757391,242828214,283629455,484504107,342392072,342230990,269808196,294985847,251919276,275741375,278359820,411781508,315393143,511182432,427892252,238059017,213396450
280873084,352900688,262376297,219498272,230946901,364560125,306481654,561634659,297121703,256170732,355548865,273775128,693222895,270627006,208888354,337715295,398438433,253607038,215629058,417158580,307945366,274347879,274335009,318128210,178677342,341724754,276333504,355451954,267923224,293375609,183932757,157801606
215367307,245489255,176184929,323633673,255303987,314517592,193961825,276497321,160514895,478852723,393907448,252493029,382946225,232551589,235341816,284615924,388533589,259564287,340648685,243325858,273171010,499280399,413455518,281467872,278632488,320681054,315942923,358938928,563537246,361004004,303244855,193303890
291667335,281042456,117089016,362210796,462381261,314088246,288840941,234887122,189605701,417996236,322545438,389753574,269145060,426633319,258841082,240134865,350195838,333206147,247113405,289363428,217062924,300582371,255528088,361219506,421326461,276777995,289408804,211009118,323150663,243250246,554634231,173228270
248803408,325055901,206510565,324462134,304945332,345804761,233514030,464982660,215288015,279565169,232541172,354013170,326236074,344506284,443495645,341036354,342062433,336701706,335411381,347119565,297659974,269288512,190832644,239532219,290682187,379439806,297836646,248263803,310014982,267058130,373216758,163746333
292459099,334148736,355899181,408971267,237336811,332649626,165553510,300916722,227005565,382429142,240607326,287202886,247452425,244870507,250328309,280895575,210576244,411090802,563662511,426699970,184642000,363841932,450862964,246362240,351004692,293840290,245497081,389264966,193512896,342143883,202553272,208597544
268690461,386182775,452018944,320288773,341818011,307541838,163055785,386891925,199989104,381409901,189033163,310556255,212315911,346816664,284321658,427225855,275129266,299651193,288946265,251431100,302866953,350560414,291767650,376036199,229419216,334999450,312728547,515359640,388524644,415235033,408503898,191486253
336117387,398778530,221019655,365169058,370304089,361023818,168747492,587922034,271645260,305378928,138740075,384484106,574194563,278696610,168599645,223376644,188822090,360727992,279093816,326944528,361936408,282770688,221834946,331543185,245308177,286744556,304839937,461752517,249324917,312562846,299427709,198191892
215048381,399724782,301072465,390050488,203920396,304300390,177104044,389030281,194958698,348125812,377878791,449226982,471978175,321282697,208074323,343006506,248580665,304200092,269309032,448442437,371675074,405480508,321336897,290626225,295461802,278850960,272116307,334164742,241109824,318604600,244178412,215920821
427810414,288253768,293576889,448989877,295470721,394420400,149595900,309557414,319224042,436338864,224964177,446656569,235674659,296629610,189409383,424013244,208752688,305381338,335474429,272207405,201705565,239361198,173762558,258989061,572563937,354429696,336951490,293349075,277793234,412732815,580831745,240930286
204929653,275850638,212507881,375854435,299941847,323949945,222183861,436302366,521280910,505850966,493923986,392628146,390075200,365574824,189010289,290558228,352131499,333974701,173964077,310305271,229812818,265774318,263254318,290410766,322675975,226218577,286702201,277703493,235340133,228691616,248829763,159085617
193279554,320493744,267476314,244789540,228550652,287097580,217752617,199254394,239639336,281368391,273035380,249834590,252012482,372106445,291968913,344913968,315012055,227063443,729604595,351011617,251475594,325936111,336790318,263848830,319249551,334834450,323327170,279504437,308615936,494336036,223156903,211960596
332493892,320836567,220435449,314218569,334276356,274976979,369402235,227895497,331864187,409968411,259398800,292794274,241701802,323996823,227261346,328343240,315929949,279175967,312220509,412609955,200820155,365450718,392562272,290891195,428129439,302473912,256850199,261112777,334955304,279729700,260738467,156373106
216818209,223680815,224472336,216881968,789269979,374550872,283160591,232273416,338344256,418158808,345294603,330316470,278048966,295165187,272344158,229513431,265791142,250581295,339946936,232821726,301413601,220430444,306584491,243723229,240499209,666521060,258646066,255125825,316659002,412828409,255870776,128966928
254966681,330617960,188598739,287838333,214744555,345925164,351043843,321826388,274016225,300630029,356193855,356787984,474212077,297580186,257791034,483540604,314112743,328211823,438188608,256101009,300920343,235356168,212970733,244847295,219005244,388554773,212266972,476272549,279252616,273254801,246579505,180683480
332492958,343959851,152955058,342129904,206382419,361025489,337395057,242753655,178314848,392329053,207154255,427683682,221785295,413640614,198705248,386887808,171248351,270701756,161805011,372077569,621151199,298780190,495891147,300854157,205300835,316506004,175638055,351068657,374341085,287414774,324886666,182372828
