9882446,16937892,15106826,9300719,1139353,6012212,10521005,9235157,9024273,8033506,16601648,9920645,15573117,12674645,12757226,10218610,11258216,6811603,6697707,8535905,5530374,6035612,7254100,8210794,16733287,6507745,10081852,7691033,10483689,9081810,12796986,574989810
11001678,7777486,6467046,7205875,9031854,16697397,15643740,7295743,13942473,11389552,7144907,12650375,5835408,13920885,8308903,8342380,9813379,15368572,2888303,14725986,7741466,8677763,7729467,12059837,6949023,9979718,9212374,4557036,13317091,11811939,12844264,68184886
7461454,14933676,9549107,12924083,3880624,13852877,10635520,17617166,9714304,13469708,11690798,14149839,9859381,15084319,7724988,7820493,10456745,10330804,11892499,8284113,11912673,5592035,7563724,12461570,5182429,9394400,6052387,10887783,7918671,10081831,9220366,15739593
10923001,16283399,10186525,14390408,14029513,8437846,5051448,15993442,13779398,10917854,4326008,12375741,7373805,9855212,11558664,9871002,8187873,13477739,2997181,9085757,14660147,5989326,3017668,13306063,9112240,20111089,6727846,14318634,8812012,5684511,15214463,34587703
14276806,6200853,6845187,7160506,8602814,8261403,17961997,6477571,6731220,12423734,218214,12656859,9622284,6504981,14392912,17488536,8764018,15653533,9239649,10412336,6925874,13403568,4169966,13539588,12764271,11721850,7162141,23939228,3163871,14446273,2299329,23413599
13218562,13431964,7588893,13866812,6958430,12425562,3568197,15510612,3927058,11250837,4365637,14772766,11052812,11953019,2446136,10657730,6287572,12041813,11301378,10709396,12795631,13997270,3233483,16302872,11816206,11061479,11930627,12300003,4243609,8765338,9556334,42475504
11620502,17366515,4472715,18060327,12730302,13864239,14125075,9470920,7392060,9251858,5509174,8716409,9868381,13117895,14789634,10468911,5891704,9499996,10759053,8170615,10827544,10256211,5078147,5825002,2172269,18448296,8026935,10825449,5549098,14009782,4506419,50588125
10928221,19697376,15231098,13866181,11331912,11482630,8888282,16889869,4348664,14498027,3200584,9865176,7565568,10448446,5732706,9985013,7025562,9399614,6180524,11488679,22059810,11286578,7149514,14436083,2806939,9541186,6375462,17467865,5212370,13643451,5955178,33898753
9412740,17714577,7963693,7962066,12868075,10544677,17385339,14524528,7550981,12644700,4073522,11213030,7815093,10769823,6754531,11830956,1511123,15393319,6299438,10339176,6851556,11671139,20279422,13729645,7961092,11089960,9408085,4567443,13808029,9640940,8298129,29164556
11068996,11196482,7200611,18615919,5557514,14289829,14557695,14400951,8749265,2224358,13856503,12750346,6169166,16402258,6637120,7982903,2194674,10724904,1905236,14415810,16241871,16064195,6791750,6800215,11583672,18756376,15261141,14925304,11420921,11817117,13709664,26648734
9870044,10155310,10926190,8163679,4778108,10220851,19987849,10701187,18426170,8855694,14424504,7013985,9547626,5033325,13027310,7344666,6348677,9166322,20318189,5273465,12327331,7504217,11152168,10575697,12700110,10733725,21331720,4925469,7619547,9983334,11389251,23464742
8847915,8497851,15170380,11494889,13958258,14618323,3716590,11455829,13916354,10309363,3541191,7522175,6074442,9127561,6169547,19415729,798850,10947607,19739736,9251883,5726134,5238964,16224642,9769196,18886839,9950593,13093595,10643424,10277744,9770833,9545376,24018644
6557462,11429887,20716534,6227135,13001392,6753009,10201655,13693384,13635750,15551612,15954067,6846744,14600316,12458258,15285604,11953461,8237712,6439466,18957309,11354486,11541009,8125065,10732173,9454867,9632647,8924964,209466,4231354,5053277,9687454,1672607,28514631
4674521,18555305,6897111,7142130,14469608,9213674,21289804,9013401,18537915,12372317,5949630,8826639,14699273,7627424,4256152,10575655,13792697,4866355,13624277,5997606,14633982,10685221,12061831,9261872,6541432,11959633,3727873,11366842,23461650,13095229,8950880,22519344
7012088,15289409,17764436,8193267,12684320,9532695,4726995,8659597,4747989,12035074,15867391,5675183,18177242,10122510,14271013,6288997,9688950,9664700,17101040,9223588,14691931,4407696,7719731,3498469,9141049,2678162,15213048,6852007,24376457,3679688,7717645,29314948
12498126,6907727,13498308,3766524,18623176,8997473,13415712,7018969,6667990,11158408,6838110,4456597,8460636,10225468,14505852,6259207,12235551,7005875,16243782,13669570,8253241,4421880,18956608,11939634,23505112,8643999,991041,13025324,9929368,5565544,11765482,15951089
13839367,7370832,9297821,14679172,11746795,14154630,31754663,11548977,8906937,12784090,7317491,7444436,15461516,8099105,18649783,6812568,4357252,5110399,12813633,5704647,11495556,7571089,11826619,4308731,8651527,7068380,15135390,8529729,9859209,5311854,15791468,36197833
11544667,12785401,12437818,8656298,11245064,9990965,8463489,13886190,18954288,7714558,12630486,6956661,10796776,3929824,8861281,4768979,11788239,10766137,17386059,7886243,14275100,7055076,19319947,7336908,3333391,5619529,17731920,2716438,17571580,6943941,14475070,24597622
20580254,12720684,14160497,4238375,13199916,8812356,14693606,5606155,9859729,3462041,11779316,4499441,5267509,7786209,21009013,10741983,16810788,9522001,11561162,12752524,10192980,12802476,14773306,6378081,11520399,9539301,7596644,9115755,1987979,13343476,11480928,29784006
15669362,10092187,14965566,11137744,14026062,11430953,21598137,12745502,12738773,8698651,7241728,12534830,9972658,11498040,12230281,10668569,12852281,3922840,3992611,6942428,15661958,11182789,10263479,4189060,21786691,8687340,9198453,7293355,10578139,9335836,16152166,18604023
4978144,11162802,20044357,5096682,9098166,13219334,15127236,7557975,13328166,11338082,8979791,8154864,9264903,4805196,16806369,11102415,13552203,2966941,11930183,9938562,7150372,14291351,14810374,5208362,15595057,5980427,5573408,8061551,3507534,7827172,12965565,30044916
10135017,6165125,21857833,8591962,17435766,11051262,9094652,6551799,11652897,8071672,21440439,10943661,8051920,8875033,12910219,13223166,14697486,3038552,9210502,6422979,12051552,7764543,10902439,10387086,5234475,7041156,11634941,8367408,9515733,7196387,11116128,23359196
10376564,3347889,10005769,9432631,11648866,9204789,10260457,16773295,13195371,12683908,20439988,5440035,9764455,5725383,8956314,2818222,8496078,8084968,12580852,7094324,9795342,13872834,32193462,4331318,14264087,8737636,4618414,3225575,13762447,11019752,6076196,21348404
15736362,4079392,13444544,9016508,7128670,10008066,10358107,9009841,12229711,12065830,6613297,6093883,16214145,7240465,18964201,14449206,16753021,10019388,13266138,6158440,8508331,6394250,15417048,6516240,6422380,7619505,7938027,6818185,9102600,5989222,16136802,14711765
10291238,7305552,13501035,8012096,12395072,12154052,20110107,5218546,8036056,8591455,6639729,6737588,10951614,10998038,5718007,7964948,12910733,6203538,15483963,10916298,9121099,7218529,12653679,7122975,15046666,8962453,13197898,5349712,16183316,7787251,17539906,32550524
13270738,6168703,7847374,4503433,9710788,6921484,14795924,10224594,16043717,11081927,28918923,10657006,7624322,7931143,26049545,12473271,16693332,9409302,12590561,6048340,8120182,9537029,14280490,8317696,9150146,10437049,37169,11447664,13527954,11885531,8033570,19439965
11989417,11465535,11335132,6200574,16146584,12058376,9089104,10007942,10725594,2575636,7727458,8365118,15239305,5126595,13899889,7690499,10363397,7999604,13232586,4595046,15040832,10422570,9777530,8048835,9779795,6632438,16563838,11331691,14145101,12458519,14525144,23335361
4943853,8187463,14083863,8500820,9565429,6461251,9047543,5383575,13626829,6010347,10167079,10012851,5724630,16346647,18066491,12337114,18760969,11091372,10630376,15530267,10643914,7308201,8192755,2195878,8273534,7105254,13058247,7428687,19645321,9108555,16356880,26353087
12123522,11277264,11740748,7564624,8166504,9084988,17460473,8547111,17995757,13247226,9336937,8411935,17452512,6568552,8948191,9943460,2930164,5250089,19436415,10603997,7107869,13071946,12308972,10550494,8419923,10490784,9716893,7124659,8075508,4219814,10022501,23465536
16416779,13815619,11373412,10257279,9521523,9636056,15199565,6220371,17171685,8923313,13390660,6866154,14205810,9729141,7655391,6920590,21722754,11952212,15415595,6600271,9478940,8664754,21628264,5262242,6590114,6569553,15122881,9405971,3546737,9584115,15105600,46298049
11587509,8776002,13574863,11549040,4591835,4000970,8009751,6545425,6623368,2738290,10281333,12713871,3023430,8013023,31386332,6561986,15710935,5647902,12357026,11018184,13952111,6291072,8076648,12011339,22749717,13777779,17537657,11735568,10437244,5339418,8978261,16676833
20017621,9661844,12131979,4669974,12487469,4519574,6056517,11533678,9931782,9682535,14630442,11147657,15419739,9390212,19047008,6013252,12183010,7929463,17537767,9578341,6311744,9273045,4368089,15670526,8953026,3558508,16100246,5021601,6216658,8479198,17573655,34041728
4538524,10056556,18224087,4746735,7707718,4410859,32163865,8879371,9139855,4387968,28653136,3764701,18482507,7032900,19834498,10835933,10366008,6676016,12755348,9692006,5334248,6663034,10405351,8610312,17863929,4471572,532468,9737205,2790492,13973477,1269634,38108850
21815920,8671599,3344511,11935019,19950454,6153510,17991669,7080765,11997894,5352153,16302281,6328907,12392347,7507414,13746614,5783209,12461134,8905539,19389691,7170969,7283135,8640284,11305911,13827052,13195620,7176685,16317864,6781677,77722,6282026,9389110,13316844
8636414,14612866,5114054,10229712,11339715,7463351,9264105,13397402,11244834,11413039,12102359,5500722,14577436,7328176,25731857,3649563,8499710,4086508,20109811,8725304,9482989,7073602,19042324,10526947,13360223,6037249,19420228,8144959,6328685,12582160,12375330,18982738
17995071,9981102,13139819,7992043,10063899,6206366,4488692,4398147,14519461,12143376,16773767,8536698,18514679,10033554,13817337,5702019,3270740,6415168,9824490,6100157,4655481,13150774,20957918,8027737,13175595,10640755,8768441,10763725,20621971,9485627,13202760,29148721
13254541,14827262,13431769,7474210,19657988,6515029,9999334,3554205,6059197,7893926,12703350,11677972,9662850,8539831,6574512,12910375,8580180,5897146,11641616,2803221,13916848,4534406,12156687,11141059,15514083,5039811,14451151,5486462,15842840,10685476,26190825,11783987
13603572,10636900,8427165,8253335,17570059,10357878,23960953,6830743,22702999,8052435,6206402,9402669,7720027,8186853,15184936,12084166,9947245,15012460,25855649,4464996,11183632,13506563,9634044,9794033,6014746,2780071,12581065,5854598,7786195,13968923,7718502,55462582
10919522,7941429,15967577,8770108,11598852,12551641,8332363,8620930,6915673,6608850,18694160,15013507,10465783,7924713,6954105,6125936,7982634,5088126,12041105,4105021,16940930,16847673,31386407,7873747,19654221,7697579,15271645,6809248,10283934,9002926,11818927,28296512
4517109,11726688,15497074,3678051,16966283,10005001,16522620,3963888,18055669,13476638,15751398,10951354,21288238,12228891,14694988,10095366,22597024,11239123,15304371,9750462,2582398,14359910,24100061,11429623,13106581,2760199,15489366,15910063,5857869,9035207,1939400,19121875
16060305,2603145,14049046,14604306,2761244,4893306,6823308,3191614,13990066,7352703,19597556,10486467,14265017,9569188,14469575,7700944,11574051,7505293,8180930,5149775,13806205,13781622,15795550,7103998,13269163,6229758,11564050,9789155,17950200,5492595,8858030,51560547
22176958,7955413,17828866,10361270,16359578,4793997,12632744,8402075,10667996,9004865,12203431,6423723,17497032,11786762,7881116,10261814,9222249,14809479,3910578,10210177,10312174,7666405,5587580,9106892,13507081,5903047,7885215,7868324,13067662,7020558,12011053,11080680
8013932,3341692,4523696,13855177,16890586,9066283,9602651,5741656,9926748,9870241,18995859,11014416,14597427,4731888,21519813,10149340,14947259,4944859,8704509,9436009,14276383,7130353,10518790,8214382,18565338,12002492,7396614,10363049,4106655,7640790,12693382,33444161
10167398,6888380,10368631,8498746,5810754,7550973,13221645,7015067,7626632,14072135,9434211,8430288,16401848,7983335,14938575,10829547,15481179,11502034,5521956,5894552,7593725,10317783,22536332,13324923,13786259,7323689,9038618,6458031,8513149,5887307,12782090,12336374
9805134,6586571,12376979,9955855,8955915,8460249,8636960,3524881,23344787,11514594,3401417,8780024,2776325,7443435,13131272,9190591,10320436,6769145,22380585,5369342,7194153,8897359,13490442,5283332,14908629,11161047,15927844,9715753,17015882,5421392,12006765,34377784
14127879,12857223,20780993,5343598,9341695,6126870,13498307,7644502,12976137,5533326,17808466,8118651,13192041,7747935,24319179,11986504,12869153,13265260,20963452,9992440,22199554,3498493,5571874,5108969,5953887,10483430,8885121,5338094,8449167,6289475,12156671,62074208
3096675,17076799,11619065,4519552,4824078,12481455,11559742,12092330,12029546,8608352,18954248,7001756,11992229,8242958,19313322,10472981,21874046,5464245,22531421,10265102,17417598,7760563,17251833,5820317,5897345,8928557,6319187,10446816,9028243,5187751,4228379,13087568
8177358,11139299,7008698,8523531,12834926,10522527,13474205,4702679,11793560,13768177,10636666,11160523,9451736,7844956,11094704,7877022,15521918,4573452,18784704,2917776,13364271,9074270,15905977,6104046,11238016,7455149,15676377,9376936,12433034,9776366,10885834,41733230
13745512,10354897,6802334,5108836,12669669,6747846,14118430,13013408,11291093,5111346,8225383,7450203,9496619,12475357,5838187,10442149,8704941,6319463,8309683,8015412,21333545,12905089,10956686,3878666,12868975,3075591,21000858,7068990,18002988,7585567,20759119,41934264
12758623,10371131,8057960,13143441,10910088,12543965,12458910,8564268,19734220,10462301,19559036,8495036,14136969,8386685,15967217,8123574,10350692,16663845,18406015,10402780,19927394,7982417,8192554,10439876,14955175,9443055,11522181,7583876,5831258,4865661,5171961,28957232
4952966,10650400,13587052,8032499,6300766,6000773,5626137,1626181,14775592,9940852,8656578,12334223,3883422,14618786,33133866,13729687,18655689,8601492,11808607,7776302,21508575,11392578,18848765,5658903,12286998,8247075,12984006,4625669,7567887,3825978,7387427,28004179
22248799,7711433,20242974,9857636,18172122,4926459,17644089,3052137,11379850,8633638,1643039,4163402,7055581,9883606,11188366,7180045,12966074,7496137,12754268,3983544,9828008,6555248,23884952,6884224,11985784,9920752,21756666,5250632,21273164,7262561,8573522,23737216
15398804,8770677,10806994,8126850,17168088,6326608,10729298,14594105,6239106,3843573,15555936,4966001,9877635,8275976,11377877,6241408,14735028,5671116,6967654,9807064,10024014,11212871,15318467,12297483,14133967,6608810,17386714,10121875,22075393,6551481,7045091,23508238
8871482,5396810,16147000,8115963,9663337,6433180,14026573,4023963,5323254,6238208,7380691,5906738,13277056,9084241,7361940,10450780,15408288,9901266,11777392,8363026,17640387,9672189,11167068,6558606,12321068,17619339,13363201,9113833,12954313,14735180,14530172,24245903
8985419,8277136,14718079,7650818,7343846,9326067,8985407,14462191,7051739,12869387,10429860,7346733,11277640,10520415,5906266,8790323,11511305,10971296,1982688,5563320,9844046,5380932,14171841,12030026,14882790,10150135,14684034,5948386,16679734,2991167,20397777,28149845
8110965,12987275,10904130,14772563,7715867,10398775,10584697,12271805,12082924,5197618,14286845,9758790,15532497,6216161,11725244,5730030,10921517,13414907,10273990,4796709,10926350,5836840,4739953,11613733,8767416,8245676,12336043,10746863,14225730,2127060,25496095,33380033
6579474,7646871,13607013,6756596,0,10308434,24223851,7360453,15875861,9498547,17103072,16919393,15565766,12720498,13850644,5381538,12008102,6582730,8325595,11673359,16137243,11446093,8051880,10509954,12826922,70562,10209418,17398013,12514782,6072129,15471224,23799232
13243788,8902736,16180586,9517595,15585752,7423944,6390466,5715318,11749533,7879324,10384528,9096261,14874345,19596378,13516051,7653174,19514435,5235668,11614358,10686050,12626715,7337649,12260280,9527674,4129572,3426609,7434577,3840261,11462151,8753868,16690287,39497339
7972123,7533468,9992214,5259206,23057991,7820564,6269825,8146161,14527387,7768063,23370752,9589804,15403108,4328759,8780725,4571630,20404994,11968780,12180216,6062875,12189956,12306376,6213579,6006767,18939740,7587939,13086749,5090944,2643737,10212338,17389753,32218682
