15763,19443,19964,13335,21142,11738,27643,4403,23149,16918,13887,20648,9003,20938,30758,4442,11963,14261,20875,13768,29429,17911,22474,16441,28181,5334,19538,10367,23526,17926,26886,2366
14656,20955,20580,22921,33935,9760,22851,15497,21545,14944,18024,11495,24680,8652,30748,9321,28290,11002,26208,20240,25342,16567,25688,25566,15949,20848,19700,16096,13555,26736,22572,7538
38847,14478,22838,25544,25330,19483,10580,11441,12066,10369,21399,16457,33426,9951,28045,6793,13291,11662,25344,6532,22018,22106,20759,15107,42786,11531,27079,10734,7745,13781,19394,9439
30307,9681,20433,14925,24841,19329,24567,7475,19362,14395,15302,14409,30536,6457,8406,15674,5999,16651,39202,22373,31506,11136,55029,13999,23054,16482,10725,13913,30964,19486,23583,10631
32369,8812,24066,18548,45704,21544,45127,13995,41111,12381,36504,8048,32710,11449,1396,16861,14809,12938,15021,14765,7987,8216,24759,13786,935,14835,19591,17270,29851,7106,15916,18081
29615,11766,28459,3517,18447,9722,18314,8464,19343,12214,34834,22816,18734,12914,27082,14384,14840,24515,4726,29794,22913,21495,19901,13069,20477,11533,27533,24253,24700,7052,26992,14985
23237,30055,24602,12816,7436,18642,22549,20708,24542,7217,18903,15413,24088,10944,9177,18143,23776,9915,46136,15958,34542,9656,26285,13505,13465,5913,19597,9361,19454,18545,28996,19524
13822,14048,24719,3425,12036,16996,51254,18914,21381,12595,32610,16161,23726,16884,44241,13979,17659,12830,19662,18442,25150,12825,28364,18319,8548,14161,17082,13705,14358,15708,17037,15179
22956,33314,27371,27719,12491,21333,18987,18443,51208,17072,14076,18283,17910,13110,10000,14370,10953,15096,28080,4920,22423,21520,16170,12570,26312,17593,9597,21843,5768,28023,15682,24704
15985,22415,22686,16062,19078,9389,18804,15738,18070,23327,14479,26024,20943,17911,12902,18589,18119,25077,15730,20014,19585,27063,15638,19990,4095,21453,38079,31259,14499,11125,21764,18754
20310,30958,10441,23902,27890,10754,23569,13501,4840,29605,2800,15982,24196,24103,24922,10715,18459,19349,8932,32863,22398,7819,10688,31785,19459,24359,40414,16901,16679,17472,8677,20354
24969,8576,18985,16892,25758,18015,9777,13401,11749,19885,16082,12083,28949,22244,37414,24129,18562,23683,19690,30918,16391,18542,12005,12137,22834,21897,21006,13769,16127,12445,26486,20369
20597,25256,11186,25885,21551,8427,22775,26010,8647,17905,8315,17133,15889,14986,26052,15088,12878,21804,9275,14699,25699,20976,15246,18817,39469,6480,19770,32831,27557,12762,15168,32206
13945,8020,3100,40886,40121,26163,7590,18758,26209,17492,20000,18828,7825,15164,23584,10990,10023,7886,29938,20802,20292,17558,13719,20491,13996,21514,33909,24451,22405,10553,18952,32720
31002,27106,13862,27876,25617,15538,23614,19239,29501,14459,27856,14771,13589,20859,13685,13664,8058,13530,8730,15956,11114,21834,15440,8925,10025,30618,22215,34288,16360,18954,24189,28545
1334,13052,17776,14028,23065,33709,25568,9805,18974,23357,18593,19668,1833,10707,20571,26077,15693,11527,18316,31654,23461,7948,22415,34001,36709,23665,23951,23666,27094,18588,9479,18983
7507,36890,22431,30567,13620,14814,17761,27104,24264,21991,32621,6960,18702,9680,20673,9916,22806,14379,22052,29380,33427,11488,4979,33499,13202,4452,9533,32583,14419,14635,11986,24660
6301,23930,17759,17971,22769,20225,14737,8096,22010,30224,18554,21071,32340,16351,13668,36545,18327,14745,17565,11143,24025,29084,17855,20532,9529,15392,15615,25321,15773,14394,8944,25558
24799,12980,24448,8996,2107,29516,15426,27841,15017,25723,14016,21138,10540,20616,27823,23276,18174,13829,21867,28281,5964,18614,13591,1108,28833,31794,17046,21017,21571,38713,26125,19907
20227,48845,30674,8201,24534,27795,8532,35541,23306,13785,5422,15652,6210,13033,22950,19706,27290,14786,26644,9590,9495,8622,24043,11071,24806,23439,9804,29851,13258,18436,20107,17143
10744,22971,10088,15547,14105,846,19661,24927,25991,25757,22838,12072,36439,25255,2616,25678,17125,32863,24761,23924,905,18658,10443,26316,23055,17259,36887,11697,15577,26200,21585,13717
8185,17967,10499,16775,19661,5127,22649,17162,27725,21497,13839,21727,26556,14963,17616,14036,22395,6929,31958,9696,2736,12017,6135,33579,11639,22139,30001,39506,39081,18779,26729,17137
9761,15635,15478,20787,22465,18320,26645,14063,32080,17962,29955,13065,44177,11077,23001,2690,37152,16994,14319,17033,12418,20053,15332,29960,32953,22684,7739,29952,7144,25138,9259,20974
7899,10190,14067,9664,28481,16399,28460,12672,39840,10456,40730,18289,23512,18854,21579,12659,25613,29875,14278,15355,10378,21219,9454,19648,24909,21712,25876,22582,8154,20411,6174,23371
14183,22368,15121,13924,38178,15357,30653,11742,6274,23124,14545,14903,9322,10848,7159,35522,11824,21202,12591,27024,13298,25776,28488,15923,42247,23047,18855,9567,20838,26077,16682,10287
26371,11021,20927,23817,30190,19541,14439,10779,9297,12847,18342,17865,13179,18849,15127,4178,11901,48616,14958,33188,2571,25670,3181,21559,30966,25917,38288,14592,9563,14414,30200,16064
814,15679,26950,30317,13534,16824,22541,13560,13078,18066,35124,17977,9290,14445,14852,21066,14702,9708,4307,27993,22814,31152,25583,48898,15863,18024,10018,19701,10616,30444,14667,27071
21312,18705,7843,22803,10885,28728,23405,17278,32686,8434,15520,15170,22871,16771,11211,26665,9481,16426,11588,34071,8370,20095,17350,27364,29202,18869,27504,20712,18805,20925,18820,20119
20537,15643,14500,14144,24092,26845,11047,17910,15605,15157,23125,27152,6231,36440,27506,18270,24865,17013,18226,21879,9296,4520,23496,23462,17018,37943,20182,15250,16706,30704,12307,20863
15098,7045,26941,23090,12218,23773,9030,13960,19759,11930,20183,30710,16395,37243,2504,40502,26300,16594,9659,28013,7958,5781,23920,18498,22953,18236,20438,33102,26840,17094,18943,18407
9367,20870,37336,19789,17917,8052,5096,18934,30809,19642,13666,24629,26462,21901,23469,22270,13072,30519,18485,34560,13257,15235,7397,16221,17459,26755,18562,17640,6088,24299,22748,17718
16241,12583,8271,17019,25739,16731,18633,15020,15057,20345,15932,20320,6675,1758,33629,828,23548,25817,43831,23508,9455,33027,10757,25328,19052,21488,21020,28447,20747,27551,23230,22229
17263,13459,19820,15347,24677,33034,37360,23661,24138,14451,24593,9169,8295,16264,11113,24365,16799,15988,7496,19953,28495,15921,11873,19240,21931,15821,10165,34872,8184,29944,23946,18233
15579,15059,26496,21550,17747,8363,32337,9835,38416,31396,22118,9409,12192,23675,7862,33052,16795,15239,11261,31857,26780,9280,11507,17446,19168,19966,10387,37437,21687,28376,13303,16046
19502,7930,33239,14898,11733,27216,35329,19415,12418,16261,23744,23119,31784,27176,14298,11176,28163,10460,6552,29288,9990,11195,18656,21559,7002,16590,10202,9958,38104,41804,12655,16110
30951,15561,21977,17710,15191,25255,23664,21744,1192,23264,25151,32619,21002,7382,20631,144,19485,16065,30516,21878,22279,15893,10583,14265,13276,23830,23342,19491,21223,20741,10955,26177
19569,26496,16116,10541,31270,20642,16039,18401,18888,10449,14784,15466,28445,6263,15536,5823,26424,33991,13356,26106,21560,9556,7169,23688,7544,36236,10235,21667,40018,37417,18011,17271
17103,20648,14281,25067,21663,12599,10557,17089,22185,19292,8536,27465,31684,17886,30546,14643,30282,18134,30933,24249,14124,16346,22727,8416,15987,16942,23033,21767,17134,33946,8392,11010
28133,22601,28210,28592,26494,19164,23827,11684,39903,14554,3677,13054,22005,9393,34169,6489,24400,22158,2947,13457,19806,11699,14254,21479,17862,21292,15557,20397,17407,25510,16965,19383
16170,27656,26098,18952,19300,35944,17561,31501,19554,9639,25573,12360,11692,16857,14648,11375,20830,13944,667,18740,27398,23118,20693,14459,3634,22001,17534,21751,32386,20021,32151,12664
23835,18577,17566,7326,33369,9910,31326,20745,25097,19645,21840,17200,20447,26500,16293,23449,23392,24416,9043,34021,18174,23030,22318,19050,4257,7256,29935,14520,5667,21403,11981,19460
10825,9697,12239,24548,25362,13710,16990,9359,13721,13923,11172,20343,29811,19470,31090,17034,14679,19170,34036,24443,10457,19318,34031,16764,12372,12885,13787,30950,21865,28992,19315,14124
25620,5330,17591,20103,10427,12543,20161,13140,10462,16031,17471,26064,23003,14369,21063,19370,19814,26544,5473,24944,17892,29011,18950,9161,30961,18168,30813,13472,34640,32582,10567,11975
13342,15607,14008,12131,31924,14941,10886,9084,18505,16520,20920,19908,21635,8338,34129,13840,22944,12963,17528,19511,10406,21994,21581,30263,16993,17544,34484,27521,17019,10162,45101,25289
26319,10015,11761,11142,23014,537,7940,12849,18725,16824,27579,23587,21910,15153,27032,26774,20726,4476,29939,20591,22482,30260,30641,15177,33743,25036,19410,4595,32953,19011,4026,24348
24788,6316,27505,29524,37817,12438,23519,17772,37982,22368,19177,10377,27403,16924,13658,9494,20636,10594,5971,5689,14633,23342,23057,12819,4589,30965,28896,22762,20179,14428,34662,14894
14278,15272,10843,20427,33189,13798,11798,23765,17928,2100,29540,24298,21771,31238,24378,10181,34664,16607,43883,22198,17712,15381,8423,26215,11652,19010,10904,15464,12386,26362,26872,12176
23803,9989,30888,7454,5287,19748,6679,25478,17731,33295,28725,23990,12548,21880,22302,30490,21855,18063,12655,21976,15426,9787,7861,8852,15850,25573,13247,27520,28056,19872,32352,14585
24396,13487,34731,6309,6919,14762,9119,8677,27261,19608,20259,16855,32286,21539,22509,25380,27348,25171,1257,39289,11878,21969,20456,16723,16217,26865,24174,18797,13434,30362,13346,17924
19185,12048,29261,33985,2646,5895,12461,13162,16251,5301,12084,28459,17306,21882,26853,25819,32526,13768,8509,19399,18581,30552,11431,27381,27943,35045,19091,16200,26377,18190,22716,15060
12120,16885,35692,5119,25101,14811,10388,6645,20374,3060,20388,22638,23865,31028,22826,43393,13327,40600,22978,11790,4090,29104,23686,12937,16439,8673,36400,19010,9785,14540,21484,19104
16358,10652,27724,11203,23372,45281,7677,24983,15323,16476,14928,18533,25589,2490,19960,13068,25765,43049,23639,7333,32735,8189,18733,15779,18587,16535,38563,10737,19496,12662,32355,13354
18095,4840,34627,8370,28219,19810,36635,16918,31812,17532,15869,29471,5626,22356,39560,14931,15338,9101,23504,15974,6083,18283,2244,17814,12525,24344,22876,21290,41044,11856,10217,13484
26315,11437,4021,27985,17515,16148,35349,19667,28762,16019,21563,12097,39764,17365,19600,11662,28542,6422,22399,7098,9176,9465,17246,13057,16070,36702,14913,14735,23740,29634,20043,14626
18793,9538,15500,12457,26352,13301,24917,34192,16678,14210,20214,15974,17889,10840,24807,26630,16562,37563,23792,23687,17848,8814,20768,19026,22652,10293,16460,27979,24535,10061,10319,17397
22432,8642,14367,7558,33130,32904,16863,20547,33774,21902,10234,20915,21227,13054,37329,18724,11206,13738,21151,19931,30198,20193,12463,12352,22019,22468,19643,22438,7935,12886,7968,11332
21807,18564,10995,6689,16413,17067,9424,12815,14560,23833,30751,31317,25157,5258,15476,20633,14610,17104,16231,27892,24121,8102,27182,28925,12893,37900,41677,17646,397,24831,27946,20929
31711,5481,17978,1805,10271,32855,19107,22051,12532,26798,11176,18320,24703,15573,18076,26504,7399,26943,5397,23257,25806,11079,22987,33104,29278,9862,33842,7235,28919,22165,12121,17141
9331,37652,18839,7224,21982,15295,27802,17278,7713,17428,34194,24209,23617,12762,13199,24723,18756,18554,16227,28380,26492,21295,3924,18073,6760,22309,22623,23512,16423,8975,32933,17794
