5494782682790,12138428869567,7333211354825,10403595859041,7280034025641,8489325029245,6469380022482,8175005459924,6698346430362,6720578022194,6146573291165,6355650091454,5395144137245,5749535405676,7392558403842,5726481845597,7393156740179,5075349907979,5892001466064,5021669279862,5543701615041,5242777854721,6006822633076,5072891798648,5122041865208,5197900366129,5202725253826,5064825538652,5128646575146,6451031976022,5854120609074,9694111412358
5494808773411,12138744474967,7333788109997,10404273514421,7280619198804,8489439060151,6469730042537,8175233526772,6698852282616,6720714673349,6146819508438,6355668107852,5395171260560,5749538722097,7393239963951,5726485227404,7393238441372,5075352872419,5892274108960,5021672306684,5543967670305,5242779588635,6007306802546,5072902585373,5122056877763,5197904787748,5202808387515,5064849812210,5128717690506,6451217156641,5854302465351,9694223023359
5494835126351,12139088333884,7334443061844,10405039362697,7281294344658,8489744556816,6470136743289,8175332465161,6699389854044,6720951262326,6147100484603,6355688531202,5395183191354,5749546442577,7393966005410,5726487275132,7393325555834,5075353113159,5892577474445,5021673946972,5544256629381,5242782221598,6007868029257,5072907949123,5122068096668,5197921609585,5202827543807,5064862804744,5128733670151,6451291658578,5854361491180,9694277932662
5494857464882,12139441521694,7335122037181,10405825556321,7281994536995,8489959885746,6470569332481,8175677201246,6699948703948,6721100775327,6147404985812,6355696935230,5395204019658,5749564718907,7394714183413,5726492995249,7393408640626,5075357141381,5892897692752,5021680079703,5544552953377,5242784703444,6008431987739,5072925854504,5122078092515,5197923525992,5202840495225,5064891175507,5128750056534,6451331113556,5854415976361,9694310511444
5494884794265,12139786044420,7335760100589,10406595341169,7282686226972,8490156770133,6470983821803,8176025609282,6700513628169,6721282029332,6147699753175,6355702454629,5395225729815,5749576183224,7395458105848,5726495953653,7393503404976,5075360290706,5893223990229,5021681334405,5544843637314,5242802688208,6009012133985,5072929130838,5122087865840,5197926073310,5202852654998,5064906692593,5128761066044,6451375382453,5854476404971,9694351144801
5494907093230,12140127640350,7336419683895,10407354373057,7283373410595,8490339727477,6471396080623,8176618795395,6701062227591,6721332805849,6147989704904,6355708683824,5395247984706,5749588835133,7396198455899,5726499352520,7393597357114,5075364666053,5893540685498,5021683888795,5545127897952,5242805440638,6009560220337,5072930712327,5122096802770,5197930120759,5202861757453,5064922737533,5128770212006,6451447338228,5854521295226,9694384358299
5494928567112,12140455142580,7337053997476,10408099059019,7284018192468,8490586147802,6471790267826,8176781920035,6701607313991,6721706077709,6148280567425,6355738614851,5395271840123,5749600787079,7396956243686,5726501718890,7393705718742,5075368781992,5893860226406,5021687910213,5545432051194,5242808387279,6010151853240,5072936593296,5122113832280,5197933952750,5202873423737,5064936508564,5128779533931,6451490476279,5854601896897,9694423960317
5494950728446,12140782266475,7337726742113,10408861252726,7284732521588,8490888749645,6472193817472,8177247690427,6702153313014,6721761715576,6148576201182,6355742306246,5395292860858,5749612616193,7397698672074,5726505286328,7393803275618,5075372636320,5894175067339,5021690652398,5545722269074,5242810433908,6010707691729,5072939368801,5122127419177,5197937765697,5202882444557,5064951571927,5128788439654,6451544789024,5854637188575,9694460713693
5494972615678,12141130007770,7338376358142,10409632411986,7285408645496,8491179675122,6472596184750,8177499640062,6702717158436,6721910728447,6148874416519,6355759370519,5395309096199,5749624379786,7398401370150,5726508452786,7393904704366,5075391997556,5894491094285,5021693055069,5546019425727,5242811739691,6011247666451,5072943348837,5122137120608,5197941585995,5202891969178,5064966743722,5128805758526,6451587118300,5854676873012,9694497555800
5494995734645,12141469697139,7338986616097,10410396325166,7286100581061,8491574046001,6472989825811,8177565227773,6703261588441,6722138622859,6149147064734,6355805003022,5395339184627,5749644432314,7399179086843,5726533599145,7393994223299,5075402424279,5894812511655,5021708490506,5546297481128,5242840100159,6011861789417,5072974994843,5122163642652,5197956492940,5202902992363,5064992227095,5128816558338,6451648749450,5854730532684,9694568114601
5495018508445,12141824868611,7339654864591,10411180244439,7286812097817,8491890008870,6473415140900,8177723614100,6703817873030,6722390471776,6149444342769,6355819625911,5395361007618,5749648379382,7399927679093,5726538860048,7394097604901,5075414571809,5895126815896,5021717004550,5546597324003,5242841675302,6012434530079,5072984165428,5122173912544,5197961084001,5202913646627,5065022760456,5128826731053,6451696820781,5854775031245,9694608536259
5495039696849,12142163296231,7340310319073,10411949322261,7287517983665,8492061732895,6473827162031,8177837073321,6704382006970,6722802744421,6149720756880,6355834851435,5395382462868,5749650405748,7400681315512,5726542501155,7394189439122,5075419050173,5895463061205,5021729181044,5546878198985,5242842958470,6013022525769,5072990130506,5122183705168,5197965069742,5202932816284,5065051676789,5128836085283,6451731493188,5854823547574,9694670492749
5495062293188,12142490058387,7340965450181,10412708828157,7288189959620,8492378016056,6474226558710,8178167323910,6704944969812,6722932309222,6150013473621,6355855350234,5395404176290,5749654299186,7401395982008,5726545146627,7394303502545,5075423642209,5895783692250,5021732295687,5547177598516,5242855801125,6013572062645,5072998371746,5122194857430,5197969092899,5202942101374,5065082231747,5128845822399,6451765357268,5854883482295,9694702780038
5495084004060,12142810194328,7341607361711,10413447411329,7288893878656,8492540791766,6474652410881,8178499977732,6705500089789,6723240427618,6150286979838,6355869835903,5395427405049,5749657720374,7402163642944,5726552286107,7394385737998,5075427330747,5896110597331,5021734841943,5547461329255,5242867254102,6014171055668,5073002359681,5122204635158,5197972838577,5202951632247,5065111853420,5128855948929,6451804875166,5854937083974,9694756138995
5495106411639,12143168237388,7342272798159,10414254579176,7289593490079,8492748755227,6475082719045,8178789503016,6706051378656,6723443212417,6150596299912,6355887177583,5395453696805,5749660174309,7402878640357,5726557021524,7394507258119,5075431067920,5896430940988,5021737429827,5547755489832,5242870836684,6014704933107,5073011118986,5122215312351,5197977379777,5202962076220,5065142864642,5128866840335,6451854922382,5854988046585,9694789876793
5495126983232,12143516603616,7342898197193,10415042995434,7290273404109,8493045309536,6475498595851,8178948323532,6706587425851,6723668401019,6150887524985,6355903749064,5395476500969,5749680211152,7403570772275,5726560392445,7394586567465,5075436310915,5896734513526,5021740063931,5548043049419,5242872084003,6015208115547,5073012694996,5122226793329,5197981383991,5202971333652,5065158186531,5128875864410,6451889872007,5855052465396,9694851302854
5495149908778,12143867483400,7343586065754,10415815790742,7290955940455,8493419283201,6475915932137,8179229788730,6707160116516,6723753631548,6151204268264,6355910696736,5395501852492,5749682712737,7404310301300,5726562400569,7394671885999,5075439654025,5897066018046,5021742993926,5548348505832,5242875061140,6015777660130,5073017803107,5122245763263,5197985203481,5202983438296,5065187918188,5128887009583,6451944001454,5855129872793,9694897772590
5495171993930,12144204366254,7344247728527,10416584915717,7291644696987,8493712664224,6476330280776,8179350002659,6707708251683,6724101463312,6151498092258,6355923508108,5395528914262,5749685532890,7405037541571,5726568324922,7394807929419,5075442238898,5897398287103,5021745935999,5548632272197,5242877337133,6016349236077,5073019297299,5122256554958,5197989944564,5202994007424,5065217839986,5128898421330,6451992278434,5855179596883,9694932383304
5495196776938,12144573830175,7344900948801,10417372151735,7292339429187,8493979838773,6476739715886,8179526426760,6708239035646,6724292880697,6151776469348,6355945067293,5395559229963,5749687920081,7405774618561,5726569458227,7394886305196,5075446440843,5897706523885,5021749524211,5548912791149,5242880556765,6016898032132,5073025296553,5122271049811,5197995091627,5203008086239,5065246661409,5128922369958,6452047502394,5855246481444,9694969201323
5495229581621,12144923476303,7345572760544,10418135319510,7293020625651,8494212472217,6477160612478,8179751120388,6708787821648,6724571884822,6152082187139,6355990060460,5395586904664,5749704247892,7406506001792,5726590224769,7394974727808,5075468935574,5898022894205,5021776766046,5549218342637,5242913069064,6017461110099,5073038563820,5122302325353,5198020693209,5203026142866,5065271416670,5128940220326,6452099454388,5855291213339,9695017266741
5495265197036,12145250157739,7346229888182,10418904913479,7293727072048,8494645053986,6477596481295,8180008120413,6709345438790,6724676833310,6152381090449,6356009480782,5395619370183,5749708539087,7407248023086,5726602548149,7395085078241,5075474726265,5898349337262,5021779526510,5549512343932,5242917280153,6018020528297,5073046019528,5122313338383,5198025132345,5203044605408,5065302424969,5128950444313,6452141876173,5855349121135,9695066540102
5495296461121,12145597815727,7346887606687,10419672909555,7294415913771,8495120650845,6478001832936,8180103081856,6709896774066,6724836642112,6152673003805,6356028401626,5395640736941,5749714518784,7408007043478,5726619867496,7395238026696,5075482841846,5898683775349,5021785348297,5549804396741,5242924336370,6018603053520,5073051688249,5122327904486,5198033289220,5203059119593,5065336662548,5128963278634,6452178759500,5855405167653,9695112115835
5495330131424,12145970155599,7347566154429,10420472784377,7295124224082,8495307383050,6478445675038,8180500855788,6710456053237,6724937615596,6152984971750,6356033952720,5395659824038,5749716982175,7408737321091,5726633938560,7395334463204,5075487375087,5899005893436,5021789996685,5550102836903,5242926806188,6019156569750,5073055207150,5122342892872,5198038910922,5203069558741,5065370210322,5128973798749,6452226950380,5855447302721,9695150013007
5495357566225,12146333255143,7348229324323,10421279204800,7295811716399,8495564936583,6478855100258,8180712108587,6711033318669,6725141872039,6153295317529,6356036000071,5395682958268,5749720882062,7409474013158,5726636036573,7395424245988,5075503332634,5899330318110,5021791929181,5550404240042,5242930520629,6019708771614,5073059764718,5122354598572,5198048634371,5203082889367,5065401700724,5128986028439,6452264262281,5855502594600,9695205906749
5495380340542,12146685819470,7348889045200,10422088856314,7296548143972,8495916964500,6479321610813,8181068693875,6711608236812,6725208794581,6153593194972,6356053349058,5395694145257,5749723239696,7410241026480,5726637159469,7395529403182,5075516101196,5899649782294,5021794013614,5550687291331,5242934122106,6020279857788,5073063923808,5122365143096,5198055778865,5203095764225,5065433691996,5128997269073,6452302873882,5855538459804,9695243477210
5495403178592,12147036050446,7349527993652,10422857850139,7297232973384,8496184264256,6479722223572,8181221345867,6712132908454,6725428995402,6153871178849,6356065760907,5395713351325,5749726552038,7410971957491,5726639914797,7395713054877,5075530709491,5899957520906,5021796758901,5550970380802,5242935466625,6020839244252,5073066937530,5122382517269,5198061072118,5203111371939,5065466462484,5129007473239,6452361355122,5855589142752,9695279492812
5495428420971,12147387641312,7350190436585,10423655502039,7297941748355,8496489589711,6480158616601,8181350849845,6712707782327,6725688810510,6154169116958,6356097098728,5395729823452,5749727950634,7411749612355,5726642581577,7395803732666,5075534186037,5900282252361,5021810739249,5551258327666,5242937613331,6021431363032,5073070634523,5122392894025,5198067477090,5203125941243,5065498412147,5129017380835,6452409009787,5855639587288,9695314647973
5495453726736,12147769728196,7350844857924,10424445507024,7298652931949,8496721751257,6480578605053,8181502201684,6713272192363,6725910431179,6154466332880,6356109882998,5395752904357,5749729227321,7412497343849,5726645721759,7395888325503,5075537759142,5900606252924,5021824919318,5551552458172,5242942776920,6022001316884,5073073836379,5122402846804,5198073202179,5203137650161,5065532685944,5129037474921,6452451978246,5855682052718,9695355925440
5495476571660,12148137969976,7351513266072,10425243963494,7299364277764,8497127071741,6480987800180,8181566645805,6713822607831,6726116234914,6154769808322,6356131213875,5395773900623,5749734750341,7413240702765,5726646960609,7395966782250,5075540571132,5900932665015,5021839358111,5551849287726,5242945407876,6022569677209,5073079527044,5122413516736,5198077409498,5203146598399,5065566202467,5129050702458,6452501707581,5855720728817,9695399494373
5495518841999,12148489716987,7352169948466,10426024055829,7300074095430,8497442000730,6481424567931,8181744444453,6714393616276,6726386714192,6155056428424,6356164024920,5395799401914,5749747101988,7413989055523,5726676765681,7396145790443,5075550589447,5901274833796,5021861034836,5552144043493,5242973175158,6023150766471,5073102888642,5122430941123,5198091283327,5203168172154,5065610359632,5129070163436,6452560093421,5855756180816,9695442256669
5495540547724,12148826541405,7352825495559,10426800174946,7300752020695,8497807215966,6481822150603,8182031140729,6714947822588,6726416390608,6155361404536,6356169726205,5395822389548,5749750731248,7414732359159,5726678689138,7396222189607,5075552230319,5901589877835,5021875158812,5552433711959,5242975821263,6023728597803,5073107586948,5122443438364,5198095351602,5203185115848,5065643462299,5129083453055,6452601941171,5855798953841,9695496408172
5495563568682,12149181499354,7353506186741,10427601647451,7301457559358,8498171405845,6482243441083,8182274079859,6715493668823,6726570674523,6155686974150,6356182258333,5395843347225,5749754214552,7415454930994,5726681124047,7396297063406,5075555549432,5901904001624,5021889138740,5552731092708,5242978378285,6024279653385,5073112175331,5122455326742,5198100679527,5203196975433,5065676140756,5129098151847,6452634584543,5855854747497,9695541335890
5495585825253,12149532450478,7354172382401,10428396588387,7302134863185,8498433017485,6482661709821,8182476568509,6716039337710,6726799982365,6155989624612,6356197908808,5395862068732,5749758195210,7416185118636,5726682985486,7396379142694,5075561782786,5902219108271,5021903123769,5553035322977,5242983649578,6024841144860,5073115261360,5122468751210,5198104853534,5203207314580,5065709800580,5129113140994,6452676865187,5855903706964,9695589849588
5495609210825,12149864600142,7354826088333,10429145899092,7302821618434,8498816436411,6483071369187,8182538244668,6716596432876,6727096675341,6156282637567,6356205180599,5395881658996,5749762919232,7416929814461,5726684820987,7396481302476,5075563383098,5902536088851,5021917105881,5553331774474,5242986289112,6025402509584,5073118852137,5122480230002,5198108741566,5203216535001,5065742608653,5129127993994,6452722821619,5855970605202,9695625474128
5495631120095,12150200868995,7355494124988,10429930508027,7303518427763,8499160613892,6483508523381,8182842529631,6717155227590,6727239760941,6156588436586,6356213294077,5395899042404,5749768348628,7417664044202,5726688801211,7396662562742,5075569536413,5902850851446,5021930858661,5553623811861,5242988838535,6025949509638,5073123943224,5122492386185,5198112765706,5203225935411,5065774530262,5129142133137,6452765691741,5856015121889,9695661526128
5495654191921,12150529576440,7356144349440,10430692413339,7304213358262,8499486246215,6483941460631,8182969021951,6717702025877,6727534528492,6156888449983,6356232147274,5395914201078,5749773684095,7418413297513,5726692342682,7396742314054,5075575614325,5903173513778,5021944706848,5553913334969,5242991222329,6026510494098,5073129543752,5122512674294,5198133800877,5203235128084,5065793565807,5129155735823,6452809431838,5856061115680,9695720902005
5495675741597,12150877193215,7356812839448,10431474323527,7304927410096,8499907488844,6484371558334,8183247471740,6718268852714,6727582907002,6157178485724,6356244211585,5395933405405,5749778262054,7419132805689,5726695612864,7396814665642,5075581668032,5903492721926,5021958393270,5554203981248,5242996327979,6027049720409,5073132937913,5122523762072,5198139036413,5203246804229,5065824453094,5129165945121,6452844253397,5856102854792,9695750398365
5495700971487,12151234516227,7357468498211,10432276182460,7305624878001,8500198176151,6484801170919,8183429536168,6718837828311,6727716365808,6157471273221,6356271389615,5395956310535,5749782751506,7419893444517,5726698947705,7396889844582,5075587824365,5903814189249,5021972003537,5554495733688,5243001781611,6027630892971,5073136710873,5122533869966,5198159659356,5203257585445,5065840781769,5129182068454,6452892968920,5856164730655,9695797410105
5495731660655,12151585619676,7358116727340,10433068727578,7306332775354,8500398043710,6485209118310,8183583861800,6719388906640,6727994043881,6157767068149,6356284790576,5395980555010,5749787641695,7420627923826,5726700956405,7396971589868,5075591105293,5904134521756,5021986119441,5554781529877,5243004262439,6028187276833,5073146796012,5122544412325,5198165466764,5203267534357,5065872513518,5129191870370,6452944496749,5856248438274,9695832570539
5495769134592,12151931791900,7358794117026,10433856157640,7307036126756,8500756758713,6485639048157,8183934484439,6719937800655,6728028326626,6158077063646,6356315214509,5395994936798,5749815850241,7421385426787,5726724105698,7397074421554,5075611914215,5904469419683,5022017984613,5555079213083,5243018358949,6028758083135,5073178445816,5122577893550,5198204017392,5203286825443,5065909976504,5129209752080,6453009360346,5856284148553,9695877240258
5495790426207,12152292275737,7359461616399,10434646236502,7307744384027,8500946305794,6486074761251,8184201290451,6720491294583,6728221261686,6158366372367,6356340527158,5396011416942,5749819950986,7422093748510,5726728347007,7397273241009,5075618558232,5904779542040,5022022885960,5555375061647,5243035615715,6029279804655,5073186423464,5122589211850,5198210822507,5203310176695,5065943630683,5129219782654,6453059408501,5856334545753,9695922551999
5495818766568,12152628318801,7360113646650,10435426148576,7308457107336,8501271403759,6486478174685,8184475781756,6721043701535,6728340051423,6158660304929,6356358936099,5396034095901,5749822435901,7422855797255,5726729825473,7397355210172,5075626175870,5905106503939,5022026182937,5555668656268,5243048928920,6029857582220,5073191025748,5122601028524,5198214064765,5203329852228,5065975255966,5129230121009,6453093404997,5856409590079,9695951597483
5495841209937,12152979385057,7360763305758,10436213007427,7309174431630,8501515690132,6486902585919,8184749945900,6721603910259,6728556772039,6158956129238,6356378404139,5396052379708,5749824933706,7423573399348,5726735648823,7397440615095,5075629893273,5905431047879,5022028144806,5555955912292,5243060883481,6030388513845,5073196067764,5122612093283,5198217546749,5203344205429,5066005532613,5129240192978,6453146093554,5856459342163,9695996461717
5495867120886,12153327456581,7361392527975,10436967125676,7309844252910,8501918671960,6487298157022,8184843580753,6722141081345,6728722659207,6159248768962,6356388331788,5396071361894,5749827930523,7424305817336,5726741365292,7397524692709,5075633272573,5905757889575,5022030086534,5556243453353,5243074248409,6030957987919,5073199237550,5122623833118,5198222658103,5203358947828,5066036881786,5129251877496,6453182139565,5856502682482,9696025197580
5495888715805,12153673804551,7362059484740,10437759468612,7310527772946,8502252186794,6487718773760,8184940747059,6722706974716,6728954259580,6159545754018,6356438219133,5396088258519,5749830489854,7425045662447,5726744176277,7397608855979,5075641494354,5906076063501,5022032147769,5556540323311,5243087154077,6031507000991,5073203896186,5122634795413,5198225719976,5203373426991,5066068983756,5129262526909,6453239115330,5856562807881,9696065422240
5495915655096,12154027854364,7362717855156,10438540792574,7311228232833,8502481118683,6488126014283,8185172252110,6723259418987,6729151392624,6159835484156,6356464176497,5396110401221,5749833421150,7425775146281,5726747497906,7397703564395,5075650491048,5906393419799,5022034272570,5556837204320,5243101262805,6032060515952,5073209175822,5122654908054,5198229035692,5203390203144,5066099381352,5129273979013,6453288729651,5856616103241,9696098569844
5495936777264,12154364627749,7363380414004,10439314347035,7311936798205,8502872227577,6488552579491,8185346326934,6723792941073,6729401110242,6160129626629,6356472042210,5396131824992,5749835923598,7426531019315,5726748794749,7397801814125,5075658696930,5906710504946,5022040156050,5557118299401,5243114265064,6032619695716,5073212720054,5122667027711,5198231529493,5203407063830,5066128305551,5129285298039,6453337418935,5856690684809,9696135581682
5495967872586,12154697846725,7364045369046,10440099128356,7312641982175,8503260382405,6488980351289,8185616543892,6724375523215,6729546523115,6160418852374,6356482569400,5396154257427,5749839074411,7427269426842,5726752318877,7397895295663,5075666188064,5907054500920,5022043873969,5557414161175,5243132967749,6033167781304,5073216739177,5122677927385,5198235284745,5203421356924,5066159478868,5129305814331,6453382671464,5856744842019,9696180199706
5495993734113,12155035356986,7364722645017,10440858103324,7313329856077,8503595959811,6489409142636,8185915919044,6724925066373,6729689061402,6160704760390,6356502691251,5396176508819,5749841800986,7428028975686,5726753649639,7398129694428,5075673482224,5907378846865,5022047603315,5557708900022,5243150282170,6033753608495,5073223538986,5122690087274,5198239759893,5203436590415,5066177258086,5129318374033,6453428266570,5856792528823,9696221667393
5496027634565,12155373550734,7365358421068,10441602343311,7314004100000,8503989114657,6489796094297,8186012895698,6725472427481,6729930309512,6160987319960,6356551982247,5396214835441,5749868606289,7428774042200,5726767142201,7398212012627,5075701362150,5907707809915,5022059365202,5557992938082,5243173697892,6034334962063,5073248599853,5122706347957,5198259735748,5203461111634,5066206822562,5129352637402,6453483882700,5856849531964,9696306375552
5496054209704,12155705467685,7366013311131,10442379459668,7314719936110,8504575190697,6490219755282,8186138970716,6726038503063,6730036021026,6161290787615,6356569480031,5396231375763,5749876982145,7429535750870,5726772650866,7398299624940,5075710894654,5908041779892,5022060714824,5558287680859,5243175035631,6034903553794,5073254149884,5122721973911,5198268746863,5203479363423,5066236345242,5129366232036,6453530836934,5856893335893,9696352314693
5496083154728,12156047731123,7366650730776,10443156920138,7315423879103,8504913599066,6490639625025,8186346928175,6726594001620,6730201505882,6161587479292,6356602525910,5396261066244,5749880540534,7430282285179,5726775812926,7398374958011,5075717312994,5908368229019,5022062102961,5558570432162,5243176262958,6035478376914,5073258340407,5122733950002,5198273564781,5203498666397,5066267424102,5129378780636,6453576341383,5856959194840,9696384315691
5496114682453,12156383414304,7367337908910,10443940257081,7316123154720,8505186783724,6491079430822,8186629469113,6727117196397,6730421608504,6161896458982,6356623211158,5396281224399,5749886077058,7431024766001,5726777247303,7398454857102,5075723099374,5908675206866,5022065767836,5558872738973,5243177555378,6036024842661,5073261695751,5122744698778,5198276029108,5203511959988,5066298332016,5129388611384,6453621416528,5857004960925,9696437597176
5496143158813,12156722730434,7367988218636,10444702176325,7316832550302,8505594087563,6491497960653,8186713622606,6727666169464,6730663210103,6162183764412,6356626641913,5396310087690,5749888943750,7431764721598,5726787367492,7398523682180,5075728835999,5908996167528,5022068752104,5559162170405,5243178990701,6036582322085,5073265605156,5122754479888,5198278238525,5203523367287,5066325655132,5129399193038,6453658526221,5857067941102,9696468993679
5496170537319,12157054869694,7368642878006,10445473572846,7317528604443,8506069177615,6491926002048,8186774233404,6728221622356,6730885834368,6162480048771,6356639085463,5396341175112,5749891888100,7432496185652,5726797077277,7398605402523,5075734518344,5909319500128,5022070021252,5559456246413,5243180285607,6037126733078,5073270830953,5122772201497,5198280492694,5203532614722,5066353964439,5129415055288,6453710758297,5857132339362,9696520362866
5496194452041,12157381691389,7369286734323,10446238713381,7318232652556,8506462045753,6492337808385,8186898935070,6728783545100,6731107980714,6162778469726,6356650487666,5396352508451,5749894640861,7433251140050,5726803121104,7398696203193,5075748193690,5909638132363,5022071658144,5559743522605,5243183591977,6037715924487,5073275409180,5122790975136,5198297940172,5203543865493,5066367852249,5129429825775,6453751716595,5857175971189,9696555287472
5496215976247,12157731263888,7369961896917,10447026285999,7318927738018,8506670371142,6492765719074,8187200174531,6729321078492,6731355778815,6163091384905,6356688168167,5396371325682,5749897067640,7434001228574,5726805260083,7398783290930,5075754099857,5909961796252,5022086137430,5560046031548,5243185481945,6038267226590,5073278722707,5122801682939,5198300116075,5203553481266,5066382314822,5129442239213,6453797555445,5857227510877,9696596997872
5496241595556,12158074036974,7370626350088,10447799687249,7319635742478,8506985729464,6493202362946,8187492999049,6729868139087,6731512630890,6163393640125,6356744218350,5396386924812,5749899520738,7434726506346,5726810950826,7398878048568,5075758180768,5910281780474,5022098279421,5560335483499,5243188084852,6038808873006,5073282305898,5122812751737,5198303130296,5203564661354,5066397845506,5129460232547,6453851127357,5857264975955,9696644257666
5496263470246,12158420296422,7371293413170,10448597716444,7320339461931,8507317301872,6493621646316,8187788189009,6730445366146,6731674019739,6163689317527,6356749840663,5396417430682,5749915879244,7435456200243,5726812164890,7398970564664,5075764233261,5910599124638,5022110568822,5560633686605,5243190528594,6039348997372,5073287884815,5122824999702,5198306255272,5203577691691,5066412918299,5129469925538,6453887895822,5857323375195,9696682836342
5496294398249,12158751727717,7371929790852,10449361152373,7321041863490,8507601352803,6494034089073,8187874426904,6730986496740,6732100044003,6163976301739,6356800708696,5396457982308,5749928393356,7436186200374,5726824325067,7399064183295,5075799694498,5910908871855,5022133049555,5560925143708,5243199651943,6039903801969,5073327917807,5122845194744,5198319966577,5203598356020,5066439048619,5129489763918,6453960046841,5857377635749,9696736999074