105,103,82,54,31,18,25,53,54,64,34,15,22,9,29,8,19,9,6,19,9,15,22,8,13,19,17,11,43,24,24,112
48,128,60,80,45,30,24,75,35,31,24,23,27,25,20,24,22,17,33,32,11,10,10,8,12,52,27,28,35,16,48,88
109,56,101,94,26,46,53,32,42,55,47,55,48,28,21,11,11,17,8,19,24,20,23,12,25,11,22,43,18,43,30,52
120,74,32,81,41,38,53,30,15,24,52,29,31,48,29,17,17,17,33,43,11,7,15,22,17,25,16,38,19,38,7,114
152,49,40,58,36,46,48,34,17,23,30,37,27,36,81,13,21,23,14,28,37,22,75,13,17,6,11,25,10,41,27,58
153,87,32,16,37,13,47,39,21,64,16,55,9,17,41,89,42,19,6,16,33,54,17,23,23,19,27,46,8,32,18,53
157,91,36,30,12,11,92,17,13,24,10,35,8,22,19,34,59,49,39,18,103,36,23,62,14,42,34,12,14,27,3,47
133,65,47,109,47,40,38,28,76,13,12,49,15,22,10,12,29,32,42,29,13,27,39,32,48,14,7,16,54,11,21,66
125,53,71,75,76,47,32,23,27,12,9,22,38,33,27,19,19,46,19,18,6,23,18,15,5,30,11,11,80,31,46,66
134,57,68,51,32,17,16,14,16,37,6,27,9,47,82,21,12,59,49,15,10,40,14,9,11,44,50,18,28,30,62,116
170,53,44,63,11,33,5,29,75,58,7,19,10,67,22,10,14,45,8,38,19,27,8,46,11,49,6,28,28,51,48,74
160,49,53,77,33,31,19,24,17,57,77,9,47,10,13,15,16,34,8,22,10,73,13,11,18,22,18,59,9,30,24,70
157,76,60,56,23,20,12,14,27,17,19,13,67,54,67,33,64,15,61,18,40,20,12,26,18,5,18,41,10,6,30,55
157,30,71,80,27,48,16,13,17,15,8,28,27,29,71,50,95,97,20,21,44,9,14,39,27,15,20,66,13,21,42,77
60,46,89,78,59,83,19,55,44,21,26,35,7,24,17,55,94,30,11,41,23,20,24,25,10,19,23,30,13,28,23,86
164,39,41,55,44,74,20,25,22,12,21,49,11,22,53,15,9,25,15,17,96,27,24,52,19,41,8,56,10,57,13,95
153,73,58,56,58,43,29,47,18,4,4,4,36,54,48,16,20,16,11,15,27,20,35,43,15,40,23,15,32,41,21,88
106,73,54,97,54,32,50,38,28,45,59,17,60,12,20,47,30,32,28,27,31,10,69,11,17,5,21,16,10,5,39,61
147,45,46,48,26,73,25,33,10,17,20,18,34,8,35,28,47,38,27,33,27,49,75,15,36,34,10,17,21,29,39,45
154,28,30,83,47,32,62,40,26,59,21,36,20,35,15,2,15,36,33,23,41,26,22,22,26,20,79,12,30,20,10,94
91,23,165,105,40,28,41,11,11,63,6,19,20,23,1,20,51,54,17,51,37,20,10,38,9,28,14,61,12,1,35,21
72,183,68,123,31,11,15,14,11,20,6,39,8,38,21,34,82,15,6,27,28,34,19,45,14,14,19,15,32,21,22,42
132,64,48,48,98,23,64,14,25,39,7,24,14,42,24,12,34,11,28,61,41,66,20,21,20,9,10,18,11,27,35,113
136,69,43,98,62,59,67,21,39,18,52,15,31,34,9,10,35,41,11,8,15,21,21,22,37,22,26,12,20,23,25,93
144,57,60,47,82,44,30,12,18,37,33,38,41,62,49,36,5,15,26,14,37,7,28,14,17,31,19,15,25,13,33,82
92,192,39,33,42,24,50,18,83,14,10,27,26,5,29,65,20,61,14,5,20,0,30,8,11,58,20,26,38,49,20,81
149,50,32,71,13,38,52,88,46,15,35,23,12,28,18,58,14,16,7,17,50,7,8,16,10,51,4,39,31,19,84,95
136,78,45,69,34,25,28,52,28,26,29,10,48,56,44,28,18,55,17,36,48,20,42,20,15,16,11,14,15,14,29,111
171,39,30,40,122,19,15,35,43,46,16,33,41,30,28,16,61,17,26,17,14,5,21,41,27,35,16,29,10,17,64,77
119,32,31,120,43,47,48,29,44,25,13,47,62,63,34,34,13,34,21,31,77,13,67,8,21,22,15,18,12,28,24,60
179,35,13,95,95,33,46,40,82,11,17,29,20,19,52,28,32,92,13,23,18,14,9,37,9,5,14,29,9,27,11,128
133,83,33,50,38,44,31,51,31,59,83,26,14,7,13,11,32,49,6,22,15,27,40,32,11,48,16,4,22,33,26,92
138,78,37,91,82,25,47,28,43,32,25,12,49,14,30,1,39,17,11,25,35,14,31,34,25,28,19,30,16,27,26,127
70,99,71,104,81,32,27,30,25,49,14,58,7,11,9,34,28,23,22,16,45,18,31,15,21,19,18,31,29,54,16,82
105,73,85,72,61,29,16,38,53,22,19,33,25,23,23,37,10,16,26,30,25,95,3,18,23,11,19,20,8,49,18,124
163,51,103,43,57,25,55,31,104,28,33,55,51,5,39,22,14,19,15,7,14,17,24,16,9,29,10,23,7,46,36,71
105,87,59,81,38,47,52,10,71,14,17,34,69,24,19,32,27,40,33,17,44,26,27,11,9,22,11,12,13,41,10,74
132,54,100,76,18,51,22,21,29,29,46,5,50,26,39,3,23,8,18,5,28,37,21,7,19,38,45,9,24,45,27,111
138,53,54,86,44,28,28,42,65,57,53,51,14,25,46,18,23,29,28,26,9,14,51,11,9,14,45,39,15,8,19,67
121,45,109,24,38,20,23,65,62,35,31,21,16,47,44,22,40,21,14,44,19,4,16,20,33,19,9,24,67,27,20,70
130,63,55,98,56,50,11,32,13,8,43,42,14,16,23,43,7,4,41,16,9,22,66,13,13,18,15,24,36,18,43,117
109,47,78,76,66,51,44,31,39,29,20,5,21,22,53,19,21,62,14,9,22,13,14,39,30,30,11,16,54,22,9,98
167,88,57,61,54,36,70,20,28,43,13,21,21,17,7,44,17,5,11,14,17,23,20,28,32,45,36,19,41,32,33,82
107,34,50,117,77,61,32,8,60,58,40,33,42,57,9,38,26,31,19,25,14,17,33,10,24,17,19,20,21,16,26,65
92,132,57,54,22,27,28,17,24,53,45,11,19,23,51,52,44,64,3,24,68,9,23,7,13,13,35,32,6,3,20,78
139,58,59,43,21,49,37,5,16,4,22,13,49,53,22,40,11,68,17,29,13,22,68,7,10,22,6,22,18,46,78,72
165,48,40,39,11,25,14,8,10,35,17,7,17,42,43,14,83,36,12,38,32,17,51,23,86,20,11,18,24,27,10,57
139,121,12,36,9,46,12,11,17,21,17,15,23,18,26,17,34,9,52,31,11,22,64,1,84,30,16,59,48,6,18,119
142,68,35,71,40,42,23,24,21,10,60,3,18,15,58,32,28,18,18,8,18,7,30,26,17,31,40,25,84,20,32,99
112,55,86,93,28,48,28,22,27,19,23,43,45,30,34,16,41,20,36,29,47,14,42,6,51,45,4,11,18,23,17,64
135,73,109,71,30,39,12,10,11,27,8,42,7,32,14,18,28,13,7,27,15,6,23,10,49,26,12,15,70,19,93,78
84,96,61,64,151,47,81,48,42,35,13,71,15,40,9,9,7,21,8,41,6,2,30,12,18,3,5,7,12,12,12,70
134,31,68,46,117,60,31,30,32,64,41,14,68,65,32,15,25,46,13,18,27,6,14,38,56,9,13,4,25,9,13,86
34,90,85,53,69,32,35,13,12,56,32,6,46,29,31,12,21,62,12,24,25,15,100,24,42,18,33,10,33,4,46,51
195,43,16,44,63,34,71,58,7,73,5,5,7,43,72,23,22,25,21,11,39,23,30,13,20,8,24,19,16,55,17,84
116,40,53,70,59,34,42,30,52,64,52,15,20,63,83,38,7,23,38,16,9,8,18,17,40,7,22,4,22,24,34,75
170,28,64,49,14,39,67,11,6,70,14,59,11,12,75,12,21,64,39,4,27,27,22,11,49,5,17,25,40,10,27,89
208,49,34,40,16,21,27,5,41,19,11,41,13,24,91,59,8,22,20,39,42,67,56,23,29,29,19,16,4,46,57,77
157,29,65,54,79,35,25,42,11,17,27,12,33,13,82,19,20,55,25,3,38,24,14,14,15,74,19,9,16,39,13,60
