1099387601671,3506727650795,1389317534279,1521149148733,1450380557331,1530739837989,1178171446897,1457855721171,1377618554928,1296313813763,1223633612414,1290332846800,1176385405017,1261370857862,1531272100631,1268216058180,1035993529336,1201129988975,1187941424063,1203275149660,1141191774481,1267061914675,1306261362786,1243606719765,1097126297037,1190728840938,1164239471800,1200691188825,1141753965489,1801333868617,1999766270222,7550593157223
1099390904607,3506733292038,1389331876807,1521158909166,1450386526267,1530752848119,1178184902160,1457861987341,1377620276931,1296321673937,1223639106676,1290350095852,1176387611819,1261380772178,1531278343884,1268235706861,1036006256802,1201145580432,1187947800392,1203284966955,1141196752076,1267069948018,1306267440531,1243618175636,1097141106308,1190741666631,1164256139285,1200700570757,1141760984876,1801339144373,1999785651398,7550794211248
1099391069443,3506749924862,1389347075064,1521167893493,1450398539512,1530770842758,1178193390254,1457862995022,1377623653248,1296341447564,1223649354923,1290367051531,1176398871761,1261398503597,1531289803763,1268251141695,1036012985418,1201163268781,1187966348422,1203297571333,1141205008011,1267074633618,1306275253935,1243625816812,1097159108297,1190752417913,1164263890593,1200704884203,1141771700598,1801341621566,1999788130358,7550828818092
1099395732517,3506774553936,1389348509213,1521181258928,1450415652041,1530789094916,1178199901843,1457881376347,1377630186258,1296341468109,1223654000511,1290372038439,1176407602283,1261406634812,1531293239180,1268260074284,1036019641337,1201182249072,1187973865660,1203327515103,1141208111840,1267088857326,1306291623649,1243639642757,1097177424120,1190762493730,1164279443451,1200709769335,1141781285580,1801348314856,1999791814385,7550873955550
1099406313386,3506784759198,1389362587821,1521212138586,1450422929605,1530798686963,1178205993092,1457897086669,1377637859006,1296348073403,1223654094795,1290380799075,1176412526760,1261406693806,1531300187285,1268270799558,1036028686188,1201199416884,1187994993161,1203333525681,1141226431298,1267108296386,1306295821027,1243660625940,1097192694667,1190772020761,1164288773912,1200716233797,1141787695599,1801353301311,1999800456698,7550894863828
1099418273323,3506793555763,1389364063188,1521237082492,1450439329263,1530808177747,1178207256483,1457902033355,1377645507017,1296354276578,1223658496174,1290392334811,1176417884529,1261422451024,1531302114471,1268273628751,1036036067699,1201230696928,1188000093438,1203353559500,1141243232899,1267130070963,1306302287863,1243666680377,1097196414150,1190790262611,1164300256854,1200730950204,1141797948475,1801364645948,1999801085651,7550958115666
1099423184197,3506804135844,1389368726674,1521238542365,1450440749241,1530824246098,1178224025570,1457917746234,1377660473432,1296354445439,1223663236268,1290394357538,1176420296874,1261440188474,1531302186742,1268273784444,1036039663374,1201254301191,1188006830574,1203364467411,1141255171905,1267157386773,1306321013486,1243678457046,1097197804067,1190806000147,1164319470136,1200742796057,1141805262515,1801397520188,1999810323583,7550977200567
1099449462557,3506815474291,1389374247239,1521255666159,1450444220714,1530829403867,1178226234716,1457925425215,1377663107900,1296366277335,1223669230052,1290421660379,1176422060999,1261475839870,1531308265908,1268289216981,1036039697706,1201255587238,1188008035628,1203378279149,1141255954422,1267163582496,1306338073541,1243678737604,1097221523085,1190815265332,1164321979035,1200766046590,1141829395638,1801409142678,1999816138088,7551002244053
1099457468164,3506817578343,1389389775340,1521286416629,1450449892320,1530841841393,1178238529425,1457933591253,1377673994318,1296377445427,1223674528802,1290451316379,1176430554520,1261493367354,1531321018173,1268304270266,1036061724335,1201266162619,1188011925704,1203387105764,1141270516365,1267171426387,1306342875701,1243684371693,1097223704356,1190818706581,1164331511857,1200772520540,1141832553565,1801416538890,1999822288190,7551019943885
1099461739581,3506819872718,1389408908784,1521304258403,1450455025815,1530856552616,1178249008376,1457938473632,1377692340346,1296381088498,1223674934656,1290452856733,1176437100476,1261494315312,1531321211624,1268333689178,1036081057982,1201271280968,1188026003351,1203411989342,1141273223558,1267190779115,1306353768099,1243693240238,1097227191174,1190838002542,1164350216927,1200785208519,1141845103238,1801422880913,1999826902661,7551043697402
1099479990199,3506835583867,1389416725713,1521323070023,1450470140336,1530858319648,1178250332966,1457947333991,1377696740387,1296395345030,1223678476418,1290477706029,1176447145356,1261522736448,1531325538909,1268350047895,1036083498951,1201279956747,1188057892800,1203418486375,1141286208819,1267192313645,1306368844610,1243704446992,1097236998314,1190847264337,1164352112827,1200797321868,1141857535805,1801427371661,1999837833526,7551094169436
1099495897787,3506848905010,1389417720639,1521356342546,1450470394214,1530879113105,1178255435631,1457969223687,1377697939210,1296405758220,1223678756943,1290495548733,1176457807390,1261540546370,1531329232815,1268366894111,1036083705871,1201297680728,1188071127044,1203439863605,1141307174683,1267201976820,1306375594911,1243705451952,1097243448097,1190850508402,1164356909908,1200799422404,1141876361763,1801428184429,1999852041340,7551102652165
1099506908083,3506851055250,1389423814121,1521366444018,1450478878115,1530918677913,1178261368208,1457977698254,1377702818507,1296417579481,1223678786902,1290502193693,1176463562014,1261545561524,1531330663739,1268378807318,1036088463197,1201313038353,1188077347778,1203454927732,1141317146808,1267215314384,1306389219871,1243721843291,1097253375189,1190865525350,1164363306209,1200805797327,1141886003723,1801444617578,1999870021254,7551165898907
1099514168191,3506851569306,1389429473332,1521396687936,1450491157717,1530945063860,1178270571297,1457989058648,1377731758430,1296424261442,1223691878593,1290520689552,1176471609122,1261554700585,1531331764495,1268382574483,1036093226408,1201330976455,1188077682314,1203474188325,1141318704659,1267224420859,1306397884225,1243731067167,1097255360595,1190874196154,1164364155981,1200816626286,1141906000176,1801455660965,1999886380909,7551186531345
1099526388419,3506855991170,1389443189367,1521405075237,1450500693834,1530961360243,1178272685396,1458010358316,1377746106326,1296438926190,1223709542303,1290536493317,1176479264378,1261563619592,1531332006453,1268392760892,1036093237709,1201337474334,1188083315646,1203474348657,1141347031350,1267233192339,1306410970137,1243750491773,1097276659307,1190888476073,1164364554313,1200817328353,1141918299209,1801477044760,1999904484994,7551229951486
1099526875489,3506856807241,1389455120034,1521416568720,1450524614586,1530969830533,1178282126767,1458021806585,1377754088026,1296448392127,1223728451586,1290547687762,1176489940664,1261580204036,1531332301172,1268393111941,1036093279046,1201361065140,1188090608845,1203493930296,1141364223213,1267249601047,1306433533920,1243761603500,1097279266066,1190905459192,1164372529944,1200821343200,1141932723434,1801487772390,1999917679683,7551247612915
1099537339481,3506870922738,1389464559328,1521426320475,1450527250697,1530972862719,1178303299989,1458046694146,1377763769908,1296460536310,1223739826426,1290566536165,1176504928322,1261588092446,1531340318166,1268420167734,1036100063708,1201377473720,1188120880767,1203503846443,1141364254015,1267266178048,1306446145560,1243770645100,1097300178156,1190907930781,1164382927157,1200821568144,1141936275402,1801489644247,1999920431190,7551289191272
1099555905659,3506876536662,1389494608785,1521436288281,1450539303022,1530979783162,1178319928445,1458049083671,1377766948192,1296466948079,1223742501286,1290577360401,1176514339710,1261589860086,1531353650480,1268430847873,1036126243698,1201392103432,1188134737541,1203508478288,1141377054632,1267282220072,1306450357811,1243788570472,1097301772364,1190917272379,1164384165851,1200839815231,1141956821640,1801500519256,1999928420812,7551312873183
1099567588877,3506882908435,1389506284696,1521463967045,1450546352554,1530985283871,1178337697361,1458053351862,1377781850324,1296471100017,1223751286696,1290580296135,1176524600450,1261593947797,1531363917791,1268444439272,1036137302228,1201415691590,1188141703567,1203520112812,1141390194283,1267296397748,1306450397681,1243790667053,1097304241068,1190922639669,1164393332906,1200871578224,1141963742147,1801513788393,1999952016564,7551337826050
1099577124748,3506894296700,1389513500124,1521478228744,1450552195566,1530988670125,1178351244591,1458058171778,1377797494998,1296484286488,1223768176893,1290588019362,1176538218748,1261599534682,1531372191059,1268460734502,1036154752038,1201434702569,1188149132453,1203520576588,1141415521587,1267325954045,1306450488420,1243798193477,1097311108335,1190937208521,1164410352482,1200883657179,1141981734420,1801521017569,1999952677277,7551358023903
1099584748446,3506915072763,1389518544988,1521484792146,1450559128864,1530990844260,1178359708842,1458072432390,1377814564406,1296485458882,1223786326162,1290601643357,1176558436853,1261612768290,1531397895710,1268471869052,1036173183557,1201445686698,1188162017436,1203534972643,1141423658605,1267333717499,1306461984007,1243810535389,1097329754688,1190943496653,1164417292005,1200888479105,1141994457648,1801535686202,1999963750518,7551397120332
1099588328141,3506943191317,1389521023088,1521491295138,1450565602002,1530993995902,1178390102470,1458088086939,1377837443461,1296522726738,1223791334315,1290621544526,1176575386418,1261630256065,1531401656961,1268480362537,1036174079332,1201457951574,1188181863218,1203537311396,1141423796129,1267346207904,1306471518349,1243832206162,1097335176032,1190945874328,1164423615308,1200894442914,1141996803962,1801536819395,1999968658591,7551446308215
1099588581709,3506950163083,1389521394958,1521493353796,1450566019207,1531003666200,1178391760404,1458090957444,1377844766032,1296533534681,1223796996845,1290654602189,1176577167394,1261672244454,1531402715600,1268495640980,1036189673084,1201488236761,1188191111894,1203561970441,1141439679425,1267356246041,1306489746730,1243833041383,1097348723948,1190946433532,1164425098784,1200902779680,1142027036988,1801552226738,1999969857590,7551449192877
1099597356068,3506966918204,1389527543247,1521498562923,1450567751534,1531005968611,1178391944906,1458098922020,1377851130716,1296563064853,1223803222429,1290677265364,1176582819674,1261685582722,1531406608217,1268506381834,1036200644860,1201503156222,1188208247703,1203565751141,1141452290467,1267356562068,1306521963854,1243840000060,1097358207877,1190956434403,1164434006803,1200913955161,1142044231949,1801557616584,1999990782601,7551492587139
1099610655851,3506976622173,1389550129024,1521521996951,1450580176202,1531006198281,1178393325925,1458120054539,1377863457737,1296577416583,1223803284796,1290682796377,1176586141184,1261696267019,1531419405937,1268516689480,1036207969458,1201525682408,1188209746176,1203577126333,1141457220584,1267361783103,1306538488674,1243842426450,1097365308257,1190964167329,1164453872183,1200931177249,1142058760633,1801563048878,2000004522504,7551535952729
1099612898487,3506987600947,1389566316890,1521530069261,1450581667661,1531015226353,1178402541920,1458132319160,1377877078755,1296586168654,1223803356405,1290691425501,1176589637623,1261699292928,1531470030865,1268518835741,1036234238940,1201535043425,1188222450319,1203588643792,1141460262059,1267367063002,1306547379234,1243848374303,1097377332546,1190981984252,1164464168918,1200945571774,1142064609791,1801578264672,2000016345322,7551552194213
1099613194235,3506989874659,1389589081869,1521547698078,1450595076770,1531020907419,1178411723084,1458154420735,1377877909641,1296598977868,1223831816728,1290697978812,1176607873535,1261715892808,1531483398623,1268518937810,1036252046296,1201535203744,1188233007384,1203588728526,1141476515826,1267367910690,1306550890764,1243860564950,1097378786751,1190982271717,1164468941057,1200971324269,1142067286572,1801618778399,2000042386180,7551601265676
1099627079886,3507000925809,1389609168806,1521566660381,1450599386704,1531036956017,1178431192281,1458170445683,1377897503604,1296609758726,1223833302962,1290703854563,1176617027181,1261720262798,1531490134004,1268518956035,1036270568077,1201541179940,1188235501032,1203606757714,1141487081056,1267377372796,1306571779807,1243864429792,1097386219464,1190996327913,1164476015060,1200983989199,1142076543453,1801630323619,2000047648282,7551610217465
1099633070305,3507011483595,1389613627838,1521580954483,1450619944760,1531050482629,1178436848355,1458175018710,1377909655133,1296615918400,1223841367838,1290715906259,1176617391335,1261723046879,1531497814892,1268526480982,1036284741606,1201546980962,1188240083737,1203610347675,1141491484203,1267388462201,1306602650362,1243879655617,1097400410248,1191008166860,1164493696615,1200999804513,1142094897733,1801650400903,2000057526789,7551639941452
1099643202634,3507016138622,1389617642784,1521601929130,1450623759997,1531061149405,1178442554285,1458178189263,1377921697865,1296620523537,1223850155010,1290722235876,1176628342142,1261725776838,1531525448040,1268546394138,1036287966478,1201563687137,1188247375287,1203614982696,1141502541096,1267398345731,1306604405775,1243885626331,1097417927542,1191018171428,1164501298128,1201024349256,1142113761242,1801667221155,2000085667449,7551702453372
1099663289275,3507030549895,1389629401794,1521610964167,1450647919801,1531073860692,1178453488029,1458188353055,1377922931795,1296624310849,1223854898552,1290725143777,1176631920351,1261737811708,1531543729753,1268549648422,1036298170147,1201588287276,1188268302937,1203623112995,1141511953568,1267405476655,1306605772409,1243892427671,1097440122055,1191032521313,1164513349844,1201030935266,1142122877908,1801695429423,2000098798849,7551706796039
1099671999199,3507036326922,1389656208460,1521616419963,1450675678054,1531101036074,1178462723488,1458198096577,1377922995524,1296639111186,1223862061550,1290738585179,1176636740391,1261751038424,1531544788204,1268557588130,1036305805682,1201591344750,1188278051930,1203628534113,1141527245500,1267408824959,1306617240376,1243898378715,1097447283693,1191044096073,1164526540891,1201044951355,1142126754282,1801718186943,2000119778045,7551754976250
1099687639169,3507044774886,1389669592132,1521634273760,1450693671322,1531104971110,1178484018819,1458213285962,1377960836942,1296641865528,1223862108560,1290746504293,1176654695693,1261753521056,1531555912641,1268572584999,1036306028044,1201601683537,1188284296828,1203638416602,1141548522724,1267418849185,1306621219181,1243904263869,1097448026043,1191047300362,1164541111937,1201058039834,1142130300914,1801728971408,2000135556002,7551786204543
1099698526061,3507047775769,1389679960348,1521640583469,1450707059129,1531107193077,1178490958591,1458220232094,1377963596863,1296645238950,1223862136884,1290752048022,1176661926570,1261763802942,1531571762818,1268574738668,1036319947994,1201630823770,1188300796095,1203648354186,1141566709552,1267438449794,1306623193831,1243917798199,1097466748778,1191059453919,1164565301847,1201081188617,1142135180446,1801741946289,2000145077991,7551793673527
1099703994425,3507061831095,1389691932026,1521647989679,1450713991856,1531123700734,1178518444038,1458225042044,1377973699959,1296654378207,1223866180632,1290752279999,1176674324140,1261779270078,1531589859912,1268593847692,1036336738824,1201643117241,1188316794639,1203654731534,1141572249310,1267453825683,1306633972029,1243934140401,1097478994161,1191076747247,1164586916858,1201083163688,1142140938408,1801744691093,2000151554634,7551832930917
1099705868810,3507069899523,1389701865403,1521671942173,1450722616568,1531139019261,1178523154460,1458230703150,1377991141497,1296655985330,1223889267803,1290760232056,1176703262876,1261786981214,1531609123226,1268602425531,1036353816073,1201652757582,1188336511931,1203659124877,1141578911879,1267460734555,1306639116243,1243951199236,1097492180139,1191090092437,1164590592562,1201094344071,1142148203536,1801745440186,2000151937507,7551860748849
1099729098977,3507080209342,1389712301364,1521676916832,1450735413257,1531149564921,1178525571037,1458240246920,1377991152859,1296657301757,1223905891641,1290760742125,1176714084428,1261791049224,1531610050325,1268602474860,1036372382657,1201655266498,1188347045895,1203660555752,1141583528104,1267491759060,1306663688600,1243969202722,1097509051709,1191099291563,1164600595680,1201112609153,1142159511671,1801766711935,2000180187166,7551878212568
1099758997638,3507088281273,1389728495942,1521685956712,1450758014704,1531149757783,1178533234121,1458242647311,1378005009285,1296659511598,1223917814800,1290768554696,1176714650280,1261794269499,1531620611531,1268632535239,1036389166414,1201661426510,1188356554742,1203665435720,1141587129407,1267516230157,1306687164913,1243976526434,1097514122801,1191119947058,1164604659943,1201123123052,1142164060546,1801771695125,2000192671642,7551904285545
1099765587990,3507092809781,1389733218101,1521702872976,1450761707687,1531149795880,1178535395567,1458245366972,1378027622413,1296659528472,1223932282238,1290771047262,1176717234442,1261815055294,1531624771261,1268638753638,1036419082081,1201673194788,1188382338209,1203674778507,1141604388439,1267544898490,1306716494241,1243992160889,1097532557217,1191121404863,1164614300212,1201131474092,1142165187697,1801782029541,2000197616272,7551932315534
1099777796498,3507100330436,1389745817690,1521705987822,1450776214817,1531155947634,1178546987629,1458255876551,1378028338718,1296659576809,1223935748071,1290773027708,1176729472657,1261827777426,1531631807441,1268643651790,1036421477993,1201675646906,1188392290038,1203691833702,1141616163407,1267569097998,1306732605833,1244000667951,1097556390625,1191134152835,1164631804438,1201165032396,1142185483844,1801798215599,2000211209554,7551945007897
1099784494332,3507123777758,1389756398484,1521709139862,1450789459347,1531170912387,1178568839802,1458256837179,1378030946550,1296675875488,1223945952247,1290783466480,1176760098234,1261833757192,1531646913847,1268661283342,1036426653335,1201685942546,1188399602278,1203692961128,1141629515898,1267582095782,1306738623649,1244013983017,1097565567161,1191153189491,1164648038344,1201167959290,1142191074802,1801815888636,2000232910336,7551977743733
1099807401759,3507135456094,1389762348636,1521711114409,1450799215977,1531183386633,1178573210192,1458262634724,1378037284469,1296695092220,1223960994611,1290795225161,1176776255197,1261843299193,1531665784438,1268686195701,1036431699542,1201692949566,1188412054853,1203696369959,1141630568522,1267606249458,1306739961377,1244025998971,1097572425088,1191179683355,1164659551130,1201169407324,1142198716876,1801824931880,2000240011243,7552000089276
1099820552764,3507149557538,1389766968360,1521717794750,1450809724606,1531188358225,1178580865234,1458270987291,1378059626036,1296704736809,1223963165016,1290807890302,1176789360163,1261853376407,1531670371065,1268693063095,1036440492178,1201697759335,1188429993863,1203703676954,1141644488834,1267620615353,1306746741368,1244035305618,1097583775595,1191201351640,1164665671742,1201188127596,1142205845745,1801839570318,2000260168033,7552051190314
1099833413108,3507163461352,1389771186938,1521723070993,1450811242105,1531198880901,1178590727102,1458281019137,1378076205563,1296714202556,1223965958831,1290812303404,1176793779841,1261859349647,1531676410477,1268704145562,1036457395111,1201700805442,1188451267830,1203709022384,1141674425737,1267622407066,1306765725475,1244042994911,1097598738899,1191224827558,1164687010929,1201209849426,1142213040285,1801852626144,2000263097186,7552075297742
1099838839241,3507176231316,1389772011778,1521736044774,1450815816595,1531217536459,1178591239841,1458292565110,1378087096483,1296714267250,1223982330317,1290819528359,1176801893563,1261871592226,1531691340075,1268716194671,1036472509155,1201701329694,1188475929653,1203716565806,1141693689397,1267624880308,1306779288757,1244050235477,1097620247440,1191225648337,1164703226912,1201232695313,1142239580356,1801862214228,2000268050323,7552088542140
1099849019207,3507180633903,1389787251305,1521747284840,1450822315813,1531225305665,1178619116053,1458293706067,1378105865229,1296714321520,1224009556357,1290819974032,1176811247735,1261880621327,1531697976397,1268725863756,1036490810492,1201701367288,1188480885442,1203749006117,1141694424339,1267645601384,1306789473612,1244064730672,1097631383275,1191233445500,1164709324971,1201233469089,1142262971819,1801869979935,2000283791310,7552128759007
1099862950610,3507193869166,1389800906933,1521760930278,1450838996127,1531230641425,1178657189353,1458300997507,1378116970131,1296727110471,1224036037270,1290833166402,1176813876205,1261885361629,1531731312529,1268729064077,1036506351950,1201701374115,1188484770263,1203763277940,1141705001341,1267665860420,1306789478490,1244074027272,1097635613414,1191238850684,1164713173460,1201243959957,1142265308334,1801876057955,2000286311565,7552135569072
1099874265062,3507198587981,1389812685425,1521783350690,1450852300712,1531254669166,1178671905912,1458313913588,1378133704330,1296738600794,1224051528778,1290836417572,1176831115059,1261902519330,1531735647854,1268753923608,1036509224223,1201701464795,1188500904143,1203766192632,1141709875502,1267673533061,1306794543034,1244078002166,1097637635376,1191239989110,1164731719979,1201247908172,1142290757438,1801882079399,2000298727478,7552179466950
1099877424741,3507204729381,1389813642822,1521786314479,1450864926270,1531255732320,1178702847881,1458317089981,1378166746136,1296758045981,1224073443030,1290840871713,1176840680579,1261913584032,1531769886742,1268771572704,1036532376754,1201725144692,1188517220034,1203784688438,1141710769247,1267691815966,1306794577547,1244083179726,1097637874639,1191247461593,1164738526499,1201248101380,1142291105380,1801889509660,2000300461724,7552202414061
1099888335113,3507211439546,1389815786698,1521799523555,1450870329953,1531256949915,1178713501990,1458319127966,1378187553340,1296762930596,1224087298372,1290852684671,1176852835169,1261913952134,1531777593774,1268778532015,1036559562751,1201726455943,1188537098120,1203788022936,1141726259021,1267716753064,1306798466656,1244083398617,1097658349487,1191284221841,1164747149787,1201268476765,1142291392338,1801904985213,2000309851350,7552207133623
1099893832879,3507217414468,1389818801375,1521821908009,1450873870790,1531273682556,1178732236391,1458346371470,1378199280240,1296774612600,1224104031507,1290856486480,1176856340324,1261920859590,1531796619057,1268789354021,1036582364495,1201739374985,1188547113742,1203789152419,1141728312728,1267728365857,1306807589389,1244090790043,1097663753001,1191295107385,1164756116707,1201280922723,1142303922853,1801932867545,2000319290170,7552247572861
1099898897353,3507231242528,1389819324337,1521822056726,1450882448789,1531276714572,1178735415422,1458363559675,1378208587374,1296777878651,1224110106532,1290856714367,1176861947163,1261930161649,1531797666006,1268819984416,1036623504551,1201751178355,1188562514338,1203802237197,1141752246202,1267744598219,1306825049706,1244104731339,1097664096226,1191315582700,1164764809127,1201289815459,1142306101272,1801955416678,2000322547248,7552291093728
1099900681682,3507244845127,1389835054548,1521822061578,1450882687789,1531296298082,1178735427126,1458372354787,1378210982356,1296796474129,1224110558040,1290857242521,1176863488109,1261955606718,1531804810994,1268850138184,1036623847396,1201765975769,1188573270018,1203809422509,1141758925003,1267747667782,1306865477638,1244125562499,1097690753250,1191319289770,1164783735539,1201295181820,1142326636397,1801955587977,2000334099183,7552320063067
1099918187170,3507264773737,1389848968904,1521822137634,1450902624065,1531307358012,1178738843183,1458383994840,1378221882617,1296796525670,1224117558056,1290877336095,1176866594513,1261963056332,1531819395430,1268876468503,1036629979196,1201795415449,1188575489703,1203825297379,1141759875668,1267759823813,1306866245129,1244131924339,1097713824741,1191321882708,1164792464028,1201299196206,1142339860385,1801965577447,2000349893497,7552353333497
1099924029051,3507273095523,1389858855179,1521829811325,1450905303464,1531332110309,1178740828125,1458393176237,1378233885090,1296796581729,1224139991231,1290882362320,1176875318808,1261991341839,1531834171101,1268894485223,1036646662598,1201795472202,1188591472665,1203862559386,1141765020787,1267774365720,1306870537892,1244132181715,1097726687331,1191322989574,1164801592492,1201301974521,1142357549085,1801976622044,2000352740898,7552379895587
1099928113519,3507290383474,1389885182715,1521845931923,1450918248097,1531332139101,1178744168114,1458394315804,1378242453777,1296796614791,1224147388176,1290889802660,1176879649106,1262028867406,1531834195603,1268922124789,1036661413459,1201827720467,1188611959179,1203875384362,1141772823825,1267792193965,1306886133004,1244137120589,1097731797855,1191329203776,1164826537724,1201305677503,1142358648712,1801977702021,2000361190268,7552401070392
1099944999584,3507308253387,1389905335390,1521846018254,1450924881900,1531332313016,1178749556459,1458399331854,1378252692024,1296796647049,1224164135239,1290905151436,1176893320533,1262034547161,1531834274665,1268943504037,1036665416796,1201861663376,1188615113186,1203896676209,1141777940486,1267804344371,1306910381878,1244151591947,1097738786500,1191346639006,1164840747390,1201307843073,1142372773436,1801979974469,2000365427977,7552439384004
1099959066097,3507328473011,1389914150268,1521868683069,1450930604287,1531359190662,1178753360146,1458407671462,1378263557965,1296796653063,1224175349148,1290905367176,1176896467350,1262040659299,1531834311303,1268957214258,1036681059616,1201867858918,1188618952486,1203916091551,1141794981037,1267807393082,1306931094791,1244158396208,1097745069584,1191365479250,1164851191748,1201334948127,1142390421722,1801990862656,2000369698272,7552463676903
1099967447437,3507344926215,1389925557462,1521888768373,1450931675660,1531370855226,1178775953762,1458416621229,1378268675920,1296808269574,1224183497693,1290911744147,1176898988051,1262055754565,1531834324979,1268961191195,1036681879228,1201877750702,1188622318480,1203927963760,1141822276862,1267811065672,1306933666516,1244168306510,1097763598558,1191369568424,1164860430018,1201366309070,1142399274394,1802026657303,2000383575873,7552483212148
1099971199529,3507352599284,1389931735634,1521897067191,1450933058883,1531402255398,1178778624483,1458432805468,1378276158709,1296824978857,1224194439752,1290924438665,1176918581745,1262084272858,1531834348197,1268979330352,1036686434499,1201877884487,1188641583087,1203936797630,1141855095327,1267828089773,1306941228613,1244178452219,1097770172379,1191372613185,1164870649708,1201377506766,1142409845008,1802027607407,2000389357361,7552504935960