5679926329228,12828317268931,8161564440042,11139527049731,8176739566169,8853454001803,7096482133742,8451419926816,7478141927324,6988612441137,6631943070785,6541326703384,5559696147664,5918175524252,8348833161574,5888615828131,7681781647663,5223749591590,6442865175297,5184605369790,6072824409347,5395399891777,6903938025100,5223579108827,5277376425749,5353971980008,5350782110267,5219735401372,5282880109477,6628274068366,6079975138101,9899163418399
5680419654639,12828502633038,8161696528068,11139671527093,8176930051615,8853617333508,7096724095371,8451727425697,7478571993497,6988815436751,6632327470375,6541481486051,5559908363705,5918356800746,8349215860122,5888760896686,7681961100272,5223977475499,6442998100235,5184799151455,6072995507828,5395764474643,6904291438699,5223718161814,5277521050405,5354170748905,5350978698804,5219888283956,5283305711415,6628506173912,6080199873422,9899442512154
5681260758712,12828606161094,8161830126768,11139791464626,8177130545605,8853784845930,7097032224622,8452348955754,7479053361143,6988934562464,6632532509851,6541711682176,5560198545683,5918571876059,8349385149614,5888954586275,7682192817771,5224196135228,6443188811741,5185042493756,6073144336712,5396015125308,6904457019471,5223926817158,5277708829729,5354604667855,5351103590915,5220182582829,5283587839950,6628706334227,6080778505050,9899550439037
5681650675555,12828842393218,8162416778924,11139987496358,8177402887176,8854017788551,7097405124224,8452520414377,7479316223871,6989556189429,6632892729349,6542066911739,5560484853276,5918748513226,8349592460583,5889105527947,7682362740870,5224382104263,6443327092186,5185238084559,6073396872824,5396165701171,6904615976173,5224110436483,5277927858537,5354724948639,5351376652940,5220665100326,5283761595272,6629070777773,6081214165240,9899681943844
5681853644029,12829300048786,8162610453416,11140183995431,8177552869687,8854245421646,7097596352714,8452704595107,7479572480468,6989741832194,6633566471835,6542278270709,5560781120915,5919381541197,8350035558392,5889305571614,7682511243508,5224604457126,6443523343852,5185465560612,6073634286796,5396321402864,6904885836612,5224283557816,5278148146399,5354933696141,5351525554055,5221019461682,5284022828908,6629522330971,6081359805003,9899814463612
5682082109092,12829548456348,8163070174246,11140375193178,8177777022026,8854635371243,7097813174991,8452925423288,7479822254564,6990053285462,6633781669793,6542727228372,5561069393392,5919714950815,8350812045661,5889488929454,7682791107485,5224833724258,6443686630345,5185773150682,6073863844011,5396473503354,6905090847762,5224415896158,5278251093512,5355045123384,5351685869086,5221168073667,5284119166350,6629883775341,6081737934854,9899929090656
5682346809268,12829658596131,8163135478052,11140548730521,8178131371122,8854728700870,7098129551715,8453102191357,7480102538960,6990694643871,6634004883604,6543181999425,5561206311787,5919916921392,8351278625937,5889730768099,7683317655874,5225014360443,6444061533420,5185910026044,6074203088687,5396714515291,6905277125921,5224752187110,5278627496309,5355175562326,5351937376143,5221622013257,5284225782902,6630084795188,6081872226177,9900026503639
5682510365526,12829740506294,8163192859431,11140687372227,8178254151738,8854802802588,7098372364638,8453175417441,7480390655893,6990902726235,6634321096958,6543411126240,5561475918203,5920205190335,8351722449322,5889988740612,7684112856336,5225619024197,6444339721327,5186082495206,6074638177219,5397070477319,6905492984296,5225292408933,5278804248286,5355555248748,5352313552688,5221779386725,5284395127162,6630328430586,6081953643090,9900159147008
5682839406352,12830310100518,8163444763118,11140883274505,8178501858097,8855112931827,7098481884189,8453342426862,7480651152373,6990993003433,6634419200398,6543766959884,5561751213387,5920464011769,8351982307198,5890125007150,7684403996484,5226000944453,6444791257709,5186302310810,6074843113434,5397319287987,6905871716831,5225596263101,5279080632818,5355792510647,5352399816197,5221934453147,5285009047429,6630437118813,6082184513236,9900252759504
5683154903799,12830872155070,8163772390321,11141066411424,8179111392482,8855377085087,7098660928847,8453453035972,7480835909779,6991055214247,6634853228450,6543966588951,5562178433097,5920685923953,8352432072287,5890306758549,7684700607494,5226283886214,6445094537698,5186472903755,6074935613025,5397576906427,6906020963082,5225777135037,5279159790623,5356080909556,5352560350537,5222185537152,5285429835950,6630707378322,6082390707228,9900345911782
5683476544954,12831048501354,8163887688471,11141237824109,8179491431411,8855658034338,7099099174414,8453598804395,7481078087254,6991258499160,6635010737618,6544177036662,5562332498209,5920971503679,8352718974620,5890482183598,7684951045850,5226568034108,6445341634636,5186598497622,6075098141873,5398138197491,6906155196299,5226013780199,5279300646637,5356585911160,5353220857810,5222400547587,5285647711810,6631046755334,6082935406190,9900480632899
5683759197074,12831165235713,8164353239826,11141471010573,8179619097612,8855797776504,7099260359847,8453800058807,7481871069008,6991588491145,6635153382595,6544405874095,5562407520529,5921219689940,8352948565562,5890627969692,7685316553942,5226847245426,6445490441090,5186898825161,6075225846126,5398356468694,6906260338362,5226443933639,5279387037619,5357101694531,5353307978616,5222822935843,5285922063715,6631556848022,6083406202003,9900595766586
5683958914825,12831521841347,8164737708410,11141709385930,8179905749554,8856048225643,7099500935924,8453957841419,7482296269864,6992167510239,6635802263655,6544475184612,5562943609605,5921430695027,8353277245788,5890906936586,7685642692051,5227056396335,6445577658030,5187017711162,6075303887665,5398570950907,6906380104891,5226533254624,5279671525494,5357288474115,5353638930779,5223135967869,5286063025503,6631845971575,6083587407067,9900804537996
5684239556181,12831935382043,8164833117970,11141887901352,8180060851050,8856209852463,7099700158982,8454058085634,7482579163320,6992497993998,6636025366082,6544646944574,5563382940050,5921925666601,8353976332358,5891418545186,7686345737309,5227174683537,6446062089583,5187222398336,6075609488642,5398791092309,6906503214188,5226794167808,5279939863976,5357373697803,5353916394167,5223318154780,5286230619521,6631922547242,6083783692666,9900877097603
5684397633253,12832210289184,8165053114884,11142211020498,8180361586120,8856411714955,7099940895852,8454192131640,7482796856432,6992587476671,6636197917795,6544804494552,5563530569808,5922303391604,8354651678816,5891812578486,7687200821156,5227414246836,6446248617007,5187434931719,6075868234931,5398897492067,6906669316927,5227042090418,5280082986617,5357531315977,5354476489461,5223948559931,5286315295373,6632076144035,6084089580807,9900967676579
5684992355493,12832560842481,8165290374097,11142441865092,8180582102704,8856791259032,7100180864427,8454407445056,7483139268595,6992686545845,6636378287676,6544978697093,5563600265470,5922470779842,8355046126768,5892407889201,7688071240598,5227589348178,6446327608769,5187700187715,6076055251779,5399073134072,6906928483142,5227316159424,5280356385888,5357671572451,5354695020365,5224285723642,5286541263104,6632197434814,6084358715420,9901060148036
5685289769011,12832858374340,8165710796915,11142695066054,8181021851128,8857024791827,7100405865392,8454572178085,7483372596118,6992814614917,6636597733095,6545222063601,5563716517513,5922624622327,8355360510048,5892576286573,7688174955833,5227722235247,6446479487634,5187953883036,6076890728034,5399187381042,6907081646764,5227533066088,5280599007699,5358138195460,5354917459042,5224601827211,5286806730943,6632786455558,6084765624171,9901160237612
5685532734219,12833159982226,8165955697513,11143107997636,8181376334333,8857434939385,7100661080311,8454769781457,7483651291397,6992861207668,6636885624407,6545286921259,5564081042334,5923138443669,8355757327231,5892748031931,7688376558382,5227838649547,6446633051056,5188083855802,6077302236924,5399445195513,6907315623577,5227797180369,5280820698254,5358591841786,5355150090993,5224830923043,5287111492378,6633191583227,6084913975999,9901243239576
5685805212856,12833803281331,8166243516970,11143298819320,8181514642415,8857844073908,7101092301557,8455029637233,7483830604556,6992966914671,6637429273428,6545413679747,5564305116169,5923239317073,8356092982180,5893105851809,7688736482311,5228075446555,6446874930588,5188305613279,6077505908973,5399533836290,6908131689612,5228245908858,5281022074330,5358647728164,5355343304347,5225029345300,5287322021945,6633307005361,6085158522880,9901320302100
5686011627995,12834040660831,8166487163228,11143451969144,8181903820918,8858440984578,7101265769180,8455263800523,7483942045821,6993150124953,6637596960301,6545606741129,5564638648194,5923359378495,8356456173796,5893421042667,7689071222973,5228448811596,6446968997731,5188731480398,6077699633755,5399728727115,6909001630253,5228519853050,5281201930484,5358854299241,5355466701745,5225157264951,5287578648292,6633656545840,6085560243174,9901388793107
5686350165333,12834182507402,8166955301192,11143882636597,8182166984310,8858736862603,7101680302622,8455415605433,7484185433560,6993881194685,6637784146652,6545829089761,5564938853125,5923597300995,8356684076563,5893527568447,7689258786693,5228757575910,6447325256145,5188969027793,6078202150584,5399994425113,6909430632824,5228713623243,5281440003632,5359025259192,5355791518861,5225278390766,5287920059884,6633791948943,6085674412379,9901505866043
5686954721039,12834395466680,8167208595636,11144014578451,8182370781048,8858995968767,7101880632069,8455499684342,7484330459156,6994274053716,6637842078521,6546012658756,5565149425430,5923804485310,8356763428370,5893645673705,7689805940012,5229215824341,6447449542862,5189260370983,6078914274625,5400282427958,6909741599665,5229004318634,5281678157335,5359311261784,5356043829762,5225808292023,5288075274147,6633896268605,6086068484978,9901589834011
5687803596930,12834542711404,8167871832591,11144314598861,8182672800925,8859126464547,7102126138688,8455644105862,7484424385227,6994474039495,6637893849253,6546205156908,5565236588010,5924070159455,8356828616383,5894002264717,7690042051456,5229417927634,6447503090337,5189653879569,6079224382026,5400601205064,6909986983597,5229579375838,5281951673479,5359523368728,5356570496909,5226032366127,5288284031061,6634015609135,6086442296762,9901666903840
5688191717148,12834755221252,8168231976049,11144541496599,8182954689582,8859449314667,7102792759049,8455716370957,7484791379300,6994722912821,6638133636556,6546398175273,5565527898586,5924461166876,8357044069805,5894065741861,7690400363499,5229539941831,6447668953632,5189932525276,6079478960885,5401320565217,6910184585805,5229753118812,5282137277053,5359598855399,5356838229422,5226248481089,5288397480237,6634405925091,6086723440121,9901799221591
5688538590292,12834962214043,8168467952811,11144825174443,8183230815246,8860119608506,7103546106270,8455911179703,7485005147234,6994867728220,6638609503506,6546507443464,5565832817378,5924792923915,8357220190899,5894212505167,7690562457937,5229775354835,6447845512078,5190032257393,6079691231502,5401581542812,6910418555112,5230101943676,5282532138690,5359794430141,5357174458773,5226400070771,5288595075273,6634522928103,6086924306758,9901903023160
5688776881499,12835200184410,8168634756171,11145096215367,8183415272557,8860530690705,7103770617522,8455993817508,7485396862768,6995204952186,6639160534201,6546775323983,5566424750965,5925302952120,8357539418876,5894468968458,7690750671835,5229939918952,6448155177948,5190196970354,6080032509091,5401706276001,6910641019961,5230276292795,5282746574974,5360020571387,5357331036549,5226599024303,5288799740464,6634702634486,6087262789025,9901979855433
5689503366387,12835255072883,8168878866512,11145219825350,8183724223570,8860811105008,7103941922598,8456132961521,7485787922691,6995283230739,6639397272597,6547107556453,5566634146896,5925387559815,8357895260814,5895101229173,7691018258620,5230227766177,6448488552543,5190233772073,6080305253118,5401729061587,6911043667091,5230372827932,5283030751214,5360629997151,5357604449714,5226758743642,5289264383709,6634981999007,6087556548278,9902082396619
5689679213006,12835523584791,8169225760878,11145451323548,8184154867760,8860988367359,7104222705924,8456401818648,7486211339743,6995487848827,6639809274664,6547297425630,5566939979818,5925628725360,8358202250631,5895829808612,7691171424236,5230333619323,6448622133547,5190387497637,6080752206910,5401797697756,6911188241571,5230459250830,5283274036512,5360998156482,5357676625683,5227102425356,5289464240684,6635208370137,6088305435579,9902181656590
5689937627382,12836033640381,8169578338219,11145845279364,8184367818101,8861272487462,7104411079205,8456635049949,7486589950819,6995692791417,6640131617959,6547436926932,5567545325815,5925876990069,8358682863435,5896176435545,7691454967733,5230556484104,6448906842895,5190627196810,6081244489731,5401916886243,6911441009763,5230583370397,5283417559095,5361153543959,5357798336324,5227254279943,5289633685462,6635321884877,6088513961407,9902287573740
5690005439307,12836214762473,8169865390867,11146032388934,8184567072956,8861442003372,7104598749408,8457109144511,7487009286825,6996007817157,6640285656683,6547723392615,5567963031555,5926238344230,8358917704072,5896473082416,7692080804967,5230841721425,6449375991140,5190854262522,6081543447052,5402040076348,6911786084454,5230829523581,5283587322071,5361417824065,5358007609542,5227444693610,5289801732129,6635437433248,6088852188360,9902383859468
5690265967107,12836411240742,8170080348423,11146150754545,8184807538454,8861747360677,7105174343972,8457261404457,7487426601595,6996187909522,6640583948535,6548206482403,5568469220177,5926810099618,8359218522773,5896903577732,7692394450454,5231167730219,6449607984492,5191021186264,6081867327836,5402140760036,6912231768155,5231031967767,5283755744326,5361515811311,5358148733395,5227571717005,5289914890598,6635621379421,6089171376531,9902461193627
5690467572110,12836657948248,8170335650752,11146612275269,8185099558286,8861920035360,7105513239316,8457714311247,7488301864980,6996403671352,6640820286762,6548401257427,5568820425696,5927039227963,8359833563750,5897034667100,7692639252542,5231383552640,6449712659874,5191323526157,6082054928121,5402352357807,6912463400299,5231464673976,5283889133318,5361655059632,5358321325068,5227717507528,5290053450302,6635831574440,6089369987969,9902576643166
5690671586485,12836777034260,8170465643084,11146873157552,8185328560822,8862276205230,7105751540870,8458090910378,7488538998397,6997087510770,6641672234916,6548737768720,5569106130581,5927093151997,8360060475363,5897168584258,7692963180773,5231639991483,6449755288265,5191518615023,6082184748618,5402496132351,6912926175282,5231719954155,5284329833770,5362160500791,5358492029018,5227810364579,5290292533258,6636000762122,6089655443289,9902668454739
5691068801565,12837202953783,8170762258343,11147286788236,8185645525108,8862738666140,7106082951955,8458248395352,7488808347145,6997535745550,6642023299821,6548824143264,5569557083500,5927173297889,8360319264744,5897194836531,7693306320695,5231826052542,6449907228167,5191754408506,6082474102462,5402622091203,6913381677261,5231922922375,5284510001236,5362417397171,5358710204884,5228000060050,5290540414094,6636193546806,6089974928496,9902773277914
5691706713163,12837385774140,8171056971953,11147612556044,8186066002382,8862990446300,7106278704535,8458415781024,7489022115801,6997735588903,6642365941114,6549415587290,5569680175305,5927327994525,8360485541412,5897323279728,7693676339459,5231993016776,6450115320741,5191889014636,6082863688751,5402784272102,6913683273789,5232038031836,5284724194571,5362670786029,5358927398866,5228324519490,5290993811925,6636666641573,6090109189342,9902873579876
5692247749105,12837665904793,8171166736235,11147991562101,8186655896292,8863241278546,7106515494536,8458862825593,7489497152836,6997969578314,6642604999322,6549689982538,5569898247740,5927526419286,8360648361354,5897531891693,7693876249168,5232168186757,6450308325461,5192053282027,6083175332437,5403065833601,6913889559107,5232155925556,5284924368069,5362774662627,5359186596721,5228552408319,5291062595850,6637135447757,6090346612030,9903000612857
5692457707604,12838236998600,8171330390165,11148250124092,8186950950750,8863358138100,7106956564118,8459188139984,7490362604713,6998472700624,6642860267087,6549932922725,5570292696377,5927679412972,8360896044409,5897910350814,7694109789940,5232362154525,6450658077473,5192166596560,6083394713297,5403286041164,6914081640013,5232285869396,5285072980461,5362912800591,5359272831806,5228696587342,5291225997519,6637478199339,6090590999848,9903091599102
5692722889956,12838559943775,8171550051754,11148393835534,8187098430633,8863942738868,7107245599132,8459332393266,7490586367284,6998723436541,6643128583799,6550365117254,5571115501453,5927962675126,8361132701475,5898099584197,7694422929883,5232657494253,6451002855484,5192453598956,6083893197026,5403453917742,6914366057748,5232395380929,5285235577582,5363095624576,5359546271557,5228799444832,5291372391167,6637735566104,6090707222141,9903182113497
5692920742441,12838928172520,8171728442420,11148538211861,8187398080282,8864651352851,7107612014453,8459542537459,7490848326153,6999305508312,6643347423048,6550454198741,5571587228698,5928400988685,8361540690361,5898141071694,7694612396741,5232744008832,6451154956403,5192541786389,6084199282956,5403716413101,6914631456792,5232483982295,5285455065065,5363409945009,5359913696783,5228938393527,5291729759153,6638041957279,6090952980606,9903291665254
5693199456360,12839118549760,8171984954634,11149008348157,8187798655140,8865077851417,7107872825507,8459663386394,7491457295910,7000002783714,6643877511511,6550819696117,5571794812123,5928571486157,8361829338543,5898539976448,7695101276432,5232863032819,6451386094079,5192698133590,6084366719771,5403861847958,6915003361820,5232648603009,5285579865298,5363513954442,5360099117658,5229150855308,5291868254383,6638148889729,6091070391401,9903359339780
5693577216973,12839347378802,8172131836474,11149332718842,8188021744589,8865233243145,7108021895841,8459970209503,7492076769501,7000407703727,6644331684575,6551045892625,5571983205271,5928990742321,8362070378405,5898776402435,7695377102304,5233086600781,6451698866853,5193312442658,6084635459374,5403993459372,6915329855517,5232884922880,5285818330232,5363744960870,5360206172882,5229454110751,5292441625624,6638294407830,6091274146763,9903448306146
5693835802245,12839648557634,8172504795693,11149635938857,8188379603809,8865483629739,7108180410617,8460178545305,7492249736468,7000545656057,6644772452806,6551286975684,5572126081361,5929316007065,8362205497743,5899075355477,7695672639287,5233162193560,6451877974591,5193564430842,6084888289078,5404238691338,6915491404580,5233215204874,5286099413159,5363959453015,5360378211383,5229762092925,5292942836037,6638522144474,6091814277443,9903566878086
5694254531051,12839891414878,8172775514285,11150194595915,8188961623458,8866015268318,7108406967341,8460398203797,7492536448218,7000694737506,6645327770671,6551419737414,5572363152386,5929439897678,8362711409815,5899272938272,7695858501239,5233425407527,6452083436464,5193623300414,6085033571694,5404358004481,6915693597384,5233464977565,5286258285805,5364250300109,5360506549391,5229966611854,5293280406314,6638710621367,6092073931763,9903690835512
5694496249545,12840030177828,8173127831449,11150710870504,8189348034547,8866546788178,7108961698985,8460499377124,7492819449490,7001179579305,6645703395508,6551521994706,5572662091350,5929531810925,8362859165393,5899533398695,7696117716030,5233582774676,6452274053140,5193775226508,6085282512055,5404686752400,6915890379233,5233779217836,5286411978776,5364578578811,5360783071481,5230094717939,5293566327881,6638904452839,6092324580719,9903791684456
5694857262277,12840281086508,8173664189248,11150971929961,8189819196692,8866693231395,7109400522577,8460602210046,7493149094167,7001835447581,6646050563179,6551687317247,5573050003327,5929967643922,8363030680390,5899709553137,7696271747031,5233886266900,6452465152613,5193971783557,6085528583573,5404813729725,6916134502233,5233923110838,5286561698790,5364920594717,5361133094196,5230323876167,5293792456532,6639033765571,6092518835706,9903863973311
5695231152014,12840441615849,8173903526331,11151300065785,8190177697785,8866859658063,7109722077587,8460845512471,7493418184361,7002427345356,6646436406279,6551829482791,5573294844135,5930209543969,8363524218345,5899957578311,7696504362232,5234605224208,6452632771810,5194188058753,6086247047157,5404941241772,6916370941553,5234001699918,5286745218510,5364989655923,5361394579919,5230451205197,5293926570504,6639095225868,6092702145786,9903952657664
5695426013691,12840633912563,8174081716735,11151416924211,8190443662832,8866948682054,7110044987148,8460891678623,7493738631279,7002626326216,6646691322622,6552010174335,5573672812120,5930694173528,8363733737329,5900518586121,7696600993554,5235346247596,6452830335555,5194486320372,6086434018488,5405207737539,6917239927332,5234161248385,5286971636783,5365249356301,5361508075055,5230638221649,5294178331821,6639308084784,6092911658615,9904037358112
5695571818358,12840806796096,8174253751429,11151614062525,8190681267508,8867216487614,7110413835109,8460976422539,7493910344154,7002746349065,6646899808469,6552069550333,5573925766575,5931015421058,8364032980213,5900676859065,7697224017617,5235932542082,6452986068548,5194851049808,6086623563891,5405339371630,6917758521339,5234450525766,5287746559446,5365601085665,5361657947830,5230805822615,5294367406990,6639717092417,6093130914314,9904115408757
5695807531395,12840867570660,8174507076514,11152249929049,8190782208350,8867605738870,7110646422126,8461114755002,7494134520508,7002892077331,6647072398671,6552142872492,5574036922076,5931124218673,8364319574847,5900810621906,7697530727513,5236219276899,6453283584076,5195216886376,6086861262077,5405558926786,6918409877669,5234496043519,5288619879565,5365857235607,5362002537157,5231449670595,5294767973928,6639772995513,6093386538252,9904231206246
5696078783092,12841078549416,8174753659628,11152513336533,8190910559334,8868307513243,7110810182169,8461445926517,7494309248547,7002980039618,6647319548838,6552204367296,5574250226930,5931303184455,8364752041104,5901078677982,7697762274222,5236329103749,6453484582877,5195313310993,6087095488644,5405710758394,6918895907684,5234597771627,5288860819452,5366091467315,5362349460604,5231793300365,5295591380564,6640088196178,6093716619897,9904310876879
5696323869782,12841645312076,8175123855736,11152782616879,8191155350640,8868563557993,7111025178553,8461639769757,7494653440617,7003282563633,6647514373394,6552410353948,5574424378639,5931504829035,8365029498112,5901246727802,7698179554440,5236678088841,6453824418228,5195703600713,6087574488368,5405887505510,6919240448225,5234673252774,5289243257348,5366363052225,5362441519716,5231862507707,5295848842970,6640255990388,6094048966551,9904385650202
5696738580175,12841962714714,8175378568981,11153498995616,8191399735856,8868680306193,7111388400645,8461738799399,7494869018878,7003542122700,6647664431215,6552832239222,5574513249802,5931908987587,8365261831401,5901439305379,7698463517428,5236771088718,6453919335658,5196131037867,6087721013659,5405991575797,6919535711185,5234856655312,5289773962779,5366626252000,5362672942804,5231990087926,5296335141228,6640446343682,6094371444680,9904473714823
5697551980281,12842128390435,8175577610852,11154049609642,8191683338409,8868981590145,7112031404641,8462254317093,7495125745147,7003927736887,6647974391885,6553193012790,5574675758511,5932319762813,8365349625734,5901610277183,7698638035245,5237008271229,6454067123179,5196471510399,6087807784412,5406047169374,6919786412373,5234981896123,5289966473752,5366827187419,5362803556334,5232121341050,5296464161110,6640668996790,6094521547008,9904544352279
5698050551309,12842337327530,8175852773557,11154595860315,8191830149575,8869370727608,7112295457173,8462674808203,7495323750387,7004545290673,6648322752037,6553314079387,5574916522661,5932627853566,8365630965397,5901857807100,7698976947630,5237293591431,6454289004780,5196629663807,6088170268531,5406155747049,6919882980044,5235399670530,5290471854124,5367007004235,5362891818232,5232176633799,5296650006012,6640730585382,6094686737580,9904647301099
5698428718875,12842527694742,8176125241532,11155104130153,8192030436886,8869621107561,7112640529577,8462769165602,7495520909504,7005268211627,6648666081952,6553351478884,5575293045409,5932844117158,8365866125832,5902012222180,7699196681512,5237841139924,6454449666739,5196890557342,6088466157770,5406295148431,6920190377847,5235550311891,5290803285154,5367117680438,5363069899330,5232201176252,5297089584455,6640801132652,6095155000045,9904705581435
5698551798300,12842687364188,8176288231946,11155334190608,8192229066839,8870207511704,7113229684121,8462859080143,7495641339183,7006017925765,6648797645690,6553399233087,5575461212669,5933067826000,8366720984419,5902217629125,7699502462750,5238214272408,6454678011056,5197049829979,6088910137831,5406613748753,6920396742821,5235771700968,5290955485733,5367239714044,5363259095427,5232350617436,5297325434405,6641139053925,6095661475703,9904774958780
5698745622323,12843144140364,8176538999566,11155645926048,8192472521130,8870729028333,7113679825763,8462944697492,7496052613214,7006741294205,6649024449337,6553510189178,5575648145485,5933402309357,8367569332920,5902384632942,7699579259100,5238416307834,6454823265154,5197259329026,6089081523316,5406726124435,6920572261245,5235929153468,5291123010715,5367378574650,5363500051568,5232437422995,5297480399601,6641472020848,6096102779446,9904865128482
5698923142405,12843381526454,8176686889217,11155950505788,8192611616658,8870990767688,7114170979852,8463012583809,7496306774718,7007480910754,6649289883428,6554080885997,5576038399331,5933489943359,8368422179010,5902474617163,7699779259589,5238733271131,6455280046246,5197377453691,6089305883896,5406879782722,6920721486577,5236081850776,5291394123744,5367488565259,5363638950690,5232697353463,5297748844880,6641556403933,6096580045178,9904947037790
5699076019410,12843587817484,8176850123839,11156083920893,8192879051551,8871214147365,7114426453105,8463125297034,7496640476072,7007636345414,6649412468037,6554638033383,5576181458252,5933733457592,8369280008299,5902819272938,7700139774046,5238961290312,6455555540233,5197630019865,6089609813482,5407252153753,6921221284263,5236419330864,5291528398909,5367811684785,5363824022252,5232901641165,5297881353437,6641782504102,6096909212354,9905039091175
5699258083956,12843972397194,8177100936591,11156375644892,8193357606925,8871446168708,7114785723584,8463304166830,7496727684096,7007769951234,6649645324147,6554727766697,5576431608831,5933904734437,8370139879445,5902985772236,7700359409376,5239720529094,6455949512718,5197695409328,6089930726502,5407427487622,6921468606891,5236540461314,5291864165766,5368015373979,5363968522002,5233016888716,5298305131524,6642358914576,6097105617206,9905105141113