25417103172,23977399901,194690556229,22268315412,212146493976,23827135201,100254961589,22133758521,171666884992,19949917919,88083870772,21636872306,28440927068,20897981670,279756201914,20391807253,24727868368,20889270915,109707909074,20748267058,102546605473,21315672624,203486705567,21592115828,21990218522,21899565204,21940457110,20116170195,21436498435,42301974651,41571529307,193744177720
25421362253,23977439402,194928405876,22268487892,212391253688,23827135201,100350712063,22133758521,171883201642,19951176707,88169972723,21637198377,28452514849,20897984222,280152225088,20432219962,24732582170,20903740442,109824714711,20748295515,102656735294,21315715071,203755233981,21592124068,21991485438,21899683036,21952692885,20116369647,21454648891,43241634689,41632515930,194534466546
25421686209,23977439402,195187756503,22268521412,212677046347,23827135201,100469307107,22133758521,172117080928,19951181976,88269613003,21637198377,28460911564,20897986314,280580745798,20441329992,24735602343,20952476879,109951120234,20748305012,102772789764,21315718803,204062252624,21592124068,22000655172,21899879345,21954527261,20117064972,21455159080,43243426513,41657507495,194552037185
25438205689,23977457225,195469212425,22268655106,212966804379,23827135201,100572099549,22133758521,172365307098,19951226619,88378512431,21637198377,28468197962,20898034674,281004376323,20468981990,24738834364,20984366993,110081028123,20748339432,102894870203,21315720718,204368594336,21592172988,22001216935,21899942683,21955125201,20117399169,21455480799,43286178323,41685978265,194613486049
25449133929,23977457225,195732175446,22268657175,213250900611,23827135201,100673763948,22133758521,172601388279,19951258133,88476246260,21637198377,28479115008,20898073225,281427283005,20505593315,24741520413,21001373720,110210021392,20748372508,103010194210,21320645493,204682776184,21592196156,22001481628,21900165837,21955993461,20117638054,21457786926,43291282396,41705321456,194613913606
25450529963,23989597458,196015273788,22268657175,213543869202,23827135201,100779180792,22133758521,172836772122,19951384609,88579362626,21637198377,28489404893,20898082975,281850018525,20505593315,24744368378,21061048998,110338797690,20748419994,103125381980,21321186937,204986200755,21592223114,22001762334,21900247952,21956258767,20117941957,21457799544,43303332956,41727445244,194615968452
25451696405,23989656287,196273224684,22269389733,213819319798,23827278425,100879153490,22133833821,173067792852,19951409171,88672105199,21637198377,28498281719,20898082975,282275457480,20505593315,24747130552,21091195948,110462965923,20775613991,103234971731,21321211836,205300396580,21592228274,22002220029,21907194791,21956834485,20118236506,21457869352,43303984256,41749338897,194616295072
25457809604,23989794664,196545217760,22270730724,214102264788,23827278425,100980589332,22133833821,173289777476,19951418006,88773530180,21637198377,28506889042,20898114299,282706337050,20505602595,24750297187,21098359608,110585189155,20820255465,103350876194,21321220561,205614712656,21592241801,22004935711,21913643700,21957289707,20120066567,21457906699,43314082069,41768019423,194625958521
25458132387,23990804068,196815335535,22272479121,214384973260,23828218702,101081464163,22135046683,173524766330,19951469663,88882538701,21637872852,28514124309,20903802565,283134191228,20505613609,24752910884,21099491195,110712909665,20821423151,103468449169,21321708314,205928041046,21600585204,22005265590,21915537884,21958060879,20132370977,21467597658,43327441936,41792283768,194681832629
25464090472,23999000692,197085081162,22272495061,214671837889,23836088855,101185339567,22135159432,173766918068,19951620375,88982737951,21637951119,28522814195,20903802565,283564774661,20505613609,24756429340,21099525698,110838588939,20821423151,103586455264,21321708314,206245214961,21629868625,22021959763,21937754579,21961326135,20132564942,21467654730,43327870060,41809968466,194684597940
25464282796,23999041880,197360581317,22272501555,214965715627,23879977717,101289161917,22135204282,174013617488,19951776965,89081341449,21638045832,28529148512,20903843427,283995907469,20505619740,24758939409,21099536151,110964932594,20821423151,103704990454,21321730160,206555633141,21629888934,22022108674,21953650307,21961893420,20132673182,21467926815,43335582898,41833348774,194694463414
25464312932,24018688826,197649133388,22272506058,215259189761,23900939855,101392584998,22135209875,174250582419,19951887158,89181071614,21638072152,28541293731,20903872265,284424126000,20505626449,24762362562,21099673952,111094557212,20821428444,103826565773,21321821006,206863624783,21629888934,22022653052,21969489724,21962336320,20135030963,21470510207,43337266425,41851154496,194706497627
25468444125,24029925437,197921052971,22272506058,215541718532,23900939855,101494378606,22135211909,174482425999,19952108395,89279497620,21638104864,28549086328,20903894952,284851376812,20506634170,24765864506,21099681883,111218087628,20822118484,103943827795,21325058524,207174074501,21630174887,22030897934,21969506189,21962561906,20135137926,21470615533,43337480580,41882331867,194765616046
25483666144,24029978589,198186576814,22272506058,215832602358,23900943526,101598662012,22135228051,174715674911,19952291500,89375873498,21638118038,28558031859,20903928762,285283193829,20506687084,24768872279,21099718517,111342614692,20822151160,104059164289,21380566486,207488418983,21630360321,22031048320,21973504491,21962828259,20135233564,21470646807,43340930169,41903715329,194776022066
25485157260,24030325090,198452806121,22272517613,216116709903,23900964019,101702161983,22135230055,174948815361,19952425191,89473139144,21638154749,28568944604,20904054169,285713528501,20507024416,24771870268,21099718517,111465736567,20822156898,104174755476,21440032000,207801388350,21630360321,22031473999,21973579167,21963161651,20135486436,21470736586,43341625700,41925297331,194777011238
25486829549,24030401003,198726366152,22272517613,216399595885,23900967893,101804738741,22135230055,175184893638,19952469092,89571728591,21638165486,28581031486,20904086619,286144500997,20507155227,24775180492,21099780612,111587171657,20822197753,104292947931,21459777998,208114647036,21670146323,22032755335,21973896595,21963767251,20135616130,21472681090,43343212087,41947134846,194781782902
25488753396,24030682914,199006771025,22272529481,216692582248,23900967893,101908034504,22135242954,175427560143,19952509472,89672044519,21638165486,28586173851,20904135361,286573891580,20507506775,24778464428,21099791755,111710116136,20822216129,104412000125,21492302327,208427723423,21697122418,22033264357,21974707981,21978472646,20135677912,21476788769,43343972623,41970746889,194782087029
25490436609,24030842410,199283509487,22272534647,216976929651,23900971796,102010375058,22135242954,175652925173,19952568973,89769837446,21638165486,28599865812,20904271046,287002839242,20507825998,24781169474,21099815822,111832073881,20822325149,104529118150,21492330883,208737035492,21749227906,22033930548,21982043098,21979595129,20135907279,21477151000,43344456788,41995196466,194790089226
25492019500,24031040259,199568575128,22273445129,217270392769,23900987589,102113602248,22135324431,175894932837,19957479598,89873361868,21639198942,28612224177,20904446022,287429758020,20507988518,24785068084,21099875875,111959704720,20823372229,104648494591,21494010924,209045569272,21804052589,22034138133,21989925027,21979915364,20136935838,21477714704,43351718488,42014113856,194791829039
25492578362,24031173010,199837598527,22273445129,217557606937,23901517029,102216067908,22135324431,176132329900,19957772259,89970295934,21639553340,28618155465,20904648214,287861391550,20508141113,24788151986,21099979662,112086026516,20823389489,104765320939,21494025891,209365544067,21862863056,22034346944,21989930350,21980252277,20136991888,21477734629,43352160403,42024820556,194798309359
25492890810,24031200808,200117657257,22273445129,217851085430,23901517029,102321203377,22135346363,176370395523,19959695317,90073071902,21639939252,28626761083,20905106541,288290541441,20508149661,24791031409,21100195938,112214094112,20823411962,104883629961,21494025891,209680137827,21879257456,22034549539,21999974439,21980714938,20141700572,21479820387,43369668417,42059856635,194815448916
25504669641,24031419699,200395677786,22273445129,218147814370,23901517029,102427223014,22135348658,176618699046,19959778425,90172530962,21640174301,28636332839,20905558617,288717349644,20508211122,24793754164,21100195938,112343882502,20823412905,105000088100,21494028806,209988433545,21879473116,22035224384,22009613340,21981333795,20141815822,21479930248,43372771688,42076956889,194874371565
25506279016,24031500213,200659700771,22273445129,218436460579,23901517029,102529784856,22135362926,176850698177,19959799775,90267808660,21640260981,28643579424,20905661062,289145669762,20508258771,24796319320,21100195938,112467777306,20823412905,105114036476,21494045273,210305039219,21879634746,22035274699,22009618031,21981368186,20141860841,21479991766,43372926659,42089836973,194934960524
25507455429,24060514406,200939630324,22277872674,218728160085,23901794081,102634070564,22135454077,177086364754,19959851018,90368584155,21640296587,28650638759,20905696125,289574621608,20508284839,24799283950,21100257190,112591806948,20823412905,105231344193,21494056571,210620599069,21879794611,22035594247,22009705182,21982100332,20142137210,21480005975,43395926801,42122651802,194966523944
25507614581,24060582082,201219109533,22285877137,219031038991,23961491929,102739598158,22135466757,177330674499,19959886260,90467909829,21640313553,28662657988,20905709019,289999983406,20508284839,24802791294,21100458463,112718206271,20823412905,105349904663,21494056571,210930245582,21879803374,22035933942,22009943999,21982229624,20142377262,21482327835,43396277744,42142431783,194966803568
25508054911,24060690294,201504195009,22285888882,219327388521,24017701055,102844502778,22139415172,177575444057,19960011439,90569211375,21640325068,28668950382,20905710304,290427801811,20508363773,24806334063,21100692777,112848100082,20823412905,105472619138,21494056571,211240460099,21879805453,22036223125,22009943999,21982851530,20142435888,21499324738,43410091685,42158547488,194977373716
25508284992,24060695897,201786812649,22285902876,219630812772,24077484395,102951163454,22139435801,177819801583,19960058373,90667766728,21640325068,28675415038,20905752913,290852898528,20508363773,24809526089,21100893577,112973834341,20823412905,105592069863,21494056571,211553179450,21879822868,22036584247,22010042657,21983138404,20142628984,21499324738,43410422598,42176034146,194977476150
25508753757,24060793188,202055778020,22285915936,219923061175,24135337583,103054795960,22141169502,178053281200,19960124855,90767764405,21640328415,28685598474,20905771487,291282756788,20508367619,24812638409,21100904940,113099283305,20823542290,105706636908,21494056571,211867453594,21879880628,22046367163,22010119638,21983796795,20142726475,21499324738,43417768878,42195688078,194983366330
25509140452,24073468195,202329427477,22286979070,220214280442,24168822190,103156336579,22163974757,178289556432,19965107884,90867540990,21640900881,28693317141,20906649491,291714747556,20508399809,24815997851,21102486878,113223552164,20826203380,105822000923,21494070965,212186807891,21879992882,22046819074,22012135481,21984139064,20143188145,21499430758,43421471664,42206059568,194987621104
25514861293,24073533519,202610368863,22346223232,220498179875,24168822190,103255377999,22163974757,178527609950,19965474341,90969421285,21640900881,28701860549,20906649491,292144717592,20508399809,24819184661,21102486878,113345402990,20826203380,105940775156,21494070965,212503056310,21880150343,22047149277,22012361991,21984627737,20143331780,21500120231,43421903934,42225441453,194988148423
25520476174,24073603449,202882363012,22405278710,220785274546,24168822190,103357863349,22164001512,178768206967,19965518105,91068405080,21640900881,28709272777,20906649491,292573511931,20508414406,24822065725,21102489471,113476804517,20826207523,106057050530,21494070965,212817987681,21880400293,22047518703,22012478442,21984840374,20143501692,21500572364,43422189119,42256577204,194992681475
25523577419,24073740550,203154433461,22455656163,221079623108,24168836972,103462837674,22173408284,179002307691,19965675341,91167173928,21640900881,28718805789,20906649491,293002299924,20508449202,24825317357,21102512259,113599806316,20826207523,106174802088,21494070965,213134601827,21880610029,22047877546,22012507950,21986051153,20143513006,21515382635,43423870177,42274457978,194993066465
25523858717,24073805977,203444316178,22516983127,221383844983,24168836972,103568155114,22173424321,179245981990,19965764508,91272504414,21640908007,28729653519,20906649491,293427700407,20508452938,24828911898,21102523005,113725459849,20826207523,106297960531,21494070965,213441591709,21880813996,22048151704,22012543760,21986317669,20143542961,21527024986,43424589132,42295079510,194993534751
25524653525,24073811765,203721533579,22576225145,221675365695,24168836972,103670918191,22173450436,179485031106,19965828307,91371397079,21640908007,28739049657,20906649491,293857421040,20508452938,24831525637,21102524492,113851456271,20826212049,106417478478,21494092038,213755777869,21881140876,22048179873,22012641953,21986711326,20143739145,21539539046,43424912412,42321758709,194993864226
25536969365,24073817252,203993919407,22628620362,221968003612,24168852391,103774521585,22180710774,179723031949,19965935746,91468614520,21640908007,28753413744,20906649491,294285793662,20508452938,24834837774,21102564177,113973944481,20826224084,106534184663,21494094133,214069690369,21881214883,22048351368,22012705858,21987508670,20143863824,21539992459,43425311320,42336584464,194994479782
25538600198,24073817252,204270952889,22660706892,222265668598,24168855860,103881040672,22209221210,179964440941,19965980041,91569959989,21640908007,28763599913,20906649491,294716462832,20508452938,24837822393,21102588480,114102079407,20826295616,106653007371,21494107892,214378786563,21881321455,22048715787,22012928386,21992549926,20144059005,21548570724,43426014897,42352206862,194997119348
25539536138,24073817252,204534974952,22718869307,222553286102,24168870838,103983725232,22209250365,180198553380,19966092262,91663544735,21640908007,28774374031,20906649491,295146620858,20508452938,24840778389,21102592922,114226165353,20826295616,106764538267,21494107892,214688604783,21881577780,22048794279,22012986738,21995482979,20144059005,21560904649,43426554016,42377539722,195002171772
25544213910,24073830924,204813612503,22776383735,222848286983,24168893823,104087652521,22209294340,180435822684,19966163076,91763681026,21643867256,28784074575,20906649491,295576086896,20508452938,24843838983,21102592922,114354370187,20826319508,106881960995,21494107892,215001058372,21881593420,22049454535,22013004271,21998337763,20144163615,21570646010,43432229760,42393372902,195002532293
25544937626,24075304031,205082408271,22781126332,223133362342,24169229670,104190060001,22209465144,180672149365,19969355731,91862138672,21693385593,28796343160,20907891904,296005819508,20509443687,24846851510,21104235077,114480586321,20830211150,106998889699,21494819542,215317841291,21881724761,22049655652,22014576850,22005401332,20144289894,21571196952,43436567753,42411719531,195005670091
25545648471,24075670688,205367006084,22781126332,223422107664,24169229670,104291995419,22217470813,180913039036,19969429764,91961756632,21693387868,28807159079,20907891904,296436288096,20509443687,24868870368,21149481321,114606612056,20844416923,107119728253,21494823235,215626288519,21881779475,22049926788,22014715512,22008518283,20144604622,21571239538,43436913485,42431408651,195181003169
25545970188,24076534929,205643479580,22781261118,223711336401,24169229670,104395287293,22217492863,181151322450,19969484672,92060377062,21693387868,28814543416,20907896968,296862929449,20509443687,24871639861,21174214706,114734733635,20878629346,107236171847,21494843744,215939581267,21881794841,22050074452,22014782302,22012134914,20144786644,21585837998,43437314522,42471401110,195245958325
25546284867,24076849327,205926988681,22782336032,224002119387,24169229670,104498804847,22217495203,181394887900,19969596014,92161761096,21693409217,28825428814,20907896968,297289889730,20509443687,24875487350,21191283423,114863335754,20878662070,107356353178,21494846005,216251595039,21881814769,22050558352,22015027833,22015912946,20144864321,21585890089,43441693771,42489866286,195292152467
25546738031,24077466729,206199934364,22782344807,224294920366,24169229670,104601495032,22217506616,181635001299,19969776841,92259766184,21693409217,28834402563,20907896968,297714666557,20509443687,24878386787,21191283423,114989630121,20878662070,107474055306,21494849768,216564983530,21881818252,22050997833,22015240125,22019213613,20144930722,21592289260,43449542415,42508223455,195355569835
25547528082,24077909890,206476605150,22782383780,224584296598,24169360676,104705210243,22217524144,181878556215,19969854597,92357384450,21693409217,28845748164,20907896968,298141876243,20509443687,24881110768,21191283423,115116911676,20878683019,107592103666,21494851503,216884481336,21881839659,22051403834,22015500088,22022733358,20145321209,21593293126,43449705169,42543804545,195418478948
25547725746,24101863625,206752065148,22797304667,224862433153,24170443249,104805171309,22217595721,182114813168,19970178014,92456093272,21693409217,28851895619,20907898941,298572977922,20509443687,24884057607,21191283423,115239575604,20878683019,107712483250,21494851503,217201870562,21881844367,22051711324,22015599159,22026124304,20145926674,21593848998,43449993456,42583872544,195442107133
25549934783,24102029103,207031006433,22823015775,225155159741,24204981807,104910601152,22217618508,182353076153,19970609242,92553760685,21693503665,28861083011,20907901612,299001899193,20509452947,24887336949,21191283423,115366508696,20878683019,107831618289,21494852623,217516070225,21881844367,22052576782,22015678921,22029921704,20146079949,21600311085,43452540194,42600022351,195444396571
25554486986,24102060835,207302522471,22830280541,225447005620,24242196643,105015237305,22217635235,182589595035,19987571428,92653603541,21693504995,28870517984,20907925154,299432635668,20509488208,24890883231,21191283423,115491924430,20878683019,107948323960,21494856555,217828790066,21881844367,22053180367,22015685071,22034414476,20146079949,21604252646,43458709189,42615541773,195446280305
25562135155,24102107272,207582914823,22830282092,225742694738,24269966287,105119732454,22217668370,182828447642,20014026470,92753247199,21693605133,28879591009,20907959586,299863371301,20510083227,24894990180,21191283423,115618328995,20891943761,108068314773,21494857949,218139489392,21881844367,22053675043,22015685071,22038163250,20146227416,21605111126,43459209526,42632156223,195446668901
25564805261,24102166009,207858411321,22830286120,226032391768,24270049468,105223351364,22217672752,183074730043,20014045706,92849350950,21693643981,28885046887,20908587429,300294192000,20510170411,24899087073,21191889671,115747580867,20948489041,108186416943,21494870090,218449517369,21881844367,22053714270,22016525016,22041442007,20146302639,21608069839,43462303659,42651160125,195448684801
25566352088,24102315572,208119904292,22830855032,226320508137,24270049468,105326369650,22217736275,183317244536,20014562909,92944149209,21694308837,28895723270,20908587429,300725799451,20510170411,24909911096,21191889671,115875983568,20949709914,108301588604,21494893476,218761731815,21924113053,22053822463,22017808075,22044938316,20146735795,21610545378,43468492368,42668698409,195466071858
25567182526,24102324116,208400935952,22830855032,226610519011,24270092510,105428884212,22217736275,183549743935,20014631531,93042409149,21694310698,28903482340,20908617434,301156119577,20510176087,24913366208,21191889671,115997363037,20949996435,108421282230,21494893476,219077197496,21983464855,22054145055,22017964625,22048343838,20146912176,21610614069,43468929189,42694572132,195466214616
25570423239,24102337551,208688775120,22830859043,226905336780,24270107916,105534552202,22217736275,183788926614,20014678328,93147027297,21694319897,28915296697,20908625817,301585575405,20510198416,24916802388,21191892161,116122554139,20950282718,108541470986,21494927143,219388363153,22022659916,22054608257,22039874927,22052169405,20147012298,21610677928,43469302577,42709109267,195466892587
25573392540,24102337551,208967498700,22830859043,227194169105,24270242342,105638330504,22217736275,184035346250,20014690646,93247023342,21694326011,28926945173,20908632082,302017079933,20510210166,24919398436,21191892161,116249605220,20950285340,108657843782,21494929628,219707119351,22074303245,22054930631,22047764380,22054138572,20147126250,21610938026,43469874295,42727733001,195467108060
25581808612,24102343820,209237024958,22830863037,227482513519,24270417667,105738841708,22217766895,184262016758,20014779943,93344223028,21694326011,28939262818,20908655432,302447133095,20510210166,24921961382,21191892161,116371244525,20950295393,108773032442,21494935805,220020458529,22128941306,22055235961,22053242174,22054501054,20147184105,21610991441,43470129755,42754158894,195467509586
25582861714,24102430942,209525765822,22830863037,227779554018,24270440870,105844332485,22217766895,184508902859,20014872089,93447053113,21694372353,28947686616,20908657679,302876837371,20510210166,24925084128,21191892161,116501412192,20950439750,108893473329,21494946098,220331439766,22164628243,22056422681,22078077850,22056450126,20147346199,21625056355,43470501970,42769245241,195467945872
25583202529,24102520753,209822363479,22830867034,228078703163,24270648113,105949435766,22217766895,184755224007,20014899959,93552410412,21694394050,28956932397,20908669640,303302097532,20510219081,24928147404,21191892161,116632179910,20950439750,109017232692,21494954001,220643658895,22205217120,22056761429,22098736606,22056793431,20147476893,21627915758,43471048314,42786368548,195469926905
25583534234,24102563382,210102669683,22830867034,228369942712,24270914568,106052311646,22217766895,184993975496,20014945581,93652397697,21694444267,28964743945,20908669640,303731346005,20510219081,24931852693,21191898131,116757009240,20950439750,109139085315,21494954001,220959293921,22264566613,22059117155,22098947168,22057053646,20147512748,21631591132,43471357023,42801551001,195470265197
25584208648,24102739414,210374027794,22830870915,228661310179,24271074108,106156033511,22217766895,185229630864,20015067132,93748320069,21694447716,28974037836,20908674119,304160389860,20510219081,24934601996,21191898131,116882101820,20950439750,109256878006,21494954001,221279339111,22307281638,22059241968,22115491221,22057321836,20147560809,21631591132,43474005771,42817003542,195470558429
25585087015,24103007318,210658074049,22830870915,228952902054,24271153364,106259389257,22217766895,185475415571,20015321536,93851408652,21694447716,28979937436,20908712001,304585577960,20510219081,24938114512,21191898131,117016563238,20950478445,109378987730,21494957966,221587973889,22363576486,22059462743,22119911653,22058259098,20147640107,21631723186,43474341097,42858721010,195470695253
25587897783,24116723255,210943532535,22830874920,229247945635,24271748473,106367902154,22217945315,185718650544,20016353487,93956931255,21694634236,28992020625,20910412043,305011866185,20511069648,24945989449,21204003296,117144355956,20950498434,109504783685,21495147218,221896505656,22367677268,22066788450,22122648108,22059299572,20151137403,21640971909,43480141513,42871060142,195509532718