470089853273,642666870929,1111833963420,607807735555,1160102595515,576647871005,902164861023,621687246223,1028602293866,656642382485,805361083071,577538835775,496264285871,532278464148,1173213584489,536370935936,559624238322,532560840267,861141468674,570344634687,782354623853,560628810928,1074207475836,568695049103,498164765051,522378340398,469265222003,529708947248,487062030011,517949640943,511508895450,447173427948
470127094879,642668048875,1112634060861,607809599035,1160920852282,576647871005,902699484218,621687367961,1029325620282,656647616417,805748227776,577539928883,496335934704,533188922142,1174161063742,536640808295,559789275488,532989394666,861583694564,570612280748,782779036547,560765849527,1075083615368,568813307140,498195085603,522381226208,469356721296,529710835407,487165568387,518485657236,511738409478,447633712748
470152214357,642669211390,1113493250805,607810087832,1161833524334,576647871005,903270841682,621687453375,1030119407960,656648781152,806200796430,577540065426,496373781700,534132577656,1175166095682,536701463245,559954266190,533322795414,862108822687,571009543042,783246949303,561258663909,1076054747995,568821023024,498227660507,522544057040,469379039506,529714037115,487181845236,518686721959,511839143200,447808088277
470186662462,642670427044,1114372790939,607810730474,1162735979742,576647977146,903866845501,621687500144,1030927447111,656650533086,806700607638,577540079333,496413864163,535094221850,1176171080633,536890256399,560134172991,533539474083,862677348600,571517524799,783773695610,561283438675,1077029718207,569230952262,498249126804,522574531995,469394203643,529860472590,487197328081,518884631279,511904785745,448017008682
470225027026,642677508520,1115230827866,607810842670,1163641667145,576647977146,904457939882,621687500144,1031716665964,656651902904,807133795538,577540109746,496463315920,536044507654,1177174227194,537135704313,560314132979,533651527391,863223943429,571893569967,784248809920,561316932011,1078006380192,569723457990,498265591517,522586749560,469407313941,529987826913,487215755432,519050184945,511995447649,448142196744
470255519616,642693685918,1116125825719,607811158028,1164554212748,576648037312,905046227651,621687961019,1032495102785,656653494313,807616607822,577540163987,496508287702,537009265683,1178179040078,537135779097,560491244651,534051154338,863756404382,572368886508,784755630778,561473898819,1078970739919,570189565222,498292281618,522599633538,469422095931,529999086992,487240046177,519140003457,512088068616,448255971452
470279994168,642766545464,1116978200926,607813454197,1165435291474,576648482382,905617829451,621688828965,1033271558007,656655309527,808057232447,577540163987,496546899217,537952168419,1179181299704,537136085869,560662163225,534247723768,864284953247,572671172586,785225138809,561778413586,1079946512803,570570826875,498312312655,522703644549,469450903501,530008853809,487253609073,519244499819,512177614106,448339708543
470318040084,642840270165,1117849501657,607955869867,1166328058841,576648495275,906215885483,621688980832,1034044550557,656656478691,808529835914,577540649685,496586441221,538721732494,1180185901484,537313411962,560845384358,534295476724,864786881871,572969736726,785732687671,562206127024,1080924607509,571076213848,498330946560,522730345144,469465719732,530028062422,487267892857,519337024814,512259411258,448435367498
470346794157,642867389112,1118724621079,608133264355,1167226144252,576676240952,906819989484,621727724334,1034830132313,656671629202,809000430684,577551857577,496627449225,538748318256,1181190732423,538264364353,560998180920,534314096720,865329801656,572997579224,786239277637,562545742355,1081901707737,571614832079,498368176805,522760576701,469489922259,530137405373,487314530492,519514593094,512369523171,448788198454
470375848142,643069214018,1119575970034,608503711637,1168126645741,576946958900,907412156017,621856549161,1035635288238,656706710779,809441908092,577560000092,496666263685,538760291439,1182195417273,539219719178,561196529729,534321772048,865881800951,573004898473,786730893728,562547968043,1082879586780,571810609431,498397537558,522912834167,469508591065,530321547823,487335022875,519579795837,512452658580,448871793403
470402405125,643087232113,1120459004044,608999309599,1169026994230,577238591862,908000070323,621871163100,1036451166873,656942349764,809917183590,577778999114,496694459824,538945569566,1183200278368,540171453697,561397567718,534322098977,866448277820,573004995033,787238822575,562548180306,1083854730110,571810634057,498415301725,523019676317,469531705646,530323570581,487347378586,519658604270,512508264441,448973891417
470428056876,643226987490,1121329089418,609175522337,1169929465544,577504523638,908599286189,621975073571,1037245868000,657016093559,810396631130,578205735481,496758910442,539125420794,1184204695527,541134490350,561557819817,534322905933,866986886049,573005098064,787790062515,562549662171,1084830021613,571810645908,498429420054,523126280003,469547829016,530340488556,487365331987,519736186158,512592426369,449071037440
470455943425,643262745150,1122187045924,609176150322,1170835027491,577505078907,909179395472,621986749247,1038023220706,657307098901,810872588990,578640483070,496794342553,539355647936,1185207763300,541804723060,561794878605,534616208166,867521685736,573106145854,788295118764,562572644179,1085800167813,571811304856,498458790814,523127512965,469565166920,530341762007,487380271106,519852157172,512705756401,449422080538
470502761498,643277916891,1123043942986,609176251226,1171744431604,577505919440,909784198312,621998417193,1038816407205,657311529891,811290825818,579051999024,496834145859,539555225916,1186212488654,541806531232,561951322790,535573940257,868045088638,573532965031,788773616125,562938701268,1086779626265,571814108835,498469822986,523154957245,469579684472,530343145840,487394012012,519924123013,512784409868,449494165266
470527833016,643291254930,1123907677876,609176797420,1172635676500,577508379057,910380122137,622008140479,1039599110789,657314356603,811744265484,579482816601,496895872201,539749880053,1187217301938,541808913869,562234506901,536525585240,868580409281,574001440736,789264403386,563329925105,1087752035362,571814108835,498484359567,523156419454,469597031114,530345071613,487408069352,520000935842,512891495724,449568884475
470553755276,643309694961,1124774617924,609177412702,1173528396859,577508669201,910975945514,622023415549,1040390305242,657316299507,812212033165,579591477372,496963851592,539921300626,1188222111164,541815585526,562375092562,537462246120,869118619941,574524370191,789775555808,563468746080,1088729091410,572079075353,498507018694,523441335992,469616219678,530346497833,487427361122,520072058100,513006877165,449660215223
470585356852,643321727639,1125644664909,609178244525,1174451998037,577508949957,911589763621,622033371181,1041186237025,657318194060,812672960952,579591477372,497002072904,540110276987,1189227232755,541819365639,562554114941,538411866806,869661799375,575012823032,790301440778,563681844078,1089698055698,572259883133,498524640524,523869418206,469660264333,530347800030,487446879527,520153546631,513082726079,449757707588
470614981410,643398846409,1126495631072,609240877175,1175334148639,577509176916,912193216278,622047060965,1041964736286,657319812541,813124473948,579591477372,497059630841,540332369287,1190232172573,541824298893,562835347167,539384748283,870166452160,575317942747,790811661091,563881086960,1090660345187,572604051450,498539345909,524076352888,469694628417,530397653539,487464458292,520251710038,513213613951,449850127026
470643285330,643430588531,1127372745882,609645451978,1176248398579,577520908850,912795373119,622069612748,1042767994672,657344479617,813598544525,579694453222,497134681962,540580718042,1191236243497,541839060234,562980763858,540214832377,870710877131,575473125621,791338056961,564376459381,1091625830100,572989804820,498555763297,524114040985,469714198436,530426023356,487488870394,520319508429,513304485631,449956062804
470667044976,643445467817,1128228857542,609659421002,1177152351633,577896198254,913399563202,622082507010,1043555942934,657421378131,814027979546,580116918929,497162268656,540751443827,1192241172195,541842593433,563130740606,540216590398,871248671618,576427546480,791838584187,564376488972,1092598762859,573378247088,498569384959,524115311540,469731260941,530427574852,487511691491,520401868152,513350630991,450042954014
470693717569,643457748500,1129100628363,609659563887,1178059686280,577896234518,914003006426,622092516295,1044338908849,657792970756,814480979402,580557374927,497216788006,540997775464,1193245999794,541916144250,563366676488,540218491644,871784120457,577389534573,792355409036,564376574886,1093571659942,573485306480,498585368471,524183480644,469759980171,530458022160,487531829710,520545774661,513420338756,450227239040
470736726269,643472432686,1129991809879,609659674469,1178973977507,577896234518,914602833667,622103909476,1045134970796,657796881088,814956659468,581108039528,497260036698,541398511148,1194249710662,542035063127,563574945070,540218551333,872344215963,577935743048,792855305658,564781049400,1094538915243,573487706756,498602355389,524249037382,469777198981,530461050624,487548883323,520662883905,513498706641,450577217404
470767205204,643486688675,1130888507197,609659707616,1179871573379,577896664578,915206649123,622114448531,1045931639637,657800579325,815395453722,581550368392,497303315459,541848645523,1195254610701,542154949197,563705664954,540219246366,872875804550,577936021300,793334429625,565733637451,1095514805048,573489977687,498615609644,524250952405,469794447212,530462301468,487564518565,520747278315,513560031016,450967464029
470811321325,643678669129,1131757296379,609706088069,1180780226877,577898179672,915807338831,622128072708,1046730805243,657807040539,815861104348,582062300718,497352588985,542223383712,1196259569807,542380016044,563874681086,540220050601,873408722808,577936032595,793849075765,566472037686,1096488388890,573722161045,498629842373,524252331039,469810934156,530463591647,487582647283,520856453441,513636377020,451189781414
470847429467,643679904335,1132650596765,609719107216,1181705754933,578298395210,916440157562,622138868819,1047546792262,657810010069,816330636950,582633146225,497405369508,542607341189,1197261395934,542483472371,564064978156,540222361877,873953720926,577936060997,794372958407,566472100932,1097452819376,574692107598,498646931444,524253559300,469840602562,530464847936,487601072108,520928198543,513732779167,451259014577
470870973793,643681308704,1133548812815,609731409117,1182606988618,578674335226,917056640938,622174705409,1048335707459,657812894785,816789158362,583079001750,497439925137,543066531529,1198266340883,542664024518,564404626175,540224498888,874505324222,577936139152,794904887794,566472136864,1098419133265,575646327026,498668633357,524254828864,469859566279,530466309637,487634388456,521008685641,513818343669,451346746677
470897411396,643682476787,1134419413060,609744233270,1183532563239,579071509890,917688066461,622185085770,1049147765887,657815944725,817253572345,583534325333,497494279022,543548231928,1199271434198,542841711892,564543303557,540226636382,875063152210,577936170718,795438351917,566472136864,1099386211737,576615904364,498684056417,524255976334,469875854356,530467616291,487649453061,521070166246,513911189289,451423131462
470925499563,643683841226,1135269772881,609756799876,1184440591186,579453761523,918295841155,622206708305,1049924618594,657818655304,817690050287,583998442205,497556080518,543988123244,1200276520662,543021846423,564684898879,540226902680,875583232743,577938678654,795922989598,566472145389,1100357558061,577571329031,498716584120,524257256056,469894165976,530469143837,487665499516,521155600429,513989647889,451495450610
470951859589,643720713377,1136129796817,609792499061,1185350671849,579669050274,918903221917,622366478662,1050710727477,657837656582,818152842824,584383746798,497593074483,544450473597,1201281532994,543260383806,564804506704,540275987714,876125520129,577984971440,796428478375,566493136060,1101336958185,578436632235,498731330774,524360728474,469911441487,530502008343,487712447378,521239404339,514038629794,451577585316
470990019059,643722063246,1136995717825,610185682164,1186259930542,579684597639,919508493177,622366823452,1051486839881,657839279791,818623196938,584383746798,497632296283,544450765480,1202286702406,543716913260,564984196191,540715191121,876674130316,578184732199,796958526199,566493136060,1102308069073,578439056890,498746019957,525140287397,469930128097,530673299862,487756574145,521298777995,514123296608,451655310105
471027937066,643924344142,1137865732803,610577351629,1187151418750,579695840600,920109792814,622367013897,1052261465809,657840481608,819073835385,584383746798,497671282186,544450765480,1203291338892,544110360021,565341721139,541252838245,877225600227,578307968157,797475042595,566493247555,1103277481429,578441090872,498760717538,525141482835,469955028690,531403654624,487787783182,521417138311,514209676780,451734138445
471059502526,643992623300,1138737792018,610912177208,1188066276448,580593033068,920710904396,622445377956,1053057051410,657853064912,819527490934,584383757129,497718776150,544450812992,1204296311991,544479943663,565500228364,541821357084,877749746367,578477982156,797965953393,566493258396,1104248665857,578443323109,498776675564,525142680023,469974273754,531404947532,487824519131,521487817934,514298030418,451813635584
471088421354,643993787767,1139628575790,611322333899,1188982314677,581559715715,921343045435,622458447925,1053889881192,657864999341,819989996627,584386147513,497767487708,544450812992,1205301485105,544940775299,565656344005,542386275388,878297880210,578598505139,798503016163,566493446364,1105214655358,578445605600,498795316672,525143985222,469992232205,531406161602,487856808499,521584301955,514405417819,451893312647
471117070961,643994993106,1140509434960,611716234241,1189897128205,582530015831,921940953118,622471287508,1054682884342,657877169545,820463805261,584387857036,497807668513,544450842128,1206306633847,545271954793,565785804556,542751494449,878844867826,578901497345,799023772363,566530131067,1106190354603,578447825680,498809288156,525145213272,470010791874,531407357195,487890770371,521649791484,514486861250,451953766142
471158411955,643996274604,1141396917425,612064170968,1190807818953,583484540152,922553476679,622529052954,1055482634679,657886379536,820928473680,584389040724,497855065549,544450842128,1207311773163,545271954793,565954042483,543245720996,879384954444,579332384928,799522778197,566683445008,1107156507285,578450113733,498822543791,525146339167,470030383147,531408582463,487913884753,521741404336,514558755294,452027395830
471188108035,643998185908,1142275304526,612279486316,1191716802091,584441135424,923149580750,622728509878,1056280299109,657894518215,821394624759,584390013933,497897646569,544450854023,1208316941163,545271961768,566118026149,543613254011,879933518248,579839357747,800025106553,566902463100,1108126505827,578452014701,498843913475,525147856728,470051067524,531409974589,487949293879,521804633479,514636134295,452094778397
471218874324,643999351054,1143132299877,612666905637,1192617534442,585408331885,923763276060,622741340026,1057077802242,657906246365,821816184126,584392390085,497946928648,544450854023,1209322093187,545271961768,566540812926,544034628174,880459540151,580263752935,800493071544,567077807873,1109098086088,578453899789,498857577257,525149006985,470069286582,531411224101,487982150788,521877231993,514756684888,452177346714
471247567304,644000605007,1144005083091,613048260905,1193539616861,586374930167,924370270697,622757239677,1057874238205,657920331588,822284119362,584416175910,497991246218,544450898832,1210327127752,545271961768,566682774692,544054667279,881001078381,580674497738,801004301308,567513153006,1110065281048,578661371306,498872406094,525150239274,470086121763,531412528375,488017054253,521944293875,514842627447,452259300027
471279495752,644012025813,1144852548958,613090707436,1194444148891,587317268140,924950532267,622808813833,1058645643198,657955499666,822732626906,584764536970,498048607959,544466195560,1211331557680,545282722690,566835167371,544072066606,881535770089,580944140569,801502370365,567958429861,1111037363924,578982783578,498888259168,525179584411,470120111959,531437237126,488044427173,522024056223,514938647699,452344057412
471306099579,644014618354,1145736157555,613090878597,1195360579121,587317426929,925551147635,622824139753,1059421138992,657969590133,823204657445,584764639811,498096623466,544468194251,1212336300720,545282735349,566996889231,544372918501,882086995296,581038179770,802035187334,568527212399,1112007935822,579412213030,498907120385,525185726954,470138076528,531530945486,488061959366,522970117069,515030122436,452470311709
471335218689,644390777653,1146622396924,613091935011,1196275503931,587317426929,926147766114,622839961888,1060216895320,657983007990,823650573473,584764639811,498128345122,544470163280,1213338204132,545282735349,567128830388,544536688995,882634130717,581264231114,802565618221,568924881823,1112974895023,579863826860,498923400594,525187616430,470162963165,531724090520,488092739293,523582229196,515100516729,452554099567
471358136239,645017422777,1147497683558,613489472973,1197183056891,587317426929,926746839126,622855089859,1061004906753,657997000316,824135644547,584765545342,498176026338,544470163280,1214343170945,545282735349,567307037930,544647553158,883185700208,581264281907,803095347062,569471410099,1113944453466,580305765091,498941458559,525267348846,470183934789,531738610757,488125804274,523686585392,515181333694,452875899114
471388659306,645020466954,1148380622282,614435106533,1198086306209,587318052771,927377518200,622868562825,1061794822143,658009959150,824605879396,584767049727,498213824127,544470163280,1215347435626,545282735349,567492845765,544647575736,883725229549,581264344961,803597137287,570001784821,1114908719809,580723923434,498959804271,525394334632,470207374833,531740012947,488159709521,523790142620,515275686538,453274053361
471414721251,645022731361,1149251558906,615409066254,1199001148682,587319583986,927966119106,622884118039,1062572637101,658024495953,825080118108,584770031952,498258383001,544470176643,1216352515538,545283890379,567636537263,544647684304,884285347874,581264398085,804108947513,570528601130,1115884123801,581065198164,498980007060,525580643428,470226146987,531741223795,488186620623,523873600786,515356758544,453672176790
471441514647,645179719525,1150117440419,616202179975,1199870946494,587508314463,928535580829,623144278022,1063360205941,658042683353,825545893139,584782377652,498289412990,544473323815,1217357653804,545283890379,568220801588,544647715437,884831817415,581264520055,804629094374,571053896716,1116858957146,581272351440,498996309908,525718875027,470246766169,531759627617,488203177826,523943647484,515438101551,453846152780
471474717448,645182772964,1150985906308,616377025756,1200773195322,587894617433,929162289521,624088312945,1064150824694,658198575857,826028590656,584852588794,498329374847,544483272310,1218362222325,545285135942,568387910093,544647715437,885362711724,581264602789,805154720392,571541078985,1117827663242,581272376103,499019738152,525737688935,470268761344,531902345021,488232460882,524027965086,515520023651,453932021858
471504661790,645195104101,1151837112564,616456604366,1201676849838,588223400318,929755632826,625051783526,1064929908107,658321743463,826484910240,585209851616,498372855966,544492082217,1219367346455,545287410646,568535016566,544647746207,885890836157,581264716054,805643518839,572129561194,1118798891714,581272376103,499035845202,525738864481,470290305743,531903561969,488266784801,524109721316,515602992913,454025338772
471551429967,645196523407,1152708160267,616456741954,1202574288755,588406132684,930376125043,626011064102,1065707042796,658458065655,826953775150,585553973875,498416157822,544661523295,1220372476405,545292413313,568684903266,544650068750,886431844967,581352547178,806163630657,572728429080,1119772108051,581272633108,499051292704,525740222097,470312781637,531904731968,488286260181,524194557992,515679281639,454096503110
471584415348,645215951853,1153578742584,616460695573,1203483644161,588425531604,930966070556,626962253454,1066500312588,658478468858,827397690579,586055469786,498449342875,544825534397,1221377580899,545309765614,568844152037,544657249983,886992423623,581732866699,806674553685,573153319295,1120743539422,581292858979,499068298569,525758333697,470335493794,531912978044,488331561587,524260444096,515763942441,454175709065
471616317421,645222150735,1154423010219,616481316336,1204386595261,588433715507,931561600169,626984811740,1067285720886,658499627304,827850356309,586537893777,498551358802,545230330033,1222383027733,545457195789,568983549382,544676507247,887550029467,581745274512,807153382784,574030765478,1121714363667,581573139767,499099784395,525777122890,470362952356,531920204754,488364016993,524370845891,515862096938,454319117084
471644202844,645223532677,1155312967510,616481504329,1205282417673,588434307043,932163495021,626985660149,1068084583290,658513543270,828312235895,587035352670,498589362115,545587487455,1223387949883,545712735494,569176868001,544686122069,888083158965,581749454948,807661954187,574995673345,1122681536294,581966580421,499114908328,525778430422,470390617163,531921891197,488396288863,524427626148,515952238710,454393712850
471670263252,645224925076,1156184860819,616481768748,1206178550407,588434909417,932767192353,626985852619,1068885601560,658529514411,828761728132,587515289968,498640771540,546066758072,1224393033043,545825620758,569366147135,544698453514,888619764090,581754502516,808200447137,575965686358,1123652698683,582228330406,499131136063,525925319890,470411071756,531923151788,488430986092,524505798436,516018882550,454463456519
471704496028,645226167381,1157063335337,616481768748,1207088208531,588437473754,933350810445,626986016124,1069682548111,658542520530,829194420519,588020428218,498690947534,546452690834,1225397823488,545986236787,569524770724,544708427157,889184789058,581756803933,808729925811,576914217389,1124629801602,582569655413,499144447587,525977893045,470439155620,531924300383,488461568915,524571990414,516106434142,454535265688
471744398474,645227544536,1157929619892,616481989486,1208009685113,588439420408,933977614321,626986125963,1070451938882,658555605902,829633868729,588584098035,498744579216,546811036009,1226402892187,546145233379,570199136162,544718522753,889694040092,581758902375,809205460178,577867485611,1125598775704,582930061441,499161501485,526014160650,470459545475,531925400462,488480360720,524633885857,516215645542,454605017192
471776270365,645229029988,1158810879208,616482060600,1208921872282,588440229015,934574641049,626986151088,1071238016338,658571623497,830112563476,589010505165,498794176453,547293367963,1227407555639,546293118520,570355282189,544730608450,890257345368,581764183957,809755973826,578828375762,1126569744690,583170411885,499182046961,526178374539,470476737773,531926474107,488513448934,524716219053,516288864483,454683952360
471804848073,645230646724,1159711620800,616482452237,1209844147065,588442447476,935196583633,626986269349,1072059800904,658584815610,830618396329,589476514211,498836177452,547771892484,1228412631869,546444212096,570526021896,544740925292,890819305090,581765897534,810329169674,579784156644,1127536530088,583440569074,499204884188,526316224584,470494016830,531927734092,488543983319,524784037371,516387011660,454783101363
471831564404,645232049135,1160587250972,616482452237,1210746143839,588444356948,935790833923,626986414102,1072854119462,658600339631,831077634411,589994513408,498873280455,548085225118,1229416287761,546637738722,570680162133,544752835538,891360481983,581769003006,810862271093,580749346793,1128507493196,583833212696,499219793027,526317473220,470511661836,531928967452,488575052684,524840173189,516450720539,454833972202
471858545897,645233578436,1161437933680,616482686708,1211631125207,588446440679,936400499138,626986592260,1073623672396,658615598368,831528777432,590561754477,498916942166,548439333929,1230420831122,546752835878,570830255635,544764437164,891897709542,581771569042,811371986331,581705500690,1129482826021,584116327087,499232068633,526425728383,470529265467,531930168130,488609092205,524906756196,516528704256,454897745400
471883896703,645235127047,1162311744048,616482759101,1212534206165,588448292909,937006398112,626986660954,1074418224165,658631329448,831991836322,591062833681,498959621101,548869351986,1231418827546,546911240783,571000569408,544776455922,892455896344,581774883712,811916696829,582665864648,1130442767319,584491711117,499246232652,526454517015,470547334359,531931261034,488636698804,524980518075,516625970320,454968090608
471926155660,645347249550,1163193725670,616494591746,1213434423393,588559978807,937620729601,627000179496,1075231987740,658656981521,832484373508,591569107838,499033334068,548892255189,1232423711448,546952569248,571174301563,544910721431,893014889455,582163820427,812464102565,583608989837,1131408896983,584526155603,499288814455,526483444319,470577093977,531954957679,488694704927,525108795259,516703748884,455234397020