3989524352836,9885525361327,5277312091113,8514832232869,5118975048170,6812494774827,4795112156920,6547025871712,4701554097877,5164928657092,4410048012841,4777598612344,3843860741277,4154053363262,5206424044018,4133334621777,5669652265136,3592149415882,4146679013783,3632289431426,4081292632973,3745595097297,4336281535031,3559378341814,3795872622006,3774959240737,3706746332309,3716234163552,3757037212778,5088516830104,4335652519445,7953642266953
3989579101664,9885582467958,5277418641099,8514890718769,5119081881797,6812551789115,4795203039495,6547082417275,4701652905174,5164980247576,4410108372267,4777657854109,3843911279463,4154113904398,5206548091872,4133384679120,5669734646916,3592205090781,4146732925753,3632339451291,4081343730691,3745650065788,4336356544090,3559444174043,3795930098327,3775018337221,3706820596956,3716295819034,3757106661915,5088975198264,4335744442914,7954103101520
3989636543132,9885628801477,5277513036364,8514936461347,5119164329406,6812599236652,4795273089425,6547136880922,4701732648966,5165036310026,4410156010550,4777709277443,3843947591940,4154167104586,5206650030396,4133427191569,5669798438518,3592253314648,4146778597621,3632383673262,4081393558829,3745695489295,4336408071162,3559495407175,3795969552239,3775066650555,3706867011770,3716338964694,3757177531578,5089082159340,4335798001139,7954146540797
3989692296647,9885671408118,5277597651076,8514979616166,5119248779537,6812644719367,4795349870065,6547180199972,4701801402501,5165105459644,4410202954314,4777752571839,3843991771730,4154214725051,5206742396985,4133476600232,5669875378137,3592300804548,4146829351160,3632429280327,4081441454184,3745735196616,4336464264237,3559539475785,3796014580479,3775100925937,3706928116226,3716386835025,3757230361081,5089117777186,4335863432981,7954201320949
3989758867242,9885724256500,5277687075358,8515034458055,5119340606334,6812688793881,4795426382491,6547233015829,4701893236821,5165165013055,4410252119580,4777816396257,3844039983892,4154266283861,5206852002014,4133531519551,5669947005530,3592354005625,4146877143609,3632491017785,4081495380855,3745814670965,4336554279078,3559588246994,3796069260911,3775155980737,3707004175011,3716448967528,3757282150387,5089172174543,4335935799394,7954246559807
3989811124709,9885769555708,5277774175111,8515080923003,5119421385468,6812737672260,4795492492007,6547282517278,4701971915019,5165229552199,4410301015317,4777860786390,3844078049951,4154312057450,5206944191392,4133586909441,5670031585325,3592403018310,4146926668360,3632538062262,4081538394835,3745860067941,4336610894264,3559634483686,3796102237278,3775200913825,3707053658917,3716496773439,3757325779396,5089215749925,4335995942944,7954294097694
3989856438880,9885820318225,5277858712698,8515123592162,5119513268530,6812787321511,4795557893478,6547323575145,4702040704895,5165283696128,4410347993471,4777909714490,3844114275194,4154360083675,5207041273928,4133638153813,5670120915342,3592452808428,4146970718086,3632590983478,4081580703187,3745907493884,4336662726198,3559683562001,3796152411674,3775246946850,3707106222373,3716543702051,3757378283379,5089261825545,4336044725573,7954335450676
3989909431916,9885856703113,5277938956794,8515163805961,5119595841118,6812835640819,4795629715164,6547369438211,4702111849056,5165345159536,4410391476028,4777958223480,3844160605229,4154402672581,5207143242554,4133682745003,5670189607353,3592499012990,4147027089960,3632635372234,4081643891598,3745953024899,4336714995009,3559729565299,3796205071900,3775295326297,3707167490122,3716586586302,3757431857391,5089302415028,4336105000755,7954374702714
3989957562665,9885906890199,5278021563973,8515205648356,5119671960983,6812879163675,4795690599806,6547416102141,4702186521801,5165409093467,4410440050953,4778002891683,3844214739967,4154445913675,5207237732573,4133733825203,5670249673467,3592544644622,4147072158093,3632683346490,4081687079998,3745996082862,4336766099887,3559773142238,3796251874186,3775340836886,3707218909477,3716628912231,3757492254927,5089351768315,4336169540624,7954420555448
3990007627923,9885955667289,5278096794300,8515251629912,5119751784402,6812924059793,4795754738115,6547457285436,4702257037148,5165469888020,4410477968974,4778044706018,3844259839991,4154490675543,5207324521608,4133778049166,5670330232237,3592590845695,4147120870931,3632728886873,4081736578941,3746040557985,4336819127005,3559815363616,3796318147767,3775383738554,3707286525877,3716672920013,3757560856305,5089398306733,4336221842832,7954471213370
3990057014505,9885992155721,5278172752659,8515296134381,5119835833198,6812966362248,4795826532462,6547508198406,4702325913062,5165536680873,4410518174780,4778093060606,3844301729896,4154530762460,5207413191233,4133822129621,5670393238610,3592633495982,4147164818390,3632772922925,4081788304172,3746085917437,4336872663009,3559858350439,3796390819826,3775428248826,3707346473662,3716715120421,3757621568438,5089443101040,4336290514395,7954525037769
3990096169180,9886041232149,5278256062317,8515341309534,5119920026696,6813014530007,4795892799844,6547553778537,4702400960515,5165595439690,4410568330020,4778136605162,3844346842354,4154577497696,5207506099151,4133863249961,5670471851126,3592679008030,4147207925691,3632819626632,4081843538697,3746129578511,4336933018021,3559906383641,3796442300485,3775476035423,3707399019637,3716768874966,3757679577620,5089489711364,4336343109771,7954574298343
3990148348298,9886091194823,5278334635851,8515388370544,5120002141220,6813054171897,4795966407024,6547602673693,4702469111723,5165651796568,4410613338047,4778185358214,3844400594388,4154615322460,5207600821736,4133903116047,5670528732461,3592725953351,4147257199564,3632864212355,4081889254092,3746177676512,4336988617600,3559951148085,3796496030895,3775520141316,3707452180865,3716814741388,3757734315656,5089534352410,4336405187614,7954621840306
3990202742424,9886140777932,5278421754814,8515436687745,5120086667218,6813096420604,4796039338047,6547653021831,4702538474960,5165711342335,4410678512049,4778235590645,3844447219273,4154665040368,5207681541701,4133945169958,5670582116234,3592770378619,4147308042199,3632912496721,4081930008589,3746226793231,4337037562506,3559994043963,3796543142294,3775565433513,3707513116858,3716859560774,3757776385504,5089580789482,4336467403485,7954668962172
3990272582123,9886213928554,5278506876449,8515484643948,5120186672863,6813146939230,4796126045267,6547708045042,4702615502429,5165777277743,4410751539469,4778283676576,3844507205979,4154713959798,5207786967815,4133999310293,5670666129919,3592828594142,4147359926539,3632971122670,4081982153008,3746278834245,4337093560854,3560052126043,3796603965768,3775623450950,3707564809339,3716907178356,3757827636195,5089621223539,4336534776191,7954724789101
3990320734578,9886267939258,5278590588467,8515539901822,5120274519444,6813205225948,4796209838613,6547757363787,4702696310029,5165845026520,4410808825541,4778337124128,3844562989084,4154762912658,5207883178936,4134055237020,5670730951015,3592871210158,4147403086447,3633019608073,4082043217660,3746336325800,4337155076227,3560100484744,3796660751723,3775675624568,3707612974326,3716958164048,3757875816150,5089672145002,4336598441946,7954788877315
3990386081373,9886315505718,5278672925860,8515583851674,5120358376733,6813253336387,4796275409321,6547800748293,4702769868176,5165903287759,4410862335039,4778382685571,3844616962613,4154818381004,5207984465553,4134099448263,5670791324433,3592915242511,4147445325502,3633064077673,4082081838132,3746381110405,4337202975105,3560139846334,3796706016735,3775724220491,3707654541568,3717003184200,3757926784256,5089715896946,4336652946622,7954840115684
3990433007103,9886366015962,5278757712178,8515630427294,5120448767632,6813301455319,4796350067218,6547845695743,4702846065281,5165968993114,4410917685480,4778431411582,3844667853197,4154857318081,5208083169892,4134134926086,5670862919094,3592953760700,4147499726207,3633110248144,4082120552213,3746427079935,4337257111768,3560184601921,3796762705940,3775767389174,3707701765720,3717042722989,3757972468846,5089762461195,4336701634187,7954880993086
3990486267768,9886414407793,5278844119968,8515676070498,5120531204896,6813343318749,4796419365530,6547890976012,4702914048513,5166025582087,4410967487838,4778477696135,3844726221178,4154902024088,5208180984016,4134180416491,5670947496852,3592998694861,4147558880392,3633148945683,4082157523635,3746466847470,4337315507436,3560228350579,3796811031574,3775817472667,3707744076418,3717085567762,3758017809936,5089803500838,4336763743157,7954929104503
3990532122491,9886465399429,5278934299534,8515720442177,5120610886769,6813390843216,4796482291524,6547935507040,4702980296116,5166091758190,4411017336955,4778526963033,3844765713505,4154947483657,5208272050674,4134223084897,5671023414293,3593047269983,4147620934972,3633194972582,4082197096741,3746512580989,4337371369078,3560277661990,3796864092249,3775861128764,3707803256528,3717129089529,3758061566079,5089853803022,4336828811454,7954987027422
3990581979154,9886505487185,5279019942504,8515761151642,5120694095605,6813431056489,4796547624615,6547971457059,4703054130545,5166152636549,4411065795444,4778572250573,3844811819638,4154990434712,5208373500285,4134264893019,5671097370929,3593087376735,4147667522286,3633239361160,4082255319172,3746554903016,4337442409887,3560322869101,3796926071872,3775907339333,3707861200958,3717175667106,3758102285202,5089904236330,4336894403597,7955031628681
3990636346750,9886547448100,5279100307064,8515805713798,5120778199727,6813478376948,4796611966625,6548011948983,4703121274317,5166211241159,4411109507322,4778620273302,3844851970069,4155036884006,5208473454600,4134316724345,5671164938879,3593137675304,4147702945111,3633286206359,4082313852485,3746599112880,4337499526218,3560360846191,3796979118009,3775950203666,3707918046487,3717221847696,3758152298773,5089948305819,4336962194774,7955081310347
3990675840708,9886589271998,5279181889133,8515849868495,5120855341739,6813520279365,4796671562691,6548060395590,4703190585939,5166267791249,4411152345833,4778664778130,3844909626125,4155082018301,5208570145506,4134362840058,5671248741477,3593190063379,4147769374310,3633329371113,4082360205164,3746642510965,4337554725514,3560401833742,3797029770800,3776002303252,3707979725095,3717264077964,3758200705120,5089985101585,4337010846612,7955116684029
3990719041628,9886644278273,5279264526794,8515897988639,5120933688699,6813565049559,4796741757093,6548108100560,4703260076133,5166329909759,4411194752841,4778706710324,3844966352391,4155129077808,5208661963796,4134405153671,5671307918783,3593233283990,4147809913122,3633373857840,4082399428617,3746688505254,4337612899674,3560449007738,3797090814399,3776047817416,3708030623449,3717314432675,3758250412933,5090039373386,4337061911069,7955168450392
3990760952615,9886696923987,5279354145070,8515959482913,5121019070088,6813615180481,4796809129191,6548160695898,4703326452492,5166386129831,4411237447017,4778756537412,3845020700439,4155180804805,5208745453979,4134453769938,5671371742242,3593288847037,4147854025170,3633434198187,4082438859580,3746735280489,4337665422204,3560491855599,3797159959066,3776101246737,3708079411357,3717362378240,3758301645402,5090093829369,4337117467818,7955230365098
3990813079557,9886755951276,5279437606802,8516017435489,5121107688839,6813680824346,4796895512390,6548209205328,4703402880550,5166451684586,4411291048443,4778811486727,3845075853097,4155238493500,5208834255405,4134515601900,5671445358765,3593338375625,4147900544057,3633487596736,4082482569108,3746799576315,4337727507531,3560547701953,3797224116994,3776162671515,3708148271123,3717427761861,3758348072768,5090140329642,4337187293013,7955294148779
3990864412045,9886804104084,5279515941379,8516059048669,5121184974159,6813724677240,4796970574701,6548249853864,4703469460946,5166514967693,4411323052854,4778856741803,3845118204810,4155285564099,5208923319205,4134565193891,5671510212608,3593387214530,4147963232914,3633530386751,4082519568255,3746842630715,4337771882711,3560589555377,3797276301495,3776213137026,3708197603720,3717475490015,3758395944467,5090188449915,4337245914919,7955349951978
3990922144909,9886851281078,5279607975678,8516101863393,5121266455905,6813766225438,4797040127308,6548300751614,4703540893968,5166572386483,4411369776811,4778904217891,3845171433155,4155338912494,5209017993179,4134612951812,5671575493336,3593432073936,4148022663131,3633572748967,4082561252290,3746880501314,4337822221984,3560642834895,3797336764781,3776259766110,3708252581986,3717526244441,3758446944339,5090247365395,4337312117495,7955406165440
3990965383877,9886904001151,5279696928796,8516150652374,5121345054012,6813814392713,4797108804948,6548349192258,4703607551064,5166638429884,4411414535512,4778956038711,3845219244588,4155379337649,5209102230758,4134656108865,5671667386521,3593480853669,4148087374845,3633618727240,4082606285012,3746929499719,4337864614826,3560692057746,3797379855958,3776309383517,3708289026705,3717580084680,3758492487150,5090303360025,4337368908085,7955458966052
3991014268757,9886951896427,5279783573198,8516207158631,5121433870925,6813862626538,4797179968319,6548393716332,4703680169399,5166701658676,4411457350130,4779007117431,3845270518203,4155431997912,5209194815724,4134704574365,5671732287406,3593521641049,4148130573240,3633668680174,4082662585349,3746972549067,4337920632777,3560742323289,3797431858355,3776359772404,3708351876442,3717645613637,3758543766144,5090357772049,4337431263583,7955516797168
3991065783719,9886996583322,5279868306391,8516255550255,5121516739769,6813912971939,4797245797277,6548436109822,4703747370661,5166762043276,4411502130089,4779056340586,3845314386931,4155478109506,5209293224084,4134752565983,5671801381790,3593561288296,4148175332161,3633719990720,4082715115953,3747020266160,4337979743942,3560795325086,3797497624325,3776413478309,3708426848184,3717687572758,3758593050033,5090414097616,4337500580879,7955567808351
3991119750966,9887062110935,5279949962811,8516305957127,5121599670574,6813960968669,4797316307260,6548486187950,4703819429732,5166831403519,4411541263319,4779101332504,3845351250618,4155522872403,5209386484064,4134801405856,5671868716918,3593603864281,4148241137528,3633763696565,4082764665493,3747066512532,4338035923526,3560842524967,3797541338942,3776463819457,3708471863610,3717738271097,3758640847450,5090481850469,4337556386651,7955625859837
3991158778957,9887113689241,5280034010932,8516342792115,5121682343474,6814005174156,4797382755527,6548532048407,4703884472728,5166894746764,4411583252753,4779143963466,3845397951047,4155562461252,5209473236453,4134849895552,5671932669911,3593645080108,4148299580240,3633811173561,4082807256134,3747113242413,4338091627636,3560893591404,3797590938810,3776514876077,3708522511776,3717788815847,3758685400366,5090539592164,4337610712277,7955682887166
3991197047566,9887166337494,5280119155366,8516398280239,5121759608802,6814054524691,4797450413147,6548581811963,4703962211869,5166956176116,4411621408602,4779197233748,3845441887921,4155607383811,5209571309763,4134893712520,5672025679552,3593692721904,4148340629737,3633857426354,4082861405169,3747163407003,4338151718316,3560942636697,3797630848389,3776560734657,3708566373101,3717833267517,3758735584725,5090584878542,4337660361704,7955730070761
3991250843004,9887221249700,5280206907284,8516448593523,5121845908418,6814099955323,4797516815142,6548631609199,4704031308586,5167020442201,4411668997001,4779244737920,3845478175205,4155651749461,5209669689906,4134938712303,5672085868076,3593739133318,4148400341412,3633909008942,4082901412346,3747214930457,4338203576462,3560995442881,3797680190413,3776613493987,3708614477334,3717884392120,3758779208969,5090646042098,4337718334689,7955785658979
3991303702093,9887276996943,5280307737934,8516501215194,5121953212910,6814161788767,4797612868018,6548687290907,4704107817353,5167100336660,4411742175857,4779296603569,3845535138532,4155705284783,5209759710884,4134996277503,5672170114884,3593793950632,4148444743815,3633970177174,4082944096789,3747287392002,4338273693005,3561052947557,3797764015220,3776670462586,3708683118791,3717945784918,3758837186717,5090709712929,4337778595483,7955846102608
3991351111089,9887330239450,5280397321071,8516552993245,5122043212612,6814216548181,4797685547329,6548738664087,4704185736370,5167170551642,4411787702683,4779348433946,3845573787635,4155756757455,5209858576435,4135047902472,5672230911691,3593845738431,4148488899957,3634025966584,4082983538401,3747336408704,4338328165350,3561099757152,3797825630149,3776726207673,3708723804469,3717994421946,3758883999585,5090777164667,4337845853428,7955897428689
3991383004529,9887380813549,5280483150180,8516601971228,5122122090560,6814267707899,4797755428010,6548789527882,4704258166358,5167233925884,4411831733920,4779395314316,3845620665249,4155806585460,5209959939134,4135100694803,5672294699095,3593887752941,4148538868794,3634071973315,4083026522817,3747386222066,4338389418238,3561146351155,3797872163207,3776776454187,3708798670305,3718046830820,3758925265585,5090822838957,4337906736906,7955955170721
3991449414635,9887422302172,5280570002533,8516649685988,5122206535332,6814306007811,4797829793145,6548834075637,4704332235241,5167293657261,4411876627072,4779440835761,3845666129655,4155852592084,5210063961599,4135142702778,5672354497795,3593938916787,4148581499803,3634120730870,4083064401397,3747428072317,4338444495530,3561191570767,3797924202623,3776822921941,3708861443409,3718092069929,3758981714389,5090873479146,4337971440682,7956000265495
3991489374837,9887478318278,5280655613714,8516701897333,5122305927336,6814355264731,4797907911693,6548889632382,4704415872206,5167360858417,4411921869333,4779489364843,3845700396929,4155904151651,5210174374040,4135199392891,5672463849295,3593992403330,4148623356034,3634172479815,4083102895124,3747482752960,4338512323022,3561248505148,3797969506107,3776874903572,3708913996855,3718147982573,3759040553596,5090924327583,4338020138403,7956065462686
3991536045219,9887524276901,5280734118441,8516748045584,5122387881734,6814405903092,4797977876908,6548938975574,4704490472556,5167423184120,4411965289781,4779528159392,3845741147427,4155948240835,5210277324292,4135243516734,5672560291063,3594036656188,4148677572306,3634216293635,4083146694364,3747529068209,4338573981002,3561297774379,3798023480123,3776918440626,3708968553944,3718195260264,3759091443609,5090969330137,4338089077837,7956108388690
3991592813689,9887572464439,5280813600770,8516798101434,5122467058423,6814449024776,4798039195644,6548984591135,4704557582447,5167479559931,4412005723321,4779566411659,3845778743041,4155994743508,5210365034426,4135289492494,5672617885088,3594083521511,4148716253624,3634262905889,4083200656507,3747581774934,4338619740530,3561347551729,3798070141861,3776966315039,3709025181404,3718243493457,3759136115296,5091009945835,4338166399649,7956159852086
3991636686280,9887622706739,5280897378784,8516848357588,5122551778453,6814497203934,4798115013761,6549030569951,4704627485899,5167540866431,4412048259390,4779618303364,3845822581114,4156047429075,5210454859900,4135336678959,5672680911435,3594134659776,4148762088437,3634313928466,4083239705588,3747629007639,4338670065574,3561393255303,3798108874249,3777015248816,3709078689747,3718287564391,3759202866686,5091057826391,4338221596636,7956220543322
3991682773179,9887668464839,5280973856032,8516894212701,5122634712489,6814543209370,4798185220628,6549079233343,4704691723219,5167598522410,4412088691177,4779666184409,3845863978381,4156094882400,5210537266979,4135386410566,5672742569043,3594183262548,4148814884545,3634355977367,4083282600042,3747674798083,4338713703795,3561437519918,3798163365666,3777057033742,3709152710915,3718330902745,3759246875285,5091095318920,4338279362817,7956266994413
3991720987118,9887726038052,5281057558501,8516946783217,5122726016789,6814592091723,4798251009691,6549134310003,4704767063732,5167661625391,4412129983312,4779718425327,3845905729547,4156140136256,5210659369013,4135438074546,5672801955679,3594235968025,4148856849510,3634410944211,4083315257880,3747726764206,4338780694899,3561493233591,3798197864965,3777105143959,3709191959718,3718381252484,3759305076624,5091142853574,4338343100553,7956320764984
3991759338378,9887797066244,5281153042629,8517013157968,5122819607917,6814661479813,4798323262610,6549219471340,4704849391463,5167739789359,4412174034131,4779783657072,3845979274968,4156207363930,5210779772103,4135525044661,5672850248391,3594315242623,4148904223910,3634480950298,4083352267591,3747805519853,4338850952126,3561560932833,3798232097763,3777177981603,3709226955395,3718454822886,3759346559332,5091217769647,4338402754967,7956392121450
3991800719190,9887847646049,5281239872172,8517070168995,5122905584101,6814716902100,4798390080063,6549271373147,4704922551184,5167804453346,4412222297978,4779826549327,3846018724763,4156256521642,5210879649151,4135573611811,5672913311759,3594369047019,4148947321749,3634532225288,4083390096083,3747855524129,4338904097134,3561606109526,3798267107374,3777234136450,3709283740513,3718504107432,3759390514802,5091272168136,4338461148690,7956442520901
3991842095706,9887906096696,5281332089824,8517121244572,5122998356691,6814766893429,4798457344364,6549321294763,4705000429533,5167866369525,4412269241358,4779875789006,3846070069176,4156311931685,5210993986568,4135624545779,5673007441535,3594417494976,4148992110334,3634583884517,4083436184130,3747902379080,4338967939339,3561657862163,3798302096899,3777287262797,3709327366058,3718560477131,3759437170333,5091325165836,4338516839368,7956503843109
3991883709344,9887957945080,5281425317643,8517170866720,5123087408540,6814815009815,4798530715023,6549371885509,4705070900397,5167923440853,4412314185661,4779923100572,3846108759721,4156362997142,5211092484701,4135670461838,5673067280513,3594474413852,4149036419500,3634630192696,4083479719138,3747954115440,4339023416053,3561706731787,3798350101088,3777333624719,3709384437729,3718611334603,3759492513619,5091374224262,4338572490342,7956552140118
3991935952571,9888006044466,5281513634411,8517223767881,5123175047139,6814864643486,4798607360933,6549419567052,4705151512755,5167993310972,4412356025202,4779974775482,3846136580718,4156408889394,5211193944589,4135721706380,5673130888469,3594524505228,4149074811553,3634674049383,4083522242738,3748001561770,4339074524859,3561756456867,3798404560084,3777385197941,3709433677719,3718656987033,3759552095204,5091421202916,4338632462054,7956604492424
3991979784171,9888057940632,5281600586789,8517262180609,5123256352573,6814913391530,4798672572210,6549461442516,4705227046618,5168051471426,4412404758140,4780019962240,3846186237672,4156448167501,5211298073690,4135767411364,5673201138416,3594571176554,4149116984664,3634724404692,4083566337093,3748046500904,4339126696267,3561804017650,3798465362671,3777432875746,3709480512412,3718701047599,3759595908394,5091474024986,4338705301699,7956648591366
3992025937154,9888108499199,5281688411422,8517314853790,5123341718345,6814959478064,4798748466789,6549507431387,4705302799914,5168113798129,4412445548678,4780060299372,3846239045258,4156488499484,5211418060185,4135820715539,5673258634841,3594620256514,4149163228058,3634775934035,4083616206469,3748096265378,4339183994169,3561848564571,3798511134267,3777474843866,3709525869605,3718754582359,3759652094532,5091520913683,4338778617303,7956693917464
3992064142470,9888158614999,5281769772118,8517369648094,5123426266663,6815003195625,4798816300612,6549553012650,4705372115927,5168171832418,4412484771646,4780109260324,3846272347183,4156535897592,5211512920489,4135866937581,5673330341420,3594663545070,4149209783189,3634821360493,4083658728333,3748149819272,4339229506676,3561900223690,3798578223191,3777525180161,3709572699974,3718805860553,3759706378543,5091580671966,4338832405185,7956741292692
3992117525039,9888208290733,5281859060209,8517411852916,5123513403397,6815050577033,4798892916935,6549601938974,4705444310284,5168233762136,4412532224196,4780158537966,3846322859838,4156576711393,5211599267349,4135913439158,5673400409171,3594707766475,4149256548540,3634863014376,4083703480777,3748202975563,4339279124624,3561948810480,3798633595865,3777578900526,3709620884450,3718857073422,3759746064083,5091635354015,4338891018859,7956789022706
3992171058045,9888257043129,5281944855130,8517460275228,5123597713705,6815093517440,4798958713187,6549651731996,4705510386996,5168287345720,4412574677497,4780210895101,3846388656609,4156619590469,5211696256393,4135960411503,5673460377647,3594752897339,4149297974184,3634913845078,4083753906929,3748247562063,4339336120940,3561992613188,3798674728257,3777622401894,3709673692710,3718908726305,3759800657078,5091686177151,4338953315726,7956836215861
3992238053073,9888312851723,5282040092323,8517528248974,5123686561034,6815154433633,4799030485988,6549718039412,4705592219561,5168363387589,4412627836707,4780287460186,3846454622401,4156678528210,5211801136835,4136017062662,5673521404390,3594810593072,4149355228312,3634990297307,4083804597425,3748303341755,4339409335982,3562046768653,3798721544926,3777677502852,3709741706842,3718961851970,3759855285414,5091761108567,4339028270507,7956904039697
3992285556345,9888364935639,5282130757519,8517578038639,5123772684136,6815199351108,4799097921381,6549769620807,4705663151161,5168424646812,4412670982734,4780330956862,3846511900801,4156722504743,5211893767221,4136065287000,5673623495436,3594861196048,4149408087504,3635039320269,4083841836248,3748350771088,4339456810145,3562098163324,3798777516807,3777729311312,3709800877702,3719014056672,3759909588647,5091803943968,4339096570544,7956955180177
3992337296248,9888422315951,5282222521267,8517631134858,5123863169213,6815253784161,4799172628722,6549818476623,4705744284188,5168487691117,4412719089448,4780387508588,3846556075855,4156768893864,5211996956255,4136113893543,5673684712695,3594912670059,4149447384641,3635086742359,4083876866079,3748409048029,4339508919772,3562152097908,3798822193502,3777778274213,3709850252652,3719059507499,3759965890822,5091855814836,4339148582390,7957016388171
3992385115379,9888475417167,5282311402448,8517677509075,5123947890805,6815303887107,4799240041834,6549864963614,4705819745822,5168542351940,4412764272179,4780439563074,3846606539409,4156818140092,5212090968893,4136164009294,5673741560537,3594960226662,4149492288635,3635135599119,4083916387221,3748465463029,4339568181788,3562195007502,3798886479750,3777824487971,3709896221989,3719110792975,3760015877029,5091915537621,4339211758211,7957068815754
3992431681077,9888535712130,5282392796810,8517723841781,5124037220498,6815354745829,4799312919800,6549917623953,4705890502183,5168607958716,4412811372323,4780487585802,3846639006527,4156869027251,5212199149526,4136207913873,5673803630585,3595007206536,4149530465851,3635184601823,4083951638752,3748517520650,4339630754398,3562249796873,3798936783578,3777870190129,3709960474771,3719163191045,3760068474679,5091974314087,4339257299850,7957118609423