3068325998281,8833753097406,3906434472763,7574218950016,3833380286294,5963674757098,3549368710879,5697808222226,3584486849715,4218736499400,3409801311738,3946145822738,3042570889616,3358587098844,3894482239451,3299758096024,4671317793511,2811340206321,3296334345484,2810727232969,3179797767327,2859021607682,3336559508448,2753108945817,3019250619254,2909326033791,2986386903724,2798705935043,2968367846784,3963473418165,3375700549547,6204819719779
3068605059064,8834067660961,3906713332282,7574520126996,3833667545808,5963983879633,3549644234868,5698126548310,3584764457660,4219045903146,3410069049051,3946470099710,3042848658250,3358918930439,3894754766426,3300075790121,4671586042294,2811661963929,3296605899811,2811071346758,3180069404694,2859358294809,3336845279410,2753466061324,3019533662191,2909694463970,2986691102070,2799086662587,2968654157040,3964281915590,3375993478379,6205608454112
3068897217745,8834362254676,3906997257808,7574804284157,3833956010716,5964288601895,3549919756677,5698409469594,3585050180546,4219335447146,3410358270254,3946749001382,3043133510381,3359205708098,3895040451617,3300354022291,4671887422323,2811950908391,3296907732584,2811356725695,3180364740123,2859654677586,3337138088024,2753758620143,3019827376002,2909979121940,2987001332412,2799373462449,2968950748629,3964738715172,3376281364479,6205915242872
3069137053148,8834620712435,3907241416225,7575054468771,3834190587002,5964537474906,3550159530325,5698659937235,3585293730364,4219614352493,3410599600043,3947011154092,3043372864947,3359465321715,3895274358539,3300606611216,4672123664494,2812197474036,3297152472480,2811614476243,3180621095779,2859906268393,3337388351209,2754015953242,3020071251717,2910249518246,2987245284692,2799639268975,2969196578090,3965026099024,3376525363400,6206189819442
3069398891869,8834921209201,3907490438267,7575345186858,3834440914919,5964822852506,3550415245556,5698960167173,3585553869164,4219915840145,3410843676503,3947292999614,3043624688634,3359755719432,3895528776469,3300905382236,4672372972074,2812484908314,3297411376337,2811896049933,3180872195364,2860204758248,3337637611764,2754304662445,3020317503358,2910547462009,2987535173134,2799926045369,2969447218117,3965348877729,3376789261147,6206509055427
3069646873396,8835186268324,3907748565877,7575618849675,3834698877427,5965080358978,3550663134370,5699213801262,3585796579091,4220176232073,3411090196269,3947544909639,3043869917579,3360014945345,3895763852039,3301167120877,4672612698985,2812732182375,3297642086130,2812148096745,3181135906541,2860458510866,3337877865767,2754579356834,3020562687806,2910815963666,2987794515515,2800204337717,2969687434635,3965656204531,3377032095521,6206809939091
3069947659845,8835483663846,3908046853195,7575893296762,3834992259714,5965363040876,3550955296036,5699497787711,3586094747750,4220460665560,3411391827599,3947841441842,3044165207918,3360309231936,3896059191920,3301449938965,4672908011816,2813025619134,3297933766894,2812438098977,3181433043385,2860758935299,3338171862173,2754871934208,3020881959068,2911098393138,2988097024971,2800503287104,2969987757573,3965998390344,3377330775694,6207134773341
3070240868996,8835776225344,3908338482680,7576186837094,3835286375327,5965653660703,3551266433878,5699790159469,3586391563893,4220750389182,3411688758305,3948129722787,3044448431820,3360602150427,3896337558013,3301740897529,4673196128026,2813315005728,3298217830735,2812725985492,3181721300647,2861053148606,3338460102808,2755167657225,3021169205784,2911392671314,2988391661146,2800816353551,2970282485624,3966329367299,3377612791751,6207461706607
3070518527038,8836078145040,3908627061330,7576495543081,3835568618948,5965936599274,3551588726282,5700078559725,3586695440679,4221037271731,3411993940980,3948416032685,3044731860397,3360891355072,3896630885538,3302035497835,4673483568341,2813602811209,3298516021132,2813019968226,3182008761379,2861352216197,3338739858356,2755454574504,3021454732851,2911683100302,2988668080587,2801115829474,2970567493920,3966624587263,3377901962808,6207775314219
3070763269451,8836353746267,3908869843909,7576779438303,3835808132387,5966208675061,3551834161120,5700362320141,3586945555730,4221323488559,3412251941361,3948702926496,3044980132313,3361164153199,3896885390904,3302321718946,4673743156552,2813914403485,3298773057657,2813302261058,3182267581760,2861629812123,3338993362820,2755742364131,3021706144258,2911966319146,2988924962362,2801408272654,2970825446382,3966931853993,3378160408700,6208053431217
3071057161526,8836637204764,3909169268571,7577056613130,3836103281595,5966476545785,3552154864333,5700620568700,3587233413181,4221581585697,3412538519496,3948961923400,3045265828335,3361428481762,3897168145502,3302613834170,4674031813593,2814185049336,3299060074759,2813569020374,3182566835194,2861892106494,3339289506318,2756015029884,3022005675905,2912233990940,2989221739431,2801687891478,2971114537835,3967216836903,3378453353152,6208354466599
3071320507160,8836930672774,3909444920253,7577365236912,3836363945090,5966751235821,3552452420485,5700914658238,3587508917517,4221865358472,3412804398644,3949249483983,3045532568231,3361697032886,3897451198596,3302884207853,4674300629949,2814467618812,3299333569344,2813841733314,3182828358104,2862183160309,3339572798253,2756294154903,3022283652435,2912506968112,2989496693813,2801982799659,2971378834921,3967519475722,3378716547201,6208661601712
3071594550539,8837153212854,3909714546277,7577572290935,3836643585923,5966977682771,3552725279882,5701134891122,3587781926543,4222095836240,3413071836541,3949488607139,3045798350703,3361932830881,3897735401689,3303116443698,4674567188869,2814686426682,3299603853418,2814073082545,3183105677730,2862424413064,3339838049806,2756518156477,3022553595193,2912755579741,2989760472427,2802212775222,2971645704363,3967751798574,3378984335705,6208891805694
3071914046062,8837428009902,3910045357326,7577843347875,3836969196687,5967251338293,3553048416355,5701396974929,3588096637002,4222375854647,3413377544024,3949758292164,3046115047355,3362199798365,3898041102670,3303379380380,4674871288060,2814943515567,3299904119572,2814332589590,3183409002377,2862697395939,3340131039433,2756780232719,3022881005186,2913023210863,2990078110590,2802473942732,2971951063474,3968020886829,3379306793269,6209172563054
3072175558584,8837672997158,3910305024681,7578101469005,3837227203801,5967490694679,3553330972072,5701626782800,3588349712351,4222614654173,3413640934442,3949996033063,3046376260180,3362433074511,3898313197400,3303612831003,4675132268855,2815183066535,3300169668653,2814577861845,3183663782176,2862935066709,3340395513132,2757009765418,3023144730852,2913256197493,2990342201720,2802717315680,2972208858499,3968271509340,3379581597194,6209425993530
3072460080028,8837954225787,3910592373832,7578375531112,3837500177245,5967761467643,3553600676939,5701898208220,3588627571033,4222881078430,3413926303494,3950272210839,3046654139903,3362707091388,3898594927951,3303901305906,4675417613350,2815450345693,3300453262517,2814857637058,3183944922384,2863217243862,3340674592658,2757296979931,3023424900252,2913535422342,2990619219928,2802992585197,2972484838408,3968550882393,3379864936398,6209705960547
3072705715832,8838176682889,3910840925905,7578604779324,3837746771136,5967984122984,3553838585199,5702116073197,3588903714259,4223098511120,3414165273589,3950495967702,3046901235364,3362952521665,3898843076601,3304129948804,4675664056193,2815678000673,3300700350610,2815068767027,3184188151867,2863441401688,3340922391481,2757514941972,3023673653445,2913749823541,2990876019123,2803213558274,2972746139278,3968792454064,3380107608513,6209948970962
3072979826126,8838437595800,3911116887060,7578861666150,3838008466020,5968241961679,3554116171678,5702368051024,3589173954861,4223352548783,3414469151017,3950779713792,3047171964987,3363205594934,3899123628209,3304385466764,4675951583531,2815955020646,3300976010010,2815326822487,3184460337035,2863693783199,3341189339774,2757768270801,3023953522890,2914002407821,2991142077695,2803478413793,2973025758882,3969060422850,3380391183049,6210214958662
3073247455457,8838688794983,3911394812186,7579105582634,3838282895826,5968474426485,3554398461424,5702601400687,3589454671152,4223600863155,3414750190289,3951020782266,3047447252401,3363444949762,3899392027492,3304637404912,4676226239076,2816221158171,3301255773432,2815567976005,3184731813185,2863933541252,3341450609358,2758013152680,3024233969742,2914244758464,2991410848171,2803742968478,2973297863757,3969326426064,3380654939321,6210474547989
3073520930769,8838930691771,3911676511575,7579354298609,3838552578461,5968716933461,3554674332435,5702825924111,3589734264508,4223827804736,3415028375198,3951254800973,3047749031734,3363679193164,3899667255811,3304866574202,4676503966462,2816466752452,3301540275175,2815802438802,3185002741947,2864167896358,3341732750833,2758255364650,3024510482991,2914483330041,2991682991996,2803991264180,2973564053882,3969579685845,3380918992940,6210726307788
3073798698291,8839172782279,3911956589520,7579597753888,3838828117908,5968943240808,3554942624357,5703054959314,3590013033141,4224053028123,3415301431029,3951486715650,3048002033766,3363905914942,3899939750166,3305092175978,4676774559760,2816698823476,3301819063570,2816037165232,3185270641825,2864391307484,3342009561658,2758499176764,3024779761694,2914720178772,2991952537295,2804234083902,2973839921240,3969820311634,3381187368085,6210981855354
3074062667004,8839398578841,3912215169343,7579809679510,3839083662289,5969159234201,3555196083619,5703254377794,3590268362622,4224262099992,3415567254304,3951690165417,3048302061863,3364122613505,3900198464501,3305306019354,4677031966581,2816908303327,3302080275165,2816251980319,3185520774719,2864600987724,3342268550894,2758705849081,3025036578528,2914929646146,2992210264826,2804479565248,2974099442883,3970048855444,3381442606787,6211214464210
3074311813922,8839624439426,3912462026771,7580019568650,3839336860145,5969384814527,3555452307543,5703472635895,3590511997469,4224472991986,3415813309959,3951896843349,3048553368193,3364337697835,3900483887202,3305527356544,4677287966010,2817115675019,3302324455108,2816483462921,3185761322056,2864815099331,3342519495941,2758920053435,3025283834825,2915154404551,2992460242933,2804705598829,2974345666296,3970269618703,3381685966946,6211443033091
3074572725284,8839865011033,3912729793088,7580272683429,3839597872305,5969632238462,3555720324720,5703714883996,3590785936937,4224722207414,3416080424488,3952159394493,3048818814107,3364590922605,3900735421573,3305786860655,4677554450423,2817373657330,3302593223454,2816726962729,3186035310539,2865064405592,3342796127968,2759178822291,3025543581174,2915393675630,2992721953407,2804964422238,2974606535116,3970523476534,3381951837226,6211697425123
3074840318540,8840146916092,3913002410839,7580560204937,3839866132307,5969913125646,3555988435101,5703996230542,3591055695498,4225004229835,3416344610093,3952449524697,3049090572490,3364874766506,3901005485742,3306072968586,4677862677919,2817677786598,3302866656470,2816999610114,3186313387359,2865347229040,3343063638403,2759457286112,3025812851796,2915680955835,2993005050823,2805258579606,2974873776125,3970835525343,3382214629225,6211999168227
3075118452820,8840404612642,3913269212203,7580811370420,3840139180641,5970155755574,3556268624090,5704247978644,3591343631653,4225257081453,3416628248058,3952720863440,3049366714715,3365118812564,3901281941446,3306311876533,4678172346024,2817921824204,3303150752895,2817239528686,3186590894496,2865592090690,3343338560883,2759700855558,3026088307446,2915930474314,2993279915315,2805498505239,2975137814347,3971096828084,3382486139346,6212259562561
3075360792928,8840620090801,3913513901320,7581018319007,3840388317057,5970364169758,3556514860344,5704458465186,3591600925183,4225472705272,3416866656457,3952937136960,3049620260111,3365327461535,3901534813447,3306527712423,4678422150077,2818135541177,3303403399284,2817439025717,3186842008053,2865799794042,3343586295225,2759910972153,3026334568719,2916147917099,2993527057673,2805723539088,2975391945637,3971327850244,3382728169887,6212483189822
3075622049092,8840861660218,3913770373764,7581247335790,3840644915944,5970608269263,3556776755651,5704697563949,3591861715222,4225707945459,3417121769242,3953190208223,3049889748959,3365571296818,3901798088202,3306764746113,4678728937282,2818357737712,3303665860127,2817662575553,3187111247790,2866036126773,3343853751035,2760138769642,3026609679361,2916378452347,2993798868619,2805969346641,2975649972191,3971576452198,3382992970307,6212739036654
3075913886195,8841147248902,3914071585334,7581530766719,3840933144077,5970887232666,3557067346042,5704974906643,3592153279265,4225993367967,3417400348634,3953456963799,3050185616132,3365852169911,3902091675594,3307022892882,4679035273690,2818611967213,3303951184897,2817941522367,3187397528160,2866292851707,3344139082695,2760404336294,3026895091506,2916646773152,2994081257701,2806230275161,2975934473061,3971872165202,3383273808529,6213025188893
3076151117279,8841371999641,3914306420850,7581737144456,3841169250274,5971088164698,3557298409131,5705189668690,3592395600771,4226191128217,3417640989645,3953656797714,3050414629001,3366062078936,3902317857422,3307223817082,4679277632800,2818813781914,3304190923437,2818150670994,3187637086238,2866495483347,3344380383169,2760615924983,3027135586385,2916844727351,2994312015981,2806433442030,2976179425212,3972092156628,3383507782517,6213234905944
3076394923518,8841570495567,3914543801084,7581941534194,3841409088844,5971293831378,3557531691559,5705391092847,3592640523312,4226396915121,3417890056025,3953856273437,3050652882793,3366272273762,3902566476997,3307420644520,4679514747301,2819017452045,3304445539088,2818357756268,3187859584625,2866704284373,3344612195909,2760818568511,3027373106848,2917054970831,2994546737675,2806652618643,2976407976846,3972323718756,3383755632919,6213451683287
3076632967380,8841775022665,3914781702316,7582140083171,3841640400285,5971501657708,3557758479658,5705595274807,3592871407489,4226597448887,3418125227016,3954044749247,3050879772848,3366481183341,3902807528838,3307624366229,4679754173791,2819215838091,3304723338908,2818589399440,3188109116466,2866917227475,3344853810323,2761026325827,3027620725655,2917255442965,2994787619322,2806860643417,2976646263533,3972554879759,3384000816833,6213655812314
3076892244400,8842038360431,3915048947607,7582389008587,3841903767435,5971745388736,3558027700012,5705835426280,3593138722425,4226829780994,3418401008150,3954276467948,3051141628003,3366711098884,3903072589818,3307871987097,4680018624436,2819454385219,3304976818303,2818825891612,3188359795971,2867162356976,3345117103521,2761275198022,3027883249144,2917495488500,2995045264462,2807102195187,2976912546724,3972814621052,3384261306687,6213937400364
3077119984471,8842254283262,3915262434561,7582584151488,3842123880573,5971937613404,3558245814020,5706017199294,3593356673029,4227023169213,3418606374673,3954466499212,3051351414324,3366900580814,3903287965891,3308060239031,4680233361161,2819648475913,3305191669547,2819016592438,3188581412419,2867362835319,3345339311714,2761464877370,3028115099096,2917681482464,2995291467343,2807287733616,2977129365007,3973028823893,3384476450973,6214144198092
3077407705517,8842497889549,3915549622212,7582817235676,3842414524897,5972164178060,3558526860953,5706248181404,3593639658689,4227254161337,3418887937459,3954703905361,3051650267342,3367136851887,3903585607985,3308298830318,4680529609939,2819894381382,3305486299716,2819254961581,3188864406199,2867596036049,3345630859078,2761703620812,3028403218788,2917911284782,2995595271196,2807527062645,2977416359381,3973278428835,3384768725803,6214409221616
3077673173257,8842734993003,3915817567509,7583046851598,3842677222843,5972388740179,3558786625246,5706466660683,3593897914629,4227480713411,3419142442726,3954919230949,3051909294500,3367351305859,3903847313808,3308509372371,4680781136201,2820104499009,3305751316566,2819500634091,3189128106692,2867814902358,3345885375327,2761928885407,3028671265453,2918138621116,2995855596726,2807753547061,2977670420380,3973511124438,3385025523394,6214658745872
3077938368688,8842964711917,3916078004055,7583268139443,3842943960565,5972609354242,3559045083692,5706715402838,3594164552643,4227709307676,3419412845393,3955175334476,3052178773782,3367583597690,3904114498420,3308736372493,4681042366845,2820334346632,3306013689104,2819726168823,3189383834381,2868056464658,3346140332439,2762164616330,3028938347394,2918367005200,2996148911121,2807980476207,2977933546426,3973739742632,3385289540697,6214895862071
3078188629313,8843202853238,3916325216608,7583507044012,3843197556003,5972848578488,3559295520086,5706950594252,3594411605373,4227947507204,3419677726095,3955424597584,3052431061863,3367822868348,3904368639735,3308974244373,4681305938217,2820576619658,3306277505797,2819967529848,3189641765553,2868287510407,3346400121559,2762400198553,3029196024876,2918599923128,2996434945712,2808220231067,2978189611037,3973992443707,3385552762338,6215175614153
3078440321802,8843436659837,3916578784533,7583720386943,3843440353414,5973063986742,3559532516220,5707161130496,3594652985166,4228155743776,3419922086860,3955649227860,3052675452688,3368046385686,3904604122214,3309187078829,4681560248306,2820795451000,3306529041708,2820182458865,3189890888984,2868503417964,3346652553933,2762611348781,3029444060057,2918821357090,2996687634352,2808441930299,2978438351525,3974228190004,3385813746513,6215413754923
3078683918030,8843648133995,3916805130497,7583916057696,3843666951516,5973258419145,3559763220689,5707376581465,3594882731147,4228349321961,3420148124708,3955843304211,3052897135139,3368252153282,3904823013870,3309412832339,4681773634649,2820994674226,3306752543554,2820388595785,3190118895947,2868704958990,3346879781908,2762817279500,3029679959357,2919030058898,2996922333537,2808644921060,2978705887352,3974435158700,3386059531197,6215630043424
3078932869055,8843853415428,3917054759362,7584143581835,3843908538772,5973470432084,3560004405012,5707577055518,3595121388296,4228564648569,3420389313404,3956057019629,3053133610283,3368465720102,3905064632298,3309620908023,4682031451246,2821209171850,3306993800209,2820604140499,3190352396563,2868918908831,3347121543817,2763031178530,3029925790902,2919250365277,2997164927170,2808869492426,2978964818930,3974660726248,3386309783598,6215857204554
3079219113278,8844113287150,3917333513726,7584410160236,3844199478260,5973735946062,3560277831976,5707829704476,3595403439633,4228830442885,3420672285121,3956311696427,3053414043502,3368723156507,3905355075005,3309879498103,4682319501612,2821473406282,3307275525192,2820865262412,3190658558359,2869181245151,3347404873572,2763301110646,3030207512560,2919518352898,2997440731659,2809136741792,2979252500867,3974936918905,3386605433000,6216132415988
3079593313092,8844439454710,3917670536668,7584715036468,3844555443379,5974036988313,3560624738887,5708134637660,3595749186659,4229117856273,3421005744923,3956601909862,3053747513418,3369002642921,3905692019705,3310172812781,4682658503606,2821767434739,3307619888886,2821152029827,3190986734606,2869483084707,3347752127582,2763592764044,3030563027126,2919805581418,2997783533518,2809432498243,2979590588672,3975259061558,3386946820706,6216445306469
3079898845977,8844727808839,3917945326400,7584988704077,3844826311664,5974313856332,3560900436839,5708422355745,3596026956407,4229393644349,3421290599473,3956883040754,3054034197404,3369285577634,3905963351861,3310443181714,4682931271393,2822042140306,3307901057776,2821418347179,3191259335467,2869753785788,3348026731198,2763858044359,3030841597826,2920066885221,2998058986683,2809704400333,2979870807183,3975554681076,3387234699193,6216716095786
3080181528451,8844998822123,3918228468700,7585255795189,3845108034177,5974575233244,3561171725232,5708687988406,3596297582030,4229663202841,3421565119138,3957147702594,3054317664135,3369543573324,3906242616784,3310701204319,4683216298669,2822306998335,3308193848680,2821677584940,3191545757823,2870041399395,3348302397169,2764122137843,3031132966596,2920331750891,2998341231848,2809979588919,2980153910782,3975846557499,3387521793301,6217016654618
3080456543983,8845228544988,3918500640716,7585488747825,3845400706721,5974798634436,3561438657174,5708919524203,3596559617421,4229897421826,3421841011332,3957374399468,3054592239351,3369776158031,3906510276466,3310938882251,4683486602857,2822528689355,3308461389194,2821893619804,3191819524393,2870255563429,3348578981806,2764332823494,3031403740656,2920550785678,2998613582804,2810202547779,2980411432847,3976073261790,3387790636769,6217246482798
3080687034648,8845421013315,3918737879746,7585684619290,3845641634590,5974988734340,3561667234525,5709126811402,3596789682473,4230102255170,3422075077964,3957578653028,3054812346854,3369989441478,3906734974054,3311142162305,4683700708331,2822747085995,3308691011863,2822096236781,3192053025010,2870463006354,3348796174344,2764544050387,3031634721423,2920753330986,2998855372773,2810413105296,2980645649979,3976276153380,3388018653970,6217464465728
3080948440809,8845647863996,3918988299686,7585900031328,3845924127531,5975204826469,3561936240944,5709340313617,3597036359777,4230322013989,3422337415863,3957804007572,3055072263144,3370205752911,3906995034520,3311357680482,4683959046795,2822947753352,3308956042104,2822306613063,3192311610852,2870672455373,3349053018156,2764765328906,3031896900883,2920972192879,2999114231614,2810632990861,2980911572699,3976509095248,3388272366116,6217704004416
3081184533533,8845870916911,3919229486055,7586126699708,3846190195179,5975448667656,3562184912739,5709568228484,3597279769959,4230546044746,3422598195697,3958040760080,3055322355244,3370433963205,3907248046318,3311599437487,4684200630454,2823178109554,3309197893505,2822531172679,3192547885586,2870886793007,3349299496754,2764981854211,3032145366452,2921183930803,2999351471894,2810848035651,2981154708371,3976744692184,3388514693117,6217938109241
3081445534087,8846098833863,3919502906246,7586345798185,3846446481152,5975675769152,3562430274428,5709793647136,3597536275847,4230803222251,3422853216617,3958280306783,3055583800337,3370672780681,3907502224179,3311826441563,4684449536251,2823404959203,3309474456533,2822756712825,3192799112568,2871124058042,3349565085962,2765205352951,3032400122830,2921420072262,2999612327372,2811067301195,2981415170535,3976992773909,3388769213490,6218182266679
3081707068458,8846328228175,3919753039859,7586573998262,3846692962889,5975911952098,3562687200063,5710010568455,3597792433498,4231012354146,3423111296574,3958493424338,3055832695478,3370913313278,3907774019675,3312049898462,4684700811525,2823624798917,3309724983149,2822982336481,3193037834800,2871347320799,3349805452869,2765440651129,3032656275370,2921654732516,2999851883358,2811293422270,2981670457685,3977226658376,3389014625644,6218409608479
3081957298826,8846543038874,3920001978699,7586796788550,3846955403871,5976121552507,3562939058787,5710230849693,3598059191988,4231228409689,3423382682773,3958700007203,3056099617226,3371133796474,3908033761272,3312258510505,4684993794725,2823837725262,3309984464540,2823195193193,3193312220447,2871562718397,3350060527839,2765658549589,3032923697120,2921867712150,3000109910301,2811504985961,2981927396193,3977443320567,3389263695692,6218632111156
3082219732127,8846788922613,3920262533663,7587021393661,3847206844176,5976346962299,3563208675613,5710450966292,3598317578428,4231448089194,3423638081468,3958924955893,3056357129128,3371378354538,3908304784337,3312482563921,4685266572980,2824072531992,3310251116060,2823420313921,3193568363329,2871816403166,3350327227304,2765893178360,3033192747578,2922089738446,3000371219289,2811728849986,2982183637863,3977683226945,3389521968522,6218878968809
3082512970924,8847067087155,3920550428968,7587284851434,3847517329388,5976618987933,3563501624781,5710716131020,3598614702737,4231718875253,3423950182223,3959189453138,3056678015718,3371658970749,3908601355632,3312752202426,4685571280254,2824354797426,3310549522947,2823704950585,3193862877078,2872101167881,3350614410760,2766170599612,3033481278609,2922361837986,3000659362062,2812016538945,2982472588298,3977980803552,3389828814735,6219173466952
3082743131456,8847279091333,3920766479019,7587501382076,3847748947515,5976818939098,3563726541034,5710924183632,3598840986275,4231929031592,3424175522917,3959383090141,3056890258592,3371866044430,3908816122396,3312962344043,4685793702107,2824564285030,3310796168835,2823913837532,3194095988219,2872315063834,3350841070582,2766389931173,3033703099833,2922587472642,3000888809048,2812235689616,2982691763394,3978212198022,3390052051825,6219396294866
3083015198020,8847514556509,3921040537904,7587733727218,3848034671990,5977061775325,3563989240107,5711171740058,3599105498723,4232166072915,3424442123390,3959622289098,3057148690288,3372127337128,3909081679828,3313206299963,4686060394726,2824805057069,3311053687450,2824157276662,3194361600748,2872560664184,3351106635072,2766618980546,3033981718553,2922825535476,3001146914564,2812478193177,2982964409188,3978455900392,3390324049748,6219649015840
3083275095036,8847732482049,3921297465678,7587962784732,3848286560388,5977268894016,3564243684547,5711372406828,3599356346843,4232380457525,3424693189901,3959833724006,3057395033494,3372369263291,3909332509239,3313414677000,4686305369426,2825013790721,3311332193433,2824369453265,3194609288843,2872766984905,3351355146880,2766834280468,3034227806955,2923043240498,3001401410432,2812701009064,2983212707501,3978687929701,3390577734850,6219878614083
3083524048376,8847942899432,3921528237969,7588167785337,3848530524447,5977465154915,3564500721463,5711560723499,3599598150465,4232581034656,3424944916952,3960028707202,3057641927547,3372578121847,3909572451350,3313619877478,4686549063513,2825225923730,3311595753658,2824579390600,3194842782497,2872960156945,3351595933374,2767034659417,3034461946620,2923256681128,3001642725747,2812899165508,2983448632785,3978902231350,3390816867021,6220092841168
3083752024214,8848192811646,3921751378204,7588430614693,3848754507221,5977709355912,3564726281100,5711809065117,3599826028587,4232829454804,3425165244860,3960264680337,3057869897519,3372842801638,3909806980281,3313868938228,4686785552280,2825477866709,3311824664487,2824830415912,3195075479944,2873212999089,3351817611288,2767285704256,3034692823267,2923520525212,3001874627093,2813158712918,2983676946247,3979168396445,3391038589908,6220356790140
3084024261758,8848446100063,3922023582913,7588674418328,3849018448352,5977955722053,3564992589551,5712057581087,3600105434865,4233077757149,3425433503085,3960530817706,3058126775815,3373088668248,3910058408699,3314113579890,4687059886915,2825726231502,3312078644794,2825080114907,3195365712563,2873454467880,3352076190953,2767526018319,3034959242624,2923763905338,3002145856710,2813399391539,2983938053724,3979420147721,3391299505388,6220612285181