2937634856711,8706013411250,3775359635435,7446651474244,3702254219970,5838670002650,3420019271847,5574357414493,3454282379005,4094882313164,3279426745498,3820359999726,2912624128930,3233762642498,3764766817270,3173147723557,4540227531800,2685109703388,3165861590647,2684972308162,3048234980813,2733990380457,3206620849215,2626034456675,2888940116663,2781924959825,2856276801486,2672555834735,2837869025705,3832998336736,3244606170900,6067168901171
2937859868825,8706277777251,3775595294892,7446913472468,3702487289839,5838921365760,3420252177298,5574609614621,3454524855403,4095131358821,3279666401163,3820626570281,2912859017968,3234020895695,3765004602830,3173429047535,4540461842047,2685370937362,3166105666631,2685230522093,3048466218068,2734254321441,3206874977357,2626293186938,2889178360248,2782190399169,2856521759179,2672814517285,2838097849967,3833240737512,3244852372013,6067545054545
2938092060804,8706547660725,3775831131182,7447147083519,3702718062439,5839172798178,3420484877350,5574863531780,3454790438771,4095393987846,3279912403843,3820886528909,2913105722944,3234286668341,3765247235488,3173683361774,4540706549632,2685623081448,3166341043689,2685489954588,3048743492592,2734511515319,3207124911102,2626550339045,2889413907979,2782461665276,2856762430876,2673066213210,2838337413318,3833494344374,3245102265750,6067815658259
2938342369602,8706804958834,3776084429705,7447393173376,3702966642411,5839432805799,3420736745836,5575129173242,3455035229860,4095654638019,3280160536944,3821142260563,2913367013125,3234527663242,3765485310175,3173935219414,4540929231305,2685864511942,3166581973340,2685751738339,3048990726394,2734773493931,3207404502189,2626814824334,2889663573345,2782723604513,2856996920145,2673321852257,2838584647475,3833750075861,3245345671316,6068081082357
2938578705265,8707071940775,3776331776387,7447635953318,3703211950740,5839676959918,3420971233791,5575385102343,3455273202441,4095903472227,3280407482499,3821384725733,2913610515970,3234777597682,3765729030551,3174185831316,4541178680803,2686121427838,3166843163932,2685993382934,3049232055597,2735027635101,3207656706154,2627056895145,2889912859933,2782972451598,2857239529672,2673558831748,2838832691975,3834007561276,3245594754592,6068343951847
2938822389277,8707332212948,3776580311271,7447890316118,3703444344044,5839944226773,3421216528152,5575653553604,3455507449291,4096152743715,3280645420708,3821634544934,2913867179650,3235023034636,3765970779264,3174436198399,4541413792755,2686363362192,3167074001922,2686233497962,3049476830335,2735273910573,3207935001980,2627303754548,2890165547143,2783217124616,2857491147002,2673799830487,2839079435762,3834253785949,3245850587754,6068608496355
2939070835573,8707572702938,3776830521848,7448136623438,3703682178895,5840197350186,3421452922796,5575905644251,3455754730168,4096413316362,3280889792935,3821888195869,2914120603437,3235277331378,3766214717185,3174698059722,4541683349153,2686622742681,3167312199713,2686501918166,3049715827558,2735544114117,3208170190716,2627568404689,2890430961172,2783480271001,2857729284592,2674064879364,2839330881831,3834515115223,3246084561631,6068880140284
2939315307422,8707841160703,3777073128976,7448378635774,3703926332531,5840443952965,3421708034585,5576150438856,3456001448508,4096664612197,3281124795990,3822134932321,2914357908235,3235527626543,3766464384770,3174940705047,4541921039058,2686862431677,3167542756788,2686745929367,3049949804934,2735793443716,3208411547044,2627817940869,2890675038482,2783735767153,2857964543870,2674313557200,2839582429428,3834761886908,3246332795817,6069125106092
2939560123969,8708091462315,3777319110568,7448624417492,3704175784752,5840689682318,3421950188370,5576411562472,3456259012309,4096928841501,3281372956598,3822390019801,2914593944893,3235784213503,3766712433744,3175201041121,4542173161014,2687115932795,3167791644489,2687006460168,3050197797397,2736053206437,3208652666897,2628071566667,2890926961782,2783982573617,2858250597991,2674566520964,2839835182355,3835006631274,3246585799467,6069396707747
2939792164278,8708355141239,3777557142984,7448877990383,3704431170222,5840943689644,3422189384058,5576664854848,3456508296550,4097183218360,3281631619099,3822642484039,2914840753343,3236033960404,3766964750850,3175455681472,4542440409146,2687379201786,3168033222648,2687260930467,3050443064173,2736310494286,3208900193423,2628315661695,2891172569866,2784236375384,2858525342026,2674828842272,2840082972642,3835263768407,3246825280302,6069660638069
2940044655161,8708628160838,3777801907562,7449142776200,3704670255431,5841204862404,3422437096820,5576924307914,3456760583297,4097442096610,3281893834744,3822921751343,2915079726351,3236301980214,3767210892498,3175711636282,4542713791759,2687637772800,3168277759236,2687523618867,3050698595759,2736570050610,3209146848372,2628581671185,2891439606058,2784496765562,2858775206346,2675095007683,2840325132670,3835515454262,3247069014914,6069943822901
2940281410413,8708889268908,3778044033731,7449397458126,3704926942453,5841454895544,3422682718012,5577180985193,3456999292468,4097698856095,3282135024090,3823181140858,2915302589552,3236554366174,3767444474586,3175965916121,4542953356750,2687888292095,3168504034785,2687781392391,3050925614039,2736818490926,3209383982216,2628826843618,2891689921329,2784744413060,2859009996467,2675359871955,2840592104640,3835777336492,3247316477296,6070218724633
2940545908938,8709143819305,3778304721995,7449643764773,3705173873202,5841694101539,3422925781284,5577434738616,3457249959555,4097945625427,3282382673183,3823419144042,2915547942405,3236790182113,3767696531873,3176209049358,4543197120689,2688132786162,3168762147579,2688024849751,3051196013858,2737059572359,3209634744892,2629077104088,2891946238910,2784989365273,2859266272646,2675600211663,2840847331985,3836044658490,3247553593622,6070472362451
2940791393205,8709413499651,3778561297374,7449908913122,3705424107052,5841949278648,3423159632340,5577696903266,3457494844878,4098205607439,3282627308440,3823675042492,2915797884116,3237044415974,3767933162717,3176458807174,4543455312182,2688384670701,3169015363874,2688284130508,3051452502206,2737313954117,3209897547144,2629329819783,2892193352621,2785252795976,2859527935264,2675857213179,2841088406347,3836296726053,3247835848595,6070742281983
2941068045863,8709665845246,3778817904373,7450160211354,3705674929641,5842195916449,3423398785798,5577943622670,3457741433651,4098454979277,3282876887370,3823916577046,2916049761433,3237292457750,3768183930106,3176715086241,4543697841031,2688643279210,3169275654750,2688526544477,3051698486643,2737561725047,3210156964431,2629581899824,2892433421696,2785500822773,2859785575951,2676100491637,2841339049276,3836560706372,3248085104976,6071005422057
2941338331716,8709923602833,3779065292053,7450411687711,3705932333311,5842446958623,3423652936375,5578200851952,3457995780250,4098710699004,3283147239334,3824181831940,2916308784614,3237545727439,3768459198833,3176971772704,4543967569682,2688903699263,3169539716407,2688771513023,3051975986567,2737821970338,3210424432502,2629848176374,2892695737357,2785747804549,2860032398735,2676353771765,2841599300948,3836798453699,3248349614377,6071258246755
2941592802004,8710163958258,3779324803797,7450651213391,3706181850502,5842697514389,3423931509595,5578460206173,3458241741301,4098950971759,3283401960305,3824442911032,2916558390833,3237785746745,3768713962474,3177212686963,4544211605101,2689148058421,3169779679795,2689009328466,3052217309608,2738055501100,3210676181116,2630089879350,2892938518458,2785987012898,2860290773812,2676597750219,2841854694980,3837025624113,3248613797269,6071523028132
2941863982017,8710398359659,3779579849857,7450872362080,3706425759177,5842934205491,3424171254105,5578689551607,3458513856883,4099174051542,3283640933964,3824668951293,2916798311540,3238014871918,3768960564243,3177442273820,4544453323448,2689387295584,3170027556857,2689244796970,3052457876019,2738286416954,3210925020074,2630320731812,2893198578689,2786215339395,2860541636583,2676828972772,2842110226169,3837248036896,3248853516045,6071754918319
2942119449445,8710660013630,3779826875602,7451119990315,3706668510348,5843196868716,3424423936867,5578940143677,3458765386025,4099437717475,3283893133023,3824931420506,2917046645326,3238264847014,3769212716667,3177689643427,4544694740965,2689625938406,3170270996142,2689494542885,3052696653197,2738547217800,3211166038946,2630571226867,2893451421853,2786463758147,2860809285022,2677079834705,2842357582095,3837509935473,3249102947950,6072016031932
2942378858597,8710910169774,3780077298442,7451371506356,3706906051962,5843442289169,3424674972289,5579185454394,3459051542736,4099687491800,3284151658240,3825184216506,2917290676812,3238520017421,3769448690397,3177960252157,4544944444033,2689866267226,3170513800831,2689745075766,3052943605163,2738799074466,3211402915376,2630829252986,2893702000088,2786715775166,2861056115935,2677319394014,2842612999678,3837770445968,3249353541851,6072266019186
2942616102393,8711178726348,3780318953874,7451640106856,3707154557297,5843696815290,3424917715957,5579439206427,3459297755788,4099949798840,3284407851250,3825443398257,2917567945647,3238794686680,3769691832088,3178230285193,4545200665595,2690127207203,3170751328823,2690006099435,3053192413766,2739062189400,3211642774808,2631096442401,2893952297794,2786979633780,2861309898021,2677580739294,2842877085810,3838028079008,3249600881631,6072547847286
2942873443186,8711440634350,3780565428805,7451888668442,3707399365028,5843939339495,3425170484207,5579678403360,3459558239254,4100205191232,3284668732173,3825691484822,2917819879256,3239050640376,3769951065555,3178502037779,4545455963921,2690375590078,3171009090444,2690248409836,3053453030185,2739318887341,3211896404598,2631340400725,2894198183534,2787244461766,2861559133890,2677826116342,2843132835364,3838281501629,3249867930323,6072811350802
2943138809309,8711697614947,3780832813626,7452139678266,3707661054076,5844184193985,3425421061652,5579922548397,3459812260519,4100471862416,3284919440998,3825947464001,2918099780019,3239307831251,3770215249791,3178755017232,4545707038646,2690628258269,3171267830877,2690515160875,3053707367423,2739577824947,3212149776133,2631588480688,2894442907181,2787501493124,2861812752684,2678073842162,2843382234731,3838547157065,3250125930879,6073078478998
2943381988880,8711947849345,3781076165574,7452390282552,3707899072910,5844434765550,3425655768742,5580178888964,3460055932365,4100708695117,3285149650867,3826199720714,2918369913476,3239569660639,3770457775732,3179012480306,4545952758911,2690881901188,3171515721165,2690762978736,3053942039050,2739833926818,3212384549369,2631835812483,2894676328288,2787760184971,2862047131948,2678315879422,2843630066811,3838782777081,3250357898642,6073350358411
2943622279446,8712209768847,3781314829933,7452634031550,3708145617925,5844690764299,3425904090115,5580433663326,3460310724593,4100956199012,3285419140200,3826447267173,2918610292480,3239830193660,3770711132917,3179275013774,4546190679351,2691133116093,3171754980835,2691013298494,3054190463104,2740081411996,3212627092198,2632093400318,2894923711153,2788027264680,2862299040936,2678574940995,2843873027957,3839042718558,3250590570830,6073611038314
2943851861853,8712465432257,3781545367423,7452883812219,3708369435676,5844940936698,3426126292102,5580684425565,3460543812627,4101218378079,3285636522195,3826691805241,2918862443340,3240088126361,3770933664925,3179535323094,4546414486931,2691394768109,3171998394070,2691262486410,3054432991854,2740332752534,3212850996795,2632337956924,2895143025767,2788271391549,2862524078467,2678823445286,2844101726462,3839294411910,3250821543094,6073877694832
2944091842149,8712711644445,3781801791382,7453128224545,3708617299456,5845191616579,3426370606265,5580939557922,3460789992976,4101471253268,3285870935493,3826945352784,2919094308987,3240351350860,3771201301866,3179781006564,4546665078465,2691651600573,3172247360812,2691516054340,3054675781981,2740577518098,3213100812540,2632590849767,2895385349154,2788519533123,2862764673047,2679072892374,2844362210460,3839547605112,3251077371883,6074148381810
2944346806503,8712973647219,3782063524666,7453389438457,3708874592405,5845451467724,3426631547435,5581196503989,3461049441584,4101723164681,3286139605457,3827189663844,2919361617250,3240587747318,3771441295438,3180050653566,4546910393502,2691904736059,3172518918459,2691762217225,3054944646166,2740829912200,3213366545499,2632846207084,2895656250636,2788763093320,2863023052002,2679322905363,2844634487012,3839796542622,3251344898295,6074413563693
2944600532114,8713226562060,3782299521004,7453635382837,3709109111659,5845694545683,3426873696152,5581436461764,3461293273716,4101969135422,3286369525685,3827438625600,2919596982869,3240847387047,3771701673679,3180301264209,4547158701520,2692144372038,3172763543125,2692005397316,3055185135561,2741069300625,3213607514703,2633101457670,2895899727531,2789016538944,2863253775207,2679563172096,2844874398746,3840029577534,3251581958996,6074663144412
2944861199054,8713474352880,3782548924644,7453878043948,3709366459463,5845922954136,3427124965958,5581662817879,3461552746459,4102203836313,3286611627370,3827668066182,2919844958696,3241080712736,3771943973823,3180537493958,4547400394050,2692383589461,3173006065677,2692243037667,3055455363616,2741299259693,3213849983605,2633338677542,2896154744029,2789258943751,2863509390720,2679792286056,2845125632277,3840271016564,3251839193837,6074923544943
2945098829731,8713746950191,3782794120981,7454129206115,3709606464195,5846183558177,3427368223899,5581910216926,3461797604405,4102457888558,3286859399610,3827931598856,2920087716542,3241326021120,3772197429920,3180786070218,4547667405835,2692639131784,3173258413546,2692503293990,3055723611352,2741561805017,3214105438061,2633596008530,2896415378676,2789522855123,2863773643156,2680038777213,2845385210200,3840520030685,3252092664311,6075204462431
2945351609191,8713992108392,3783040502170,7454347724714,3709856527201,5846402641839,3427643932239,5582130028140,3462053668815,4102688719927,3287110523273,3828153902189,2920328497992,3241555898450,3772456710112,3181023814904,4547934213051,2692879950088,3173516714773,2692736708154,3055997699915,2741791820835,3214351388823,2633839792303,2896671517850,2789744203189,2864024574899,2680280775659,2845636108329,3840764551502,3252346573978,6075456311752
2945609727949,8714264576098,3783309137057,7454599977525,3710125378919,5846657172150,3427914961561,5582376607770,3462312750856,4102935425192,3287369449550,3828396233423,2920594858569,3241814754762,3772723113543,3181288024619,4548191214982,2693130494647,3173769995182,2692985896454,3056254950803,2742028659990,3214650053119,2634092686817,2896932746471,2790006170545,2864292831321,2680536262834,2845890299792,3841020218200,3252606027658,6075719626921
2945876875901,8714535189537,3783579662168,7454853500276,3710392929303,5846900274904,3428173028687,5582614701695,3462560928068,4103183209193,3287632420346,3828646807753,2920844798279,3242059529532,3772975916484,3181549733513,4548448210355,2693382214403,3174021177645,2693266876622,3056523346424,2742284648224,3214923368098,2634341251135,2897220058373,2790271635208,2864563707582,2680794154744,2846161115548,3841275603877,3252884395431,6075999685396
2946130264820,8714789035737,3783847220244,7455106239879,3710636996204,5847145775278,3428420912045,5582862549267,3462814931373,4103429076252,3287878113093,3828891176446,2921109111520,3242304581993,3773230975325,3181793683150,4548706709286,2693632209375,3174276241046,2693512744809,3056771257810,2742543367480,3215195065707,2634596361877,2897469719951,2790518345679,2864817953084,2681048204907,2846413836333,3841545165720,3253140590768,6076270196381
2946373379610,8715043606497,3784084122226,7455346887641,3710879940649,5847390456460,3428666982363,5583116440558,3463064169992,4103678249133,3288110852988,3829141213752,2921362323590,3242545256995,3773473710534,3182043572404,4548937226980,2693884658142,3174522989329,2693758823020,3057018324908,2742801072500,3215437002883,2634839583113,2897707353263,2790764588467,2865087791290,2681300052416,2846663563902,3841797349374,3253383972838,6076535213507
2946635275056,8715302939315,3784335042875,7455599802145,3711108861299,5847636878857,3428905576227,5583363778244,3463289217519,4103935897744,3288349367557,3829389843389,2921607752813,3242802981050,3773710906641,3182291418509,4549179084772,2694128938831,3174765673258,2694002546478,3057266872615,2743034523211,3215681539723,2635081042319,2897939130922,2791009803557,2865327484027,2681550549328,2846915137259,3842047949292,3253619102820,6076796538996
2946895560133,8715542858142,3784578074869,7455833179604,3711351050074,5847863098728,3429145333399,5583596329139,3463536410713,4104170631901,3288592292832,3829620665990,2921857797244,3243035258034,3773937993208,3182528400918,4549413623226,2694374629199,3174999432506,2694237126883,3057512568927,2743285652752,3215927605398,2635318959392,2898184028704,2791244558299,2865582421629,2681784096748,2847162988830,3842307788338,3253900879137,6077036925920
2947141916793,8715791804509,3784814744425,7456081069374,3711595719931,5848103561667,3429383864970,5583834995165,3463766229408,4104419722672,3288834602598,3829861018624,2922101164177,3243268323449,3774184173142,3182767528732,4549652623141,2694626980849,3175257687067,2694471134436,3057764066495,2743526525829,3216190181514,2635566966663,2898422826853,2791490719772,2865824966688,2682032943704,2847416856476,3842567294132,3254140585546,6077291235260
2947397001009,8716047612264,3785073635515,7456316717349,3711850507013,5848344992678,3429638279013,5584074614149,3464014519054,4104656171001,3289091653993,3830106075058,2922340075463,3243507831740,3774429222137,3183009562827,4549914605885,2694862856188,3175496179466,2694705662482,3058023562050,2743782981195,3216430910512,2635813952997,2898675496161,2791739872444,2866078751129,2682275156035,2847673767749,3842823876009,3254421468547,6077549537276
2947631248712,8716310987660,3785318530106,7456567798250,3712080202878,5848597815776,3429883092780,5584323680831,3464250513504,4104905341908,3289333141399,3830345424070,2922591347051,3243761861166,3774679257489,3183250073589,4550164943690,2695111802097,3175749307795,2694961312925,3058272739655,2744038125773,3216665011440,2636056800479,2898912425399,2791987633070,2866315294238,2682516202750,2847913799083,3843091382751,3254680092751,6077809082669
2947910176292,8716588119719,3785585630664,7456840979338,3712341471553,5848860400352,3430156456173,5584604572325,3464516461585,4105171754108,3289600701834,3830601667003,2922862872414,3244033073928,3774937609632,3183522037238,4550421142075,2695408381735,3176009151280,2695247847741,3058525949184,2744319744181,3216934253829,2636334033987,2899167310068,2792250509001,2866578159625,2682794738110,2848181115139,3843362443448,3254966784397,6078088634548
2948169019386,8716835335468,3785833601762,7457082426235,3712590887760,5849097625305,3430395586503,5584847950809,3464793628054,4105405069820,3289854005832,3830839390090,2923105683536,3244267126429,3775172208491,3183760070871,4550672629243,2695652268250,3176254714383,2695485292991,3058762005262,2744564127899,3217181239830,2636565979222,2899418676224,2792503131524,2866835748757,2683036619309,2848452126752,3843613356971,3255245438184,6078352791046
2948429564213,8717086774524,3786125291897,7457331856059,3712850996774,5849338618209,3430652537941,5585099481050,3465051904434,4105644054923,3290107470730,3831074931672,2923367666164,3244504535015,3775424338936,3183999774615,4550935337383,2695895247293,3176506622726,2695736626890,3059012850446,2744809681097,3217437846336,2636814838827,2899678010440,2792753122894,2867085983096,2683287998113,2848694975282,3843845602661,3255497909602,6078601189892
2948679844438,8717321967242,3786373606088,7457567329665,3713101803276,5849569283815,3430889629917,5585336131513,3465332907038,4105869664755,3290359044700,3831298176471,2923615212431,3244736953696,3775670123986,3184243890017,4551176758182,2696119593886,3176744546633,2695960876362,3059245845711,2745037179164,3217676757789,2637037300690,2899923782146,2792983802970,2867333769049,2683513874662,2848954886220,3844081166336,3255754434957,6078852644328
2948931198984,8717592081309,3786659354232,7457824961549,3713356022153,5849820697884,3431140091590,5585601288880,3465578379903,4106115357774,3290603552369,3831552184978,2923850548881,3244991189081,3775924660384,3184490628722,4551410976580,2696372053043,3176996641110,2696213064512,3059493198011,2745284224637,3217918347808,2637300080002,2900159580745,2793236199589,2867574730648,2683764545775,2849204396137,3844338255751,3255997292074,6079121185773
2949191656063,8717857627298,3786901314943,7458079224145,3713629719978,5850077696082,3431382255891,5585854151369,3465826269396,4106374573507,3290853982466,3831800695150,2924096019249,3245241549582,3776173109720,3184736937979,4551657273012,2696632127629,3177249857726,2696455580607,3059744642146,2745554949738,3218181060806,2637558578062,2900412669499,2793481024501,2867831335696,2684028652425,2849457517599,3844596901582,3256252468499,6079387896925
2949454045868,8718105024119,3787158657151,7458313076653,3713888485504,5850322123911,3431636704551,5586098823415,3466082822019,4106629977191,3291105427603,3832038367844,2924350320368,3245480180112,3776427702840,3184969834359,4551914509621,2696866479433,3177510490382,2696700850592,3060013352524,2745803827291,3218456666176,2637789694062,2900665075573,2793724882745,2868087816885,2684283724885,2849713465295,3844861188285,3256509566478,6079648528904
2949690902539,8718362513686,3787408379966,7458555283889,3714135724307,5850568770695,3431903141512,5586340451761,3466326705682,4106879181605,3291355551430,3832293097273,2924581431962,3245741845504,3776664252788,3185219270061,4552151224678,2697119957234,3177761013663,2696937545969,3060255274994,2746050832342,3218701972893,2638038750714,2900901764708,2793977147160,2868342980322,2684523198387,2849957515210,3845111214331,3256760156413,6079901755619
2949938006370,8718617848132,3787656687392,7458805561094,3714396955680,5850815815571,3432163993357,5586591536450,3466595103751,4107120200169,3291609088597,3832539963714,2924816277722,3245991177165,3776904651975,3185467730859,4552392514438,2697384939375,3178007470722,2697187826928,3060495706111,2746297569482,3218949922699,2638287572617,2901156371916,2794238856871,2868593732414,2684775801671,2850208836041,3845359796277,3257011669146,6080154810229
2950194994879,8718901846569,3787918352833,7459066349907,3714655789070,5851080751875,3432418394643,5586873898704,3466845885210,4107391509171,3291870292048,3832807180698,2925080423623,3246258913807,3777166066265,3185737960502,4552652333609,2697661045713,3178275912230,2697449171355,3060741592097,2746578769441,3219205047530,2638566404615,2901402450985,2794515163340,2868850815836,2685045575358,2850467053342,3845626236851,3257283031656,6080455663090
2950454134515,8719173060493,3788178178642,7459344071075,3714904886831,5851345346058,3432666989257,5587154031455,3467122160224,4107667090281,3292125876021,3833087662513,2925329002876,3246532291167,3777418360271,3186013525862,4552891330169,2697934799311,3178526885945,2697732220778,3060981467320,2746853243618,3219455555209,2638837805586,2901677351524,2794771271390,2869103210872,2685292388432,2850732649131,3845885925921,3257526640100,6080747462680
2950709395541,8719433975736,3788432333349,7459603465172,3715156661773,5851587633146,3432912436158,5587414704738,3467407603826,4107920958837,3292378117640,3833335507183,2925580281839,3246767330981,3777672247499,3186254089457,4553143377155,2698182410298,3178777540448,2697981432756,3061224956783,2747103641820,3219697389118,2639083667391,2901921040204,2795022231903,2869360853773,2685547623117,2850991089025,3846129316415,3257803249504,6081015458895
2950946711928,8719696551840,3788669373289,7459844001480,3715388433553,5851826864075,3433142931464,5587653389076,3467643553386,4108172262906,3292609726664,3833573310477,2925806073314,3247005028076,3777910467401,3186499270278,4553381638774,2698428869056,3179032070048,2698233884578,3061451505760,2747340069606,3219921023298,2639334580589,2902151615263,2795278927122,2869596659300,2685803499360,2851231720236,3846374618198,3258048717121,6081278500098
2951186300850,8719951907284,3788919684743,7460093227463,3715633254596,5852075347662,3433379022573,5587898092427,3467902165455,4108420661130,3292844995794,3833817116243,2926052580044,3247243736552,3778142496948,3186750291619,4553617587799,2698692869887,3179262446856,2698491453109,3061681582465,2747597077395,3220176380696,2639575886430,2902384797710,2795524660737,2869843326264,2686055712260,2851473963211,3846614529154,3258295683730,6081530097045
2951422482044,8720209345833,3789159537513,7460349041735,3715868699920,5852342039817,3433608352235,5588165429141,3468132658771,4108689797984,3293071540396,3834062901023,2926294869081,3247506487428,3778396874110,3187005651454,4553877936805,2698950349739,3179502518751,2698740550398,3061928199261,2747844740801,3220409641554,2639833213265,2902611187378,2795786505314,2870080294944,2686306627226,2851700126316,3846868390466,3258528103748,6081801230868
2951675040818,8720457502303,3789415838661,7460591747455,3716123099300,5852591160285,3433852144194,5588409960180,3468377368513,4108932452558,3293316945562,3834310431263,2926539485659,3247751306901,3778643435681,3187263213935,4554130749941,2699205842416,3179751543689,2698990669420,3062172256474,2748099576460,3220661570019,2640086839161,2902860226947,2796031927151,2870329518803,2686567996103,2851961883238,3847128628477,3258778362458,6082079285903
2951925297273,8720715426572,3789664575596,7460853182146,3716370357930,5852833490474,3434098551965,5588658913912,3468634979766,4109184423373,3293567486273,3834549079110,2926793862251,3247988321775,3778890037445,3187504636136,4554404831051,2699444933941,3179991166565,2699240387246,3062416096474,2748352185145,3220904228325,2640339668374,2903107013219,2796292598255,2870577324217,2686821757314,2852202259013,3847381975531,3259038302028,6082340426624
2952179323106,8720944958908,3789915416620,7461091758472,3716613982229,5853069567171,3434339063336,5588905796991,3468871206935,4109419685210,3293814193309,3834785280824,2927062282519,3248219203292,3779139144982,3187729534306,4554644146812,2699675829656,3180230043422,2699474931391,3062664116445,2748579685970,3221143606460,2640570145256,2903344007776,2796540436112,2870821875115,2687072929452,2852430777471,3847611466724,3259278784375,6082584331468
2952423482876,8721212577733,3790164113177,7461363195727,3716881422638,5853333301775,3434591260211,5589159309805,3469127623564,4109672497907,3294061725045,3835041499383,2927324116518,3248468896855,3779397635774,3187989882026,4554888239665,2699939945420,3180495016478,2699730861506,3062922329977,2748830730755,3221410662887,2640841122379,2903596493566,2796806595749,2871062817693,2687342819580,2852699751547,3847869244287,3259534991910,6082871123894