377882,162743,1373159,98162,1680294,78240,485621,88679,1013919,106006,397107,95452,82374,60368,2182474,61940,61659,61573,496009,67784,278706,64010,1733448,68355,65673,61390,64654,58304,65258,94137,75797,202198
378078,162790,1375125,98164,1682686,78240,486306,88679,1015600,106006,397539,95452,82402,60368,2186401,61943,61659,61573,496814,67823,279065,64015,1736310,68415,65674,61401,64714,58308,65379,94141,75994,202239
378288,162806,1377635,98179,1685784,78248,487122,88686,1017411,106006,398155,95459,82459,60368,2190864,61943,61662,61573,497589,67823,279521,64015,1739498,68423,65674,61403,64715,58372,65384,94169,76067,202265
378530,162822,1380270,98206,1689418,78248,488030,88686,1019564,106012,398774,95469,82495,60377,2195294,61948,61664,61573,498425,67823,279953,64015,1743058,68423,65674,61403,64715,58433,65389,94196,76091,202273
378739,162879,1382851,98224,1692782,78264,488851,88707,1021489,106013,399413,95490,82520,60382,2199573,61954,61668,61579,499017,67830,280379,64027,1746362,68425,65679,61404,64720,58434,65392,94211,76102,202301
378934,162915,1385487,98243,1696092,78267,489721,88755,1023403,106041,400027,95490,82553,60382,2203872,61954,61669,61580,499913,67835,280873,64069,1749773,68425,65679,61404,64721,58444,65392,94219,76151,202306
379147,162939,1388197,98263,1699428,78272,490615,88757,1025330,106123,400690,95490,82583,60382,2208130,61955,61669,61580,500710,67839,281386,64111,1753098,68425,65679,61406,64723,58453,65392,94222,76174,202316
379364,162966,1390858,98264,1702677,78300,491493,88761,1027244,106182,401355,95493,82618,60382,2212393,61955,61675,61580,501698,67839,281899,64134,1755984,68426,65679,61406,64724,58458,65400,94232,76197,202317
379578,162996,1393469,98270,1706165,78300,492404,88761,1029290,106250,401961,95537,82650,60382,2217190,61959,61678,61580,502666,67839,282287,64134,1759552,68429,65679,61410,64724,58464,65400,94235,76233,202338
379804,163005,1396301,98275,1709449,78304,493276,88764,1031260,106333,402676,95539,82676,60382,2221278,62010,61683,61585,503676,67839,282846,64134,1762745,68429,65680,61410,64724,58467,65400,94241,76247,202357
380030,163018,1399059,98279,1712889,78306,494177,88770,1033230,106333,403372,95626,82713,60382,2225618,62021,61683,61630,504590,67839,283337,64134,1766093,68429,65680,61410,64725,58470,65401,94241,76289,202361
380241,163050,1401595,98284,1716281,78306,495042,88779,1035121,106336,404023,95689,82748,60382,2230195,62021,61684,61640,505548,67873,283873,64147,1769633,68429,65681,61410,64726,58475,65401,94241,76321,202368
380478,163066,1404153,98293,1719452,78308,495890,88779,1037060,106340,404663,95756,82786,60382,2234467,62021,61686,61641,506265,67902,284344,64149,1773254,68429,65681,61410,64726,58478,65401,94241,76360,202382
380682,163099,1406764,98304,1722919,78308,496826,88780,1039114,106343,405353,95816,82830,60382,2238860,62021,61686,61641,506993,67931,284771,64169,1776610,68429,65681,61410,64726,58481,65401,94241,76413,202390
380867,163137,1409456,98322,1726352,78317,497721,88805,1041046,106343,406041,95845,82861,60391,2243443,62021,61686,61642,507916,67944,285262,64206,1779948,68431,65683,61414,64726,58483,65401,94243,76438,202408
381076,163162,1412076,98325,1729644,78317,498597,88819,1043068,106348,406689,95875,82891,60403,2247958,62022,61686,61642,508815,67944,285702,64238,1783449,68470,65685,61416,64726,58483,65401,94243,76480,202416
381269,163206,1414955,98333,1733037,78318,499498,88819,1044990,106353,407391,95942,82942,60403,2252053,62026,61686,61642,509698,67953,286257,64238,1786545,68506,65686,61430,64727,58517,65407,94248,76516,202448
381507,163216,1417579,98336,1736344,78319,500376,88819,1046941,106354,408060,95988,82970,60403,2256671,62047,61686,61642,510667,67956,286675,64238,1790233,68506,65686,61430,64727,58593,65438,94248,76547,202457
381726,163234,1420107,98345,1739816,78322,501237,88824,1048995,106357,408685,95988,82975,60406,2261312,62103,61686,61642,511455,67958,287128,64240,1794235,68508,65687,61431,64727,58672,65439,94249,76548,202465
381964,163247,1422787,98349,1743160,78323,502121,88825,1050995,106363,409291,95988,83014,60406,2265948,62114,61690,61675,512234,67969,287585,64240,1798027,68508,65689,61431,64728,58746,65440,94249,76583,202474
382170,163273,1425375,98368,1746504,78329,503008,88825,1052867,106364,409946,95993,83070,60409,2270412,62114,61690,61686,513384,67983,287972,64275,1801525,68510,65693,61431,64728,58822,65441,94251,76617,202478
382366,163316,1428171,98381,1749949,78332,503912,88832,1054838,106366,410620,95993,83111,60409,2274741,62114,61690,61686,514292,67983,288542,64318,1805013,68519,65693,61431,64729,58906,65463,94251,76652,202493
382571,163336,1430966,98390,1753404,78335,504766,88840,1056780,106369,411328,95996,83147,60409,2279275,62114,61691,61686,515217,67983,289014,64318,1808391,68549,65694,61453,64729,58978,65463,94255,76670,202497
382793,163356,1433582,98397,1756611,78340,505601,88842,1058724,106373,412019,96002,83188,60414,2283750,62137,61693,61687,516074,67984,289493,64318,1811949,68551,65695,61479,64730,59056,65464,94257,76697,202510
383008,163371,1436354,98408,1759830,78382,506422,88848,1060658,106378,412708,96005,83210,60423,2288066,62158,61695,61693,516882,67985,289974,64319,1815099,68554,65696,61479,64730,59117,65464,94259,76710,202527
383214,163394,1439028,98424,1763201,78382,507287,88848,1062573,106457,413369,96008,83235,60431,2292408,62159,61695,61693,517653,67986,290354,64319,1818392,68581,65697,61481,64733,59152,65465,94259,76727,202534
383436,163408,1441814,98434,1766686,78382,508183,88848,1064619,106543,414057,96011,83246,60433,2296921,62160,61695,61693,518799,67987,290740,64319,1821834,68608,65697,61487,64733,59183,65465,94259,76739,202543
383646,163423,1444448,98460,1770157,78383,509056,88848,1066538,106601,414739,96011,83267,60437,2301280,62170,61696,61694,519678,67992,291153,64322,1825369,68608,65697,61491,64733,59232,65465,94279,76752,202556
383877,163478,1447225,98470,1773492,78384,509872,88848,1068544,106715,415493,96011,83304,60439,2305937,62174,61696,61698,520271,67992,291643,64322,1829190,68608,65697,61491,64733,59238,65465,94296,76770,202565
384103,163539,1449638,98478,1776538,78384,510685,88848,1070452,106837,416128,96011,83341,60441,2310333,62185,61696,61704,521344,67999,292096,64323,1833165,68608,65697,61491,64739,59241,65465,94296,76800,202570
384331,163592,1452326,98485,1779791,78384,511553,88848,1072435,106968,416823,96011,83366,60444,2314655,62185,61697,61704,522409,68005,292563,64326,1836898,68611,65698,61495,64739,59245,65465,94296,76809,202579
384549,163641,1454917,98513,1783156,78385,512401,88848,1074438,107081,417504,96011,83398,60448,2318985,62185,61697,61706,523088,68011,293039,64326,1840227,68614,65698,61503,64743,59248,65473,94296,76843,202590
384756,163690,1457668,98552,1786605,78385,513319,88848,1076463,107220,418222,96011,83423,60452,2323133,62185,61699,61707,523897,68023,293523,64326,1843550,68614,65698,61513,64743,59255,65474,94296,76859,202601
384984,163716,1460344,98589,1790208,78385,514211,88848,1078458,107336,418903,96011,83459,60454,2327596,62191,61702,61707,524764,68033,294034,64326,1846781,68614,65698,61521,64743,59256,65474,94296,76887,202604
385216,163734,1463149,98628,1793543,78406,515051,88851,1080525,107426,419605,96019,83466,60457,2332190,62193,61702,61707,525849,68037,294613,64326,1850073,68618,65698,61525,64743,59258,65475,94298,76888,202643
385451,163749,1465694,98639,1796987,78408,515980,88851,1082533,107496,420198,96066,83516,60457,2336607,62196,61703,61709,526623,68039,295025,64326,1853895,68620,65698,61529,64779,59260,65475,94301,76931,202667
385687,163759,1468492,98644,1800531,78411,516879,88863,1084560,107571,420912,96135,83546,60458,2341124,62196,61704,61709,527595,68040,295453,64326,1857567,68620,65698,61529,64779,59260,65475,94301,76942,202678
385906,163777,1471034,98659,1803861,78413,517724,88871,1086528,107655,421625,96169,83581,60483,2345672,62196,61704,61709,528415,68043,295888,64326,1861163,68621,65698,61530,64779,59260,65475,94301,76966,202694
386130,163792,1473826,98668,1807190,78413,518569,88873,1088407,107734,422358,96177,83614,60484,2349783,62213,61705,61745,529198,68046,296365,64326,1864359,68621,65698,61530,64780,59260,65476,94301,76991,202698
386353,163811,1476558,98669,1810597,78413,519430,88880,1090427,107821,423062,96193,83645,60484,2354146,62262,61706,61745,530042,68046,296810,64327,1867566,68621,65698,61530,64780,59260,65476,94301,77009,202709
386567,163828,1479234,98674,1813858,78413,520338,88884,1092483,107915,423706,96197,83669,60484,2359059,62283,61707,61774,530866,68056,297271,64327,1871864,68622,65698,61530,64781,59260,65476,94301,77023,202721
386785,163836,1481961,98679,1817294,78413,521239,88884,1094440,107982,424375,96210,83730,60484,2363401,62283,61708,61789,531940,68085,297691,64328,1875151,68624,65699,61533,64783,59260,65476,94301,77056,202724
387008,163851,1484595,98683,1820649,78413,522112,88884,1096472,107982,425022,96272,83753,60491,2368048,62285,61710,61848,532747,68085,298106,64328,1878562,68624,65699,61538,64783,59262,65476,94301,77067,202736
387218,163870,1487319,98705,1824225,78416,523027,88884,1098500,107982,425691,96334,83800,60491,2372468,62295,61711,61858,533620,68103,298590,64357,1881864,68624,65699,61542,64783,59262,65476,94301,77091,202740
387424,163890,1489697,98709,1827490,78420,523907,88884,1100535,107985,426286,96368,83843,60523,2376751,62302,61712,61864,534667,68153,299040,64368,1885649,68629,65700,61546,64783,59265,65477,94302,77111,202748
387638,163913,1492405,98710,1830918,78428,524738,88885,1102590,107985,426958,96369,83863,60575,2381450,62303,61714,61867,535652,68218,299455,64375,1889191,68632,65701,61551,64783,59275,65482,94305,77118,202794
387865,163934,1494954,98711,1834164,78430,525552,88892,1104512,107988,427603,96369,83887,60616,2386109,62303,61714,61867,536617,68296,300051,64384,1892787,68632,65702,61551,64785,59285,65482,94308,77135,202802
388070,163971,1497576,98712,1837553,78432,526403,88896,1106559,107992,428234,96375,83914,60642,2390608,62306,61714,61870,537466,68373,300541,64387,1896275,68633,65702,61552,64785,59317,65483,94310,77140,202813
388305,163977,1500306,98712,1840669,78432,527246,88896,1108412,108003,428952,96384,83962,60644,2394917,62309,61715,61874,538175,68439,300991,64387,1899560,68634,65702,61553,64785,59359,65483,94310,77180,202815
388523,163994,1502872,98714,1844101,78432,528139,88896,1110493,108010,429572,96386,83989,60644,2399592,62311,61719,61874,539006,68498,301452,64390,1903108,68635,65702,61554,64785,59401,65486,94314,77197,202823
388740,164008,1505678,98716,1847606,78432,529002,88896,1112429,108025,430268,96392,84032,60644,2403743,62314,61719,61874,539791,68574,301918,64390,1906218,68635,65702,61557,64785,59422,65487,94361,77203,202831
388972,164020,1508224,98716,1851052,78433,529924,88896,1114465,108034,430886,96397,84068,60644,2408245,62316,61719,61877,540602,68652,302430,64390,1909491,68635,65702,61557,64785,59471,65488,94366,77231,202841
389199,164039,1510846,98718,1854391,78433,530788,88897,1116356,108042,431545,96398,84116,60644,2412826,62316,61719,61881,541534,68710,302827,64390,1912817,68636,65702,61558,64785,59503,65488,94384,77260,202845
389418,164052,1513413,98726,1857683,78434,531627,88897,1118306,108044,432187,96411,84159,60648,2417585,62317,61722,61881,542432,68784,303234,64390,1916281,68636,65702,61563,64785,59532,65489,94401,77292,202851
389645,164082,1516270,98728,1861145,78445,532479,88899,1120283,108045,432914,96416,84182,60655,2422071,62322,61724,61882,543311,68849,303708,64395,1919715,68653,65702,61572,64786,59555,65489,94411,77303,202868
389864,164103,1519004,98728,1864567,78445,533382,88899,1122360,108045,433635,96416,84212,60657,2426666,62323,61726,61886,544016,68907,304127,64405,1922951,68653,65703,61645,64786,59556,65490,94411,77338,202877
390090,164126,1521645,98730,1867953,78445,534262,88899,1124353,108046,434265,96417,84247,60657,2431375,62323,61727,61892,544965,68940,304464,64410,1926759,68653,65703,61688,64786,59609,65490,94411,77359,202881
390308,164174,1524364,98743,1871315,78445,535130,88900,1126373,108047,434934,96424,84284,60657,2435771,62323,61727,61897,545858,68944,304941,64410,1930635,68659,65703,61688,64786,59757,65490,94412,77396,202882
390530,164199,1527084,98803,1874978,78446,536028,88900,1128492,108047,435591,96430,84310,60657,2440372,62325,61729,61905,546660,68948,305348,64410,1934028,68671,65703,61689,64786,59848,65490,94412,77406,202889
390754,164207,1529765,98805,1878213,78450,536854,88916,1130452,108068,436264,96435,84349,60657,2444891,62325,61731,61906,547381,68957,305891,64410,1937421,68671,65703,61690,64786,59915,65490,94422,77426,202898