425858252723,522824552012,747644052278,507957889813,775866275194,500206139833,639890336455,528349863200,694530739438,577802321725,608057087017,499386500967,447416635672,456956930474,756967123117,460002799986,455234983668,440411091694,632871903988,491470684277,563606213806,472985085516,685691444102,505512296673,456206935355,455521832905,429808147057,439557707867,447254572474,446360918397,444367797018,366784443084
425887104986,522840125582,748208061925,507958986704,776450337697,500207274531,640256843857,528352205864,695040751293,577812863778,608292652896,499387665152,447470595458,456958074258,757662031535,460024186679,455364687502,440412560896,633148317047,491720368963,563852860389,473105710964,686212107852,506168230487,456222100214,455797287884,429884012272,439662906597,447334651509,446398718325,444544827285,367009779139
425916715940,522904725209,748844404191,508058934659,777127590003,500413567946,640657346074,528454594875,695560959565,577859308339,608594015712,499423728917,447522643804,456959255930,758404327730,460025554909,455461518586,440413878851,633459121355,491722000999,564133796232,473107030915,686755603563,506297911000,456240755459,455855174125,429915558547,440401594199,447457932231,446598563983,444633864795,367115507424
425941483979,523067504571,749498517666,508201522412,777848831970,500417872847,641087469759,528519895011,696119686409,578129690004,608883765367,499551209515,447565954842,457083787891,759151174213,460243224553,455572382079,440416151584,633779560362,491729747523,564416434292,473108644685,687321622166,506299148540,456255389621,455856525395,429929033865,441013289599,447493797895,446826577514,444690945670,367185174230
425983658381,523404900637,750157375847,508363312600,778551935240,500624853107,641491645418,528766794946,696673732941,578249627515,609188160233,499693571830,447607517479,457174740439,759866571987,460304495675,455682140531,440489808634,634085528645,491958248661,564708471780,473197839294,687864741013,506316075410,456294764318,455874550522,429971914139,441110966183,447564531330,447083730433,444753934427,367281466292
426017344837,523548768100,750815835666,508442658027,779243269827,500629647919,641908633247,529291276091,697218268574,578513893901,609468481941,499693861742,447628557436,457175928855,760594116132,460305690200,455794309537,440492435339,634407863618,492156036036,565001442252,473424600681,688418551197,506317320098,456309968001,455876244310,429986140794,441347957672,447580200809,447260718191,444856015362,367349523402
426047393986,523695361782,751475955674,508542907336,779943141583,500632320062,642328454439,529296334514,697757271101,579304221069,609757045687,499694091677,447652365214,457177115764,761312587692,460307058132,455921839444,440494851230,634717888679,492254538172,565295697148,473712596890,688961708711,506318550380,456333971221,456060992593,430001734481,441553308212,447590375646,447339721562,444901791863,367409909746
426089450863,523747751875,752126057054,508545568866,780634581730,500825810669,642739189841,529332783349,698299477129,580089002766,610056637924,499713728752,447738124240,457178238464,762024894407,460308228755,456085640335,440496292596,635037696768,492257391350,565590619063,474031913110,689486315613,506376522911,456386817440,456062373243,430016951139,441743185230,447643696327,447454971016,444977824031,367474061674
426147767410,523819798086,752769100902,508549348451,781330876552,500911153832,643191523265,529334152127,698881423967,580876820563,610335704467,499957264193,447775331353,457184088470,762787029600,460318692735,456191081949,440497805298,635363825735,492259083165,565867034820,474033403179,690081575380,506474928118,456402849963,456105836689,430028297258,442064234317,447663713869,447623122731,445048105306,367571196808
426172985448,524123523164,753462844683,508699148886,782019188688,501028885196,643604934784,529421591368,699423964477,581645001813,610647807789,499970616032,447871931366,457185992344,763491314028,460598231101,456276245857,440526135201,635685929949,492260783844,566179337052,474034730206,690604045531,506476834013,456424554985,456106949388,430040749789,442123136101,447677684232,447718006927,445088145539,367647104714
426197610867,524237546978,754119727999,508912473137,782713342317,501103171118,644040332644,529773210150,699976761502,581645058791,610941740963,500744599329,447912051457,457188629445,764218975978,460656421629,456394865787,440773332045,636011756530,492263498854,566471212080,474037322842,691164743978,506482289675,456446564251,456110708444,430057330204,442250954548,447691248060,447724007579,445149266095,367706373732
426221371735,524391798242,754763640343,509126556977,783408522943,501174024710,644462241093,529978565890,700505904694,581680211905,611244323137,501526867195,447932512853,457191112658,764968389761,460657518403,456479963699,440827670869,636329688963,492480064685,566761834359,474074908686,691735494841,506484552942,456473274507,456113406301,430094347194,442376541601,447704892021,447725152385,445193986620,367773951664
426248164235,524620666651,755403068797,509284067557,784085808945,501246481103,644857613841,530005884716,701049798070,581732597751,611558899136,502322895642,447973226909,457193627844,765704030063,460662926639,456607895843,440829717566,636635339468,492776624265,567057001007,474082987535,692294164130,506488082345,456489406472,456114893204,430104497846,442585422515,447719610098,447727289402,445257343312,367835512828
426273257642,524748894230,756054069908,509558201004,784788675749,501268166981,645279266412,530097700699,701589058372,581951106488,611850872391,503105797226,448015065024,457196171982,766430966323,460664133954,456692030945,440832134011,636939923055,492962122323,567339786377,474203171364,692825033559,506491993904,456502921787,456117022919,430125246544,442701255950,447732045768,447729131395,445328713726,367894013474
426321614017,525007654811,756713126006,509759044428,785493402474,501365393977,645707940950,530280339859,702139088938,582000868852,612145227153,503479405709,448055958192,457298703570,767181172923,460684165712,456818732593,440853789551,637261178688,493107339076,567629300075,474654845817,693391859045,506511782300,456531034859,456135800610,430158839200,442814127787,447766837409,447774641894,445394267475,367968371282
426347207255,525129116640,757360532560,509762073658,786185105027,501383782281,646125795791,530375635808,702698876857,582217939438,612438472463,503681441649,448078127152,457681880939,767924936837,460695136166,456906000385,440855592482,637587831217,493107829355,567917130761,474964102663,693961081164,507005799367,456562656948,456185466047,430172301988,442815944665,447790171289,447776677289,445462076580,368027154248
426372470569,525274858500,758050481379,509775249863,786889902621,501439741772,646575896556,530376736717,703249355845,582450601547,612764074368,503989280994,448111769002,457683051647,768634981279,460718540507,457052952741,440894867192,637897445445,493336074840,568222325043,474966634296,694479605029,507440032811,456584672362,456365557271,430191636022,443111543100,447818219841,447850849169,445523680082,368105302052
426399066742,525464139738,758704019432,509836818518,787596295787,501472788236,646997097203,530377771158,703799971774,582577632952,613056327297,504208322135,448128771450,457686550161,769383259919,460804128071,457137526945,440896118282,638217523044,493704755232,568502909315,474969214457,695053292310,507441480954,456608802048,456366762437,430209354382,443914739594,447846802108,447853222124,445576900025,368164313063
426435799753,525582363384,759330549892,509853988889,788297221623,501529495341,647401820530,530495194637,704346734296,582974645402,613330745107,504209464002,448136253004,457689437099,770121199714,461080329132,457239753100,440917347921,638538489569,493875540790,568781935623,474972510533,695636959170,507444146702,456632516446,456368366776,430221596617,444676386475,447872370362,447857590511,445607679804,368221716513
426459573712,525711965150,759985357878,509890636868,788999917285,501649433303,647814760708,530583252356,704907364290,583130709128,613619025203,504213746395,448162911099,457690702538,770867409364,461160143121,457380699718,441136011342,638856220422,494209692523,569072321325,474973998831,696220159485,507445457247,456661442092,456369396028,430237600386,445448473557,447887840376,447860229957,445683827001,368278910917
426486856703,525868969595,760627728486,510070437714,789676628863,501844910230,648241459728,530601639956,705429554473,583140853829,613920266865,504299302321,448194372023,457692655245,771606142900,461161980237,457465967410,441237029534,639180507269,494466862478,569350911356,475126081334,696775949865,507449206240,456674973828,456370658418,430270126595,446220917475,447917903827,447863056911,445763753871,368339191722
426528620979,525966933039,761294579942,510319295495,790388087818,501957466533,648673460869,530819472543,705980829924,583290227282,614219582611,504399938295,448217024232,457694507430,772333010427,461163653350,457553689042,441238284826,639495797092,494466870703,569652086195,475353828535,697318161484,507535040437,456687026715,456372169112,430305537955,446995577623,447943294267,447866076987,445818539775,368408435153
426571479845,526135470743,761968915549,510456353762,791081983484,502037419373,649106088517,530955846542,706545294826,583434962919,614525530914,504597938939,448249323567,457704079510,773076808615,461164839016,457699057006,441239463267,639811112551,494467005655,569938806436,475358982914,697886375123,507726724625,456698753605,456462942706,430324145964,447778430489,447967364347,447894656197,445856332714,368461687168
426602249046,526258553423,762610648239,510480462652,791765339987,502131701879,649505610058,530997772967,707076541106,583576446475,614820572562,504889392472,448277756385,457813774775,773829771026,461259920937,457787986858,441245216334,640127856721,494467618940,570227659541,475360616031,698470265716,507729995017,456726302269,456656789294,430339299512,448561279765,447983075710,447898103473,445918019250,368525520557
426631000577,526359131570,763288773751,510511390885,792436940039,502553444052,649914102827,531055798911,707620081517,583664494128,615142148014,505244921934,448308231905,457899156027,774556413223,461397354824,457888385840,441277203703,640442105237,494501849011,570539516117,475390056954,699003916007,507961486364,456755854808,456670035404,430371035973,449095309430,448001754546,447926248334,445973889713,368599353371
426658171283,526762942090,763941848995,510512519777,793134199556,502559251076,650318191694,531092699946,708161985380,584419511711,615445558624,505404287358,448345481626,458054913836,775273508333,461429974665,457987136277,441279926818,640750389382,494515272872,570816851186,475391479803,699533362923,508102273396,456772395390,456740932464,430387532337,449274658538,448016350423,447928673307,446027285986,368666660486
426684371031,527231952115,764608752438,510513683001,793842025545,502560399039,650752820414,531096244633,708733113664,585202694684,615746455214,505481017609,448379200222,458173579875,776022724727,461445960257,458151595820,441284292214,641075033197,494526104977,571104787003,475394504368,700080170500,508254675415,456793136740,456960316542,430400650838,449428061066,448030344499,447930965924,446067521313,368727737364
426715413492,527764466066,765260497147,510517152485,794543431169,502563196778,651182286434,531097437689,709268065287,585974955839,616045802246,505512281261,448411446625,458256710386,776760931624,461527142813,458233459562,441300416844,641394403849,494579210676,571383583356,475399675843,700635850561,508255993229,456805712920,457057967821,430412880915,449697491951,448047427352,447998269762,446107119412,368794677476
426741942538,528117081923,765942113826,510522424630,795223005501,502564439020,651601176825,531098670712,709815941793,586761393006,616358905599,505525757383,448454525934,458368348074,777504221591,461667375584,458317689068,441629054157,641698899592,494593077399,571680827314,475402638400,701206053153,508259145462,456817113528,457059173025,430428855691,449826303302,448067559516,448118398129,446150990094,368854992969
426769012513,528415242964,766543821506,510525868591,795895564237,502567545323,651989502238,531099825817,710342720902,587508536479,616647262884,505538817910,448480195451,458518240053,778245269691,461808757742,458396862542,441729176118,642018408824,494792073544,571968058721,475416101950,701783326991,508275357743,456843632958,457060319653,430446671932,449995009816,448080421077,448119554606,446207579427,368912858996
426792688471,528725684081,767203819582,510527039114,796587443619,502568715926,652387823928,531101186090,710904162540,588281456786,616952863547,505550945338,448501648349,458651701703,778974845021,461811729720,458496503139,441788232108,642347072548,494977743416,572265815524,475616169326,702342697101,508304624147,456860932089,457063617052,430457962273,450250804600,448092489141,448120953253,446275841579,368981759287
426815779127,528917664473,767871418768,510644436230,797273888610,502570044489,652803324882,531102300552,711454999602,589060429912,617246476134,505564747720,448551650731,458787110614,779726836923,461814419289,458587133093,441798379603,642668789647,495106261263,572556862239,475617718856,702889030854,508389255920,456875300432,457284814316,430481698631,450520596110,448114992796,448122261127,446327937677,369033484365
426852168403,529052166890,768536351855,510824015146,797982735200,502572883732,653232800167,531103460557,712008063489,589854991453,617551742595,505579018296,448576817069,458881353142,780436602881,461815709499,458694431587,441837582625,642983894192,495271362961,572852399928,475619139658,703414083220,508390560428,456888017934,457546286823,430494637512,450795638294,448128349490,448123673114,446394286332,369109340586
426888119686,529216013747,769196478503,510973291124,798679658364,502576342434,653644695002,531104715158,712545727840,590634343422,617848723599,505592709926,448606580109,459010755172,781175109743,461961561647,458923967803,441850701723,643298954041,495419834630,573153947102,475620539587,703967932284,508392170167,456916941794,457862371619,430511101067,450838092081,448143170670,448125070003,446449919550,369165843806
426916258409,529426054954,769865656617,511134643244,799382153508,502672356767,654065830929,531139692679,713125440581,591415743393,618150410036,505684532901,448645112934,459031847861,781921737190,462113674712,459006104851,441877368111,643632333406,495520205777,573456989851,475635083736,704520611862,508488936483,456944651419,458101358758,430535128459,450871740031,448162416339,448202948663,446497656628,369264491655
426942436387,529722475783,770515379708,511223611562,800082922600,502674202951,654475577404,531141026112,713675791448,592193598674,618431181586,505900521869,448676314804,459050689330,782666424302,462155702593,459096500419,441952760247,643947047721,495589601657,573735778465,475639087019,705080795219,508527452117,456971059373,458182477852,430556739823,450898673770,448178656516,448389546477,446569668607,369328190959
426966572275,529932339649,771184559691,511417971645,800797325954,502829681588,654921807332,531328271605,714224396872,592990923003,618737945730,506207978570,448700578753,459067271564,783433544835,462157662294,459190001016,441955536458,644272285857,495631183733,574028089542,475646005014,705655165783,508529743759,456990381025,458183610554,430573529578,450898839479,448193010072,448409603822,446634778456,369390355626
426991434874,530183946814,771832199223,511472950073,801494603982,502869519072,655335278146,531598776408,714785413356,593780543979,619038879837,506488645293,448742737884,459190286448,784176676351,462158928149,459279142889,441956748821,644588413854,495704023580,574318812760,475669140048,706220067278,508532505338,457019934007,458185592490,430588787768,450899061630,448205042039,448410799072,446687408859,369458246222
427020605719,530331413581,772500009534,511474160691,802186758744,502870657206,655755252910,531698652577,715322755709,594555230580,619345227952,506725752804,448783807780,459211194720,784887461605,462266299688,459496911935,442131195547,644894431612,496054411404,574610521536,475711070122,706746883751,508535224954,457044399418,458186837555,430603528056,450899102606,448226770102,448412222111,446743934909,369512019991
427047137968,530471046633,773168333480,511475346476,802875284747,502872065446,656168947398,531849342928,715871497370,595356607016,619649143130,507184572025,448815890872,459233491600,785611024897,462573706539,459576131810,442132622154,645205056827,496123134342,574908592052,475736989818,707275947820,508538277702,457057348032,458188034441,430615209183,450903119684,448240723277,448413596342,446798258516,369577310236
427069166770,530672037203,773818469758,511476811724,803574055167,502874012513,656596115011,531916187608,716425790595,596127146557,619932879917,507427448089,448851303292,459323141630,786402203007,462721743899,459666604049,442305846553,645530567252,496369369391,575190528699,475741031443,707883709878,508540971434,457074998770,458189139038,430628309030,450903323824,448254666942,448414754292,446850115554,369649064556
427092022201,530872037391,774486005450,511606024210,804267793251,502880836944,657028752312,531917374963,716995824562,596927675186,620235280984,507590333889,448905440995,459338726670,787132851596,462741661187,459738045675,442406248576,645848946993,496644567435,575482467147,475856500536,708416693156,508671857195,457088521211,458218040047,430656079359,450903412931,448267328831,448416021503,446899704482,369700536444
427116288481,531098896463,775136357108,511607345317,804959935204,502949035608,657440664021,531918855512,717531146361,596943058856,620521139537,508365793390,448930320987,459540548078,787885214647,462783085141,459819338233,442700283844,646162943626,496655225053,575764568081,475858516481,708983835554,508738330817,457099275637,458405136935,430671521097,450935061783,448288614575,448417770557,446967381602,369769151249
427141347291,531672436712,775790792523,511608553598,805670188310,502976433700,657884556807,531919922211,718081872529,596944746661,620815568103,509139947567,448964585200,459556135260,788622997267,462886984714,459931813148,442798841253,646482662636,496755296310,576053705461,475976665869,709526430767,508739607647,457113333019,458566686156,430687470278,450937611045,448302304648,448419913599,447037148934,369831113039
427172740412,531831027954,776416029254,511856647422,806352779388,503061927233,658318683417,531951628696,718642055063,596968559310,621109259321,509640229224,449009044233,459655543484,789350796064,463032224844,460030994966,442835651490,646806371069,497184832531,576337774343,476037467070,710072584395,508779733542,457138387693,458755988864,430714958356,450990336183,448328882143,448451528778,447119502279,369899460239
427205310349,531839460643,777063510861,511911907688,807051371881,503302103829,658721470321,531953529649,719204236091,596968989287,621397404890,509641119356,449035994976,459922434956,790109136828,463050570016,460242665762,442851001054,647137516039,497970630789,576630685434,476073984104,710658108755,508866259915,457154490770,458980172660,430734367405,451116745144,448341115530,448493893821,447176299198,369974397180
427234255689,531910316764,777719738466,511914077892,807724288324,503450299156,659114410873,532110450467,719742775673,597073626485,621711370025,509641119356,449056454287,460189299892,790848059286,463064889108,460322420787,442861900420,647451330215,498760654001,576929920512,476107980345,711223969508,508870880753,457192491150,459034156855,430754048777,451266055753,448355494353,448588299393,447221521549,370036321979
427271170883,531949415973,778383490753,511918041461,808413914920,503452123484,659538442329,532319017590,720289505317,597183629115,621993572140,509837384110,449071881542,460406663474,791582781635,463083311914,460415328300,442876353437,647768750936,499543290463,577214387451,476115337957,711771238667,508876419345,457206061332,459040807875,430771144554,451494706576,448368902167,448655927602,447289662078,370118270026
427294007514,531950008159,779034859896,511919740630,809092143335,503453263223,659927815740,532320847346,720813151419,597337522246,622305302014,509974322640,449100402922,460606661100,792305712012,463191014425,460503263541,443079944848,648074408832,500313070205,577509741825,476164504316,712320754691,508881890706,457218678637,459047492663,430787437366,451792748818,448391936117,448659088892,447380014270,370162170815
427324984125,532036752886,779681409808,511938683302,809783090364,503454394569,660351232010,532321968220,721366487240,597478502650,622582916481,510240702643,449117280339,460607876244,793062829529,463283008850,460571524965,443083698759,648397967076,501084430548,577795068818,476296623370,712897249752,508900999850,457247965698,459116341444,430803744575,452091459436,448419948505,448660317877,447420608446,370238736390
427349520925,532037283434,780351031142,511975425113,810480416569,503458025979,660805613456,532324868363,721903253084,597635864710,622879676084,510384635233,449141281981,460609034782,793797080187,463488681753,460666115210,443085983393,648704368616,501884629984,578081905571,476298036189,713433203030,508916846505,457262639043,459331858449,430820151835,452250586778,448435593723,448904557668,447477178891,370298175537
427372736324,532039828195,780984893972,512063367172,811174610021,503459212849,661247166478,532326001214,722446703745,597826746660,623165567331,510582106900,449181262320,460611344725,794514015302,463607861970,460767907764,443116745080,649013654443,502678754162,578364437635,476299368500,713957734733,508931459628,457277371878,459337498079,430849979968,452556031298,448451141624,449132567566,447526028745,370356424554
427397281656,532050208236,781642658767,512141713934,811867024547,503462298821,661657252468,532327200703,723002829978,597975974771,623472320957,510710572705,449210804686,460624066131,795264597908,463623931388,460866640008,443291976591,649338178276,503462991107,578654387041,476412708137,714523141289,508946846335,457291860038,459342265846,430861524707,452772245211,448465853109,449362569754,447603077050,370414693225
427421452885,532337717834,782295080997,512160090685,812552424072,503464918153,662071098684,532331473981,723540116757,598066494499,623774631048,510896463949,449238703305,460705039770,796030959230,463644687108,461123114552,443293256599,649640923635,504265178144,578937237726,476422888457,715087235684,508970579573,457304721277,459469189152,430871481989,452987475879,448480917738,449455939542,447680809201,370473275062
427467332595,532489391890,782972787928,512225554762,813251369795,503525486592,662486327176,532435392663,724090034373,598118174007,624090706898,511110318898,449265805734,460825483836,796778793581,463687555222,461231970723,443305524424,649965981860,504935485388,579239679640,476521627901,715654123629,509142199441,457342541991,459601133832,430887122910,453145827487,448498013643,449605921718,447727772118,370549696603
427491676473,532490641902,783642120538,512233020193,813939340144,503528357544,662917348993,532438742475,724655380359,598121253909,624396674955,511296966548,449290657255,460955236710,797533597803,463736580514,461317929877,443361743320,650272976127,505244257198,579528146719,476742045677,716199364112,509191485452,457371248975,460359168913,430903885610,453326079238,448512069086,449616263182,447788756909,370624338392
427514435084,532563344983,784293582005,512245496012,814638867259,503531211693,663335747451,532443870614,725199765464,598122893436,624678757028,511406792830,449332029629,460956350862,798285952474,463764540491,461393457384,443489528466,650587729455,505536051492,579803131981,477162172680,716767202421,509192659262,457388075611,460958348662,430918552852,453588433958,448528128935,449629481846,447838334145,370682017770
427541506694,532874427159,784947293508,512304517018,815332121046,503544172893,663766080535,532455685724,725749541197,598126834841,624968225193,511731414504,449363140190,460957569966,799045325168,463791640999,461478519303,443653477869,650911955492,505585427018,580089697112,477187804694,717337454237,509393326675,457399071785,460959674269,430933739045,454366933524,448541109891,449642431786,447913623426,370736245690
427564906735,533022773626,785616257853,512475999000,816050660041,503548896589,664200529699,532462054043,726340868831,598130936446,625268849608,512061589205,449378992683,460958707463,799794381971,463840543930,461575975922,443828994015,651238043989,505628495322,580381632407,477189118511,717896703085,509640642665,457410302439,460997584022,430948357728,455162467554,448558434140,449651897221,447958466913,370798230914
427587479956,533022907100,786257316652,512528071422,816730244900,503591421742,664600320501,532600373568,726871156738,598212713705,625551894281,512259980898,449408424023,460977792553,800544240698,463857076190,461669961694,443853579050,651539359286,505786380230,580673892654,477190452967,718466383239,509641856302,457436269857,461066584513,430962081236,455928610613,448571557691,449959966220,448001901123,370858071560