590383,137183,249957559,12807,254052439,4390,94168438,0,222142477,322264,93066306,111155,5173560,204272,398841448,268461,12210149,52460913,122459273,34537,112844248,141717,275174457,909785,1232205,763164,12924943,102770,13887359,193515,65185786,4027175337
1031328,0,262632332,10979,288838801,18587,101209012,1968,236477131,106541,95096148,3795,21131088,65742,427907972,224365,6635465,48326118,126362464,13787,115471072,7672093,319546967,92774,521646,332871,787310,557213,5829874,0,20434827,387009725
4413159,116688,259964231,0,283278660,27662,100784106,0,232125959,113591,95802885,161950,8803239,253022,428790350,160647,6894861,16114,121774702,7315,110606150,56327361,311990143,305309,404339,185433,1134916,164923,4270720,11541,21624134,593250631
1148703,95498,277943407,99497,294579817,4833,103678647,0,243034907,61039,98709198,2579,22792399,25413,428741261,38622,3694348,14119,128910139,12909,117631414,58257541,306761586,53358,54753,311707,5335498,262723,757101,16221,40547801,310854448
305454,0,275622589,234134,292329601,0,103280431,0,243206499,213281,99127985,17070,7823986,14839,426307951,5489,3753014,19059,126715481,0,115875704,58557920,314815029,251160,4835,196134,187852,39137,521345,4497,16425887,427418717
48503,1248,272649916,171987,290979384,0,102989383,6433,249483803,34833,94367446,18318,7583900,5733,421271358,5696,3780797,16816548,127204340,9638,114730818,4147728,307191751,16513652,362283,21116243,702644,1129406,945583,13830,30670520,242794139
2985508,10914,262617572,163917,286270656,0,102889688,0,238680599,58482,95340096,0,9259955,16065,427025529,73187,4395298,26153,127248370,5072,115307214,1005,314180678,7179388,7223956,13685187,600732,39027178,1445194,12030,19499713,300267048
864224,1562667,277773648,3758880,294498346,4664865,105085945,45232693,243023698,418841,97066937,14394,5229633,166516,426990085,0,4024415,0,123014349,17654,118460302,11794,310508854,451155,95034,223552,2830338,4445348,1061511,196198,25827067,271985661
2315707,3156536,279239335,401947,290970346,597411,102372615,33039312,232723954,2349799,100426437,26967612,7556479,90300,429781400,2775422,5140653,3667767,124346123,58996,124650606,425980,311817113,138892,5086162,82806,478173,1189159,553604,10692,27795723,110183724
13025864,9895,257554000,2659,275084297,15348,99335389,33270,230590984,137825,94992493,37541439,10018880,12622873,430214439,7343374,3406507,896967,124430437,131700,115203065,28285,319172681,0,89566,0,374722,16260,231807,0,26823155,131664546
514802,0,268935738,0,289575663,0,104105910,11371,245005603,84434,94557835,37202729,8870460,142017,427780868,190756,3742831,20566859,130052539,290679,117232852,1437,309188600,376816,279162,117675,1237500,44715,1159749,0,34047574,176371041
2512562,0,266871009,0,287393148,26361,102580453,14787,233413214,0,96163684,37082017,4609057,21279152,428885833,54088,3960332,12344,124098110,217087,114649669,18370,312030181,261429,55211,34636,202017,16586,481925,46493,16835041,92908484
14146762,12014,271535171,0,284393218,5146,101102474,46200,231701068,10884,96203491,57319019,7448775,12834,430842384,19473,5426688,16711,126061809,165779,116010449,8939,314617904,184216,67295,66741,254750,5444,875237,0,12877835,135919950
11385478,7257,265641253,6522,289246550,0,103127852,7309,234186628,115950,93511770,34805794,11318289,14170448,428869002,9522286,3501124,10512,124506220,164361,111751673,27436,315037346,258817,124707,332939,268467,311180,218967,3532,39045688,30846519
2212301,0,269349214,6849,289307830,2660,101686190,43002,236861208,42701,96637662,17159,8452147,6085,427893794,14582813,4780015,44720014,125846178,102569,115930781,8215,315338252,108804,620976,215027,97796,127985,168203,4596,17871742,190375898
688148,38252,284541110,10182,297612296,131301,103534522,13473,242202952,17696,102585225,0,12009368,122142,428522199,174091,8342187,4008441,127305177,55709290,121748488,44316,306191890,2385,463864,193981,1707459,217274,3002320,10153,27331276,161081643
447307,60799,267229330,59806,282489766,162597,100365179,21690,230700438,80421,97762105,0,9431847,83070,427801323,22422,5268678,21526,124472411,45681104,113905262,15601,305652940,12328662,1791793,10775,4734782,17896,541500,0,19541225,155343476
628612,43930,272855910,70390,287167797,153019,101493300,7922,235936178,22494,98372469,43241,8284597,19017,429318444,46735,3815816,3812,124334622,43415822,116896174,26836,315038721,11843663,1512737,3942281,239020,230007,790383,0,19129692,87639345
7235890,1333807,278931336,5136743,291526561,15315723,102477512,949720,240082021,980837,99665743,394425,8643650,323696,427514261,9331602,10079724,1744323,126076434,34423459,121754983,223409,310578091,742022,43956,907606,236738,1046595,177231,1862230,38923115,130346257
21168255,0,276235810,40910,286895260,57578003,103859731,24604,230801766,287975,98833911,23031,12583924,134663,431207602,59122,3170962,3980,124109602,175871,116924209,0,311304683,128919,1042271,329385,1109378,6262,261303,575243,17866994,167187516
845643,175578,278586267,253191,285315507,15691625,102395899,11080,237803772,13897609,100637015,1783,12797156,419732,427777242,121781,3649307,7576,122515566,37405,119791590,0,309017091,76771,13320382,136314,299291,268683,65967,29134338,33933312,81597300
514223,179699,267431145,496804,282854170,23489,101519505,9029,227977835,4794119,95459575,8628,6270432,330846,432509122,110364,3391020,3818,120274242,0,114363353,0,315335856,8583,110245,10161,8478490,139400,421519,52665194,17281705,100724432
1175816,322655,261663150,23683150,286442311,134917,101958735,8284,232528360,6798062,93829102,1086289,9230687,282013,429536264,149914,3434740,322866,124551067,60643,112496407,0,316100495,194963,154534,11797,128539,171809,1069940,27605627,24492816,132824132
4942300,195449,284219688,41798329,301253773,18697024,103431437,0,247181588,91209,104237827,40415,7460239,99255,423827534,1368035,3820058,775584,127795261,303884,119127606,0,314362647,93263,438058,90092,240084,216605,490050,33947,37918701,96920749
1054529,192602,272545068,235047,286854707,57629004,101419947,0,237824057,22282,96339373,16267,7512241,9397,428866770,128058,3842772,250909,125008797,160075,117830093,233678,312486220,70162,4093628,74321,514089,25467,210843,0,14105394,149930599
20421857,57614,278909792,100955,291108775,9729888,102045588,49119953,235602684,156710,100473107,0,12176399,62475,426848232,326837,3383321,106753,121993186,170396,117656702,0,309436491,171968,270760,433265,3471774,271492,580124,442184,17816814,97020976
89226,0,266609270,181492,283685622,21623,101811637,49970516,236928813,7652324,95168941,26586,9731894,206161,429647167,34915,3887091,14401,125533485,73818,116416523,0,314190485,10860,267584,110762,126630,6306,3363424,236398,22663140,64810804
852519,2171,273325779,245978,289555516,62773,101552163,58512768,238989269,31051,98755817,0,10311166,144893,427851990,356292,3376316,766173,122181736,8422,117497534,0,311782180,191882,1809210,37040,140137,11854,108743,89983,18205703,152487306
2997321,54958,268510547,19822396,287890357,1797822,104493904,15757270,247941630,27461478,105068878,44242,7450180,970069,429342391,279649,3270297,555458,128198907,1146285,112912419,748095,315912440,836412,128128,148026,558000,1908709,3971805,3041091,18193866,68235412
2340765,33376,262437146,58148062,283981952,0,101181044,0,243592533,55202,92770547,0,9578801,38108,429754291,78274,3029781,0,125630471,0,112380970,41027,314272870,245452,1330512,373321,180843,209663,495827,0,33942869,91807421
448232,34410,271895699,50133329,291776253,0,102825000,8573668,243789471,74041,98643731,0,8732515,18751,427774486,81040,3206997,14405,124869891,0,115452609,38816,310800756,157432,301480,377111,1419707,467414,2618254,65276,21055073,129165244
568341,3421,266386773,6597,286302692,19973,100904835,57794090,234339603,222912,95690161,0,14772927,56933,429782700,78401,3619431,0,121662261,0,113443027,10419,311077429,124371,46387,120171,328679,203742,548222,220724,26712333,122283130
1660647,18532,270122361,80932,291876155,10903,103981841,46489863,236746571,12269697,98693958,10735,9525572,92081,427607014,121302,3514788,0,123754538,0,116565468,3466,305683975,814327,11556309,23782,237621,136076,1519547,3982,42112583,65212631
692283,0,271079427,3129,287574818,6732,101282521,58366744,245461769,54517,97625467,0,6188561,11257,427244716,18116,3875386,0,129548619,0,114942683,48878,309836436,511869,20245,15104,80152,218077,2180971,2246,15268418,73767198
2502834,26844,269003208,1173,284727959,6179,100353715,57866974,231570650,16164,97183773,6454,8025357,11911,428048437,89235,3550806,0,125668972,3956,113248472,0,310332691,913546,142124,27924,318977,44335,353616,0,26381635,101830275
2311687,23156,269494327,9433,288193368,7534,102955358,54523928,235413368,4008890,97293318,0,9866503,18803,427540130,91226,3621447,9031,124511063,0,116107894,0,308968135,540228,323274,18055,415358,163125,659268,32703,21062412,132801204
16085810,21303,284595887,25839,300268234,0,104343504,45288402,247277567,14648234,103153744,0,9087297,98759,423997306,52412,5079667,0,129822586,7506,120726820,2005,306398709,877417,2929237,154279,481999,42294,477913,0,19843636,168015210
1993940,876,271620946,0,295809435,10067,103389895,56251143,240852358,3333425,98252719,0,8521915,140364,425379128,112378,3890361,0,128044457,2146,115778960,0,319035753,863194,643273,92694,93392,22528,288080,3914,14112259,8269839
1020592,51917,266297658,1952769,282039260,2923648,101492072,36608215,234571872,5633961,97431172,2123732,5983723,10531748,429493664,72910,4735078,1501891,131484577,0,118895240,8177,315849394,4896803,1468477,135151,285603,125595,170806,126528,25330444,138094857
2909869,0,269955233,3807,288859829,43803173,101320671,51133,234230693,179129,94333083,2904,8424989,7255795,429357598,15264651,3395177,0,122547200,8639,114656397,983841,312486126,324439,0,65096,340838,148422,255441,225618,41062281,118147958
14184718,0,262933186,77440,284055162,4980243,101142092,14830,225744205,15386146,96613742,4400,8199860,22251413,429526092,5581836,3461320,74419,119507648,0,111064114,11889689,317355717,682624,4290096,36866,476978,31268,632115,0,20130220,70923714
304079,0,271687653,39189,291481839,44649,101299136,0,238442497,18865,97199892,18901,8677786,69947,427434924,106589,11240334,0,128789855,0,113883667,50680466,315295980,8957374,440163,13965,1052839,16269,4216799,88185,61202360,61171318
1504991,0,267391169,7948,283604447,67452,101014179,4458,238386309,27094,94143889,4117,9241771,5379,429878665,206064,3796790,0,123853983,0,114206663,0,310036544,45908683,53586,12516718,503637,64779,1421113,234074,83390386,91300870
6062753,13134,268810243,31044,290313853,1772,101155888,3393,227278878,26281,99634342,32661,11620791,27987,430917849,131457,3709176,0,119901872,0,117847498,37915,306526033,19056141,268860,42500958,666900,37224,1670978,214896,22668473,115788001
299289,0,264396804,5907,292889080,0,102497607,1528,242086322,38508,94799763,20107,8070517,10668,429354779,51826,3930003,0,126618946,4982,111283222,0,308227962,31802919,289255,28861357,203987,40485,341206,195018,19024697,90147223
17477815,0,260536163,14791,268761545,6613,96970157,1689,220076642,16956,95488649,19049,9693384,59178,432646239,100419,3376139,0,118692039,0,114311489,6607,313820665,2044395,361530,14191526,1687452,16703484,2862805,25787116,19766697,47592359
8308826,0,288351604,15144,296496425,22828,104639950,0,239208185,256356,103761169,0,10423469,83535,426022542,139507,3844660,0,126752376,1177,122001576,4073,309096110,891122,3030009,190721,340281,161019,610719,58896066,19032641,73428576
6082153,3823235,270309442,46758,287105386,44405070,101968758,90916,226566840,151257,98419714,15484,8916648,198004,432935150,196015,3325679,1509,125454810,64575,115926921,41557,313192584,1076403,248072,229555,216265,394743,1546402,10020593,15284982,83996240
2663907,2030904,273189070,4226886,288349645,43429504,104091566,1806323,239427633,12519883,99234300,808522,5311199,1750349,429529666,8994441,4366573,632196,145144504,267282,117463444,0,314471175,2088641,53046,42151,498862,724304,3189170,46261,11559474,98911762
955774,7044,271519509,5523,283752052,90199,102051734,0,232619965,4695622,99068019,1657,10844414,58238,429638846,57290,3052542,14492,122677745,49386496,116201426,4849888,315692437,538820,12181931,132630,190824,114392,326504,79158,25809445,94743492
4974409,0,262986601,13508,286657422,17905,99359809,7406,229126005,187565,95585560,0,10927533,13654,429573611,48602,3852945,9971,121281354,0,113492335,58119584,307126674,250928,442814,629565,271627,26439,148783,65364,22317479,107836966
10735114,0,270358879,17577,288197480,20031,103507029,48291,248326609,391828,96531274,4926,10719929,99439,427034441,168455,3879666,35183,129763652,0,116012377,20235634,310847536,14012397,131963,2763490,1555351,14845713,3957352,9585863,19798854,92334370
791507,0,281187350,22132,296186598,0,104588497,0,249472346,444566,99565305,0,6649974,39273,427515744,125924,3418211,28272,130797410,36072,119329668,0,312456044,302021,32588,1149325,61118,21919609,284294,17116943,34592081,79505814
19316157,65934,268590765,53785143,280464477,15581,100998588,6114,226381854,385686,96642864,25194,10739790,82598,432322888,109961,2773857,2645,122959853,0,114825409,20689,314330174,5291,1346118,80098,799203,4119275,728620,730529,17825806,36672763
7938609,0,269352619,57982290,281007492,0,97995772,186268,228760107,101760,94897689,37700,10978767,6160,430713186,154798,3371128,3292,120109770,0,114956059,0,313296926,105614,1504026,57021,264654,1000663,549853,28416,17322783,102270776
2065577,0,257661923,57441961,276300993,30692,99856102,5972,222206747,374993,94408862,6726,8422800,71856,431581142,93961,3474287,0,121283305,0,111925330,21020,319135284,144097,8932211,54722,325504,553745,386857,1365,17110950,86886843
1768372,0,254370609,3344783,279955012,0,99770080,22365287,226754124,134677,92883805,17699173,9807449,14060428,428815357,155588,3534494,6230,120167815,30223,110295194,19851,317467503,117248,51346,55683,881477,588770,407235,8332,13762166,72834602
2790370,102682,274531296,20696,285166032,9289,100415123,0,237522014,712732,99060649,46879560,19275528,11772106,428605676,336438,3631354,0,129023119,0,118898495,0,313125995,3728,53900,108725,98687,202799,399173,8916,24812570,90697491
3013782,1361644,270587583,711131,290861961,1275588,103806616,0,244405838,1875582,103629368,31687289,10257240,17703606,430041541,206650,4651221,935889,131148351,892415,119124215,5613470,314198451,1208172,581369,610591,2451134,8817298,1654812,1838352,34153923,81684084
