20739507,23707757,87738588,23393544,95390762,24745948,44956193,23010004,78247806,21290701,38401327,22835156,21640543,21833187,128762799,22409177,21925983,22065697,57087442,23101061,51347169,24201233,112587342,24982066,20573795,24186146,20932700,23043459,20650910,21405985,22228715,16023487
20743129,23718207,87746537,23400370,95397655,24751699,44962856,23016444,78259556,21296776,38414730,22841605,21649955,21839369,128771656,22424299,21935165,22075105,57096907,23104330,51355175,24207595,112594180,24991026,20580476,24190987,20939056,23050378,20660167,21413874,22232461,16027078
20748540,23724465,87749712,23410625,95403995,24764785,44972157,23032218,78267193,21307956,38421912,22855154,21654308,21847264,128779638,22434095,21940799,22082173,57104897,23110999,51358556,24217098,112603939,25001257,20584278,24198480,20944755,23060609,20668844,21422257,22238665,16032199
20756233,23733229,87759862,23419295,95413506,24775292,44983073,23038735,78277450,21316812,38429001,22862912,21664770,21855035,128788850,22445527,21946728,22091333,57112898,23120599,51365646,24223454,112609042,25005603,20589075,24206182,20958525,23067399,20678943,21434153,22243806,16043335
20762584,23741766,87767947,23431753,95421469,24783633,44991930,23043231,78285865,21324393,38435813,22871141,21672488,21860531,128798161,22450626,21959074,22100155,57122138,23128161,51373104,24234668,112618512,25015570,20597810,24212715,20970178,23074136,20690011,21441863,22249281,16048512
20775556,23746931,87787491,23434460,95431609,24787895,45005198,23050149,78294667,21329370,38446408,22878008,21679719,21866634,128808007,22457647,21968701,22108899,57129461,23136689,51385531,24240917,112626915,25020007,20604894,24221179,20977355,23080579,20697752,21450188,22259403,16054052
20788773,23752868,87797839,23439819,95443071,24794257,45017201,23056782,78308983,21332268,38458602,22882057,21691388,21870331,128817745,22461299,21981377,22116123,57143395,23141520,51394152,24248137,112635415,25027035,20618449,24228017,20985639,23088260,20707233,21454511,22268065,16057972
20804361,23761585,87809191,23446315,95452826,24798574,45024816,23061978,78321110,21340854,38466905,22892708,21706543,21875446,128827323,22467829,21991328,22124685,57155911,23146179,51403563,24252530,112643362,25034269,20624506,24234038,20994586,23092375,20719853,21459948,22284567,16061714
20814174,23766396,87819350,23449574,95463022,24805593,45034683,23071690,78329609,21347198,38479580,22900687,21716002,21885243,128833699,22477440,21996475,22131606,57168207,23158269,51408426,24258810,112652445,25039429,20639363,24241148,21003314,23101805,20729863,21467913,22292485,16066510
20823146,23771202,87829697,23455772,95474589,24813081,45044084,23079796,78337972,21354130,38492099,22908220,21724911,21893374,128842127,22482650,22006479,22137281,57181277,23162392,51416729,24265034,112664202,25050209,20655870,24251422,21012610,23108543,20738808,21474269,22301338,16070861
20832017,23776911,87836621,23460889,95486907,24818833,45055013,23082852,78346918,21362571,38502869,22915126,21741249,21903227,128850863,22491639,22011934,22145194,57189708,23169753,51427290,24269764,112671338,25056865,20666887,24261376,21024108,23113645,20750435,21481799,22310764,16076394
20836105,23781039,87847180,23470061,95498494,24825797,45065167,23086667,78358710,21372317,38518384,22925025,21750509,21907391,128857919,22499610,22024610,22149840,57195995,23175635,51446151,24279853,112682805,25065528,20676146,24267847,21027963,23123098,20765478,21489127,22321007,16081754
20853571,23790150,87862500,23477929,95510086,24832027,45073937,23091440,78366996,21377846,38529339,22933377,21761209,21913924,128865071,22503302,22033705,22157292,57205522,23182655,51456927,24285346,112697868,25070831,20689358,24272197,21034966,23128395,20772387,21494834,22330169,16085229
20862206,23795126,87880212,23483711,95516340,24838199,45078891,23100739,78378030,21384821,38538461,22939807,21769289,21922825,128877889,22512248,22040922,22165150,57213057,23193016,51464998,24292347,112712697,25077011,20697503,24283724,21046479,23133618,20784281,21497743,22340362,16088954
20878698,23801039,87892903,23491509,95524113,24844735,45091375,23104211,78384259,21388960,38552358,22942436,21782681,21929852,128893604,22520887,22048537,22171739,57228584,23197576,51472789,24300156,112724817,25080018,20704533,24294146,21055038,23138971,20794058,21507640,22352690,16092855
20890080,23805149,87899934,23495464,95532487,24852605,45104922,23109240,78391547,21401192,38562272,22948126,21791698,21941264,128905035,22526919,22062775,22179717,57235232,23203893,51484407,24305886,112739015,25085028,20718831,24303423,21066602,23146987,20801953,21518104,22360206,16097284
20900633,23812601,87912215,23502177,95544124,24859024,45115292,23116936,78402464,21410829,38570270,22950218,21800708,21949326,128912114,22541071,22072295,22189116,57242823,23216429,51495264,24311330,112745847,25091119,20727455,24314927,21071700,23156324,20806821,21524430,22375713,16102252
20908025,23821901,87919498,23510625,95553997,24865507,45128002,23123192,78416818,21420061,38581525,22956422,21811660,21958763,128922100,22551072,22082387,22199227,57250805,23222637,51505781,24316467,112753612,25098264,20740359,24321960,21079134,23161445,20813334,21532193,22380018,16106862
20919204,23828300,87931441,23514037,95567650,24869168,45138906,23128667,78430803,21424098,38590922,22960857,21825539,21965506,128940258,22564077,22092448,22210616,57262080,23229977,51516118,24324401,112761610,25102519,20745351,24328188,21083669,23170374,20824715,21539778,22389621,16110653
20929768,23832704,87940101,23518690,95575316,24877333,45150191,23133778,78440714,21427744,38599310,22972142,21834912,21975702,128952180,22572921,22102973,22220024,57270607,23238875,51526866,24329272,112775261,25111947,20757895,24334027,21092238,23175617,20843429,21548076,22397637,16114318
20940021,23836082,87950806,23522720,95582734,24883773,45157235,23137618,78456682,21433134,38614036,22980553,21846410,21978913,128964836,22582152,22113754,22229319,57284136,23244246,51535077,24334495,112781757,25119414,20769288,24345605,21098718,23181987,20851958,21558707,22406277,16119468
20952020,23846157,87960942,23532399,95592114,24888969,45167410,23149797,78464945,21438328,38625566,22985437,21855809,21986919,128984139,22588765,22127024,22234444,57293609,23247623,51549394,24338643,112790902,25123245,20778524,24351736,21106637,23185972,20864134,21567857,22418011,16124195
20965640,23852719,87981214,23541782,95604540,24894753,45175033,23153075,78476257,21443266,38636515,22990771,21864598,21991865,128992263,22601979,22139489,22237758,57302343,23255917,51560350,24348161,112796532,25131901,20785588,24358081,21116247,23190907,20875398,21573212,22428827,16129202
20973868,23858528,87994030,23548441,95613507,24899186,45189256,23158413,78492220,21447750,38656906,22998193,21881444,21995059,129003133,22608108,22146118,22244026,57312845,23262164,51574982,24353526,112807364,25138240,20794179,24365453,21126188,23199951,20882403,21580513,22435839,16134814
20984762,23865053,88003937,23557242,95619028,24906192,45199884,23164311,78502142,21457710,38667618,23003344,21891535,22003016,129016494,22613288,22155606,22251304,57325921,23270187,51587655,24357638,112820957,25146030,20802920,24374586,21135857,23203803,20892570,21585847,22443844,16139518
20995283,23869940,88012500,23564482,95627100,24916389,45211975,23170480,78518123,21461885,38680342,23007081,21901130,22006673,129026666,22620936,22173723,22257422,57348368,23274262,51600734,24362285,112831831,25151886,20816295,24380457,21143807,23212257,20900433,21588879,22451409,16142816
21006285,23878345,88024195,23570684,95642902,24923523,45225855,23173461,78531684,21465080,38688365,23012913,21909947,22010255,129036470,22627958,22183752,22259528,57355903,23280149,51610512,24366624,112847747,25155110,20830557,24383356,21157729,23218204,20911326,21595066,22466534,16146407
21017190,23882690,88030088,23578917,95651694,24929597,45233589,23180332,78545113,21470617,38699428,23021855,21923171,22014491,129044166,22632921,22196732,22266613,57369863,23288608,51624299,24374701,112860132,25157961,20843553,24390288,21171733,23221352,20922375,21599902,22478016,16152072
21026007,23892244,88043489,23586276,95665085,24934133,45244092,23185490,78557561,21477256,38715493,23028649,21930648,22018947,129056560,22635779,22201746,22273284,57383900,23292763,51633492,24380792,112873919,25163996,20858486,24396208,21183790,23228496,20930491,21608088,22485521,16157907
21034515,23898744,88054279,23595553,95673065,24943337,45250249,23189020,78571265,21482495,38725218,23032495,21946088,22021256,129063757,22644881,22216011,22280210,57396279,23296458,51651541,24389424,112882598,25171018,20871097,24400661,21192486,23232284,20942459,21617269,22499168,16162064
21044399,23907139,88063518,23601082,95683179,24952373,45257438,23194160,78580942,21486963,38737629,23040491,21957967,22024814,129076624,22650406,22224571,22285383,57407720,23308948,51666573,24397698,112894916,25176516,20880579,24407059,21202937,23236425,20953535,21622341,22507795,16167047
21054063,23915082,88075075,23611252,95700116,24954686,45267671,23203586,78593706,21489768,38745595,23045446,21970123,22030857,129083868,22654647,22237313,22293144,57417709,23314825,51674904,24405138,112905620,25180476,20889392,24414098,21216491,23241285,20962830,21630781,22519564,16172264
21064527,23921799,88085080,23616291,95714976,24960318,45282169,23209701,78603586,21493855,38757416,23052951,21979844,22036423,129094567,22661710,22252121,22297804,57424242,23319781,51685681,24410529,112915160,25185512,20901124,24419680,21227413,23250353,20972342,21638803,22532868,16178263
21076595,23924182,88094750,23622402,95724407,24966150,45292999,23214899,78614909,21499052,38770698,23064516,21994153,22039196,129108322,22670176,22265590,22305038,57435940,23325749,51694571,24414658,112924707,25191505,20910632,24425699,21234086,23257048,20984816,21645367,22543507,16181890
21088796,23932741,88105040,23626848,95732748,24970236,45301604,23225091,78628694,21504779,38781223,23067810,22011873,22046801,129121042,22674573,22280821,22309601,57446808,23329849,51708186,24419709,112933612,25196244,20922594,24436555,21242903,23261325,20996448,21650509,22550521,16185898
21099247,23936770,88113047,23632405,95743488,24973724,45308371,23232348,78636028,21510827,38794368,23069612,22025130,22055359,129138647,22677731,22294055,22315210,57459584,23333025,51722514,24425826,112943174,25203013,20939054,24440702,21253856,23265413,21009718,21654074,22567578,16189384
21109447,23946580,88122246,23640170,95753764,24978304,45320070,23242137,78649050,21516172,38806906,23079862,22039011,22063836,129149645,22681868,22303035,22320070,57466105,23340338,51732387,24429711,112952355,25211662,20947212,24444069,21265125,23269097,21023765,21660350,22582148,16194099
21122487,23954553,88129603,23647195,95767286,24982633,45330436,23251327,78659863,21520418,38819252,23084089,22048362,22074126,129164721,22686357,22315679,22328258,57473429,23348476,51741774,24433950,112963836,25217230,20957239,24452564,21272933,23273127,21030132,21669043,22592722,16197758
21132556,23960278,88136999,23650833,95778970,24991927,45337131,23261457,78672440,21531570,38828653,23090775,22055683,22085692,129176136,22693958,22325704,22338094,57480993,23361588,51750867,24442106,112971060,25224238,20967579,24457615,21280608,23276131,21039919,21673299,22606436,16200392
21142964,23968352,88146058,23657232,95790980,24997758,45345420,23264480,78687397,21537420,38837572,23095836,22061979,22092347,129194235,22705340,22331110,22342168,57497736,23369683,51765016,24450742,112987894,25230881,20977995,24460132,21288547,23283053,21047354,21679357,22617883,16204215
21154209,23973465,88154462,23663784,95801412,25007776,45359454,23272483,78694739,21543241,38847828,23101871,22072548,22098770,129207634,22710121,22343264,22347305,57507529,23375870,51778228,24455670,112999206,25238227,20989072,24468033,21297157,23291491,21055470,21688145,22630789,16210628
21163446,23979389,88164812,23670288,95814183,25014327,45371698,23278929,78703113,21548690,38857397,23109953,22085494,22105417,129220680,22715635,22350664,22352654,57520233,23382590,51785171,24461486,113008777,25247824,21003068,24473772,21307616,23298937,21068908,21692872,22640584,16215927
21176529,23984012,88175906,23674190,95826495,25021884,45381835,23284825,78710772,21558449,38866949,23118165,22099524,22111341,129233734,22721366,22359761,22361182,57536836,23386564,51793435,24469142,113016131,25253766,21015353,24479051,21323712,23302717,21077548,21699064,22649947,16220153
21193290,23991331,88186521,23679106,95837391,25027468,45393118,23290436,78721307,21568044,38876225,23123023,22106562,22116752,129242449,22731691,22369165,22366297,57550237,23396418,51804764,24479452,113027562,25262526,21023149,24483686,21332835,23306411,21090437,21705129,22665265,16223551
21205784,23995037,88198011,23682194,95852719,25037292,45406062,23295049,78732037,21574523,38885803,23128220,22115010,22128402,129255774,22737141,22377906,22376562,57558862,23407867,51822302,24484058,113043284,25271146,21030071,24487867,21342986,23308265,21101648,21711610,22670975,16226464
21215879,23999335,88204933,23686729,95866273,25044455,45422133,23305114,78747009,21578827,38899192,23134117,22123108,22134780,129265679,22742853,22387609,22381969,57573018,23414302,51839634,24492799,113059870,25278036,21038907,24493457,21351375,23311731,21114060,21715057,22678728,16230811
21224300,24009741,88214883,23691296,95878009,25049206,45432858,23308493,78756940,21582428,38906604,23136778,22132431,22143210,129280083,22746043,22401581,22388994,57585436,23421037,51852089,24502888,113076296,25291554,21053066,24502410,21357878,23313667,21131093,21718243,22691262,16234094
21239366,24014976,88219947,23695618,95890586,25057952,45443066,23319106,78766251,21586931,38919191,23143210,22146130,22148474,129294767,22750845,22408051,22392651,57594997,23426905,51860254,24506320,113085581,25296897,21062468,24513858,21366845,23321668,21145387,21727516,22704040,16238313
21254147,24021376,88229207,23706421,95897531,25062607,45451199,23326624,78773702,21598073,38927386,23148689,22156784,22155948,129302067,22756885,22415989,22399548,57607894,23433833,51873989,24509286,113099640,25300849,21073648,24521122,21377566,23327868,21155689,21733118,22720915,16243150
21262468,24023874,88238155,23714416,95912849,25071492,45466895,23330435,78783197,21607971,38937720,23156327,22167732,22161241,129316356,22764598,22426813,22401916,57617544,23443372,51883683,24513831,113113337,25304955,21077229,24529165,21385598,23338293,21169312,21737346,22733490,16246464
21276850,24028647,88244367,23722270,95925851,25078329,45479810,23339206,78799844,21617490,38948107,23166983,22179190,22166698,129326732,22767468,22432289,22407389,57628369,23452339,51890434,24519182,113125435,25307848,21083208,24539299,21394527,23344535,21180939,21745060,22743656,16250747
21288834,24037658,88258611,23726799,95940243,25084805,45490261,23345015,78809474,21623966,38956001,23174551,22189094,22174109,129334180,22772404,22440325,22411045,57638334,23457168,51899123,24524328,113138589,25315132,21092083,24547280,21408300,23351065,21196667,21750388,22757589,16253720
21298422,24045262,88267355,23731981,95948609,25090592,45500524,23352694,78822533,21627195,38966118,23184524,22201514,22186101,129343393,22774689,22451317,22418848,57646930,23468846,51908436,24527668,113150651,25318430,21101822,24552160,21418985,23357184,21206538,21756846,22771519,16258367
21307243,24049183,88276189,23735589,95958953,25098818,45506697,23359438,78833506,21638797,38974484,23188997,22216493,22198220,129354840,22780362,22465860,22426268,57658743,23477031,51916318,24538176,113163597,25326195,21110682,24560069,21432931,23360845,21218687,21760706,22779208,16261696
21312697,24060056,88287259,23742818,95967902,25110435,45514287,23367369,78840243,21649672,38983191,23201653,22227155,22207704,129361900,22788093,22480018,22434152,57663950,23482368,51924949,24549501,113175117,25335832,21116107,24564943,21438200,23368899,21223717,21766760,22784497,16273097
21323945,24068427,88297869,23749975,95976022,25120643,45523674,23372158,78849880,21657695,38990490,23208114,22234918,22214920,129368707,22802039,22494647,22441855,57678156,23487349,51931809,24557721,113186153,25341597,21125577,24572339,21444848,23372502,21232646,21772536,22796969,16278176
21331043,24077275,88308050,23760888,95986772,25127947,45536666,23379502,78860065,21661751,38998717,23211055,22245726,22220798,129382625,22806999,22507032,22447305,57690328,23500769,51944765,24563967,113196906,25349449,21134651,24577012,21454095,23379153,21246855,21776810,22807717,16281748
21340934,24083628,88319593,23766095,95993185,25134364,45545845,23387956,78871463,21666454,39017886,23218026,22252899,22224946,129395309,22811036,22519585,22451584,57698574,23507785,51952815,24574493,113207003,25352163,21150510,24581492,21465653,23388985,21254881,21788788,22820233,16285201
21356742,24090451,88326083,23770204,96000248,25141057,45556367,23396279,78877807,21674459,39026447,23223335,22264501,22229458,129404199,22817672,22533528,22459653,57711373,23515752,51966678,24582762,113217820,25359324,21168211,24584845,21477680,23393606,21269169,21792910,22831898,16290268
21368236,24095671,88337166,23781666,96012834,25148230,45565387,23402453,78886069,21682543,39039284,23229730,22271162,22236578,129412172,22824837,22542674,22467233,57725515,23525115,51979287,24587429,113226609,25363902,21180889,24591133,21490475,23398932,21276901,21797583,22841269,16294949