30972858,34510977,99366715,34139538,106901760,36011521,56371242,33825192,89672978,31875227,49589130,33976965,31503650,32338458,139116128,33076953,31974463,32606250,69812997,34293250,64157680,35594220,123625988,36716495,30214907,35660069,30863285,34056769,30459162,32471997,32275718,25854535
30987180,34532385,99388637,34152559,106919505,36021285,56388447,33831519,89691822,31887910,49606001,33984017,31532389,32354494,139134592,33076977,32003501,32612680,69836295,34302257,64175651,35611030,123646528,36748135,30232010,35675641,30888587,34065649,30476895,32489216,32290588,25857873
30997317,34543000,99409918,34176149,106936081,36047281,56402890,33842595,89699601,31902967,49624050,34003871,31558841,32374952,139150516,33076979,32016660,32640215,69856578,34325222,64199413,35636335,123665517,36767741,30247747,35698223,30907627,34076036,30502767,32505775,32305769,25865039
31023257,34556146,99432002,34183484,106952087,36063865,56426454,33856399,89723314,31916575,49643352,34008274,31580929,32379473,139168476,33076981,32041705,32653938,69875336,34347569,64220107,35651743,123679246,36788418,30269816,35724272,30923796,34101337,30529648,32532832,32326536,25872810
31044147,34569621,99454044,34204592,106977812,36076322,56446080,33861969,89749871,31921566,49669191,34017465,31606039,32390759,139193132,33082194,32062187,32668863,69901417,34372017,64236848,35677743,123700234,36804604,30289436,35735583,30937882,34123671,30546620,32552672,32349319,25880249
31066563,34576519,99471461,34225247,107003299,36095645,56467330,33874797,89775248,31936501,49688496,34033424,31628912,32390761,139208081,33107220,32076107,32688115,69920663,34388561,64255528,35694844,123716119,36817894,30310602,35749681,30957272,34138527,30578900,32569315,32370900,25889171
31094371,34588282,99489789,34246311,107026006,36108581,56479493,33886633,89794490,31966076,49707593,34046732,31642935,32390787,139227768,33125304,32087229,32710437,69937297,34407917,64274452,35708869,123742299,36842040,30335334,35762806,30972190,34156089,30602359,32588750,32396466,25899214
31110374,34601289,99504180,34263940,107045633,36109996,56494028,33913506,89815934,31990626,49722424,34058224,31658756,32390789,139244882,33152692,32109631,32742398,69961325,34430782,64295555,35728158,123764250,36863269,30356031,35782092,30994010,34171280,30620862,32602711,32421248,25909741
31128927,34616972,99524119,34281085,107070502,36122195,56506618,33926939,89833863,32011295,49739561,34073171,31680739,32390795,139268604,33175997,32120530,32772130,69990076,34446064,64316710,35747476,123785218,36885336,30375217,35806061,31014301,34184603,30640666,32616527,32440371,25918919
31144550,34627738,99540946,34287280,107091565,36139365,56521094,33946287,89852735,32017274,49756883,34107005,31701604,32390801,139293769,33192181,32137858,32778889,70010766,34475150,64328726,35775418,123808413,36904259,30397727,35825117,31038197,34209509,30660363,32633761,32461510,25933556
31162874,34648352,99558869,34309849,107113460,36154170,56540582,33959357,89872875,32030324,49785098,34123652,31729982,32408769,139312750,33215549,32156109,32781999,70032651,34500346,64347330,35794652,123823555,36914800,30409086,35835219,31054509,34222172,30678148,32652993,32479376,25946650
31177020,34667772,99572846,34333138,107131966,36167941,56558108,33975794,89895322,32045024,49805520,34146713,31752104,32433773,139330899,33231781,32174850,32795128,70043828,34507192,64366162,35816143,123841779,36930907,30426490,35854291,31077632,34232635,30694686,32679963,32498179,25959930
31197499,34679077,99590655,34352424,107145632,36171096,56583310,34009038,89912473,32065281,49827478,34160581,31768535,32463419,139343014,33242137,32190702,32811812,70065511,34531660,64387421,35841224,123859357,36943334,30446913,35870274,31095183,34242461,30716218,32694652,32514113,25972703
31228079,34706083,99605245,34374340,107167427,36171223,56602618,34030635,89931230,32081853,49841243,34185730,31786391,32480236,139360440,33262152,32207895,32827537,70087651,34539142,64406069,35861960,123872962,36962553,30469347,35882927,31111231,34252969,30737114,32713483,32534955,25985937
31240874,34731799,99616972,34391214,107188073,36179094,56619118,34043768,89946184,32095384,49861141,34212495,31804347,32501426,139382908,33289979,32228410,32847366,70105551,34556021,64425812,35882822,123892052,36973703,30486447,35897061,31126531,34266834,30752478,32739202,32555028,26004617
31258872,34751147,99643824,34408611,107204107,36200771,56638448,34059885,89961608,32114722,49878411,34237369,31823726,32523375,139401622,33318205,32245105,32859028,70125243,34570855,64447793,35897740,123911951,36988971,30503679,35907008,31146116,34266834,30771799,32764124,32575852,26014738
31277787,34775721,99665858,34433414,107220196,36222385,56660641,34072949,89981258,32132833,49896606,34260338,31847272,32536942,139422638,33333410,32263566,32881490,70145191,34577589,64465354,35915958,123926597,36998203,30527649,35916312,31165036,34266846,30788935,32785818,32594564,26032640
31296734,34785233,99688147,34461491,107237989,36249356,56680176,34090257,89999790,32150783,49914141,34290099,31860959,32556782,139435719,33347925,32282730,32896527,70164406,34592013,64484600,35937986,123942080,37026531,30544765,35925036,31183565,34266862,30809600,32802495,32612298,26046403
31312865,34803567,99708096,34477400,107255322,36262578,56696936,34102644,90018714,32179922,49927568,34306606,31877064,32573982,139450002,33373678,32301720,32912992,70181492,34611687,64502401,35959794,123960969,37049816,30564396,35944213,31200442,34266870,30826048,32823152,32626953,26064178
31326264,34825692,99725700,34499798,107272774,36285471,56711684,34138086,90037156,32195460,49943670,34336033,31898547,32588018,139463311,33391163,32318239,32931999,70197383,34634661,64519270,35978157,123972652,37066708,30581127,35963658,31218304,34266876,30849994,32841912,32644236,26079976
31348460,34845755,99744701,34522357,107292563,36304540,56728836,34150105,90049868,32224354,49965648,34351605,31917489,32607570,139485093,33420763,32324350,32946705,70215620,34653061,64538616,35986261,123988392,37081544,30599778,35973815,31244622,34266878,30867146,32866740,32661490,26098953
31363822,34863608,99763132,34539636,107305340,36327900,56747831,34181304,90068706,32243127,49990306,34375951,31935832,32628342,139509096,33434713,32349492,32961710,70230968,34664995,64559603,36000361,124007387,37096902,30621775,35982310,31259100,34266884,30885548,32880942,32679951,26117017
31379262,34886195,99780356,34557811,107323568,36346350,56760799,34194515,90084707,32271533,50007645,34391553,31955035,32641513,139536739,33461567,32369447,32980384,70249803,34688563,64575212,36013045,124033136,37117022,30635874,36001473,31274810,34266890,30906371,32897441,32696475,26131397
31390438,34905872,99800853,34567948,107344628,36360467,56784591,34203499,90103772,32285271,50025389,34415420,31977386,32650770,139548549,33479207,32387130,32998628,70272994,34703860,64591569,36040013,124053093,37139213,30653713,36023813,31289439,34266892,30922751,32927782,32716636,26151756
31410597,34927035,99817848,34593703,107365330,36385404,56804814,34217346,90127595,32294717,50046180,34438297,31990915,32669004,139566430,33488750,32410860,33015384,70295353,34714778,64615792,36063271,124074531,37160054,30673976,36035796,31301667,34266896,30935292,32945859,32734824,26165530
31431834,34942969,99838155,34613791,107383398,36406571,56833263,34234310,90144027,32308053,50068894,34448628,32005725,32681274,139591584,33505998,32431620,33036916,70309361,34732451,64637060,36082689,124092538,37176418,30689539,36060401,31319987,34272150,30955452,32953002,32756067,26185643
31446039,34965250,99857032,34624323,107399479,36434586,56843462,34250979,90164773,32314886,50087954,34450310,32023891,32701592,139608295,33524241,32449133,33050710,70326218,34753457,64661921,36101200,124115594,37189109,30708094,36082675,31335900,34300395,30977972,32955277,32780346,26208437
31464423,34992937,99880897,34636542,107414822,36462580,56863928,34263613,90181859,32332569,50103983,34476404,32042473,32718268,139626645,33539187,32462189,33066463,70345970,34773007,64686962,36112817,124134164,37202072,30726161,36096002,31355791,34304045,30999179,32966363,32799395,26218466
31488586,35023821,99908318,34657083,107436138,36477882,56879944,34265668,90199600,32345923,50124742,34489202,32060771,32724326,139641647,33559440,32477579,33084738,70362150,34802333,64707897,36120520,124156477,37217951,30742511,36119896,31376322,34304053,31021123,32982454,32822983,26236471
31503882,35045515,99937651,34680340,107455424,36497284,56903080,34276781,90218405,32377563,50140166,34511321,32079676,32741702,139657252,33583711,32493427,33110816,70376131,34812254,64723904,36133422,124176342,37237409,30765283,36140658,31393430,34304057,31040176,32992548,32833160,26252129
31516302,35064836,99955117,34702238,107473007,36515377,56918209,34286338,90230705,32398998,50156775,34523732,32097797,32757679,139675282,33614250,32512353,33134705,70397316,34828453,64743295,36150164,124196002,37250378,30780959,36162805,31411234,34304063,31064878,33032493,32850236,26267671
31533275,35089638,99976179,34721331,107494567,36530349,56939646,34317324,90249088,32415863,50170168,34540618,32121009,32795020,139694133,33630890,32529701,33150086,70418444,34832849,64757827,36162617,124215300,37272322,30794491,36180368,31434556,34304071,31083584,33045688,32866074,26285123
31553763,35112511,99991873,34743365,107516148,36563569,56954279,34338391,90272384,32442686,50188039,34562238,32136483,32817488,139714281,33647336,32548691,33170387,70442580,34844218,64774897,36174767,124234937,37278983,30814449,36192012,31450011,34304087,31100038,33056354,32885415,26298170
31578028,35128128,100013039,34759579,107538062,36585666,56967959,34351565,90291394,32457701,50205967,34577178,32153903,32833438,139734144,33667251,32568505,33186834,70459723,34861501,64794974,36190889,124250279,37302264,30835867,36200676,31470691,34304093,31118826,33085966,32904986,26316468
31599258,35156951,100030939,34776146,107557493,36603590,56980570,34377979,90306020,32472575,50223428,34586511,32168145,32858975,139752524,33685342,32590592,33195623,70479185,34877530,64807705,36213893,124270510,37319170,30849014,36213387,31489322,34304107,31138404,33119409,32925058,26343531
31619878,35172334,100046102,34797764,107579982,36624006,56999054,34401179,90321055,32485265,50234249,34600135,32186725,32869118,139774192,33703404,32608529,33211035,70500141,34889412,64833295,36227381,124295977,37331747,30865125,36231187,31510141,34304135,31159781,33147249,32946087,26362979
31638828,35187507,100071954,34816443,107597481,36647619,57021799,34412353,90340864,32510121,50251354,34614439,32201050,32886565,139793672,33724479,32635705,33229121,70518365,34902439,64847803,36236204,124315824,37348146,30885908,36248075,31527445,34304155,31184194,33168577,32962401,26386551
31657780,35201557,100096781,34831284,107614524,36662726,57043870,34431695,90362486,32531709,50270800,34629578,32219564,32908576,139813114,33739688,32657532,33252644,70549668,34916593,64863231,36250581,124335466,37361649,30911630,36252055,31551006,34304159,31204732,33179316,32978348,26407480
31676669,35217924,100113907,34846718,107632330,36672269,57063538,34443299,90379649,32534695,50290410,34649365,32235933,32930857,139834397,33761230,32669714,33285854,70565398,34938519,64882330,36266889,124352621,37387540,30932655,36269756,31565503,34304167,31226225,33196089,33000713,26429185
31698443,35238020,100130716,34867524,107656857,36691602,57082085,34466476,90403366,32550891,50309156,34673434,32256027,32948413,139856209,33776165,32690887,33296470,70576307,34959528,64897266,36273570,124365340,37402039,30951212,36293219,31589004,34304171,31243978,33210325,33022448,26445657
31709786,35263556,100156379,34888708,107673906,36707334,57097643,34482306,90418297,32574234,50327231,34689944,32271699,32968742,139871016,33783986,32707516,33319521,70592089,34987599,64916589,36290437,124385737,37419382,30971613,36310942,31607895,34313508,31269920,33213460,33034885,26468636
31726535,35296792,100175112,34905099,107694393,36735191,57122035,34501762,90438566,32602447,50347414,34714026,32282529,32982301,139888821,33802764,32730869,33339536,70610257,34999429,64935838,36310132,124403003,37434185,30988161,36322017,31621558,34329134,31291843,33213590,33057044,26484874
31742201,35310539,100193816,34911404,107713891,36748478,57132812,34507024,90459414,32624790,50370194,34726594,32300346,33013194,139909083,33832671,32747001,33352895,70626288,35018637,64960905,36326128,124422853,37464856,31010422,36333070,31637897,34350638,31307468,33226955,33076346,26506167
31764361,35328515,100211477,34927435,107732218,36759844,57154141,34513655,90470533,32642322,50390141,34748307,32323821,33033813,139930628,33848246,32771180,33371248,70649779,35026808,64978738,36341357,124440746,37481290,31035299,36353283,31659570,34367020,31327793,33244066,33094901,26526869
31784829,35341705,100238143,34944299,107750728,36773637,57183179,34532268,90496313,32655034,50421370,34763524,32339680,33056923,139945282,33862605,32792941,33385660,70666886,35033179,65001342,36361190,124459676,37502545,31050611,36367396,31679266,34377905,31347621,33244193,33112735,26542577
31808482,35359367,100254642,34954529,107776069,36792794,57204308,34553258,90514735,32669531,50439601,34778026,32364296,33067505,139967086,33880931,32820931,33395714,70685677,35044975,65018246,36380689,124478987,37529563,31066834,36381146,31698681,34390368,31372449,33250799,33129379,26557019
31828613,35383813,100270872,34958231,107798557,36815003,57226301,34564105,90536565,32689752,50463695,34794952,32382910,33081835,139986744,33898090,32843283,33415216,70697188,35067734,65032852,36395205,124495895,37548859,31086518,36409338,31713268,34410311,31395284,33257553,33147513,26570213
31855737,35399172,100299507,34974019,107816720,36831150,57246156,34581238,90563837,32701416,50480781,34811159,32400903,33102138,140002962,33924537,32863148,33425831,70717833,35085495,65051371,36401943,124516294,37568534,31109275,36436340,31735440,34419875,31407479,33257684,33163319,26583935
31874064,35420518,100313375,35001257,107834857,36840231,57264324,34608906,90583191,32715196,50496910,34827954,32420764,33121872,140016613,33928862,32891079,33442928,70736110,35107851,65062750,36419523,124529108,37588911,31140440,36457440,31759032,34429966,31426730,33277040,33176122,26598540
31894791,35430743,100332902,35020032,107853539,36857561,57284225,34618474,90602033,32723886,50515047,34836499,32436928,33124822,140037658,33948051,32906180,33464107,70759452,35123137,65086456,36442883,124547650,37617169,31162278,36479539,31773983,34453138,31446893,33291845,33196184,26615720
31917703,35449016,100347512,35034787,107874309,36879828,57300887,34627888,90626371,32744095,50539684,34872295,32459198,33124840,140057403,33968229,32921443,33484563,70776655,35136449,65100149,36472289,124565618,37640077,31181884,36488361,31791554,34473119,31459238,33307601,33215033,26629803
31939375,35463003,100367616,35043645,107890839,36895258,57325496,34644264,90648617,32759143,50560143,34892735,32480459,33124844,140071403,33992297,32936602,33505139,70794336,35148565,65116148,36504987,124582163,37661516,31200896,36500605,31812214,34493345,31472930,33327627,33236941,26649556
31958409,35484569,100383636,35074264,107913569,36912378,57341582,34664168,90665735,32771052,50577447,34908511,32501832,33124856,140089815,34019545,32957867,33526821,70810059,35158431,65134682,36524357,124600127,37677314,31218550,36525457,31825955,34515486,31493951,33345002,33261338,26667242
31969698,35502741,100400712,35090332,107932186,36928782,57356986,34681105,90688573,32794549,50592117,34936114,32516564,33124858,140104951,34054521,32977374,33532961,70826144,35169094,65149918,36559231,124623303,37692950,31239194,36547784,31838546,34545485,31510621,33366658,33279991,26681063
31991056,35523717,100416237,35120861,107951741,36951404,57376105,34706565,90711380,32813168,50609176,34948710,32536290,33124862,140126023,34071336,32994677,33554611,70843003,35190017,65165858,36576324,124636529,37714117,31248518,36567374,31852782,34569818,31527691,33384226,33294117,26693751
32009704,35538223,100435481,35135577,107975820,36979335,57393178,34715880,90729172,32842374,50627806,34959826,32553605,33124872,140141720,34100272,33009231,33583216,70864218,35214573,65187416,36594280,124656598,37731754,31261948,36581190,31869667,34595272,31545340,33405499,33311735,26713066
32027251,35556722,100456380,35148779,107993280,36998903,57414255,34733024,90749851,32864728,50648275,34980639,32572437,33124884,140158435,34109293,33027188,33615349,70879352,35231918,65203186,36615125,124672233,37740238,31280244,36605151,31883734,34628320,31563111,33429735,33330627,26730539
32050107,35566167,100478574,35164353,108009920,37028213,57437557,34736845,90770681,32888752,50673019,35003979,32592294,33124896,140172485,34137023,33040411,33628987,70893358,35253370,65222899,36632478,124693088,37760147,31304720,36622311,31905165,34644074,31574689,33447703,33349171,26748302
32070055,35588519,100493427,35181494,108030141,37049403,57462783,34762350,90792610,32905387,50687458,35016794,32615263,33124922,140191134,34152174,33064160,33647679,70907400,35270739,65245901,36638925,124715335,37771805,31335062,36638397,31922159,34659850,31595353,33461653,33364658,26761363
32093729,35612683,100507876,35201533,108056640,37063328,57472282,34778901,90818510,32937841,50707471,35028464,32635100,33125054,140208642,34167581,33090225,33665363,70923213,35282899,65260133,36650689,124730398,37784197,31350092,36652214,31943150,34661101,31608437,33477740,33384999,26771970