5564304590767,12556155576790,7892886443214,10935265571170,7876300314499,8707285979542,6875817698301,8321820761647,7210507666426,6851188610663,6452332053305,6430030878232,5465202947827,5806433139487,8040628668653,5780980079809,7551568701775,5128535091547,6247467847403,5072393150239,5874204847290,5293313474301,6613939263935,5118357974383,5179541371462,5257028876714,5261768837772,5119999325814,5195746014653,6527744023522,5957231997847,9804308442064
5564329519922,12556635071478,7893650446284,10936173442123,7877114887145,8707657982072,6876344671935,8321928310776,7211245378342,6851470448277,6452715933984,6430170675454,5465245883894,5806590277861,8041574444057,5781003175075,7551715452495,5128541066049,6247905580551,5072396208643,5874630645271,5293315183444,6614815201693,5118371170206,5179560470892,5257033475434,5261847475365,5120027407283,5195835639304,6527749103195,5957448729641,9805156842748
5564353312944,12557128605588,7894507627655,10937113027495,7878023015535,8708007202090,6876926633369,8322090728156,7212018371349,6851771290387,6453177270541,6430458635620,5465283438831,5806664908745,8042577682964,5781029494836,7551891123745,5128542515673,6248423266579,5072413415018,5875130213720,5293319960879,6615786902742,5118386011525,5179572331788,5257041327218,5261863013784,5120029985911,5195847894428,6527751553384,5957517453025,9805427940241
5564374810187,12557573690564,7895352543115,10938048341439,7878922037177,8708277331993,6877487555670,8322260551257,7212790416927,6852283567615,6453616887733,6430614802340,5465339431218,5806821598713,8043581639162,5781067830266,7552071957016,5128543875157,6248948212895,5072420646441,5875634921320,5293321439072,6616763891559,5118394029166,5179583395097,5257043726481,5261875933509,5120032246787,5195860525829,6527753867266,5957649812521,9805793513199
5564397195539,12558032446214,7896208013806,10938982534333,7879803966932,8708536361134,6878090525112,8322407351946,7213586523708,6852664530902,6454055595725,6430802144150,5465383435722,5807090417150,8044584591749,5781137683610,7552240547125,5128546520864,6249489634651,5072438447659,5876144911402,5293322698922,6617743981613,5118404875552,5179594570087,5257048687877,5261889525386,5120034856206,5195873742501,6527756381376,5957741003717,9806105535040
5564419491323,12558481969919,7897039837697,10939936350049,7880691066549,8708912148539,6878674362882,8322546134535,7214357981687,6852978312724,6454507894934,6431073915751,5465432726966,5807246769568,8045585378335,5781162069455,7552424832934,5128551001163,6250017941162,5072440846282,5876633616328,5293330630687,6618712990652,5118414039060,5179612266502,5257050957950,5261901251326,5120036252058,5195884606075,6527759806277,5957834739551,9806345933825
5564443608109,12558950607948,7897890917212,10940884047799,7881583447854,8709207881473,6879265702971,8322791703397,7215141325018,6853280838157,6454986581493,6431319454974,5465468879403,5807407470841,8046588944438,5781180387439,7552607960916,5128555930796,6250551515259,5072459314102,5877150934991,5293332083977,6619685796166,5118421597828,5179623708817,5257053382288,5261916215162,5120042183101,5195898206307,6527762820161,5957903134606,9806659122197
5564486773390,12559404652660,7898734518233,10941821239524,7882476515024,8709476977458,6879852630840,8323044974583,7215918305017,6853624293915,6455428094157,6431492464555,5465526413220,5807523652307,8047594058823,5781257730527,7552811213006,5128570598728,6251094323684,5072472931585,5877626341381,5293375290914,6620662812316,5118444645646,5179639565290,5257066810657,5261935776963,5120060772410,5195916252989,6527789207076,5958002353929,9806951428729
5564512802504,12559865100055,7899587514811,10942762274144,7883360289934,8709819375233,6880444020867,8323305346134,7216686845250,6853928320592,6455889597268,6431617662528,5465566291089,5807667920884,8048599021365,5781305651920,7552956851314,5128573053457,6251606922225,5072475012421,5878120182941,5293381139779,6621640366098,5118453238051,5179650346417,5257072538911,5261948443082,5120062742926,5195935124784,6527792754552,5958100338516,9807132963827
5564534838864,12560322834043,7900443844920,10943710017113,7884241535782,8710126689805,6881026557648,8323614215272,7217454397626,6854249034672,6456315316682,6431742722153,5465609188046,5807789101812,8049603834141,5781334861798,7553160773462,5128576131255,6252149489621,5072477711593,5878639257287,5293383802167,6622620356955,5118461836264,5179660331008,5257076010987,5261958249373,5120085239888,5195948267334,6527795388681,5958212021891,9807286143753
5564557623359,12560780184879,7901290266855,10944651737892,7885137814289,8710370357181,6881611239003,8323764318260,7218256981749,6854615887551,6456774737941,6432058322654,5465655615403,5807927970836,8050606822657,5781394977159,7553310893162,5128598404967,6252684766442,5072479771903,5879161452070,5293385759812,6623591996302,5118470447032,5179671017085,5257082529010,5261976004094,5120089225128,5195960614281,6527799405015,5958303451321,9807421145884
5564578533962,12561261744559,7902154964964,10945613809275,7886044351210,8710714124019,6882218544322,8324017849129,7219052483201,6854853088882,6457236180989,6432194726527,5465699777267,5808058968401,8051611851722,5781520130386,7553535637274,5128602276532,6253246544593,5072486657078,5879656647557,5293390658186,6624567351083,5118481198366,5179681715949,5257085682874,5261989215093,5120092423182,5195973678229,6527805405010,5958386148697,9807543722280
5564602357971,12561735739529,7903023038187,10946560563326,7886945250680,8711006726169,6882819485551,8324210980538,7219846774622,6855267473128,6457698428035,6432436520352,5465738136394,5808145979255,8052616821999,5781542432679,7553704592764,5128606774789,6253821611957,5072504043173,5880165963982,5293394568218,6625541474089,5118489352141,5179693962638,5257087157825,5262000479165,5120097345423,5195991900194,6527809184168,5958460843542,9807673513974
5564624689623,12562214089880,7903875777142,10947523261772,7887840298774,8711313307783,6883417015504,8324419526533,7220638337121,6855549610236,6458166328864,6432613240272,5465769847041,5808327090200,8053621305683,5781611210979,7554014987550,5128609885018,6254358495854,5072509355536,5880668770166,5293398168900,6626511410480,5118498100329,5179704506130,5257110542340,5262010422285,5120099527853,5196004601117,6527813089200,5958531178006,9807797903457
5564647331080,12562697070991,7904719347476,10948466772485,7888743362736,8711634487122,6884022844418,8324687858129,7221442505093,6855918480961,6458612547139,6432728422351,5465810240611,5808454029121,8054625718132,5781638816447,7554157294359,5128612273752,6254913727375,5072525706914,5881161514496,5293405619534,6627487746325,5118500843305,5179715803279,5257121417660,5262020412630,5120101796831,5196018153861,6527817199961,5958600182676,9807944750060
5564669214567,12563177045847,7905574116063,10949433546778,7889636953653,8712123251293,6884637576055,8324944359851,7222238170745,6856107461868,6459041323026,6432776007707,5465854872078,5808647164746,8055630494193,5781711564775,7554330900578,5128615401528,6255470976280,5072529816589,5881678789039,5293410712471,6628453959002,5118503753486,5179734997790,5257139799845,5262030763338,5120105251676,5196031587716,6527831329423,5958700584842,9808060116773
5564693137800,12563654284668,7906433630755,10950372961324,7890559647254,8712514484687,6885232205054,8325173960499,7223049929294,6856336574347,6459485816857,6432929304223,5465904015753,5808810752602,8056634721205,5781765809465,7554601017082,5128619095364,6256007552424,5072532527552,5882170953707,5293417821418,6629418541781,5118507093754,5179748116728,5257158799080,5262043690316,5120107421513,5196050158339,6527843083480,5958811672738,9808193979023
5564724188739,12564114926455,7907271201653,10951319155926,7891454458211,8712905596815,6885829112074,8325412145327,7223844877952,6856616999562,6459923675298,6433081624809,5465958518440,5808959771348,8057639230732,5781810763699,7554764211582,5128628314802,6256542950894,5072542241351,5882704065158,5293424473128,6630390487250,5118520450589,5179778914573,5257173557481,5262075519635,5120121994350,5196086972259,6527869641651,5958881417376,9808319477603
5564750645414,12564576001636,7908123878428,10952279124087,7892353549515,8713230209024,6886411939276,8325666976009,7224652958328,6856992817471,6460376817548,6433186234673,5465991732500,5809080930043,8058643623487,5781840343870,7555019179470,5128631216449,6257082870852,5072553975345,5883223490314,5293429566213,6631361127118,5118524568434,5179792304697,5257198337856,5262091684287,5120124431716,5196111562848,6527872411654,5958936294774,9808453857929
5564771518593,12565053799242,7909000326975,10953221342374,7893253453037,8713581194640,6887023171683,8325886766425,7225449763648,6857276515062,6460865764730,6433422289610,5466027579149,5809291730524,8059647508012,5781893460258,7555180586821,5128633665121,6257628823571,5072560850968,5883779951988,5293433689499,6632329210181,5118533414447,5179803409332,5257203062832,5262104016368,5120125878694,5196123829426,6527888758846,5959001070816,9808569374537
5564793646002,12565542422416,7909862964437,10954188770033,7894154096934,8713857164214,6887640063336,8326058531366,7226258944735,6857605293450,6461334820183,6433573643818,5466061824019,5809489330202,8060652448647,5782005694321,7555347123603,5128639619036,6258183320265,5072564216927,5884316210810,5293444293857,6633306834519,5118550186781,5179814087680,5257213555577,5262124746669,5120129709989,5196135805512,6527892816297,5959065838999,9808682410664
5564816941027,12566016433459,7910689367520,10955122382697,7895047391648,8714308259541,6888224550424,8326444833972,7227036350952,6857752829904,6461734577408,6433638168142,5466095391629,5809635887236,8061639906678,5782052838345,7555632824326,5128645551220,6258715110624,5072566613304,5884795122407,5293446691619,6634258398793,5118551376590,5179826786003,5257219817899,5262137875288,5120143175361,5196146649350,6527895067666,5959148185696,9808794784437
5564841881759,12566489258340,7911518786410,10956079726190,7895947682337,8714569835480,6888787440954,8326649512988,7227831290502,6858091071891,6462181037168,6433856732211,5466144686337,5809749393771,8062644823392,5782120888217,7555786474372,5128652696093,6259239464846,5072569218039,5885291855988,5293450639001,6635228370311,5118559802564,5179837940802,5257223907691,5262156806691,5120159217336,5196157238654,6527904998426,5959243021149,9808921464392
5564868910498,12566944864123,7912372091859,10957024796435,7896849679116,8714838371575,6889378527977,8326857865196,7228620620107,6858467810274,6462628359029,6434038955177,5466187158849,5809968498482,8063649143727,5782157012075,7555929957608,5128672306982,6259780093379,5072573162905,5885793411495,5293453328443,6636200643266,5118565494049,5179848773458,5257244012009,5262171194846,5120160480617,5196168530909,6527918535650,5959321544647,9809032342200
5564901904596,12567417744949,7913212018845,10957950609917,7897735659917,8715036476314,6889986668598,8327033322938,7229400916020,6858843954200,6463079287385,6434136664372,5466240183939,5810209208149,8064653099565,5782225772424,7556095990923,5128688569573,6260315788721,5072579290847,5886328731905,5293463474661,6637170961656,5118568854530,5179859620931,5257247013966,5262185649113,5120166469800,5196181237851,6527933489962,5959409083814,9809144614286
5564927115937,12567872960452,7914077992895,10958903352218,7898637485156,8715303165904,6890577146978,8327210570877,7230184416934,6859179715331,6463518371893,6434381176039,5466272018656,5810353192863,8065657233786,5782236997235,7556425199409,5128706484331,6260841429942,5072584619455,5886823684712,5293467392400,6638143511268,5118584889719,5179877940147,5257251931883,5262201747718,5120174971015,5196191876290,6527952179890,5959493445256,9809272609119
5564958660086,12568369419042,7914954267774,10959862782863,7899555326069,8715604660260,6891188163582,8327448839429,7231003179212,6859450898970,6464001380741,6434553682565,5466322103464,5810500311858,8066661936539,5782285503025,7556581575948,5128725448804,6261391197852,5072589800218,5887328935682,5293471535649,6639116376114,5118598340334,5179890443885,5257260044563,5262213131722,5120179358557,5196202771078,6527967411164,5959567146485,9809393621627
5565013283577,12568865825644,7915814558056,10960815651711,7900471275884,8715918546363,6891800685581,8327716690836,7231801930492,6859672842097,6464443573622,6434651100816,5466363129677,5810717455448,8067666758175,5782347140914,7556720927081,5128750066678,6261961433631,5072612557855,5887870031307,5293496212081,6640089355893,5118637355334,5179908547031,5257281805298,5262229713064,5120190706269,5196217530439,6527981415810,5959627078651,9809500801962
5565040043819,12569327764581,7916661464907,10961758791241,7901375974450,8716308204775,6892387328701,8327951302100,7232592006277,6859943225941,6464897903684,6434799926836,5466404494536,5810826236336,8068670411628,5782380122257,7556883561255,5128768286483,6262502139205,5072618080407,5888402652812,5293505443838,6641058234995,5118640353495,5179921431974,5257299401443,5262242613523,5120202968621,5196238090632,6527985348109,5959689386098,9809609487734
5565067284097,12569791991738,7917529446089,10962710396641,7902284717793,8716777700234,6893003532161,8328289672105,7233400312500,6860216684845,6465350134212,6434892778320,5466449849885,5810946617840,8069674183907,5782402286723,7557270149575,5128784540027,6263047002455,5072623506571,5888912261278,5293508318021,6642026689164,5118644797764,5179934475091,5257318592701,5262254854296,5120206594696,5196249603543,6527996232141,5959785065428,9809735269368
5565094670680,12570245136405,7918378643691,10963670496071,7903205674028,8717260563665,6893610182773,8328583878252,7234194332561,6860396161189,6465801011349,6434963152242,5466498278577,5811169123959,8070679092021,5782459462987,7557419101311,5128802958112,6263587350239,5072629174229,5889399001482,5293512442971,6642998129490,5118647102279,5179948590246,5257342643055,5262275809574,5120208230056,5196260450824,6528009580808,5959873619434,9809852215978
5565117861619,12570694719681,7919214558997,10964614485478,7904110437054,8717574801487,6894230875978,8328761685046,7235005404215,6860731212063,6466233128638,6435138719265,5466553581227,5811362998383,8071683943173,5782504447096,7557563178147,5128821084463,6264144843517,5072635688299,5889875741702,5293514850994,6643970783234,5118649734596,5179960374040,5257363651706,5262290622010,5120212987179,5196276702137,6528022708152,5959954018097,9809939539244
5565139833083,12571146170523,7920079297467,10965557097936,7904996554429,8717973401131,6894829099744,8329063168552,7235804716296,6860904234269,6466672429909,6435351240599,5466597389902,5811509990648,8072688971782,5782541825001,7557691512519,5128835323753,6264718950663,5072641417614,5890374370616,5293520541237,6644948856124,5118653385315,5179970713095,5257370016660,5262309702114,5120231396266,5196288400458,6528032482212,5960013066364,9810088331397
5565162949221,12571628130102,7920961729357,10966512138470,7905922259762,8718317009041,6895441778617,8329333582304,7236604490256,6861239184404,6467135534804,6435483432696,5466645559119,5811641385246,8073693796353,5782575329972,7557871549993,5128853109677,6265237191436,5072646716956,5890908537935,5293522968809,6645916864980,5118656220323,5179982711501,5257392639994,5262326362007,5120235132844,5196300496818,6528045479564,5960113671234,9810198774146
5565184614676,12572100353395,7921802569900,10967448421356,7906821763154,8718639463173,6896058434175,8329544258063,7237393654375,6861599360084,6467601881057,6435576416819,5466690243004,5811809339117,8074698567036,5782628559682,7558055230415,5128867575289,6265757772125,5072652147017,5891427168890,5293531915071,6646876470062,5118659267123,5179995785957,5257410337150,5262341253481,5120238231688,5196315914633,6528055482757,5960217976476,9810312929496
5565206912888,12572552206243,7922659141905,10968401570696,7907721519194,8718869982698,6896647364376,8329667395916,7238177297917,6861905340390,6468046274442,6435793732317,5466728316824,5812109485901,8075702980498,5782670800773,7558461064112,5128885291908,6266293980590,5072663045580,5891933437958,5293547053678,6647853610420,5118662035339,5180015681187,5257428489518,5262357192901,5120240195530,5196328876083,6528057494111,5960313996014,9810418279778
5565228749168,12573021772871,7923521710065,10969352559620,7908626053658,8719234399652,6897267427851,8329894296438,7238969643614,6862226232337,6468527083873,6435927642778,5466759816330,5812262109687,8076707623337,5782754660823,7558599492054,5128900954289,6266834891054,5072668156675,5892482990222,5293550889958,6648829655951,5118671585615,5180028455802,5257438251110,5262370156608,5120259127416,5196345479750,6528058698064,5960370252638,9810532537888
5565267406863,12573489590828,7924401628126,10970325960243,7909541516717,8719534468806,6897897101891,8330232355231,7239782988662,6862566880681,6468994315612,6436098862413,5466817087095,5812451041084,8077712330537,5782804852214,7558763532306,5128930830922,6267398812438,5072687427961,5893011900527,5293580738336,6649799942730,5118718134873,5180047683974,5257484103926,5262384348569,5120275744564,5196365726628,6528082179070,5960452555939,9810655227846
5565295263394,12573943000060,7925253072165,10971269777762,7910400724143,8719841880299,6898461373222,8330368305295,7240545025340,6863010452971,6469438666207,6436225693975,5466860881837,5812611007242,8078716993969,5782825025170,7558891624795,5128948951161,6267937985962,5072692772735,5893502651495,5293590357155,6650780542279,5118731206865,5180058857956,5257504371835,5262395691560,5120280579854,5196386855580,6528083664842,5960509294085,9810756080505
5565319322300,12574393817050,7926102955234,10972217780717,7911291027016,8720337591883,6899066877666,8330672394126,7241351949855,6863273889730,6469883987035,6436277694614,5466896703240,5812784775365,8079721155566,5782860139790,7559035995374,5128964342771,6268496060426,5072703421767,5894016475268,5293592769396,6651750954186,5118743116567,5180069167680,5257525440212,5262408250762,5120283789445,5196403367494,6528085304124,5960573977576,9810878198443
5565341145728,12574853437380,7926945577993,10973154058732,7912191552750,8720586348471,6899638819369,8330948178611,7242139994929,6863546320691,6470315514012,6436538239569,5466948727154,5812905977594,8080725142532,5782881423075,7559206332542,5128982141094,6269027219226,5072710476761,5894501031066,5293599775452,6652726884671,5118756198063,5180080689578,5257545936219,5262426337525,5120290168881,5196417989829,6528088209731,5960669925886,9810980749962
5565365795670,12575326870082,7927812821144,10974106443587,7913085991480,8720857956370,6900228177869,8331248338716,7242913920353,6863813652567,6470789197201,6436695611910,5466979258032,5813096076642,8081729287105,5782953590621,7559383394166,5128997725392,6269566619008,5072717095469,5895030644132,5293606634917,6653702861492,5118766939361,5180093560929,5257567440562,5262438934817,5120294750357,5196431839458,6528091407253,5960717186968,9811089234762
5565390523691,12575804465339,7928681358953,10975046276338,7913976536297,8721144354971,6900841432220,8331432043942,7243700572361,6864193879291,6471263988704,6436910276458,5467026289557,5813259579532,8082733525392,5782995640868,7559561692247,5129015607148,6270104776527,5072723861355,5895539691714,5293614085484,6654671395856,5118771470474,5180106077690,5257588232049,5262454907569,5120307117825,5196446461075,6528094797438,5960787484853,9811187151486
5565414616028,12576253778661,7929525041538,10975995724330,7914884392014,8721439554763,6901423165262,8331650018456,7244478930083,6864609131693,6471712929152,6436969217911,5467072010156,5813441713458,8083737465982,5783020688528,7560123764648,5129033361822,6270652555671,5072729789631,5896043204306,5293618911795,6655650675604,5118789976333,5180119796371,5257593837845,5262466212112,5120311541363,5196460924714,6528107591139,5960882983334,9811278667705
5565437856403,12576725194514,7930366398488,10976945750221,7915800020688,8721852298295,6902039703892,8331926331340,7245303711003,6864930397731,6472150889776,6437028561997,5467107376370,5813553002622,8084742301112,5783095339010,7560293283515,5129050528585,6271193003862,5072736454378,5896518017737,5293621705862,6656626319952,5118796653414,5180134175361,5257600109107,5262477731429,5120330120845,5196476072194,6528120409430,5960963819920,9811411424951
5565465169440,12577185365454,7931233521522,10977895017943,7916689713606,8722170515322,6902621454590,8332249322527,7246086993603,6865145257666,6472611064310,6437285400089,5467152225426,5813682054075,8085746880143,5783121048004,7560422761949,5129066256378,6271732380429,5072742577512,5897025007848,5293624578098,6657599741219,5118805193298,5180156335386,5257603085599,5262492642575,5120348870650,5196487812730,6528132010548,5961034065453,9811516052156
5565486401628,12577649151275,7932094651835,10978848171425,7917584280932,8722479776316,6903227337849,8332496220764,7246887735926,6865475562646,6473078966699,6437483692401,5467198093813,5813917074387,8086751820377,5783167719257,7560576480187,5129084196409,6272296472637,5072747579375,5897535138679,5293628691249,6658572882228,5118806581832,5180170729519,5257627689481,5262510981718,5120351219097,5196504912377,6528144825612,5961114091750,9811603012682
5565538897813,12578119178557,7932951174730,10979804729538,7918485244238,8722813593292,6903818447735,8332635367636,7247667952835,6865905587584,6473520275884,6437708749079,5467250187265,5814030786188,8087756423418,5783210862657,7560709388770,5129136327856,6272837800529,5072768522643,5898054883874,5293647881472,6659550047307,5118821119604,5180207099070,5257652579239,5262546513925,5120366120809,5196526160455,6528165599227,5961197798741,9811695705924
5565564525420,12578569033097,7933784543444,10980720190657,7919384539995,8723121133338,6904417713420,8332807085830,7248442549100,6866239347780,6473967195550,6437945101509,5467285093216,5814263086882,8088761298197,5783266066591,7560859126345,5129153571552,6273375081696,5072775014046,5898556920224,5293655943230,6660528029423,5118822493062,5180217661667,5257672777433,5262559915363,5120372393316,5196548215829,6528166764537,5961258954818,9811795911467
5565588401642,12579033164386,7934653353688,10981702460803,7920296536096,8723416896690,6905009841746,8333040425827,7249219536556,6866506049068,6474410313785,6438150973022,5467324337689,5814468180681,8089766025361,5783310429906,7561019990546,5129170485611,6273915195370,5072780799403,5899084616304,5293663370656,6661503773687,5118825559051,5180230467951,5257693060646,5262574164492,5120374644793,5196572181650,6528168275484,5961321736455,9811896181732
5565615693284,12579485369228,7935512182176,10982639521760,7921202988889,8723782296863,6905608913023,8333408763294,7249991351646,6866718169647,6474877081529,6438256495320,5467361979096,5814601289645,8090771049671,5783371256531,7561206359506,5129187505041,6274423625994,5072791027437,5899579698803,5293669998328,6662477006132,5118827465368,5180242556523,5257712464925,5262595748443,5120376457943,5196584054654,6528170065523,5961382066220,9812013566818
5565637662629,12579932715008,7936369849661,10983588581523,7922099208689,8724214816440,6906200623874,8333660411355,7250757445373,6866988276344,6475343691532,6438421019039,5467393770827,5814709860796,8091775826430,5783397344670,7561487848591,5129204616342,6274942745045,5072800680511,5900081780698,5293682585016,6663451834508,5118832229640,5180254907259,5257732375555,5262616408182,5120379583432,5196594393219,6528171310485,5961452288779,9812102039662
5565662976157,12580408605501,7937242276738,10984535095190,7923013275215,8724540361182,6906794621152,8333917482082,7251561410550,6867166982593,6475792294189,6438509744942,5467456331376,5815035049820,8092779908204,5783468989800,7561927537593,5129224427861,6275469247093,5072807907098,5900601000821,5293689781164,6664420645772,5118855296346,5180265022876,5257739602568,5262637572186,5120393058501,5196605562762,6528172588341,5961544834101,9812214237054
5565684228053,12580860486910,7938077325678,10985464107810,7923897674700,8724907140411,6907367875612,8334219636632,7252326031534,6867399546232,6476254473375,6438632305376,5467492009548,5815215089780,8093784555842,5783495215981,7562064749022,5129238375801,6276004540106,5072814799842,5901089475341,5293693685849,6665399706217,5118870564635,5180275718715,5257744203078,5262652876894,5120398900134,5196616815910,6528182311317,5961623767519,9812305455212
5565706625789,12581306470310,7938919973028,10986414557622,7924781744597,8725288371220,6907972655202,8334481521803,7253106728296,6867795674973,6476701136722,6438797593017,5467544820069,5815283449956,8094789458067,5783514188697,7562241337555,5129254768651,6276537724022,5072821322854,5901569461582,5293696335799,6666380642379,5118880377519,5180294477552,5257763989623,5262667683026,5120400359042,5196629047367,6528184147482,5961686818102,9812396691469
5565728345391,12581787268726,7939806687947,10987372773235,7925694409308,8725711379267,6908579418561,8334854083119,7253909398341,6867955121138,6477174774856,6438975614694,5467603337005,5815379040440,8095794373689,5783579414583,7562412216413,5129271727280,6277100808487,5072828303386,5902105380954,5293709447600,6667352470702,5118883932236,5180314012203,5257770203845,5262684551770,5120402847538,5196641714590,6528200987043,5961808920850,9812522324868
5565749666198,12582236187035,7940679924675,10988321922581,7926586341453,8726120235526,6909186785925,8335066448626,7254700522968,6868239535350,6477631546732,6439229595280,5467656086547,5815505405439,8096799114742,5783609477073,7562587644794,5129288047771,6277633026784,5072835149458,5902637150830,5293721548843,6668323749858,5118905380105,5180325174259,5257775531391,5262700236776,5120406400417,5196652413139,6528202266118,5961894323994,9812629419057
5565784624549,12582727052064,7941548363079,10989275751657,7927502101961,8726450716639,6909791954391,8335277033115,7255491723930,6868680666196,6478104350881,6439375267786,5467711412344,5815677397202,8097804051717,5783664926479,7562756732265,5129316102870,6278166765948,5072866543383,5903177624127,5293751972993,6669290009507,5118926724355,5180345297983,5257794615985,5262730732935,5120417980392,5196693670374,6528212143524,5962012679716,9812735551349
5565807593553,12583197511156,7942413620820,10990239256888,7928411069061,8726865319760,6910388134385,8335559782762,7256292735923,6868889752563,6478579067003,6439469261482,5467756227600,5815817033552,8098805453117,5783691512687,7562895157347,5129335508056,6278714760360,5072872001671,5903703439687,5293769374384,6670263390873,5118932801973,5180356937862,5257811798836,5262747121532,5120424507787,5196713941715,6528214329306,5962107790214,9812834616809
5565830908866,12583651244581,7943246394244,10991175614312,7929292983255,8727210147763,6910999240155,8335768025797,7257074925442,6869180974227,6479020759948,6439700223626,5467790626662,5815931979623,8099809983190,5783714189860,7563061368984,5129349716809,6279247391274,5072882026743,5904191982727,5293770832631,6671238961343,5118933985599,5180369683951,5257815018409,5262760475594,5120435456952,5196727894708,6528217013408,5962202745589,9812922756407