10144648,38998899,6647036,7443253,6713500,6278892,4555439,6234277,5501044,5646704,4544715,5616606,4415593,5051572,7458394,5095784,3659570,4683838,5425587,4712203,4693994,4688853,7830331,4699491,4141225,4740858,4211171,4703969,4277724,10722051,4365050,55556675
10144844,39006089,6649853,7443273,6717640,6278892,4556692,6234277,5504510,5646704,4544964,5616606,4415617,5051572,7464290,5095784,3659572,4683838,5427161,4712203,4695559,4688853,7838079,4699491,4141232,4740858,4211258,4703969,4277881,10722051,4365442,55556875
10145050,39012610,6652754,7443296,6722380,6278894,4558168,6234278,5508325,5646704,4545236,5616606,4415630,5051572,7470319,5095784,3659572,4683838,5429172,4712203,4697098,4688853,7846888,4699491,4141233,4740858,4211259,4703969,4277884,10722051,4365479,55557029
10145255,39019295,6655630,7443328,6727053,6278899,4559521,6234279,5512092,5646704,4545503,5616606,4415638,5051572,7476460,5095784,3659575,4683838,5431735,4712203,4698962,4688853,7856147,4699491,4141233,4740858,4211260,4703969,4277885,10722051,4365528,55557178
10145468,39025978,6658506,7443342,6731831,6278900,4560918,6234279,5515815,5646704,4545729,5616606,4415653,5051572,7482694,5095784,3659578,4683838,5434537,4712203,4700637,4688853,7865184,4699491,4141235,4740858,4211260,4703969,4277885,10722051,4365555,55557274
10145668,39032709,6661504,7443367,6736431,6278909,4562295,6234279,5519532,5646704,4545984,5616606,4415663,5051572,7488743,5095784,3659579,4683838,5437095,4712203,4702704,4688853,7873993,4699491,4141236,4740858,4211261,4703969,4277894,10722051,4365573,55557372
10145864,39039286,6664385,7443395,6741038,6278915,4563713,6234280,5523419,5646705,4546202,5616607,4415666,5051574,7494910,5095784,3659584,4683839,5439878,4712203,4704224,4688853,7882692,4699491,4141236,4740859,4211261,4703970,4277894,10722051,4365588,55557452
10146072,39046013,6667311,7443422,6745795,6278917,4565194,6234287,5527235,5646705,4546435,5616607,4415670,5051574,7500969,5095784,3659589,4683839,5442555,4712203,4706116,4688853,7891083,4699491,4141236,4740859,4211261,4703970,4277895,10722051,4365624,55557581
10146285,39052725,6670216,7443451,6750562,6278917,4566723,6234287,5531132,5646705,4546654,5616607,4415677,5051574,7507248,5095784,3659592,4683839,5445079,4712203,4707599,4688853,7899902,4699491,4141236,4740859,4211261,4703970,4277897,10722051,4365652,55557683
10146504,39059363,6673189,7443465,6755246,6278917,4568127,6234287,5534997,5646705,4546927,5616607,4415689,5051574,7513519,5095784,3659599,4683839,5447884,4712203,4709535,4688853,7908746,4699491,4141236,4740859,4211261,4703971,4277898,10722051,4365698,55557725
10146722,39066160,6676254,7443482,6760143,6278917,4569513,6234288,5539015,5646705,4547155,5616607,4415696,5051574,7520108,5095784,3659601,4683839,5450517,4712203,4711273,4688853,7918198,4699491,4141236,4740859,4211264,4703971,4277898,10722051,4365714,55557742
10146941,39073026,6679147,7443491,6764641,6278918,4570927,6234294,5542847,5646706,4547397,5616608,4415718,5051575,7526285,5095784,3659608,4683839,5453258,4712203,4712724,4688853,7926828,4699491,4141236,4740859,4211265,4703971,4277898,10722051,4365766,55557767
10147174,39079783,6682082,7443498,6769327,6278918,4572344,6234295,5546756,5646706,4547649,5616608,4415734,5051575,7532270,5095784,3659611,4683839,5455640,4712203,4714299,4688853,7935061,4699491,4141237,4740859,4211266,4703971,4277899,10722051,4365792,55557853
10147411,39086457,6685057,7443505,6773919,6278918,4573641,6234295,5550817,5646706,4547879,5616608,4415741,5051575,7538398,5095784,3659614,4683840,5458114,4712203,4716506,4688853,7943211,4699491,4141238,4740859,4211267,4703971,4277899,10722051,4365844,55557873
10147624,39093137,6688089,7443527,6778571,6278918,4575101,6234300,5554722,5646706,4548122,5616608,4415748,5051575,7544588,5095784,3659616,4683840,5460652,4712203,4718161,4688853,7951774,4699491,4141238,4740859,4211267,4703971,4277899,10722051,4365877,55557889
10147840,39099954,6691032,7443540,6783331,6278919,4576493,6234301,5558660,5646706,4548360,5616608,4415752,5051575,7550851,5095784,3659620,4683840,5462933,4712203,4720038,4688853,7960626,4699491,4141239,4740859,4211274,4703971,4277899,10722051,4365907,55557903
10148041,39106679,6693782,7443570,6787989,6278923,4577883,6234304,5562422,5646707,4548585,5616608,4415763,5051577,7556954,5095785,3659625,4683840,5466069,4712203,4721953,4688855,7969166,4699492,4141240,4740859,4211276,4703971,4277913,10722051,4365922,55557974
10148281,39113569,6696750,7443574,6792772,6278924,4579368,6234304,5566329,5646707,4548808,5616608,4415777,5051577,7563083,5095785,3659629,4683840,5468435,4712203,4723794,4688855,7978082,4699492,4141240,4740859,4211277,4703971,4277914,10722051,4365940,55557983
10148499,39120373,6699694,7443595,6797477,6278926,4580674,6234304,5570090,5646707,4549078,5616608,4415784,5051577,7568947,5095785,3659636,4683840,5470471,4712203,4725621,4688855,7986263,4699492,4141243,4740859,4211281,4703971,4277917,10722051,4365996,55557991
10148718,39127173,6702368,7443601,6802365,6278927,4582091,6234304,5573872,5646707,4549321,5616608,4415797,5051577,7575285,5095785,3659638,4683840,5472817,4712203,4727105,4688855,7995579,4699492,4141243,4740859,4211281,4703971,4277917,10722051,4366036,55558018
10148922,39133922,6705136,7443633,6807168,6278929,4583523,6234305,5577928,5646709,4549535,5616608,4415805,5051578,7581341,5095785,3659641,4683844,5475991,4712203,4728632,4688856,8004625,4699494,4141244,4740859,4211281,4703977,4277917,10722053,4366060,55558062
10149155,39140783,6708103,7443650,6811892,6278929,4584975,6234305,5581793,5646709,4549757,5616608,4415812,5051578,7587462,5095785,3659647,4683844,5478536,4712203,4730188,4688856,8013274,4699494,4141244,4740859,4211282,4703977,4277917,10722053,4366080,55558068
10149368,39147610,6710967,7443679,6816579,6278929,4586350,6234308,5585655,5646709,4549995,5616608,4415823,5051578,7593707,5095785,3659652,4683844,5481045,4712203,4731893,4688857,8022798,4699494,4141245,4740859,4211282,4703977,4277917,10722053,4366108,55558087
10149613,39154332,6713859,7443686,6821411,6278930,4587748,6234310,5589669,5646710,4550212,5616611,4415838,5051579,7600083,5095785,3659659,4683844,5483850,4712203,4733867,4688859,8031799,4699495,4141245,4740859,4211283,4703978,4277918,10722053,4366131,55558115
10149838,39161245,6716733,7443711,6826145,6278930,4589148,6234319,5593588,5646710,4550415,5616611,4415849,5051579,7606316,5095785,3659670,4683844,5486877,4712203,4735607,4688859,8040503,4699495,4141245,4740859,4211283,4703978,4277919,10722053,4366148,55558134
10150036,39168072,6719450,7443745,6830918,6278930,4590625,6234319,5597379,5646710,4550651,5616611,4415867,5051579,7612321,5095785,3659674,4683844,5489283,4712203,4737395,4688859,8049344,4699495,4141245,4740859,4211285,4703978,4277920,10722053,4366173,55558181
10150234,39174770,6722378,7443773,6835633,6278930,4592062,6234320,5601305,5646716,4550882,5616611,4415874,5051579,7618236,5095785,3659679,4683844,5491852,4712203,4739410,4688861,8057807,4699495,4141245,4740859,4211285,4703978,4277921,10722053,4366229,55558226
10150440,39181677,6725239,7443805,6840241,6278935,4593494,6234321,5605202,5646716,4551107,5616611,4415882,5051579,7624532,5095785,3659684,4683844,5494609,4712203,4740833,4688861,8067141,4699495,4141245,4740859,4211285,4703978,4277921,10722053,4366263,55558250
10150655,39188487,6728033,7443822,6844876,6278941,4594957,6234322,5609100,5646716,4551331,5616614,4415895,5051579,7630412,5095785,3659691,4683845,5497260,4712203,4742574,4688861,8075179,4699495,4141246,4740859,4211286,4703978,4277921,10722053,4366282,55558273
10150865,39195247,6731008,7443850,6849550,6278941,4596412,6234322,5613105,5646716,4551577,5616614,4415906,5051579,7636544,5095785,3659695,4683845,5499692,4712203,4744374,4688861,8084138,4699495,4141246,4740859,4211287,4703978,4277921,10722053,4366288,55558332
10151089,39202110,6734048,7443861,6854314,6278941,4597898,6234322,5616941,5646716,4551799,5616614,4415917,5051579,7642690,5095785,3659697,4683845,5502542,4712203,4746491,4688861,8092969,4699495,4141247,4740859,4211297,4703978,4277921,10722053,4366303,55558364
10151299,39208777,6736825,7443888,6858977,6278942,4599298,6234322,5620594,5646716,4552043,5616619,4415927,5051579,7648695,5095785,3659702,4683845,5505088,4712203,4748426,4688861,8101566,4699495,4141247,4740859,4211298,4703978,4277937,10722053,4366336,55558412
10151508,39215612,6739655,7443914,6863776,6278942,4600778,6234322,5624423,5646716,4552279,5616620,4415928,5051579,7654737,5095785,3659705,4683845,5507370,4712203,4750312,4688861,8110943,4699495,4141249,4740859,4211299,4703978,4277939,10722053,4366361,55558451
10151701,39222472,6742607,7443956,6868369,6278944,4602258,6234324,5628245,5646716,4552560,5616622,4415938,5051579,7660466,5095785,3659711,4683845,5509735,4712203,4752430,4688861,8118888,4699495,4141249,4740859,4211299,4703978,4277941,10722053,4366407,55558486
10151871,39229325,6745580,7444024,6873090,6278944,4603650,6234324,5632203,5646716,4552770,5616622,4415950,5051579,7666696,5095787,3659716,4683845,5512766,4712203,4754383,4688861,8127658,4699495,4141249,4740859,4211299,4703978,4277942,10722053,4366440,55558497
10152087,39236220,6748490,7444043,6877774,6278947,4605026,6234324,5636025,5646716,4553006,5616623,4415966,5051579,7672703,5095787,3659722,4683845,5515203,4712203,4756000,4688861,8136357,4699495,4141249,4740859,4211299,4703978,4277942,10722053,4366475,55558508
10152310,39242922,6751239,7444059,6882314,6278952,4606515,6234324,5639755,5646716,4553236,5616625,4415979,5051580,7678858,5095789,3659724,4683847,5517944,4712203,4757734,4688861,8144269,4699496,4141249,4740859,4211302,4703978,4277942,10722054,4366499,55558556
10152518,39249683,6754216,7444085,6887038,6278952,4607877,6234324,5643625,5646716,4553479,5616625,4415985,5051580,7685192,5095791,3659726,4683847,5520039,4712203,4759669,4688861,8153835,4699496,4141249,4740859,4211303,4703978,4277942,10722054,4366534,55558580
10152734,39256510,6757222,7444109,6891801,6278952,4609334,6234324,5647493,5646716,4553711,5616625,4415992,5051580,7691503,5095791,3659733,4683847,5522816,4712203,4761647,4688861,8163123,4699496,4141249,4740860,4211303,4703978,4277943,10722054,4366565,55558629
10152926,39263323,6760054,7444140,6896603,6278952,4610741,6234324,5651374,5646716,4553958,5616625,4415999,5051580,7697593,5095791,3659735,4683847,5525865,4712203,4763197,4688861,8171021,4699496,4141249,4740860,4211303,4703978,4277944,10722054,4366606,55558645
10153148,39270162,6763049,7444153,6901206,6278953,4612262,6234324,5655269,5646716,4554182,5616625,4416004,5051580,7703902,5095791,3659736,4683847,5528262,4712203,4765052,4688861,8179906,4699496,4141249,4740860,4211304,4703978,4277945,10722054,4366643,55558668
10153344,39276859,6765761,7444176,6905977,6278954,4613618,6234324,5659107,5646716,4554389,5616625,4416023,5051580,7709853,5095791,3659741,4683847,5530734,4712203,4766686,4688861,8187850,4699496,4141249,4740860,4211305,4703978,4277945,10722054,4366670,55558703
10153580,39283544,6768773,7444183,6910563,6278954,4614950,6234324,5662996,5646716,4554619,5616625,4416028,5051580,7715995,5095791,3659750,4683847,5533037,4712203,4768616,4688861,8196921,4699496,4141249,4740860,4211305,4703978,4277945,10722054,4366707,55558737
10153824,39290352,6771760,7444185,6915368,6278956,4616362,6234324,5666895,5646716,4554876,5616625,4416038,5051580,7722018,5095791,3659756,4683847,5535426,4712203,4770447,4688861,8205248,4699496,4141249,4740860,4211306,4703978,4277945,10722054,4366730,55558766
10154036,39297280,6774549,7444206,6920163,6278959,4617844,6234327,5670758,5646716,4555127,5616625,4416048,5051580,7727742,5095791,3659759,4683847,5538395,4712207,4772267,4688861,8213341,4699496,4141249,4740860,4211306,4703978,4277945,10722054,4366750,55558787
10154255,39304208,6777577,7444225,6924854,6278959,4619292,6234327,5674524,5646716,4555358,5616625,4416061,5051580,7733671,5095791,3659763,4683847,5540893,4712207,4774043,4688861,8221626,4699496,4141251,4740860,4211317,4703978,4277945,10722054,4366779,55558838
10154464,39310949,6780439,7444248,6929451,6278963,4620687,6234327,5678402,5646716,4555598,5616625,4416066,5051580,7739915,5095793,3659764,4683847,5543585,4712207,4775801,4688861,8230759,4699497,4141252,4740861,4211317,4703982,4277960,10722054,4366810,55558865
10154705,39317828,6783233,7444260,6934122,6278963,4622078,6234328,5682261,5646716,4555812,5616626,4416079,5051580,7745966,5095793,3659770,4683847,5546088,4712207,4777480,4688861,8239933,4699497,4141259,4740861,4211321,4703982,4277966,10722054,4366840,55558884
10154929,39324561,6786322,7444274,6938811,6278963,4623493,6234328,5686180,5646716,4556047,5616626,4416088,5051581,7752384,5095793,3659777,4683847,5548805,4712207,4779126,4688862,8249035,4699497,4141259,4740861,4211321,4703982,4277966,10722055,4366851,55558907
10155134,39331388,6789205,7444299,6943563,6278963,4624921,6234328,5690002,5646716,4556317,5616626,4416091,5051581,7758207,5095793,3659779,4683847,5551287,4712207,4780896,4688862,8257307,4699497,4141260,4740861,4211321,4703982,4277969,10722055,4366868,55558945
10155360,39338149,6792122,7444309,6948104,6278963,4626389,6234328,5693915,5646717,4556591,5616626,4416097,5051581,7764377,5095793,3659781,4683847,5554149,4712207,4782925,4688862,8266219,4699497,4141260,4740861,4211321,4703982,4277970,10722055,4366881,55558961
10155570,39344889,6795195,7444322,6952878,6278964,4627851,6234328,5697762,5646719,4556813,5616626,4416115,5051581,7770624,5095793,3659789,4683847,5556613,4712207,4784625,4688862,8275591,4699497,4141262,4740861,4211321,4703982,4277970,10722055,4366916,55558981
10155800,39351692,6798013,7444333,6957543,6278967,4629297,6234328,5701788,5646719,4557070,5616626,4416121,5051581,7776978,5095793,3659793,4683847,5558911,4712207,4786365,4688862,8284138,4699497,4141262,4740861,4211323,4703982,4277970,10722055,4366946,55558997
10156030,39358639,6800998,7444342,6962160,6278968,4630699,6234328,5705554,5646719,4557308,5616626,4416129,5051581,7783000,5095793,3659796,4683847,5561552,4712207,4788141,4688862,8292571,4699497,4141263,4740861,4211325,4703982,4277970,10722055,4366981,55559011
10156246,39365531,6803908,7444365,6967050,6278968,4632158,6234329,5709375,5646719,4557549,5616626,4416137,5051581,7789076,5095793,3659796,4683848,5563826,4712207,4789906,4688862,8300952,4699497,4141263,4740861,4211325,4703982,4277970,10722055,4366999,55559053
10156470,39372309,6806877,7444374,6971787,6278970,4633549,6234330,5713248,5646719,4557768,5616626,4416147,5051581,7795244,5095794,3659800,4683848,5566328,4712207,4791875,4688862,8309604,4699497,4141263,4740861,4211326,4703982,4277971,10722055,4367034,55559085
10156690,39379012,6809884,7444393,6976400,6278972,4635013,6234331,5717171,5646720,4558000,5616626,4416158,5051581,7801554,5095794,3659803,4683848,5568911,4712207,4793358,4688862,8318820,4699497,4141263,4740863,4211326,4703983,4277971,10722055,4367049,55559134
10156908,39385842,6812810,7444416,6981148,6278972,4636477,6234331,5721146,5646720,4558232,5616626,4416187,5051581,7807872,5095794,3659806,4683848,5571385,4712207,4795179,4688862,8327259,4699497,4141263,4740863,4211326,4703983,4277971,10722055,4367078,55559163
10157127,39392515,6815750,7444437,6985932,6278972,4637853,6234331,5724959,5646721,4558483,5616626,4416198,5051581,7814121,5095794,3659810,4683848,5573804,4712207,4796989,4688862,8337005,4699497,4141263,4740863,4211326,4703983,4277971,10722055,4367099,55559179
10157333,39399413,6818542,7444467,6990730,6278973,4639288,6234331,5728923,5646722,4558696,5616626,4416206,5051581,7820136,5095794,3659812,4683848,5576724,4712207,4798637,4688862,8345525,4699497,4141263,4740863,4211326,4703983,4277971,10722055,4367112,55559203