137106888,702964767,245196905,173426145,294588893,193046321,193646925,173377674,260391370,190076490,208091929,189032575,155597608,175436620,278189971,171096446,168357354,151793020,189676370,146268297,172961061,172165569,250759496,161729404,121668833,142963971,144851914,141622213,127354784,322571045,124680029,767436757
137107641,703036684,245243983,173426344,294644542,193046542,193669516,173377685,260442671,190076490,208103581,189032707,155598698,175436750,278289258,171096446,168357900,151793052,189706796,146268435,172991335,172165739,250848179,161729534,121669226,142963975,144853786,141622243,127357038,322571101,124687739,767439848
137108303,703107620,245292621,173426541,294706830,193046766,193695320,173377687,260499031,190076490,208116286,189032835,155599604,175436876,278393980,171096448,168358401,151793054,189741565,146268565,173024177,172165885,250944991,161729676,121669493,142963979,144854225,141622257,127357205,322571109,124689070,767443979
137109007,703179791,245342828,173426674,294769136,193046947,193721188,173377707,260556949,190076494,208128736,189032985,155600294,175437004,278503422,171096448,168358933,151793062,189778895,146268700,173058848,172166033,251046047,161729816,121669710,142963983,144854537,141622273,127357583,322571113,124690639,767447881
137109740,703252124,245392449,173426810,294831441,193047321,193746697,173377711,260615944,190076498,208141308,189033118,155601144,175437134,278613984,171096450,168359439,151793068,189818014,146268830,173092710,172166177,251148528,161729952,121669944,142963987,144854832,141622291,127357832,322571124,124691812,767451966
137110427,703324086,245443353,173426985,294892970,193047723,193771948,173377721,260673301,190076498,208153824,189033248,155602021,175437264,278718631,171096450,168359980,151793074,189854364,146268964,173129264,172166327,251245074,161730086,121670181,142963987,144855090,141622319,127358224,322571136,124693226,767456203
137111115,703393780,245491022,173427262,294954118,193048231,193797227,173377802,260731909,190076513,208164962,189033507,155602707,175437437,278825180,171096485,168360527,151793096,189893259,146269152,173162200,172166533,251343422,161730243,121670417,142964063,144855342,141622391,127358418,322571323,124694211,767460267
137111772,703465417,245540815,173427390,295016257,193048389,193823453,173378780,260790040,190076519,208177450,189033779,155603741,175437576,278931336,171096485,168361055,151793126,189931015,146269282,173197588,172166677,251441416,161730381,121670572,142964071,144855571,141622413,127358574,322571329,124695608,767464514
137112534,703537186,245589312,173427530,295079970,193048525,193850376,173379150,260849045,190076545,208189544,189033908,155604846,175437855,279038655,171096489,168361572,151793208,189968422,146269416,173230894,172166825,251540320,161730526,121670734,142964073,144855822,141622441,127358728,322571339,124696974,767468631
137113233,703608388,245639740,173427662,295142174,193048987,193875882,173379970,260909567,190076547,208201955,189034040,155605709,175438126,279148437,171096489,168362063,151793212,190008886,146269546,173266381,172166971,251641948,161730654,121670853,142964073,144856039,141622462,127358859,322571347,124698359,767472918
137113936,703681011,245689553,173427808,295205527,193049121,193902128,173380134,260968471,190076547,208215118,189034172,155606183,175438318,279261867,171096637,168362598,151793217,190046871,146269676,173300296,172167111,251747454,161730792,121671000,142964073,144856311,141622496,127358969,322571359,124699086,767476986
137114594,703752607,245736939,173427964,295266279,193049475,193926938,173381000,261026424,190076646,208226988,189034353,155607072,175438452,279365743,171096821,168363116,151793221,190084955,146269808,173332481,172167257,251842763,161730922,121671177,142964081,144856603,141622520,127359073,322571367,124700370,767481281
137115301,703824411,245786883,173428100,295328295,193050087,193952546,173381952,261084661,190076648,208239782,189034482,155607704,175438586,279471904,171097024,168363643,151793225,190122780,146269938,173367491,172167401,251940703,161731064,121671328,142964091,144856852,141622546,127359231,322571377,124701316,767485405
137116005,703895554,245838294,173428245,295390139,193050213,193977969,173382112,261143183,190076656,208251626,189034616,155608837,175438714,279575316,171097206,168364182,151793237,190160716,146270072,173404341,172167553,252035226,161731204,121671491,142964093,144857110,141622582,127359331,322571417,124702844,767489776
137116670,703966956,245888223,173428375,295451901,193050481,194003681,173382930,261201339,190076663,208263711,189034742,155609743,175438842,279681896,171097400,168364738,151793239,190198229,146270204,173439635,172167697,252133149,161731338,121671636,142964093,144857356,141622612,127359438,322571429,124704384,767494204
137117325,704039358,245939373,173428516,295514553,193050667,194029920,173383282,261260306,190076668,208276764,189034898,155610692,175438972,279787203,171097594,168365256,151793245,190236779,146270338,173475866,172167841,252229619,161731472,121671812,142964095,144857779,141622652,127359591,322571453,124705607,767498401
137118067,704110309,245988330,173428811,295576697,193050873,194055658,173383718,261319165,190076881,208288843,189035171,155611624,175439435,279897645,171097688,168365753,151793285,190275329,146270536,173509826,172168074,252332537,161731761,121672023,142964123,144858185,141622713,127359897,322571528,124706723,767502441
137118769,704182285,246038846,173428943,295639337,193051005,194081397,173384006,261376874,190076889,208300739,189035306,155612578,175439567,280003190,171097688,168366307,151793309,190312127,146270668,173545061,172168246,252430271,161732061,121672200,142964129,144858435,141622715,127360084,322571564,124707671,767506709
137119511,704254260,246087446,173429085,295701306,193051499,194106818,173384990,261432585,190076899,208313354,189035440,155613573,175439713,280105656,171097690,168366820,151793339,190346654,146270818,173578763,172168400,252523942,161732280,121672363,142964241,144858746,141622721,127360302,322571622,124709215,767511028
137120201,704325832,246135200,173429219,295764098,193051635,194132771,173385288,261491409,190076925,208325611,189035572,155614441,175439845,280213474,171097690,168367358,151793347,190384836,146270952,173612098,172168546,252623900,161732408,121672499,142964441,144859017,141622725,127360408,322571648,124710353,767515194
137120888,704397246,246182588,173429370,295827219,193051767,194159282,173385576,261553540,190076947,208337687,189035702,155615535,175439989,280320890,171097696,168367929,151793359,190426475,146271084,173644087,172168699,252723421,161732550,121672676,142964593,144859319,141622807,127360536,322571684,124711876,767519385
137121728,704469136,246232163,173429500,295890008,193051873,194184975,173385832,261611616,190076947,208350039,189035834,155616390,175440131,280429226,171097696,168368426,151793359,190463801,146271216,173678590,172168843,252824248,161732678,121672821,142964593,144859580,141622987,127360641,322571708,124712784,767523695
137122445,704541048,246281308,173429641,295952222,193052255,194210330,173386784,261669540,190076947,208362167,189035962,155617473,175440263,280541180,171097698,168368897,151793363,190501124,146271354,173713098,172169008,252928275,161732820,121672967,142964599,144859805,141623171,127360830,322571738,124714030,767527879
137123174,704613106,246331511,173429777,296015227,193052389,194236528,173387060,261729813,190076949,208373983,189036096,155618286,175440395,280647494,171097700,168369425,151793371,190541103,146271490,173747787,172169170,253026283,161732966,121673107,142964602,144860053,141623386,127361002,322571778,124715062,767532004
137123858,704685150,246380000,173429919,296077257,193052773,194262034,173388012,261790841,190076951,208386449,189036226,155619403,175440525,280756209,171097702,168369935,151793375,190582414,146271622,173781536,172169313,253127079,161733100,121673268,142964604,144860318,141623472,127361144,322571922,124716534,767536274
137124524,704756885,246431163,173430129,296141052,193052931,194288758,173388388,261848674,190076957,208398837,189036360,155620230,175440660,280864357,171097702,168370449,151793379,190618991,146271752,173818188,172169461,253227427,161733230,121673425,142964604,144860570,141623476,127361279,322571968,124717524,767540455
137125199,704828100,246480042,173430322,296202673,193053266,194314419,173388650,261906522,190077865,208411121,189036544,155621216,175440947,280967997,171097730,168370982,151793406,190656644,146271922,173851457,172169650,253322681,161733383,121673602,142964645,144860811,141623515,127361402,322572030,124719076,767544654
137125964,704900028,246527592,173430514,296266102,193053416,194341196,173388692,261967120,190078151,208422660,189036728,155622474,175441093,281074280,171097762,168371538,151793500,190696608,146272056,173884100,172169795,253420715,161733531,121673740,142964651,144861057,141623519,127361583,322572132,124720177,767548864
137126651,704971454,246576865,173430780,296328504,193053692,194367285,173388806,262026873,190078345,208434640,189038059,155623141,175441232,281176506,171097772,168372053,151793552,190735688,146272190,173918572,172169942,253515366,161733672,121673888,142964653,144861348,141623523,127361722,322572240,124720881,767553162
137127327,705043077,246627113,173430923,296391853,193053822,194393259,173388810,262085054,190078539,208447372,189038411,155623917,175441359,281284623,171097778,168372588,151793558,190772518,146272320,173954003,172170084,253616094,161733804,121674067,142964653,144861626,141623529,127361848,322572276,124721348,767557405
137127998,705114226,246678960,173431065,296453701,193053936,194419069,173388812,262143458,190078641,208459234,189038757,155624582,175441492,281386281,171097786,168373100,151793562,190810717,146272456,173991361,172170232,253709362,161733938,121674232,142964657,144862007,141623533,127362178,322572312,124722269,767561815
137128692,705186099,246727869,173431325,296516445,193054336,194444601,173388816,262199928,190078641,208471904,189039731,155625253,175441782,281494796,171097800,168373603,151793562,190846657,146272588,174024529,172170378,253810331,161734078,121674367,142964657,144862314,141623535,127362403,322572348,124722999,767565838
137129425,705257449,246777393,173431468,296579043,193054470,194471117,173388824,262258626,190078643,208483765,189040085,155626292,175441948,281599425,171098015,168374130,151793656,190884445,146272722,174059850,172170527,253906353,161734220,121674491,142964665,144862590,141623539,127362612,322572386,124724029,767570106
137130122,705329009,246828464,173431612,296640502,193054938,194496281,173388830,262316287,190078643,208496074,189041116,155627324,175442076,281703912,171098211,168374637,151793656,190921330,146272854,174096558,172170672,254002638,161734358,121674625,142964669,144862812,141623541,127362776,322572426,124725333,767574473
137130823,705401257,246877945,173431751,296702066,193055062,194521314,173388834,262375006,190078643,208508105,189041620,155628523,175442207,281804827,171098464,168375113,151793658,190959920,146272986,174130769,172170814,254095021,161734486,121674776,142964673,144863082,141623547,127362906,322572466,124726593,767578710
137131508,705473268,246927310,173431899,296764605,193055350,194546981,173388838,262433984,190078651,208520828,189042260,155629621,175442343,281910346,171098658,168375662,151793662,190997977,146273122,174165523,172170964,254192543,161734626,121674914,142964677,144863369,141623549,127363038,322572500,124727564,767582981
137132210,705543778,246975746,173432057,296825373,193055508,194571939,173388862,262490904,190078819,208532809,189043294,155630448,175442617,282016430,171099019,168376178,151793926,191034774,146273424,174198516,172171328,254290888,161735117,121675054,142964701,144863741,141623577,127363281,322572573,124728601,767586976
137132903,705615945,247026905,173432194,296888009,193055926,194597963,173388868,262549338,190078825,208545243,189043424,155631420,175442745,282126252,171099717,168376816,151794018,191072461,146273726,174234831,172171470,254392376,161735255,121675182,142964711,144864002,141623581,127363437,322572609,124729989,767591113
137133579,705687341,247076230,173432334,296950650,193056060,194623854,173388874,262610064,190078825,208557158,189043552,155632441,175442875,282230233,171099949,168377339,151794020,191112429,146273863,174269927,172171612,254488719,161735394,121675309,142964914,144864228,141623583,127363606,322572649,124731028,767595462
137134272,705759433,247126834,173432472,297013559,193056500,194649818,173388878,262670166,190078827,208569616,189043688,155633361,175443009,282336630,171100755,168377891,151794026,191152297,146273995,174305805,172171761,254586891,161735524,121675432,142965130,144864467,141623603,127363753,322572687,124732110,767599719
137134917,705830237,247174666,173432614,297075573,193056684,194675079,173388882,262727532,190078833,208581748,189043820,155634228,175443137,282438454,171101135,168378436,151794040,191188610,146274127,174338875,172171905,254680801,161735652,121675594,142965342,144864710,141623605,127363862,322572729,124733135,767603995
137135613,705901782,247224727,173432754,297137612,193056794,194700689,173388884,262784987,190078833,208593863,189043948,155635273,175443265,282545549,171101479,168378922,151794050,191225187,146274265,174374668,172172047,254779878,161735782,121675736,142965530,144864958,141623609,127363964,322572767,124734172,767608361
137136342,705973157,247277035,173432902,297199636,193056962,194726062,173388902,262843535,190078839,208606323,189044078,155636475,175443399,282645334,171101741,168379503,151794072,191263075,146274406,174412263,172172189,254871581,161735920,121675914,142965732,144865218,141623621,127364130,322572833,124735480,767612661
137137043,706045446,247325422,173433042,297262128,193057098,194751722,173388906,262902419,190078841,208618959,189044210,155637205,175443529,282754317,171102027,168380090,151794083,191301988,146274624,174445294,172172330,254972748,161736056,121676083,142965912,144865455,141623631,127364270,322572895,124736568,767616818
137137771,706117105,247374380,173433178,297323909,193057550,194777544,173388910,262960612,190078841,208631276,189044342,155637861,175443660,282852309,171102029,168380650,151794085,191339799,146275373,174480239,172172476,255062317,161736184,121676269,142965912,144865718,141623647,127364379,322573132,124737212,767621225
137138461,706188161,247424624,173433394,297386895,193057687,194803708,173388928,263019561,190078862,208643053,189044641,155638712,175443808,282958228,171102047,168381171,151794099,191377471,146275635,174515930,172172648,255160288,161736323,121676437,142965942,144866084,141623666,127364656,322573300,124738334,767625556
137139131,706260120,247472959,173433806,297448985,193057807,194829172,173389146,263077526,190079065,208655167,189044895,155639650,175443957,283067379,171102063,168381742,151794127,191415432,146275962,174549512,172173045,255261973,161736527,121676626,142966028,144866347,141623804,127364781,322573381,124739550,767629707
137140044,706332190,247522791,173433964,297511540,193057819,194854727,173389284,263135088,190079265,208667649,189045029,155640641,175444093,283176398,171102067,168382259,151794199,191451941,146276134,174583397,172173527,255363216,161736687,121676790,142966038,144866595,141623812,127364973,322573451,124740732,767633850
137140713,706403967,247572733,173434112,297572646,193057825,194880210,173389396,263193932,190079441,208680483,189045157,155641336,175444221,283274254,171102067,168382764,151794201,191491182,146276264,174618732,172173777,255453089,161736928,121676935,142966048,144866837,141623812,127365268,322573488,124741601,767638265
137141499,706476715,247623958,173434252,297635776,193057829,194906220,173389670,263252363,190079643,208692992,189045287,155642302,175444351,283384288,171102067,168383306,151794207,191528645,146276412,174654802,172173921,255555663,161737459,121677059,142966054,144867072,141623820,127365414,322573528,124742375,767642456
137142166,706549052,247674279,173434400,297698616,193057843,194932353,173389806,263312286,190079831,208705583,189045417,155642886,175444479,283492085,171102241,168383846,151794211,191568452,146276547,174690070,172174071,255655191,161737589,121677204,142966065,144867323,141623820,127365536,322573568,124743280,767646701
137142889,706621296,247724138,173434557,297760927,193057855,194958214,173390128,263369215,190080451,208718105,189045557,155643576,175444610,283601587,171102413,168384377,151794213,191604375,146276687,174725225,172174240,255756411,161737729,121677374,142966069,144867717,141623826,127365650,322573612,124744305,767651028
137143586,706693289,247774002,173434696,297823300,193057863,194984057,173390270,263428354,190080669,208730462,189045690,155644597,175444738,283706478,171102611,168384880,151794219,191642983,146276837,174760172,172174382,255853581,161737865,121677517,142966073,144868011,141623826,127365804,322573648,124745168,767655368
137144265,706765360,247824035,173434849,297886277,193057867,195010113,173390654,263485631,190081375,208742549,189045823,155645525,175444864,283807378,171102815,168385431,151794291,191679265,146276979,174795783,172174522,255946039,161737995,121677781,142966073,144868236,141623828,127365956,322573678,124746201,767659719
137145019,706837555,247873717,173434994,297948702,193057874,195035855,173390785,263542803,190081778,208755210,189045954,155646544,175444996,283913349,171103007,168385967,151794295,191715591,146277114,174830191,172174666,256044388,161738123,121677938,142966073,144868475,141623834,127366140,322573706,124747293,767663967
137145735,706908596,247922811,173435429,298011482,193057922,195061687,173391020,263600587,190081951,208767676,189046108,155647445,175445179,284023963,171103215,168386522,151794345,191752250,146277288,174864981,172174856,256147042,161738291,121678105,142966115,144868734,141623870,127366310,322573765,124748289,767668255
137146480,706980352,247972827,173435565,298073827,193057926,195087636,173391132,263660099,190082269,208780488,189046234,155648101,175445462,284132883,171103215,168387021,151794347,191790763,146277420,174899474,172174998,256248144,161738427,121678253,142966119,144868980,141623872,127366468,322573795,124749067,767672511
137147235,707051591,248022308,173435707,298136372,193057932,195113783,173391484,263717654,190082899,208792455,189046366,155648875,175445765,284243058,171103217,168387540,151794351,191827836,146277559,174933935,172175139,256351058,161738567,121678408,142966121,144869203,141623874,127366598,322573831,124750137,767676639
137147898,707123589,248071614,173435847,298199056,193057936,195139885,173391620,263777474,190083129,208804483,189046504,155650141,175446054,284346620,171103217,168388051,151794355,191866981,146277691,174968722,172175279,256446416,161738693,121678558,142966121,144869420,141623874,127366711,322573869,124751064,767680961
137148752,707190845,248117906,173435991,298257628,193057946,195164365,173391752,263829941,190083431,208815727,189046658,155651363,175446283,284445758,171103317,168388710,151794389,191900503,146277865,175000716,172175424,256537957,161738827,121678898,142966123,144869759,141623884,127366897,322573915,124752050,767684773