956568,796667,5250979,230538,6115657,169836,1560781,176699,3930425,187542,1467368,177854,314714,141370,7204779,143206,131806,224321,2467193,155909,1548522,191208,7961426,163239,144811,143087,240922,143603,149934,172651,167119,772795
956779,797121,5251810,230652,6116140,169844,1560805,176706,3930432,187546,1467920,177855,315063,141372,7204783,143206,131868,224620,2467325,155946,1548738,191358,7961571,163301,144853,143097,241207,143634,150003,172651,167121,772867
956989,797337,5252899,230794,6116816,169860,1560841,176708,3930434,187554,1468679,177856,315564,141372,7204783,143206,131868,225126,2467328,156006,1548796,191478,7961865,163380,144888,143122,241569,143659,150069,172651,167123,772915
957218,797580,5253969,230949,6117511,169867,1560876,176711,3930441,187556,1469437,177856,316052,141374,7204789,143208,131869,225423,2467330,156049,1548822,191731,7962076,163447,144941,143174,242051,143687,150120,172651,167126,772947
957441,797923,5255126,231075,6118223,169878,1560915,176714,3930443,187561,1470212,177860,316563,141374,7204793,143208,131871,225583,2467331,156080,1548846,191970,7962280,163515,144993,143192,242416,143711,150197,172651,167126,772954
957633,798212,5256214,231200,6118915,169889,1560939,176716,3930445,187566,1471043,177862,317030,141374,7204793,143208,131872,225777,2467331,156126,1548878,192156,7962442,163591,145040,143203,242876,143737,150263,172651,167128,772976
957829,798377,5257259,231334,6119585,169896,1560969,176717,3930452,187571,1471792,177865,317665,141376,7204794,143208,131874,226295,2467337,156168,1548893,192227,7962958,163665,145103,143216,243215,143768,150316,172652,167132,772994
958037,798674,5258385,231465,6120335,169908,1561008,176723,3930453,187576,1472708,177867,318292,141376,7204795,143208,131875,227012,2467338,156206,1548931,192406,7963206,163720,145155,143227,243718,143801,150392,172652,167135,773010
958240,798973,5259464,231616,6121047,169926,1561047,176728,3930459,187584,1473634,177868,318839,141376,7204795,143208,131886,227162,2467338,156242,1548958,192615,7963376,163780,145200,143238,244153,143826,150441,172652,167139,773014
958451,799307,5260637,231772,6121744,169939,1561093,176731,3930459,187591,1474668,177868,319449,141378,7204796,143208,131889,227584,2467338,156281,1548983,192759,7963587,163843,145258,143264,244784,143865,150497,172652,167142,773032
958679,799589,5261701,231898,6122508,169948,1561132,176740,3930461,187595,1475491,177869,319992,141378,7204796,143209,131892,228046,2467340,156322,1549044,193015,7963885,163904,145295,143305,245204,143901,150566,172652,167144,773052
958902,799890,5262797,232040,6123272,169956,1561167,176750,3930464,187602,1476335,177874,320509,141379,7204796,143209,131893,228321,2467340,156364,1549065,193294,7964148,163963,145347,143343,245812,143921,150627,172652,167144,773065
959103,800142,5263857,232179,6124038,169975,1561208,176761,3930467,187609,1477155,177877,321007,141382,7204799,143209,131896,228594,2467342,156407,1549124,193493,7964404,164045,145393,143379,246252,143955,150693,172652,167146,773090
959306,800545,5264964,232316,6124768,169989,1561243,176763,3930471,187616,1477916,177880,321574,141382,7204801,143209,131897,229138,2467342,156440,1549180,193765,7964682,164124,145448,143426,246662,143975,150758,172652,167147,773113
959511,800896,5266007,232477,6125486,170001,1561288,176764,3930479,187625,1478658,177884,322097,141384,7204801,143211,131898,229555,2467343,156480,1549207,193938,7964880,164201,145504,143454,247017,143998,150819,172652,167149,773123
959728,801242,5267089,232636,6126255,170010,1561332,176768,3930481,187629,1479419,177886,322682,141388,7204802,143214,131901,229918,2467343,156543,1549222,194065,7965133,164252,145565,143481,247425,144032,150895,172652,167150,773139
959954,801551,5268127,232781,6126948,170029,1561373,176776,3930487,187633,1480090,177888,323280,141391,7204803,143214,131903,230330,2467346,156582,1549256,194174,7965462,164317,145608,143496,247876,144058,150967,172653,167151,773170
960179,801784,5269231,232928,6127640,170032,1561417,176778,3930493,187637,1480841,177895,323770,141391,7204803,143214,131904,230497,2467347,156624,1549299,194368,7965803,164401,145658,143511,248251,144087,151026,172653,167155,773183
960392,802093,5270329,233069,6128413,170038,1561463,176783,3930498,187643,1481633,177897,324321,141391,7204805,143215,131906,230847,2467360,156661,1549334,194505,7966021,164462,145721,143524,248558,144111,151092,172653,167161,773196
960593,802318,5271486,233205,6129176,170054,1561513,176789,3930504,187644,1482386,177898,324942,141396,7204805,143215,131907,231113,2467365,156709,1549368,194670,7966229,164520,145775,143538,249171,144142,151151,172653,167162,773213
960795,802584,5272563,233334,6129931,170082,1561561,176793,3930514,187650,1483193,177900,325544,141396,7204809,143215,131911,231535,2467366,156743,1549416,194853,7966471,164588,145822,143549,249628,144171,151216,172653,167167,773225
961022,803009,5273596,233452,6130593,170095,1561607,176797,3930517,187658,1483896,177901,326062,141396,7204811,143215,131911,231753,2467370,156796,1549474,194952,7966699,164639,145874,143563,250006,144193,151282,172653,167168,773242
961229,803261,5274692,233591,6131241,170113,1561659,176806,3930518,187659,1484792,177902,326505,141397,7204811,143215,131912,231951,2467372,156832,1549522,195191,7966886,164696,145945,143572,250526,144204,151338,172653,167169,773252
961441,803418,5275753,233703,6131977,170126,1561707,176812,3930519,187661,1485591,177903,327176,141397,7204812,143215,131915,232231,2467373,156870,1549567,195397,7967095,164776,145997,143584,250825,144230,151406,172653,167174,773259
961633,803798,5276841,233844,6132698,170143,1561754,176814,3930522,187667,1486397,177905,327707,141397,7204812,143215,131916,232673,2467373,156906,1549609,195563,7967286,164846,146046,143600,251207,144264,151465,172653,167177,773268
961854,804026,5277935,233986,6133374,170152,1561786,176822,3930531,187674,1487232,177905,328144,141398,7204812,143215,131917,232934,2467375,156953,1549646,195683,7967442,164910,146092,143609,251605,144298,151530,172653,167179,773278
962080,804321,5279028,234158,6134068,170163,1561834,176828,3930531,187684,1488062,177909,328627,141398,7204813,143217,131917,233184,2467375,156994,1549676,195792,7967729,164973,146143,143627,251990,144333,151606,172653,167179,773293
962309,804656,5280060,234287,6134806,170173,1561882,176829,3930535,187689,1488902,177913,329328,141399,7204813,143217,131922,233493,2467375,157033,1549719,195960,7967901,165035,146191,143638,252413,144368,151650,172653,167183,773299
962530,804950,5281195,234415,6135588,170178,1561924,176834,3930536,187695,1489645,177914,329853,141400,7204814,143217,131922,233729,2467376,157062,1549740,196069,7968145,165114,146248,143650,252831,144398,151719,172653,167183,773312
962738,805301,5282242,234554,6136344,170186,1561973,176839,3930541,187700,1490432,177915,330355,141400,7204814,143217,131924,233954,2467378,157099,1549759,196202,7968321,165197,146309,143661,253236,144425,151787,172653,167183,773318
962973,805529,5283397,234698,6136966,170193,1562006,176840,3930544,187708,1491264,177919,330820,141400,7204816,143218,131924,234280,2467381,157148,1549791,196354,7968610,165267,146354,143675,253650,144442,151853,172653,167187,773329
963205,805808,5284539,234841,6137639,170204,1562037,176844,3930548,187714,1492160,177923,331379,141402,7204818,143219,131924,234714,2467382,157193,1549800,196554,7968778,165336,146402,143689,254076,144467,151915,172653,167187,773344
963436,806176,5285673,234994,6138458,170211,1562069,176848,3930550,187716,1492851,177926,331930,141403,7204818,143219,131928,234947,2467383,157233,1549802,196716,7968964,165405,146462,143699,254569,144496,151985,172653,167188,773361
963651,806479,5286750,235153,6139150,170222,1562098,176855,3930552,187719,1493589,177927,332521,141407,7204818,143219,131936,235355,2467385,157278,1549843,196838,7969235,165474,146509,143711,255177,144532,152043,172653,167188,773382
963885,806733,5287788,235285,6139916,170230,1562134,176860,3930554,187721,1494282,177934,333163,141408,7204820,143219,131937,235796,2467385,157322,1549855,196989,7969536,165538,146557,143722,255572,144572,152101,172653,167188,773402
964096,807009,5288861,235438,6140612,170241,1562183,176863,3930557,187721,1495142,177936,333755,141408,7204821,143220,131937,236011,2467386,157369,1549906,197100,7969849,165610,146604,143733,256070,144611,152157,172653,167192,773411
964296,807313,5289845,235591,6141320,170255,1562222,176865,3930560,187733,1495866,177942,334307,141408,7204821,143221,131941,236407,2467389,157414,1549915,197265,7970097,165677,146646,143743,256339,144644,152211,172654,167196,773448
964525,807568,5291000,235736,6142040,170265,1562261,176870,3930563,187739,1496678,177945,334806,141408,7204821,143221,131942,236676,2467390,157454,1549940,197441,7970448,165737,146698,143753,256991,144674,152266,172654,167196,773458
964722,807832,5292121,235868,6142864,170277,1562326,176875,3930565,187744,1497480,177947,335393,141409,7204821,143221,131942,236933,2467390,157497,1549979,197549,7970638,165796,146757,143763,257377,144697,152324,172654,167197,773471
964937,808046,5293219,236018,6143639,170290,1562378,176882,3930570,187745,1498177,177949,335950,141410,7204821,143222,131944,237246,2467391,157530,1550034,197731,7970915,165853,146805,143777,257864,144722,152389,172655,167197,773486
965166,808286,5294357,236151,6144372,170298,1562407,176886,3930576,187748,1498968,177952,336561,141410,7204822,143222,131946,237504,2467391,157565,1550056,197831,7971227,165919,146851,143783,258380,144756,152440,172655,167198,773496
965396,808666,5295441,236283,6145048,170309,1562449,176893,3930580,187755,1499790,177953,337061,141415,7204822,143222,131947,237944,2467391,157614,1550098,198014,7971425,165981,146906,143795,258842,144785,152491,172655,167198,773509
965618,808975,5296633,236405,6145763,170330,1562491,176898,3930581,187759,1500602,177960,337631,141417,7204823,143222,131953,238204,2467392,157663,1550124,198121,7971670,166053,146957,143803,259399,144811,152554,172655,167198,773528
965850,809262,5297766,236548,6146451,170338,1562541,176901,3930583,187766,1501438,177962,338224,141417,7204823,143222,131955,238539,2467393,157705,1550163,198297,7971930,166108,147008,143812,259785,144847,152621,172655,167200,773541
966090,809586,5298895,236683,6147135,170341,1562581,176905,3930590,187773,1502195,177966,338808,141417,7204824,143222,131959,239098,2467394,157735,1550196,198402,7972140,166175,147048,143822,260269,144884,152685,172656,167200,773553
966323,809811,5300008,236809,6147981,170352,1562627,176913,3930592,187780,1503024,177972,339544,141417,7204824,143222,131961,239483,2467400,157769,1550250,198530,7972347,166240,147096,143833,260848,144908,152754,172656,167204,773562
966544,810063,5301012,236947,6148610,170359,1562662,176918,3930596,187785,1503933,177974,340046,141417,7204825,143222,131962,239857,2467400,157805,1550273,198634,7972562,166305,147150,143844,261348,144950,152802,172657,167204,773571
966778,810383,5302062,237097,6149330,170368,1562704,176921,3930596,187794,1504789,177976,340570,141425,7204830,143222,131962,240154,2467405,157835,1550294,198833,7972778,166375,147201,143863,261723,144986,152867,172657,167205,773586
966983,810638,5303142,237223,6150076,170381,1562757,176926,3930600,187799,1505520,177980,341185,141426,7204830,143222,131966,240509,2467407,157869,1550344,198977,7973054,166437,147251,143877,262072,145025,152950,172657,167205,773600
967199,810956,5304275,237349,6150817,170390,1562806,176931,3930601,187803,1506243,177980,341698,141426,7204830,143222,131966,240866,2467408,157904,1550372,199161,7973258,166504,147304,143885,262452,145045,152999,172657,167205,773615
967438,811146,5305379,237481,6151520,170401,1562845,176932,3930601,187808,1507021,177983,342201,141427,7204831,143222,131966,241131,2467408,157947,1550411,199271,7973452,166568,147356,143897,262769,145075,153049,172658,167206,773623
967661,811389,5306481,237610,6152266,170413,1562907,176934,3930607,187812,1507965,177987,342689,141428,7204835,143222,131969,241329,2467408,158003,1550446,199546,7973673,166644,147402,143910,263244,145094,153107,172658,167206,773637
967881,811623,5307605,237756,6153047,170418,1562949,176940,3930608,187815,1508896,177988,343297,141428,7204835,143222,131970,241670,2467408,158051,1550477,199709,7973955,166717,147460,143926,263617,145118,153180,172658,167207,773652
968114,811823,5308752,237890,6153807,170421,1562990,176948,3930608,187815,1509669,177994,343843,141429,7204837,143223,131970,242020,2467409,158093,1550518,199797,7974250,166772,147504,143942,264020,145151,153261,172658,167208,773665
968349,812144,5309873,238018,6154579,170436,1563044,176950,3930609,187821,1510621,177996,344432,141430,7204840,143224,131972,242379,2467410,158130,1550539,199882,7974507,166828,147558,143949,264666,145185,153309,172658,167208,773686
968565,812455,5311003,238174,6155310,170441,1563085,176963,3930611,187824,1511514,178000,345044,141430,7204841,143224,131976,243132,2467413,158154,1550560,200064,7974714,166885,147615,143961,265053,145213,153368,172658,167209,773698
968768,812747,5312060,238307,6156023,170462,1563118,176973,3930615,187827,1512304,178000,345584,141430,7204843,143226,131982,243483,2467415,158194,1550586,200226,7974887,166952,147665,143969,265520,145241,153429,172659,167209,773724
968966,813008,5313215,238465,6156739,170471,1563175,176979,3930616,187832,1513143,178000,346039,141430,7204844,143226,131983,243738,2467418,158242,1550599,200513,7975104,167018,147716,143981,266050,145267,153497,172659,167209,773741
969174,813347,5314371,238596,6157494,170482,1563210,176981,3930616,187837,1513885,178004,346584,141431,7204844,143227,131983,244240,2467418,158286,1550610,200613,7975402,167090,147764,144000,266446,145294,153567,172659,167209,773760
969403,813788,5315458,238712,6158176,170491,1563226,176982,3930618,187841,1514646,178010,347101,141431,7204849,143227,131985,244977,2467420,158321,1550631,200776,7975644,167148,147808,144015,266912,145329,153632,172659,167209,773771