1031135,118117004,73350673,31905,62551662,31959,3862119,207018,4311304,100102,82278882,0,114394644,4904,531216,141880,9500998,58062816,13826793,270592,56838609,66384321,58332973,15157,318643,37113690,66903275,275888,1597533,274464,382947,279747929
5394472,85541010,89513004,9078,71924882,207680,5466431,128201,7372544,192358,90512655,67254,83222229,24558,4836751,72583,1746647,58699474,2487807,174389,24063363,70181780,65266801,2008,199773,44054395,70330992,189115,226290,124038,166793,44962056
618896,88685304,89778146,21086,72199821,58468,3757678,219726,1970992,219325,85029929,0,132143581,2490,2074897,118567,357031,52693624,3064799,140329,32484094,85168965,64547571,9734,189178,50868859,84585565,161560,151221,0,80603,33727130
2015250,99399892,92473537,17623,71804294,15122,16210249,113813,1831001,188537,87860943,1969,86649047,2838,1294312,100773,316814,48232173,698535,179903,14445369,90899803,60638986,9853,202286,39130043,75143077,182190,213052,15807,437211,14341843
2931924,92018889,89748499,9431,69768308,22531,13570106,216016,1600727,125533,89260329,13871,84869551,19246,2956767,95933,369094,50982225,649419,174062,11766108,73004468,61519164,326383,233007,37448005,82118227,133182,1703822,39327,252245,21260737
11258835,78204951,84523132,710496,69889699,5953406,3614667,985884,2031871,191630,79380763,3091,84312848,1273895,160469,113437,734493,64235911,642917,12924392,14680533,66434616,84867532,897624,3070503,55857961,69841519,1195987,3133931,0,1411569,52054357
3581937,95060806,87690277,25759,73081795,5270,2935905,108341,2001587,173425,87445110,0,86861212,19128,31077427,107645,55873,74202803,1984949,169009,13775680,71104947,61491447,0,177932,37606274,79211737,212514,178621,0,38000,32249320
1285609,95092583,89485949,20557,71912692,22569,5122928,135695,2067294,192378,84171715,3172,85071369,0,92401,113260,524515,46702386,14720572,213560,15853138,83668671,57458285,2582,245615,37828742,80883481,170920,216450,0,546645,20586480
1229999,100377795,90062462,12067,73560874,14744,7066316,161892,7092438,168695,88009607,0,88847568,22684,99238,27453,184923,60107966,842698,173499,14383383,71673004,59701988,0,273796,44619315,82139941,149523,162667,0,83703,34607967
422141,90463846,90445068,9118,76865138,30807,19564217,187860,1945864,227437,86393263,66901,86723930,0,48202,82066,1599945,61608947,7335309,184718,30185553,86652956,60577648,3418,175541,49504750,76089948,140642,212025,0,75865,29173197
473705,93530027,89968620,13749,75313733,0,4136620,177673,1908726,203605,88983657,1128,86114814,7115,9347190,40653,452210,56631438,697305,189704,14597287,91348022,64044447,31631,199112,49665248,81531049,145590,184490,8229,94325,26562670
15217219,84700393,90285497,11474,75061907,44701,4287561,285562,2074642,506512,89136337,179137,86091690,683685,5839832,281539,156350,54656798,2680598,452110,27983374,75668180,65647683,20480,158347,50547159,80140001,147651,162139,28451,71794,36031117
686244,103631810,89753223,53644,73334632,1950,16676948,142021,1991378,183828,85642296,9775,88520638,21290,22613330,37779,4803921,63456045,876012,196445,18653313,93241190,64579858,0,204699,49475221,77642402,190145,182290,0,791348,49369045
780303,97982135,88665573,15761,72810005,21460,6281128,140960,2892078,193986,85523286,157336,90827630,77140,211282,53591,140121,60067485,5188384,138944,15185650,73396992,55199150,6632,203355,46563489,74698461,138044,226626,0,218637,10155436
10767200,100623386,91771037,18370,75512580,0,3922008,105033,1798320,132024,85520454,6742,86618734,252357,4090322,49387,48537,54497170,1060400,430232,13957494,72906757,63825107,7201,186008,45267923,76021780,249594,226972,0,32677,32127213
5581228,99368956,96134555,1897670,72831488,6380834,16925217,1616977,1992489,1629791,86351951,793298,88973068,525069,16219807,837350,795395,63193856,2790864,303899,18115164,69585233,80487782,2941590,6938700,36903818,78445135,1899025,1069556,13616,340667,62870253
604585,84769025,93195419,16198,71307575,24867,5292882,151824,2068130,155458,84963429,2012,84265841,2140,839819,488915,154515,51072776,686034,212134,16197667,77101228,71986150,14116,182434,38217064,75583155,157798,154280,0,315912,23018940
784664,95160664,91326823,11500,77827855,6563,3324117,169166,1617519,106103,85773377,0,86256414,15400,1818755,85562,2736375,54007753,724532,157696,15004357,69018298,64871074,12423,259764,37495961,64026360,262495,260530,0,1031266,20437022
1749714,84921480,90810152,27600,95841175,0,6289026,164065,1803388,184219,85950866,17142,85019099,27505,22658799,349974,1688981,55269123,828091,197627,21264015,74170075,65424706,5251,258310,36022554,86730542,304746,279219,0,316754,49715575
598306,85968625,88846011,6134,74020577,13383,7586764,103303,2389096,183317,89236328,0,87283102,0,700096,113973,3028985,61973986,183094,207034,19132245,80394678,63216478,11252,731104,36059593,80743500,189591,493186,0,222016,12055433
1453477,108968694,87829013,0,88406164,165506,8394587,166307,2139330,141522,82299754,0,84011426,2815,12359155,134256,2288084,51554741,1098460,245585,17939881,61616066,80873483,93212,199689,37457904,69029721,181248,206341,21657,399335,24909549
4438745,89012288,86905038,52266,69494219,0,6750028,198241,1995988,90466,84812637,0,82727573,3758,13122211,78670,1458770,51499882,328444,234526,25398911,90645883,87386846,1208,151544,36804744,86800921,176720,195904,0,318031,25578964
1272318,80543279,89319118,15169,71971314,7322,5082985,220734,10161031,65510,90061413,3335,86487898,0,1329875,0,1512954,58802424,1159072,204441,16151699,79100074,59687374,18965,192347,38578456,68325617,142096,243849,0,299740,13383933
2784666,96329125,87513599,28418,73233552,19279,4570742,117346,1812008,201515,83998862,3791,83847267,0,269993,48994,1735453,54278318,489208,192217,11221161,76945580,56644323,44600,215044,35194347,105368684,196823,263597,0,192020,51182158
865733,84585314,90371901,17348,72708446,14334,11042147,151402,1893012,226454,89420353,4759,82441062,0,3565076,104240,1915637,53566139,500451,149589,19705760,68896476,59746512,13443,198416,44072354,76200754,186477,199061,7052,296683,10069614
1956298,99950767,86557060,1539615,70608613,762333,17658519,8291184,1588337,1599919,93410826,807352,80492483,323621,879974,898120,1499546,50544229,620860,2943262,10487546,65371375,66194272,2440438,146325,46108476,101393940,4884926,217606,33246,370629,27942544
5973310,99662601,89720113,42916,73120758,111794,7208227,167492,2112628,166926,87528656,32206,88910525,5662,88018,56596,1605797,57265574,1456205,238437,18887134,78395267,58489842,56126,191779,40119970,81516080,141848,173560,0,272562,42022892
1186810,89737839,90689862,16925,75346925,10908,4145593,106444,1918360,241326,86489756,243690,85491882,5501,1668908,40564,1662537,49373016,8415062,184979,16370774,64808454,66755849,19212,201468,38115622,79924742,164808,195666,31796,279090,31697068
9756227,102345332,88169280,41110,76056218,0,5950724,144592,2195416,160329,83459073,0,88859890,29335,65904,44381,1945070,50822652,315056,169339,14240117,74068273,60520776,31262,254855,38708454,78751620,146241,211175,0,392829,18371342
800867,85011658,89706705,17424,67053699,0,34222685,193580,1964989,183875,90587128,27766,82976616,5018,1819199,43691,2124453,53959323,1469632,162295,27782366,73135235,70820103,62949,183209,40162591,77664146,178221,170335,0,338748,27567408
910333,89737350,88000004,53021,68673555,12284,3267265,202074,1712665,140873,89558506,118961,85780561,0,10485068,27179,2334406,59982290,2002638,143461,12955221,80197151,60433565,16076,197816,38441073,75317431,173336,164356,0,348257,14136487
265906,100124080,92363726,17177,78443754,8363,5114542,171137,2965664,108507,83382848,307548,86078967,65701,129387,263862,2049843,49221860,589210,131637,20117193,78295462,60531779,31429,150273,37676719,79859077,114053,214273,0,95775,21003481
551609,87449493,90059843,13704,72984312,3176,8071115,189889,1494937,108795,85005761,0,89247854,266749,51698,45903,1999495,66443218,1109212,223976,16693158,67816558,62434340,62796,158550,37584637,88741168,194527,162454,0,189713,21670457
882809,82488438,88394792,17422,73792347,11214,7544671,177287,2028437,120661,83588562,0,89295771,36599,1260820,909353,2029504,60712975,157188,186715,22083537,75608511,69904330,25776,175134,38249344,82932589,200180,213366,0,87867,8221763
568100,89256652,89195569,35928,70978899,2104,4882072,105749,1786599,119459,86974168,5613,85546757,0,3945002,771920,2704045,47725107,170357,166720,16779810,69529724,69996218,25208,256201,42033882,78491490,151375,127357,0,147336,37078466
10497753,98044219,86022697,3179817,71421040,850795,16343847,1873359,2026988,868778,85866732,1520065,109170983,0,540548,617963,2880049,76132824,514938,4247046,26979401,77435364,62992072,879823,1096216,40073908,67791616,2701479,827542,427608,835772,51000591
412734,84256484,92108374,16593,73133679,26465,4247554,203783,1896315,210220,88132841,4243,84266400,242298,0,51195,2128444,50736642,1031450,231425,32943666,77691876,70767183,11852,158860,37047043,89392062,132652,165939,0,341267,24294110
1225269,80563145,89510793,8333,77965861,22406,6927327,110023,1832029,329822,85375476,0,87832151,3878,1384181,40358,2209801,52519914,7874720,260283,9529038,68264215,60327431,71625,186583,37137104,76970386,151419,257144,0,902345,15898661
347094,88038274,89244996,31331,75139118,35801,6283494,169463,1852489,249679,85804612,8872,86856040,8330,961273,149789,2256773,55576661,151282,198700,17189150,73616912,67514940,2811,198818,38005099,80493906,169670,152352,148247,172742,41812541
446119,88271050,89926988,37473,74318737,98687,4922020,173775,1644003,193799,84249895,10941,87833891,31864,22943,65042,3015829,55259603,553712,171102,20957884,67826879,66715102,17541,424948,36951443,83577869,128117,205512,256091,287086,30042760
479822,100097045,89476843,20019,71674855,48068,5397477,171398,1861654,315221,85570967,5903,84255318,181508,294434,271304,2776727,60781298,652909,201347,14333253,77409126,62336072,7227,217976,38468102,76622559,111713,157813,0,168474,13654378
568071,90154068,91023136,7807,71110103,36451,4138568,150053,2028578,227033,86768186,82323,84436338,9533,2345512,466708,2369765,53741867,4439959,196761,43383174,71500917,62423988,0,170103,37683217,83743937,157838,222251,41170,127033,16524873
564270,92850898,91768250,22958,73356499,24235,5608625,159966,2167105,193092,85403222,48275,86418915,0,141517,65560,2586451,57170886,479411,169275,15451501,74911805,69070297,56009,154068,37905247,79918429,186051,214805,347472,131128,25510325
694303,98083371,91557196,13079,69697508,20179,7221415,172452,2066074,149639,86495239,10281,83738761,26821,18640,102604,2414935,68738738,77581,173944,29641713,67033490,63358736,60406,158948,38839562,78139288,149544,233458,320027,163976,21184646
691984,88359374,89007072,19664,75487827,8752,6083950,195290,1681502,194253,87935519,9387,92542928,6312,386398,19492,2683470,58150740,313331,153845,14464267,66785466,60433725,11814,157656,36691232,80018272,147599,168573,331446,135802,45507695
8707490,90211401,84336517,4066141,68619028,1133082,5452027,251667,3373977,3874511,84807849,1256105,102391926,17014,253267,84441,15846305,76131894,1878216,190798,16434336,84160872,58522964,24741,1132499,50162645,85803522,1526703,188064,519274,249018,41275527
1000895,93497830,87709679,6454,75780632,70631,5402753,610210,1945247,235635,86576319,228975,86933935,45014,69181,254984,2590114,55376496,463824,160654,16185271,83747746,66132008,0,207904,36630717,75984205,125824,137001,279520,180432,28268186
531156,91777721,91834599,32305,73103397,444515,6042820,597711,15757323,787444,83979198,50700,86866420,48237,5078,135907,2602744,59062538,267264,141478,16843938,71641354,63889900,5486,191217,39407832,73986415,141533,191708,165131,130535,34280199
1999754,94372110,87922469,4015,77269806,97364,17467927,498538,1803363,296119,84435234,22525,85245820,64515,817855,19348,2650134,57437096,1623224,163280,40882234,72723404,56640124,7298,382212,37552575,70857598,148995,234935,196610,198640,32388241
479813,79079105,90423932,6786,71901415,95578,20972558,183598,1724612,215451,87781921,129699,84374917,0,1779819,15088,2811591,57854931,1272147,154541,49009291,69256900,60469462,47175,140715,37740578,75831168,144837,194303,293737,186003,31071724
618689,78133005,89983886,17650,72055279,63957,7580168,132819,1756891,220956,89295966,9269,87289203,15931,387845,13554,3858576,51060886,3190789,199657,17198448,91395354,66981372,7206,167733,36889686,78618583,210244,186670,228971,619072,45707428
839091,89986126,89621651,9541,74625939,31961,4248183,239115,16607100,152909,88348809,96177,88909578,52650,314901,287018,46612,56135184,283756,216694,28539821,75855067,65797319,19690,187524,38479553,72790203,210108,172376,289312,140203,37387479
1517572,81371518,91724234,22268,74353187,0,14291965,183571,1593240,211054,84808334,4352,85168563,11497,6891845,119875,12995,56669491,140424,186146,18214173,68820104,66140797,13249,207315,36900840,75809193,140438,176638,479012,284254,23373255
476456,94016938,90203773,7366,75780091,4662,6080779,155640,1797521,134952,88510513,4311,84638887,60231,2437554,34080,1299029,51688650,107287,176921,12759626,58362683,64275038,12034,210344,37675479,89797552,156061,1154990,314514,345608,24463725
16277415,99625315,88338824,37992,71146806,0,5119880,157497,6052129,108182,88955048,2526,88346657,0,1572740,167926,398526,66502052,414767,145851,14773644,81353098,61366150,4661,175796,39294836,82000868,246093,158655,160433,111380,46070151
2043118,90007615,87572350,1736040,73179187,2538367,19323329,6804561,1934261,441607,92234694,3133,106406122,284203,18886044,77066,1618821,67058447,349158,9394940,18507851,77291206,59651061,565953,576110,39996146,81881844,1737055,868888,245679,519846,59395600
2447286,82055596,91760017,0,72542215,6285,3456642,134371,1620266,85437,88400630,0,84322454,6510,15423834,78010,213160,55220897,237417,256725,13593534,92216464,59900173,13295,236280,38116552,74385306,282236,172884,126292,380022,24772801
461422,92007828,91650929,8201,76195332,2833,4029876,93073,2013965,115737,84845408,0,87224397,0,15569,27625,27225,60346549,1552376,150411,11712578,63166803,71746492,4642,202474,37822036,80862231,199720,200152,0,261648,20761093
2757716,106431202,88509611,3366,72767071,4326,3435144,197651,1727825,176375,85774805,8824,85534815,4893,601151,116068,96647,64735882,553148,207962,13312291,75501673,61084804,10606,174565,38945870,73826011,153771,199107,0,172072,29660615
