201,100,80,78,100,76,117,112,186,78,86,109,108,88,136,91,130,112,115,66,143,105,126,95,93,77,89,103,98,98,93,1155
159,114,101,98,79,106,81,89,140,74,122,134,141,122,120,111,105,115,131,109,148,108,117,130,137,115,92,131,140,99,124,2205
123,89,124,94,77,101,126,84,98,90,104,90,126,67,156,83,149,85,119,64,120,87,110,98,150,94,127,88,162,95,109,1720
129,110,100,106,130,71,119,70,85,83,127,96,100,77,139,77,167,98,142,87,133,86,112,78,120,67,441,57,146,88,103,2056
103,87,90,114,134,93,152,131,95,75,79,86,82,115,99,102,89,109,77,75,101,105,90,67,92,96,61,99,91,115,94,2043
133,131,129,100,149,108,124,88,99,64,119,104,94,67,77,66,113,110,116,60,100,79,112,71,142,69,89,86,109,99,85,2067
112,103,133,80,103,80,117,122,93,89,133,116,122,67,148,82,128,94,95,97,102,99,108,93,84,66,93,71,129,106,109,2089
117,83,132,92,86,48,171,90,86,75,157,107,97,105,167,79,113,83,70,77,128,80,117,81,115,93,95,66,121,70,95,2006
103,103,95,62,91,78,100,72,131,75,105,78,139,99,95,98,86,89,108,52,82,106,94,72,104,79,90,76,99,57,56,2039
72,109,108,88,75,93,78,106,101,82,121,105,116,101,139,101,98,109,94,118,135,97,88,76,117,112,120,102,86,92,68,2316
110,111,69,114,127,95,106,79,116,110,74,110,146,78,115,111,86,60,110,52,102,101,140,60,136,113,98,97,110,126,114,2057
108,126,95,118,113,77,105,90,59,76,78,85,95,78,89,100,86,98,112,72,99,155,107,109,96,103,140,103,170,69,135,2094
84,103,135,105,113,86,127,116,110,74,149,102,64,80,116,92,117,103,141,89,103,104,112,97,137,108,83,92,121,94,101,2132
114,99,145,91,116,58,129,82,135,76,78,95,90,61,92,76,116,71,75,70,84,99,65,58,100,75,120,51,98,62,69,2320
118,99,77,97,103,77,136,87,62,69,135,77,79,92,76,89,90,75,95,68,119,68,72,67,115,81,119,58,110,68,86,2094
110,101,74,91,84,61,132,99,68,80,80,120,93,85,102,92,88,86,89,93,92,86,73,81,101,73,153,72,79,60,102,2167
103,109,123,92,103,72,107,107,107,79,122,103,71,69,82,101,119,78,96,78,89,78,103,81,83,91,86,74,84,56,70,2038
93,87,78,111,66,76,112,95,86,103,143,101,88,68,129,106,100,117,50,73,101,78,117,81,100,103,134,84,86,69,104,2346
101,109,123,101,62,87,121,106,107,77,141,90,102,59,138,82,93,89,98,71,63,94,61,83,75,56,152,62,80,77,130,2143
110,80,95,89,118,73,100,86,85,63,83,95,86,65,98,77,73,64,110,74,133,97,92,83,133,53,76,81,117,92,73,2430
114,99,102,72,103,71,98,91,113,87,107,80,106,66,92,86,99,89,90,59,87,91,136,87,95,84,55,72,63,91,86,2242
109,98,88,86,74,78,94,111,138,78,124,100,75,67,112,68,82,123,101,70,148,81,98,85,103,97,150,53,70,76,75,2346
104,77,128,102,111,84,166,102,71,52,105,100,138,61,102,79,71,78,85,78,110,111,112,66,204,78,122,65,77,85,59,2154
74,86,97,53,103,72,116,87,99,77,94,75,85,62,73,71,113,80,93,68,73,101,83,62,108,75,170,74,103,74,127,2181
137,95,47,74,62,60,89,94,89,59,149,91,76,80,113,72,129,76,83,88,92,81,66,81,115,80,45,75,95,84,91,2338
128,95,151,103,61,67,81,79,57,74,80,89,97,59,103,85,72,85,154,65,87,98,45,103,75,98,124,81,119,75,58,2357
111,82,117,74,97,67,150,91,92,84,88,94,87,74,39,104,94,102,80,96,77,116,97,75,72,98,77,73,86,81,144,2512
55,90,77,104,74,60,81,85,105,67,112,99,98,83,127,99,84,98,104,56,152,78,138,77,147,81,58,75,95,72,98,2240
108,117,148,103,73,74,124,99,62,105,92,86,80,83,69,97,78,83,99,72,94,76,114,63,81,81,130,57,115,83,114,2216
81,91,118,84,80,80,80,97,77,49,124,81,140,60,92,78,125,70,95,88,106,90,118,85,124,100,142,86,134,61,106,2121
113,108,99,113,99,77,115,74,156,82,94,94,88,72,105,69,107,75,117,93,104,92,125,85,98,108,54,68,98,92,96,2523
95,75,107,80,68,85,69,79,140,78,94,85,126,75,147,110,83,85,81,73,95,72,82,91,89,91,99,55,134,71,48,2244
121,83,92,72,60,76,108,89,121,94,99,91,139,64,90,95,111,92,96,61,145,75,83,47,103,84,94,72,126,93,100,2014
96,86,45,82,47,53,64,115,70,88,120,118,102,71,163,101,105,109,112,67,179,99,74,41,63,69,135,69,97,61,138,2102
97,94,126,80,115,87,94,117,99,71,78,81,109,71,117,87,120,76,105,81,88,89,100,78,104,81,60,58,92,77,125,2366
82,104,59,82,104,75,142,95,103,84,90,95,82,101,163,95,121,84,85,55,103,81,78,56,117,77,54,70,101,98,66,2266
119,96,74,108,42,74,75,105,99,105,113,84,97,69,160,84,131,77,112,74,74,83,112,95,89,108,99,45,84,77,108,2231
142,78,117,79,111,67,105,88,100,51,111,77,88,60,101,71,85,93,83,55,119,87,104,94,76,56,103,69,71,88,105,2125
127,102,121,86,85,84,86,62,123,70,92,107,129,81,113,96,102,104,78,84,73,81,94,68,118,86,105,45,126,77,65,2321
115,103,84,74,117,47,100,99,123,78,60,85,149,58,121,111,112,74,44,81,67,99,79,88,119,80,111,74,116,65,106,2339
102,108,120,82,101,90,85,80,89,72,130,109,81,61,121,102,107,89,85,65,118,97,89,74,178,65,86,68,87,64,92,2247
176,105,134,98,133,67,108,84,70,99,118,112,131,83,95,101,72,90,74,83,95,97,110,83,126,75,124,69,62,75,64,2525
129,100,55,69,97,71,83,106,65,80,113,128,76,89,187,83,84,84,101,85,74,95,103,86,60,72,168,69,88,80,87,2232
150,89,66,107,62,54,60,79,76,75,81,108,90,86,128,99,151,124,61,74,87,102,142,78,157,80,89,68,87,71,104,2065
139,97,138,101,106,72,115,91,104,60,102,87,71,72,114,88,147,111,76,78,134,97,107,64,85,90,86,82,76,96,97,2065
146,76,97,79,110,103,106,85,109,88,85,105,126,80,75,62,88,70,111,67,88,103,108,69,76,106,60,97,66,82,113,2006
137,100,93,111,82,74,99,115,115,93,108,94,76,82,100,113,117,85,100,68,100,90,81,84,95,101,92,74,121,139,131,2305
174,91,121,89,117,70,127,73,131,66,97,74,74,76,79,92,123,98,94,80,106,79,69,58,92,65,74,71,136,54,119,2123
105,89,97,93,88,62,110,110,63,77,100,125,95,58,69,80,95,85,53,78,120,94,65,99,84,76,121,68,105,73,104,2058
75,104,89,97,78,56,74,96,128,79,81,104,78,69,104,58,91,105,142,107,108,130,111,97,73,87,94,75,63,93,99,2448
63,125,62,91,89,90,103,113,131,99,118,80,89,100,144,77,39,84,96,71,190,99,140,82,186,96,55,55,81,110,145,2227
184,98,86,91,98,62,103,91,81,85,89,107,69,91,101,118,125,119,100,71,159,85,99,85,133,92,43,65,96,104,121,2240
138,88,90,109,111,79,65,79,151,73,69,87,87,82,89,112,111,86,119,69,101,103,110,57,120,105,55,79,140,109,77,2540
121,95,90,87,77,93,96,106,84,94,82,92,64,72,96,100,133,58,77,57,101,95,109,66,160,97,139,73,128,66,117,2248
133,81,59,101,91,72,91,81,133,85,64,77,120,74,125,78,140,68,67,72,67,114,106,87,79,64,78,64,134,96,82,2309
135,83,107,90,66,86,84,105,97,65,85,89,69,76,141,89,99,103,94,52,78,70,72,85,145,76,115,75,66,75,58,2244
100,79,82,77,59,65,103,105,84,80,70,71,98,58,144,66,80,80,103,66,103,92,147,78,141,67,62,72,80,95,121,2348
112,94,84,78,117,89,86,95,113,85,55,95,65,82,71,89,105,103,91,79,107,101,79,92,118,127,80,67,77,75,169,2024
110,108,88,110,87,82,150,62,78,71,62,58,85,55,74,61,157,71,125,57,119,93,64,73,125,110,111,60,122,85,131,2113
