1108455,2338810,6117846,309278,6518606,181364,1591446,185632,3943134,196269,2608537,185874,1290767,148198,7214906,150663,142425,538284,2480228,190369,1576654,346861,8182372,233045,179609,160998,604157,200500,190153,179618,176218,840163
1108606,2338931,6117892,309355,6518664,181391,1591483,185650,3943149,196284,2608552,185890,1290795,148211,7214926,150707,142475,538304,2480252,190388,1576674,346882,8182417,233058,179645,161023,604177,200511,190165,179644,176233,840242
1108702,2339049,6117953,309390,6518742,181430,1591515,185697,3943166,196308,2608567,185915,1290808,148244,7214961,150745,142509,538335,2480285,190419,1576685,346896,8182441,233086,179671,161051,604209,200526,190182,179686,176255,840371
1108813,2339129,6118002,309440,6518823,181487,1591536,185732,3943204,196330,2608586,185934,1290823,148272,7214975,150784,142518,538374,2480301,190444,1576696,346924,8182467,233095,179693,161062,604228,200547,190212,179714,176307,840469
1108937,2339222,6118027,309482,6518863,181543,1591568,185776,3943241,196365,2608617,185961,1290845,148305,7215003,150828,142531,538407,2480316,190458,1576722,346955,8182486,233107,179711,161071,604255,200560,190233,179729,176336,840555
1109089,2339311,6118051,309507,6518893,181552,1591588,185794,3943265,196371,2608638,185988,1290878,148363,7215012,150840,142545,538466,2480326,190477,1576749,346970,8182500,233114,179739,161115,604273,200597,190251,179750,176377,840605
1109268,2339412,6118067,309527,6518917,181557,1591607,185798,3943281,196399,2608650,186008,1290891,148397,7215020,150884,142563,538489,2480353,190516,1576761,347016,8182516,233143,179752,161154,604309,200604,190336,179755,176430,840640
1109404,2339524,6118094,309587,6518947,181573,1591685,185811,3943303,196410,2608671,186013,1290907,148423,7215045,150921,142583,538532,2480397,190534,1576780,347048,8182530,233146,179767,161205,604328,200625,190359,179777,176446,840923
1109514,2339637,6118174,309615,6518958,181584,1591706,185821,3943338,196428,2608694,186033,1290918,148472,7215063,150928,142641,538558,2480423,190543,1576808,347086,8182565,233182,179785,161248,604375,200651,190386,179791,176462,840948
1109646,2339715,6118206,309717,6518988,181620,1591728,185832,3943360,196447,2608710,186090,1290932,148492,7215085,150944,142664,538562,2480454,190554,1576823,347098,8182578,233193,179791,161315,604389,200689,190410,179798,176496,841004
1109820,2339791,6118252,309800,6519027,181691,1591755,185837,3943378,196451,2608736,186106,1290956,148533,7215133,150956,142696,538574,2480472,190587,1576845,347102,8182611,233196,179808,161330,604403,200701,190461,179843,176529,841049
1109911,2339866,6118369,309818,6519066,181720,1591798,185856,3943388,196452,2608760,186145,1290960,148544,7215156,150965,142708,538647,2480485,190587,1576886,347107,8182633,233208,179830,161347,604434,200720,190519,179880,176540,841970
1110052,2339940,6118431,309885,6519135,181793,1591815,185898,3943429,196468,2608774,186164,1291015,148554,7215178,151000,142734,538692,2480508,190634,1576910,347109,8182644,233215,179863,161352,604453,200725,190554,179889,176551,841993
1110154,2339985,6118496,309949,6519199,181818,1591849,185939,3943483,196475,2608804,186182,1291047,148606,7215198,151038,142756,538706,2480539,190671,1576936,347122,8182658,233265,179889,161356,604484,200728,190573,179892,176574,842021
1110268,2340046,6118559,309993,6519249,181839,1591862,185965,3943515,196506,2608830,186212,1291069,148644,7215220,151063,142797,538723,2480561,190690,1576968,347139,8182670,233300,179909,161365,604507,200781,190586,179902,176620,842074
1110432,2340119,6118599,310058,6519269,181874,1591885,185982,3943548,196512,2608857,186261,1291089,148692,7215234,151085,142814,538761,2480578,190776,1577003,347145,8182694,233317,179934,161370,604522,200802,190602,179938,176637,842084
1110585,2340226,6118616,310089,6519301,181878,1591919,186016,3943577,196540,2608867,186265,1291120,148711,7215268,151114,142839,538804,2480602,190846,1577023,347149,8182711,233327,179952,161373,604538,200806,190614,180015,176671,842101
1110726,2340312,6118652,310113,6519363,181894,1591944,186036,3943598,196549,2608897,186269,1291136,148723,7215289,151139,142886,538833,2480617,190871,1577060,347171,8182730,233338,179964,161427,604578,200823,190646,180065,176683,842214
1110851,2340428,6118683,310147,6519443,181919,1591971,186062,3943629,196572,2608923,186279,1291151,148724,7215314,151194,142911,538845,2480635,190907,1577084,347184,8182742,233353,179997,161490,604610,200868,190675,180106,176707,842248
1111035,2340503,6118722,310203,6519467,181958,1592029,186083,3943656,196583,2608971,186284,1291181,148749,7215338,151216,142923,538872,2480666,190943,1577104,347209,8182781,233362,180008,161557,604643,200886,190680,180150,176737,842284
1111196,2340585,6118786,310309,6519500,181984,1592067,186097,3943697,196605,2608978,186318,1291193,148767,7215371,151226,142953,538894,2480685,190968,1577148,347212,8182826,233372,180026,161561,604660,200937,190712,180163,176745,842749
1111331,2340694,6118815,310375,6519533,182001,1592098,186116,3943735,196620,2609005,186331,1291207,148821,7215392,151272,142969,538908,2480704,190987,1577163,347248,8182849,233405,180062,161563,604687,200938,190723,180205,176773,842782
1111508,2340793,6118837,310394,6519549,182035,1592137,186139,3943746,196646,2609040,186337,1291233,148910,7215428,151318,142997,538932,2480739,191003,1577193,347264,8182882,233424,180086,161612,604718,200957,190742,180208,176792,842806
1111656,2340917,6118858,310426,6519618,182067,1592152,186153,3943754,196675,2609059,186365,1291245,148916,7215456,151382,143020,538949,2480797,191031,1577202,347282,8182893,233452,180097,161655,604728,200988,190775,180227,176806,842874
1111810,2341002,6118888,310455,6519657,182089,1592175,186188,3943769,196732,2609079,186409,1291251,148951,7215478,151440,143041,538981,2480829,191058,1577230,347308,8182936,233471,180128,161687,604750,201005,190790,180240,176823,842938
1111931,2341060,6118929,310524,6519719,182138,1592194,186221,3943782,196740,2609093,186416,1291263,148958,7215505,151444,143060,539028,2480858,191093,1577288,347318,8182975,233483,180145,161773,604771,201052,190820,180300,176858,842960
1112019,2341106,6118982,310657,6519753,182163,1592218,186283,3943792,196776,2609100,186424,1291297,148969,7215533,151450,143070,539071,2480885,191100,1577317,347328,8183002,233497,180192,161827,604814,201068,190833,180344,176872,842999
1112175,2341181,6119034,310702,6519840,182221,1592256,186312,3943829,196801,2609122,186462,1291319,148996,7215540,151478,143096,539086,2480893,191138,1577332,347338,8183047,233513,180205,161831,604842,201080,190865,180399,176908,843028
1112296,2341247,6119105,310767,6519863,182244,1592274,186337,3943851,196813,2609197,186533,1291365,149012,7215555,151484,143128,539103,2480899,191174,1577343,347373,8183058,233524,180211,161855,604844,201105,190889,180459,176918,843074
1112455,2341317,6119146,310833,6519987,182278,1592289,186354,3943862,196831,2609204,186540,1291391,149018,7215577,151515,143144,539137,2480938,191183,1577368,347383,8183106,233571,180233,161873,604859,201117,190909,180501,176940,843141
1112614,2341381,6119198,310857,6520055,182324,1592312,186368,3943874,196870,2609206,186559,1291400,149043,7215588,151555,143149,539161,2480976,191249,1577391,347405,8183132,233585,180265,161932,604876,201137,190926,180520,176987,843175
1112747,2341524,6119260,310888,6520112,182345,1592336,186390,3943902,196943,2609218,186583,1291426,149063,7215610,151561,143162,539212,2480993,191263,1577402,347422,8183158,233630,180321,161954,604901,201142,190943,180530,177000,843192
1112852,2341630,6119299,310897,6520172,182375,1592362,186431,3943959,197031,2609235,186597,1291464,149085,7215642,151573,143195,539217,2481029,191270,1577448,347446,8183190,233637,180333,161960,604911,201169,190985,180558,177015,843217
1113000,2341707,6119323,310942,6520229,182450,1592383,186441,3944004,197044,2609252,186621,1291513,149151,7215669,151634,143209,539250,2481045,191283,1577506,347464,8183203,233655,180362,161970,604915,201197,191015,180563,177033,843251
1113150,2341794,6119364,310995,6520249,182486,1592418,186450,3944035,197107,2609260,186638,1291555,149183,7215703,151675,143245,539308,2481069,191303,1577516,347494,8183227,233689,180403,161976,604937,201208,191029,180591,177044,843291
1113301,2341866,6119402,311036,6520267,182509,1592429,186458,3944042,197117,2609267,186649,1291574,149237,7215714,151705,143280,539339,2481142,191320,1577536,347517,8183240,233735,180438,162037,604986,201219,191066,180630,177065,843344
1113458,2341961,6119442,311089,6520290,182566,1592439,186470,3944053,197157,2609278,186701,1291585,149261,7215741,151741,143317,539422,2481159,191340,1577560,347528,8183276,233792,180474,162039,605013,201227,191082,180644,177108,843372
1113612,2342069,6119476,311129,6520351,182577,1592451,186490,3944067,197167,2609287,186716,1291611,149296,7215761,151790,143324,539474,2481168,191395,1577591,347542,8183312,233846,180498,162070,605043,201272,191103,180656,177125,843457
1113737,2342146,6119509,311196,6520401,182641,1592484,186539,3944083,197176,2609315,186799,1291627,149307,7215773,151828,143355,539507,2481182,191428,1577643,347563,8183329,233871,180521,162097,605058,201283,191120,180666,177147,843498
1113858,2342256,6119532,311251,6520437,182688,1592506,186579,3944105,197212,2609330,186902,1291638,149352,7215791,151832,143383,539517,2481199,191436,1577657,347632,8183338,233877,180532,162144,605132,201285,191128,180676,177151,843549
1114026,2342325,6119577,311313,6520464,182697,1592517,186603,3944112,197258,2609333,186938,1291642,149435,7215807,151856,143396,539537,2481217,191454,1577692,347676,8183359,233897,180559,162170,605143,201326,191140,180717,177210,843601
1114191,2342403,6119643,311380,6520505,182706,1592521,186618,3944128,197271,2609341,186946,1291648,149466,7215822,151913,143410,539553,2481235,191475,1577705,347729,8183377,233973,180622,162170,605159,201331,191159,180758,177269,843629
1114375,2342514,6119696,311420,6520547,182752,1592536,186640,3944146,197283,2609352,186951,1291675,149476,7215862,151928,143429,539599,2481255,191483,1577714,347777,8183392,233983,180634,162242,605181,201343,191182,180795,177279,843684
1114511,2342589,6119733,311493,6520570,182771,1592551,186661,3944168,197299,2609371,186985,1291706,149486,7215892,151940,143457,539619,2481293,191485,1577756,347815,8183437,234032,180649,162316,605200,201351,191187,180812,177303,843697
1114653,2342675,6119763,311548,6520631,182796,1592579,186675,3944214,197303,2609381,187010,1291745,149510,7215906,151967,143469,539630,2481305,191499,1577774,347832,8183455,234078,180689,162373,605241,201360,191227,180853,177314,843777
1114790,2342742,6119810,311622,6520683,182833,1592621,186717,3944276,197327,2609403,187029,1291761,149515,7215918,151978,143518,539653,2481345,191510,1577786,347842,8183486,234081,180705,162414,605269,201369,191253,180862,177331,843827
1114919,2342829,6119882,311683,6520724,182889,1592634,186725,3944314,197372,2609409,187068,1291782,149553,7215942,152007,143535,539666,2481389,191511,1577805,347852,8183501,234102,180762,162424,605279,201378,191278,180868,177365,843875
1115052,2342921,6119921,311730,6520761,182916,1592670,186737,3944368,197380,2609440,187102,1291787,149632,7215964,152016,143565,539702,2481430,191518,1577844,347900,8183540,234119,180765,162469,605288,201395,191286,180912,177376,843902
1115246,2343007,6119955,311758,6520780,182948,1592684,186763,3944385,197386,2609479,187129,1291809,149684,7215979,152043,143607,539749,2481444,191556,1577851,347927,8183573,234135,180771,162492,605332,201406,191310,180970,177385,843964
1115394,2343114,6119992,311769,6520799,182973,1592698,186788,3944400,197405,2609496,187162,1291832,149691,7215990,152116,143651,539768,2481487,191572,1577877,347940,8183590,234156,180784,162506,605392,201421,191346,181001,177396,844044
1115570,2343186,6120031,311784,6520820,182985,1592730,186794,3944423,197409,2609508,187201,1291882,149712,7216014,152210,143660,539804,2481494,191581,1577929,347970,8183612,234199,180810,162536,605431,201439,191395,181053,177400,844092
1115665,2343257,6120065,311909,6520898,183031,1592742,186799,3944434,197421,2609519,187252,1291889,149754,7216037,152247,143676,539855,2481519,191593,1577955,347981,8183636,234205,180824,162566,605463,201446,191442,181067,177443,844123
1115789,2343366,6120095,311969,6520954,183059,1592753,186802,3944472,197430,2609545,187289,1291898,149789,7216052,152276,143718,539885,2481532,191597,1577974,348012,8183663,234212,180851,162619,605480,201449,191477,181107,177475,844241
1115905,2343408,6120151,312087,6520986,183090,1592805,186853,3944505,197431,2609582,187300,1291935,149793,7216070,152318,143757,539906,2481545,191601,1577998,348042,8183697,234215,180882,162641,605491,201457,191497,181158,177496,844274
1116013,2343516,6120203,312140,6521019,183118,1592817,186879,3944525,197464,2609607,187324,1291957,149801,7216098,152366,143772,539930,2481561,191612,1578016,348059,8183747,234235,180912,162643,605522,201477,191571,181192,177557,844291
1116182,2343610,6120229,312167,6521046,183175,1592820,186892,3944534,197466,2609632,187373,1291981,149835,7216118,152431,143792,539944,2481613,191666,1578028,348098,8183761,234274,180927,162652,605569,201482,191581,181206,177593,844326
1116329,2343676,6120289,312204,6521116,183206,1592881,186935,3944579,197486,2609642,187395,1291995,149846,7216128,152442,143803,539960,2481620,191679,1578037,348187,8183778,234304,180934,162674,605596,201542,191592,181221,177643,844364
1116425,2343793,6120319,312245,6521136,183225,1592902,186953,3944598,197503,2609697,187407,1292034,149913,7216140,152474,143830,539971,2481636,191685,1578049,348194,8183799,234313,180958,162772,605648,201557,191644,181253,177660,844434
1116536,2343937,6120359,312261,6521156,183275,1592919,186970,3944609,197510,2609714,187414,1292047,149942,7216207,152510,143860,539977,2481667,191710,1578076,348256,8183833,234321,180971,162855,605657,201563,191731,181280,177683,844443
1116659,2344027,6120425,312295,6521184,183304,1592937,186983,3944624,197544,2609725,187460,1292077,149947,7216254,152536,143889,539983,2481697,191716,1578099,348265,8183842,234351,180982,162892,605701,201580,191749,181369,177728,844465