1198459849090,1672580848201,2379658919805,1713898796316,2331610490664,1396613185964,1747278921151,1354609899030,2028771261326,1363611247949,1833055942682,1253113462561,1377241757687,1239331851417,2149876505844,1219585639455,1280104833958,1394874743392,1670247931360,1635807453578,1648442399042,1511731574205,2207508572396,1735657093473,1524359219262,1354941288010,1317795475383,1610163427263,1569651918781,1166785928669,1183039020127,1072520283881
1198810269346,1672866571863,2379791030043,1714591483899,2331779288601,1396780805112,1747473167412,1354798355071,2028940671229,1363800769022,1833258575231,1253354001237,1377507579341,1239537497586,2150038729011,1219916164539,1280425025404,1395166748183,1670449257108,1636015625470,1648635574012,1512005594568,2207771771264,1735867907285,1524759889576,1355201628510,1318025665872,1610316920675,1569872887409,1166958958800,1183194516919,1072921274080
1199413640397,1673199840893,2380173405156,1714921639293,2331946392258,1397312614720,1747918988448,1355193952645,2029031910927,1364061291759,1833404860298,1253543388868,1377668003047,1239858160391,2150228727393,1220109220875,1280655014956,1395452063817,1670681178608,1636232068859,1648746560409,1512200757671,2207920011431,1736055244189,1524906411844,1355472548005,1318227644823,1610504312534,1570071702367,1167277614603,1183393256349,1073146313663
1199636642074,1673547664968,2380661889631,1715388968801,2332243919454,1397530504908,1748138439737,1355422604513,2029168981449,1364228258376,1833653480766,1253668236462,1377816285262,1240214560189,2150326541020,1220586105835,1280872430519,1395877493024,1670828878342,1636492899386,1648962972943,1512606894598,2208127671035,1736159316751,1525095918274,1355644263655,1318382140019,1610693237922,1570311426519,1167477878267,1183909450249,1073295760589
1199845634443,1673830532580,2380918874449,1715694912421,2332460945091,1397927015104,1748441937534,1355959052870,2029436327925,1364566551943,1833904210580,1254046214153,1378055522626,1240643967910,2150539710555,1221075149928,1281018694311,1396234377562,1671028426307,1636734008018,1649204300237,1513048633357,2208353056860,1736229385270,1525297007314,1355769872633,1318634716343,1610878561487,1570473124690,1167660581299,1184128773510,1073404158697
1199989966034,1674031939234,2381341140224,1715872350297,2332586308981,1398040350610,1748564448124,1356210079033,2029629397869,1364630336866,1834066986324,1254462472290,1378348000180,1241535566299,2150760080507,1221259296794,1281207171788,1396906068895,1671183500072,1637018443087,1649501591949,1513241950716,2208505973318,1736349853659,1525555847347,1356348557445,1318838938934,1611101228672,1570660341606,1167916386830,1184327969533,1073486899655
1200148149782,1674105099124,2381519629039,1716113115780,2332805354759,1398158264939,1748757954691,1356300507218,2029869438342,1364942137669,1834463068712,1254640336067,1378466569941,1242036434945,2150926855114,1221628653808,1281411325324,1397226312857,1671470791145,1637513505508,1649610428217,1513638369264,2208605880239,1736550051935,1525717662242,1357006904173,1319036374400,1611163209612,1570994937548,1168010510078,1184861733375,1073560191921
1200285345539,1674156311731,2381696498963,1716705722058,2332981376464,1398351559496,1749036284655,1356482238854,2030079359506,1365079291603,1834817087760,1254708988410,1378693938852,1242407064338,2151101465057,1222036678864,1281628500068,1397700911422,1671753427087,1637709766217,1649871776912,1513944473425,2208868982937,1736661334788,1525912459566,1357578621226,1319331415702,1611383369639,1571141513153,1168166278450,1185098519174,1073831422599
1200844526524,1674335029171,2381805224855,1716754156964,2333156470201,1398403447708,1749273437122,1356598978475,2030310191879,1365265541931,1835035804052,1254844267622,1378921708529,1243109526886,2151298215005,1222147823195,1281838013148,1397987052775,1671919416999,1637906036682,1650044922012,1514388435282,2209141820882,1737195685032,1526103879023,1358174514704,1319759969538,1611681359914,1571499483824,1168252826335,1185299728295,1073885323566
1201211751326,1674895266033,2382004721187,1716866269509,2333447489925,1398640643192,1749454081958,1356694041419,2030558081850,1365583341024,1835192898977,1255226181035,1379059613178,1243476384829,2151520618052,1222542804257,1282039616807,1398094457187,1672175408292,1638035720711,1650272897280,1514543588978,2209326665111,1737314941649,1526252054115,1359046908150,1320014725288,1612032118073,1571800249401,1168344123554,1185532103622,1073954559113
1201406563663,1675024974172,2382269385416,1717009041221,2333744827311,1399293271574,1749673395493,1356734205370,2030726465820,1365704168280,1835412689209,1255370943815,1379355981059,1243964587461,2151805729356,1222685764004,1282378408807,1398185927258,1672303724768,1638745202870,1650563155080,1514638108930,2209530147761,1737406159836,1526557000746,1359196467918,1320227192626,1612155721480,1572164930206,1169270982935,1185733914932,1074030483285
1201879161187,1675527397009,2382392969459,1717220111117,2333873876771,1399496846382,1750002013762,1356992998368,2030929658003,1365753979194,1835767415782,1255879868200,1379531316102,1244050699252,2152025285122,1222859495232,1282495477950,1398587645042,1672491864820,1638860153598,1650801894013,1514832148408,2209731772779,1737573091212,1526765133820,1359333813473,1320507629428,1612374718623,1572428838457,1169698469404,1185917613256,1074788329991
1202017829006,1676273199179,2382574509308,1717265766829,2334158165573,1400386924183,1750267785262,1357497461904,2031384728569,1365872866647,1835922328231,1256079586575,1380000834680,1244255064749,2152226756555,1223263798664,1282687261067,1398885370881,1672677730368,1639112397078,1651048025692,1515019744156,2209883995570,1737680044323,1526962582979,1359420247068,1320710391439,1612483246392,1572685958781,1169766542806,1186103966686,1074848604588
1202321548394,1677027279860,2382789443598,1717409583796,2334365639816,1400469620307,1750593536370,1358032937963,2031662112549,1365928728639,1836101855542,1256211398374,1380313329376,1244841712978,2152358861165,1223751090261,1282875836696,1399079262377,1673030548583,1639733039059,1651204642024,1515097265936,2210064663783,1737893693648,1527256125779,1359547768891,1320900209291,1612538083152,1572901365941,1169865142940,1186442383182,1074918184313
1202528846572,1677426751892,2382971584300,1717730741360,2334580695354,1400601673830,1750767718372,1358374891487,2032015760761,1366330283458,1836328251955,1256465008273,1380563173261,1245241530148,2152562024443,1224146003507,1283098990057,1399237661404,1673304784592,1639963102549,1651545943947,1515243806283,2210218293450,1738221438039,1527418219645,1359760565081,1321099826258,1612809209511,1573094915107,1170099148948,1186885813538,1075044971160
1202716656617,1677673519617,2383217341875,1717830742299,2334913053543,1400916529691,1751059108221,1358568851546,2032460870467,1366464782892,1836602403798,1257124201798,1380893703176,1245803857813,2152794467591,1224392679685,1283291614597,1399531218138,1673491045757,1640862642567,1651762625331,1515321174966,2210362527558,1738375862549,1527652645104,1359875098456,1321275025157,1612896444396,1573241479023,1170267455585,1187085560006,1075098473903
1202846627901,1677770408736,2383376999836,1718006843845,2335094055739,1401011468679,1751275577071,1359046782035,2032687544654,1366609929452,1836796978384,1257173058367,1381279378065,1245894469739,2153241649558,1225018448496,1283565132315,1400280491163,1673705569189,1641774606070,1652209432884,1515403288788,2210577709356,1738508475172,1527881923979,1359937208700,1321466652775,1612980013345,1573388741798,1170662371643,1187288608742,1075168217672
1202998345604,1678019519502,2383603833908,1718140546570,2335326049944,1401121165215,1751426527377,1359335235641,2032885238648,1366703518599,1837031253684,1257273697369,1381372685769,1246034810968,2153439291940,1225302311436,1283932215039,1400684513520,1673903097785,1642105699011,1652442544168,1515712948449,2210859355775,1738664910306,1528205392762,1360726268132,1321817358251,1613216319782,1573758193735,1171311732657,1187419767637,1075291496680
1203221423797,1678253544755,2383768367846,1718260874210,2335837177400,1401210559169,1751639876673,1359433945829,2033127604225,1366899169322,1837222542446,1257388558045,1381547920465,1246083815310,2153681627472,1225597801761,1284242110545,1400789314919,1674074395485,1642707703579,1652666113966,1515799970662,2210976981142,1738824074257,1528474109229,1361623498001,1322021387548,1613765065179,1574037158342,1172044850351,1187645552597,1075371492019
1203373264722,1678790714932,2383882704068,1718415522716,2336058935017,1401695733587,1751900937324,1359713424135,2033294332527,1367073996167,1837437433422,1257510009213,1381796182816,1246225357756,2153808196013,1225749253777,1284416053536,1400963295177,1674499078366,1643099231828,1652815778482,1516013035136,2211301832059,1738893916929,1528767647852,1362489268622,1322269593186,1613911703493,1574156235667,1172710449282,1187786488085,1075474872609
1203545780802,1679281959981,2384086579805,1718681591977,2336288328980,1401943897383,1752099966532,1359915088822,2033543352247,1367380069371,1837577927159,1257979264483,1382056407433,1246362794875,2154036685302,1225985517612,1284660924269,1401243992909,1674619351602,1643267484801,1653262164812,1516066564953,2211723397903,1739160545000,1529095406116,1362530891757,1322488421086,1614415168090,1574503369446,1172855883249,1187942244989,1075898777046
1203809375178,1679337177718,2384242484864,1719124113544,2336577872389,1402044809147,1752436450075,1360026555587,2033817507666,1367475491654,1837881674218,1258146506010,1382286599350,1246979247124,2154246162936,1226679091080,1284896942848,1401453401886,1674870352279,1643587641888,1653486473911,1516610345583,2211934657016,1739512675041,1529368272684,1362562140913,1322730637122,1614434761604,1574703214705,1173101198733,1188105712529,1076011484892
1203956941338,1679395458874,2384425152233,1719253830222,2336801224907,1402280484613,1752688827824,1360273876444,2033936198590,1367643535950,1838128579218,1258235995352,1382588310854,1247873780306,2154601331438,1227212977947,1285088013141,1401690451562,1675223154729,1643789949364,1653791353925,1516902308059,2212148722728,1739834328943,1529696888784,1363124549741,1322923529146,1614614226346,1574875646748,1173174418410,1188305638955,1076087067272
1204186289207,1679503325016,2384590369753,1719653854454,2337007675663,1402649113794,1752820087555,1360503546005,2034037764000,1367998384861,1838330263670,1258447985399,1382745672925,1247972170155,2154832049015,1228109762408,1285293552052,1402015348983,1675846190357,1644034862312,1653864203901,1517074366895,2212367507294,1740150577531,1529839488273,1363673957295,1323033351637,1615031278290,1575048856568,1173277586085,1188488896088,1076253033122
1204404353416,1679763408893,2384757968406,1719954642862,2337194285182,1402860113392,1753038339437,1360666653187,2034246525396,1368428669859,1838534498773,1258693422400,1382851753268,1248224553410,2155157111899,1228689765862,1285546271384,1402375328203,1676157938444,1644370259085,1654047464012,1517397230947,2212569147363,1740372032551,1530261681379,1364127450079,1323265252481,1615290882346,1575230563199,1173473284277,1188655272530,1076413502706
1204699633079,1680423811340,2384942343766,1720115318366,2337393322586,1403060691177,1753251437073,1361006841704,2034389535871,1368497550537,1838663289637,1258811362987,1383056722779,1248326149876,2155452482555,1228779344280,1285749675954,1403139106913,1676498606667,1644508252320,1654370289206,1517463528433,2212922115428,1740514349820,1530447056206,1365023076747,1323488090952,1615552623197,1575415905707,1173773700578,1188854535503,1076565055733
1205116461381,1681089740022,2385170133344,1720221986472,2337643465408,1403130100104,1753411687117,1361443288142,2034505879367,1368850655050,1838792326886,1258881763078,1383238173983,1248513697381,2155590586927,1228981424018,1285894095998,1403856668937,1676679348547,1644587881657,1654561977671,1517580230058,2213156467080,1740624362158,1530909810763,1365790833445,1323889027825,1615701921953,1575650142276,1174128669565,1189008691346,1076659889576
1205415027220,1681768495504,2385308016241,1720434236427,2337948259953,1403298246053,1753600001014,1361631523709,2034850327883,1368999913972,1839059399623,1259271439643,1383534966719,1248768566540,2155685920305,1229135521653,1286162902536,1404213971776,1676851804479,1645089233411,1654681662687,1517762201078,2213471684894,1740743385757,1531072175824,1365822808059,1324155507005,1615790714796,1575917993635,1175048994102,1189252513400,1076758206990
1205672538079,1682483651541,2385460245185,1720554182862,2338155446453,1403457630712,1753715625884,1361792301076,2035002875500,1369153190983,1839249532557,1259612212860,1383939411959,1249052902691,2155915356207,1229280107884,1286528219505,1404427575940,1676989921452,1645671737323,1654852279055,1518041816077,2213756321795,1740909458163,1531224107720,1366052424742,1324247410030,1615979222877,1576259898197,1175867298120,1189406187108,1076878528791
1205879870918,1683263403956,2385714765054,1720927942963,2338370028952,1403577247104,1753917851536,1361907569431,2035146787692,1369335690152,1839435452665,1259745851854,1384138900538,1249157130881,2156130864597,1229619263623,1286765003565,1404700769994,1677299014368,1645813537091,1655285980605,1518155295706,2214214242381,1741600730692,1531359787355,1366318731891,1324419309326,1616044882034,1576426599435,1176287413261,1189597105905,1077030388260
1205975648772,1683611747510,2386214595049,1721201512421,2338690375643,1403802522119,1754134382718,1362124048237,2035247734805,1369909810366,1839585358276,1259944011877,1384288040141,1249506160131,2156254758585,1229938438752,1286898838906,1405036726263,1677524854284,1646576741052,1655495397098,1518322674454,2214415459692,1741822607344,1531534554932,1366864374689,1324525049139,1616249411007,1576511785600,1176466382966,1190037327145,1077109068271
1206155799081,1683904731085,2386741278735,1721363815087,2338912764164,1403884624742,1754452483825,1362275160746,2035481061303,1370770360511,1839750135384,1260148489398,1384459667584,1249749707662,2156608880027,1230081188590,1287084555393,1405721692046,1677646314298,1646885217366,1655604189756,1518458584531,2214586583225,1742227480970,1532067180015,1367157065447,1324693492661,1616374990300,1576713201773,1176576326853,1190238921327,1077186008430
1206441682415,1684005648831,2386979559393,1721532394757,2339109846574,1404027249359,1754653925689,1362686801192,2035701015917,1371668165974,1839939749088,1260305516938,1384696902072,1249917408674,2156830630568,1230180031016,1287361339743,1405916199439,1678039729114,1647003832022,1655973287750,1518938793526,2214871944933,1742370355293,1532257401273,1367302712719,1324871498610,1616681735365,1576918374846,1176927068327,1190595586540,1077276603117
1206736148285,1684379078371,2387314282312,1721850461817,2339405552756,1404267665895,1754903572580,1362746824921,2036038637525,1371827511852,1840101661976,1260575978684,1384897214846,1250593195996,2157080042123,1230725465716,1287500601736,1406158187288,1678192500550,1647165698434,1656424783896,1519135051177,2215093795662,1742628911420,1532410076015,1367442254278,1324990189945,1617025417048,1577136605474,1177038926775,1190814764511,1077413006423
1206987689739,1684557581247,2387556034744,1721916450783,2339585860590,1404657919148,1755208337432,1362865807860,2036251845499,1372297944473,1840298094263,1260710716712,1385242202506,1251004450874,2157504690900,1231004655807,1287806754021,1406684993249,1678491338889,1647346491061,1656560946949,1519562072466,2215329434381,1743000299038,1532684257371,1367623795498,1325213475743,1617163379919,1577344573354,1177391375419,1191073645219,1077504764854
1207160655157,1684698738415,2387667660489,1722284154165,2339793764032,1404791473972,1755359933955,1362904342892,2036439506549,1372472578258,1840408448971,1260906876665,1385481794267,1251567080737,2157657384382,1231248258774,1288226977687,1407010802459,1678848310859,1647506049252,1656749111185,1519714101807,2215494032179,1743535596596,1532914311573,1368314300305,1325502201158,1617350664777,1577795192811,1177792027572,1191298546180,1077675538321
1207330091373,1684835434900,2388164138286,1722423358362,2340029296794,1405035321584,1755455177026,1362980166626,2036589443614,1372766007530,1840514703556,1261252986006,1385575980806,1251743521584,2158045739344,1231974853056,1288434462099,1407910873351,1679040351428,1647662866461,1656953907671,1519837443712,2215716958287,1744058584506,1533132290925,1368355767640,1325747866723,1617425192259,1577983403386,1177990860059,1191641179606,1077950325906
1207574635431,1685076088814,2388471863176,1722578275650,2340309873249,1405133987322,1755548617092,1363106626089,2036765616013,1372875493081,1840636479864,1261460865437,1385869622447,1251902503429,2158411779491,1232709170987,1288571363599,1408398703180,1679181330821,1648314197802,1657109620930,1519969251659,2215939054628,1744441591685,1533342461378,1368588676554,1326081613826,1617653273169,1578394314917,1178170305708,1191888802995,1078147971570
1207762382570,1685459443584,2388639059401,1722910189464,2340532224166,1405419740466,1755845870249,1363289174381,2036864024075,1373012636905,1840807187534,1262050795178,1386044829763,1252035126811,2158594930345,1233008373052,1288870860512,1408814649202,1679389892625,1648732970345,1657523675356,1520178169209,2216105787604,1744689586785,1533672275083,1368904271841,1326338700788,1617815067750,1578581497391,1178338856221,1192077063852,1078308214718
1208080510769,1685648830098,2388891215885,1723085958168,2340769105585,1405809399520,1756074773201,1363629235390,2037036463102,1373344705562,1841015334735,1262964145677,1386226670917,1252288576903,2158769523912,1233078803268,1289057400150,1409047014065,1679519684018,1648798779724,1657646406747,1520850357610,2216295813105,1744805087211,1533793168493,1369423722558,1327033530700,1617936148960,1578687274371,1178530136711,1192216802687,1078390530131
1208220421243,1686082373730,2388984897580,1723333329728,2340900999923,1405866065291,1756278559263,1363871306159,2037114658769,1373639203794,1841131495530,1263458890166,1386319211570,1252573136414,2158969504043,1233436293871,1289268184169,1409222501373,1679704321798,1649041462482,1657884060334,1521407802565,2216479760864,1744973659689,1534158239626,1369825387269,1327273393800,1618428365560,1578835905124,1178842927445,1192801473141,1078491976170
1208447804954,1686740648313,2389496502020,1723462666927,2341063734267,1405961935838,1756452801874,1364042730778,2037214904230,1373736924640,1841264131844,1263598193075,1386452274551,1252888943825,2159105734340,1233751153882,1289439189718,1409370907021,1679896103841,1649214994951,1658105773675,1522027232581,2216695580696,1745882828942,1534402940023,1369863888754,1327495048720,1618663277768,1579090286373,1179362119951,1193250660258,1078563159622
1208595492658,1687074777483,2390060527698,1723805240470,2341201339495,1406246257560,1756608893315,1364249068746,2037400269197,1373845990573,1841408868848,1263722065977,1386678417981,1253000229932,2159255646942,1234005138650,1289630072546,1409769354742,1680091917437,1649319823059,1658364510909,1522751511197,2216930766236,1746114704784,1534545276649,1370619931453,1327840366364,1618743285962,1579333326116,1179854892169,1193496063905,1078669164996
1208818461187,1687428015443,2390282483148,1724055070568,2341390285902,1406326511603,1756717575014,1364500327016,2037621217913,1374003291808,1841541280296,1263942828665,1386971105125,1253113005652,2159511480851,1234131795857,1289874783456,1410080649285,1680448615889,1649433591140,1658704813120,1523488734083,2217346564493,1746609669087,1534725304734,1371516340067,1327993053013,1618843665839,1579435068256,1180057377688,1193715314683,1078730159444
1209094894690,1687740577880,2390436290807,1724127081131,2341617087919,1406744356981,1756900797636,1364613167058,2037851065314,1374079216153,1841839056182,1264172116468,1387258318804,1253299871333,2159628948735,1234387583850,1290046090179,1410271017297,1680663847675,1649603439918,1659038986994,1523758917995,2217522673198,1747142824909,1535234038075,1372090990115,1328308044077,1618977090082,1579739442943,1180646680065,1193900805629,1078882061441
1209248673727,1688649751278,2390588408823,1724452810252,2341741966051,1407142950637,1757134349217,1365184084040,2038126094804,1374273640254,1842080311805,1264327018670,1387468679731,1253325461022,2159853733243,1234504439775,1290457644995,1410506431308,1681076879763,1649741105798,1659183589106,1523831618790,2217811404551,1747269431287,1535557361267,1372604824939,1328487454169,1619158690126,1579874015619,1180760663463,1194117730268,1078992318882
1209485844560,1689320843953,2390762228970,1724542884990,2341987920842,1407633465879,1757320069967,1365254275488,2038329336962,1374646230156,1842284116921,1264719628218,1387670297391,1253843274790,2160136643087,1234915073396,1290595293076,1410647165956,1681415278068,1649842676347,1659445344796,1523917057080,2217927838808,1747496211835,1536054397708,1372752349789,1328651338502,1619318356543,1580021813389,1180894478756,1194402171246,1079243944681
1209647064716,1689462330871,2390903587991,1724896364928,2342337840406,1407797197806,1757754955363,1365452267912,2038835762792,1374751481042,1842462844111,1264998341846,1387796534575,1254548575330,2160267507224,1235036063939,1290862854899,1411048233894,1681662225976,1649991408085,1659712746668,1524261848716,2218075720709,1747759661247,1536137060238,1373271655342,1328782528342,1619450876971,1580178038580,1181353213560,1194534049961,1079359047120
1209821089104,1689667140848,2391048137788,1725009832827,2342512922767,1408094834407,1757961013414,1365683180636,2038996062113,1374827920631,1842861066212,1265235898039,1388001065355,1255313715886,2160437006026,1235275171845,1291258898719,1411337418416,1681799223155,1650403015829,1659890492186,1524395205112,2218553942012,1747968452153,1536259732327,1373736980642,1329120321656,1619545505033,1580337692086,1181927192015,1194723532796,1079461867066
1209989581873,1689845516729,2391214295830,1725078998641,2342947840106,1408477731904,1758130727420,1365924725393,2039093613148,1375099052144,1843073016567,1265501849502,1388188923595,1255454718251,2160570658970,1236166356289,1291549865886,1411539289058,1682248367738,1650578206783,1660224024709,1524532437497,2218735619645,1748155400819,1536440581998,1373915393377,1329463132617,1619720743328,1580531863365,1182662057949,1194903936910,1079575326944
1210123088003,1690036396107,2391377670261,1725138619660,2343185076917,1408534461937,1758278049926,1366011363304,2039521700821,1375198889546,1843206136557,1266038450732,1388356373077,1255705032069,2160915575589,1237090201674,1291742305393,1411779609138,1682330506085,1650797316825,1660761335527,1524854657498,2218967575645,1748359424393,1536629973339,1374200094275,1329707117783,1619882017216,1580858467923,1183384254592,1195306695807,1079689129889
1210583155492,1690687847232,2391615762563,1725228079463,2343786524839,1408660806586,1758441572343,1366128513692,2039628930858,1375439720910,1843399372496,1266624050929,1388492922388,1256049511645,2161064261760,1237594996574,1291893940957,1412371812253,1682526122570,1650994750714,1660943009381,1524933900416,2219186563511,1748520681544,1536805534148,1374477651235,1330006259730,1619947083140,1581158758236,1183592164136,1195491101190,1079760162108
1210814636163,1691048667045,2391722323426,1725376032467,2344129481505,1408937126029,1758597194347,1366214893176,2039853636524,1375563322870,1843618108701,1267364924810,1388643409038,1256546378922,2161267323328,1237786877961,1292369089318,1412608321705,1682741901092,1651219974958,1661087151587,1525474600024,2219425006180,1748655033017,1537098978355,1375046229591,1330200206132,1620018371420,1581439741753,1183739567439,1195736811341,1079880739172
1211082335095,1691449934326,2392107115905,1725439545053,2344353215834,1409335856998,1758932137550,1366703562512,2040219289730,1375619101793,1843952988511,1267531587381,1388898441968,1256636540424,2161529156945,1238439131932,1292565931975,1412837628963,1682911388732,1651343618377,1661227799855,1525715247105,2219620721360,1748747927724,1537278319987,1375223192890,1330398529587,1620160001095,1581694655954,1184253736511,1196042155993,1080003198758
1211568019245,1691874630154,2392274130606,1725533399981,2344582930338,1409504604406,1759064204127,1367127166557,2040388852421,1376060762865,1844231480603,1267769023893,1389167931396,1256796199408,2161815320579,1239118953571,1292785618977,1413158280686,1683089315512,1651458657953,1661380747951,1525945752581,2219949804367,1748962527628,1537441695464,1375371122265,1330644735826,1620324884218,1582029918361,1184652998373,1196322272843,1080104408634
1211750913812,1691954166008,2392415598316,1725695267993,2345035018132,1409647563781,1759165524532,1367201502624,2040512912964,1376092822338,1844478073834,1268333146547,1389365032666,1257207001897,2162032617840,1239737494862,1292963049037,1413241240753,1683378304640,1652081061784,1661521308403,1526271710651,2220131530823,1749344972997,1537702559970,1375619235183,1331100735129,1620442036051,1582276889634,1184875347366,1196546032607,1080374358859
1212040630714,1692323637464,2392707047584,1726057570410,2345217152728,1409949633167,1759594176967,1367370259702,2040851472101,1376271561730,1844628130736,1268519502166,1389520845515,1257403687441,2162330688120,1240017874538,1293206637511,1413355832648,1683521668425,1652286457698,1661645210850,1527103944216,2220343668433,1749533597718,1537839599900,1375920621298,1331256350316,1620985138114,1582399510793,1185091155889,1196878075017,1080481142417
1212253241308,1692511495476,2392839596699,1726252378082,2345340577348,1410179185857,1759809640459,1367630260632,2041060243113,1376464848254,1844863133859,1268866378963,1389911391193,1257810387750,2162493681991,1240518697458,1293444209158,1413555712448,1683676156185,1652351966316,1661734656756,1527201987660,2220686740665,1749633110592,1538191830537,1376826399142,1331564858960,1621193175758,1582660707646,1185496433122,1197157087698,1080592173485
1212454071257,1692627922585,2392994103603,1726291441654,2345664708780,1410753616316,1760019091300,1367748017187,2041205611062,1376553904274,1845031228682,1269027792540,1390054185018,1258091965327,2162765750579,1240864899577,1293676342564,1413690733064,1684030050696,1652699297850,1661998804495,1527834522016,2220988612214,1749698335133,1538409324687,1377507921511,1331759028912,1621243903410,1582987998994,1185886588323,1197580401494,1080823721450
1212698640694,1692964885045,2393268514790,1726452631457,2345857497949,1411009135038,1760222556989,1367862051162,2041416059032,1376966349937,1845215539020,1269253681754,1390233294245,1258284643629,2163022971382,1241100259235,1294070305172,1413745514593,1684217185680,1652814043143,1662188921763,1528034765043,2221114231401,1750076137624,1538572959443,1377883603345,1332109673104,1621385951766,1583193654511,1186777965078,1197996095692,1081033394142