30143915,69536459,111060944,31178518,113850156,32838476,53778707,31000531,87218792,29170282,67312440,30473142,49423062,29391437,137330728,30099240,30702748,53005797,66049905,31749846,60720767,71780061,144950283,32994515,30169014,64819615,56869151,31131567,30133099,29221362,30742971,24880013
30148285,69545871,111065713,31181571,113858129,32846085,53785168,31005798,87225959,29174521,67320618,30480755,49428642,29399233,137336588,30106090,30709972,53013420,66061977,31759555,60731697,71787528,144959750,33000871,30176970,64824941,56883634,31135821,30141903,29223868,30747221,24881279
30154746,69553991,111071053,31192058,113867261,32855018,53787946,31010680,87231447,29184107,67326804,30487955,49432470,29410229,137349826,30114741,30715008,53019002,66072391,31766370,60735245,71795432,144970843,33007943,30182726,64830106,56893572,31141784,30156548,29230752,30761299,24883790
30166775,69559269,111080847,31198070,113874329,32858500,53799568,31015484,87240199,29189855,67343051,30489666,49442621,29414942,137355574,30119484,30728811,53024529,66080061,31768875,60750259,71799898,144976765,33013516,30196201,64836678,56906972,31149246,30166832,29237544,30767798,24888338
30178600,69562821,111089529,31206689,113889943,32860815,53807933,31017416,87253612,29191585,67362793,30491404,49452257,29419847,137362572,30121838,30739816,53028282,66094771,31770787,60763735,71802007,144998296,33015875,30211596,64837591,56922845,31150663,30174072,29245186,30785593,24890121
30192485,69565582,111098408,31207585,113901880,32865196,53816034,31038717,87273551,29194420,67378059,30492424,49463798,29421179,137373389,30122803,30750084,53030488,66102785,31772763,60771599,71803688,145012356,33017586,30233487,64839000,56941074,31151798,30190215,29246138,30795985,24891455
30207695,69566495,111104223,31208187,113905577,32865810,53837404,31039080,87290951,29205968,67381042,30502671,49469090,29423228,137380572,30129407,30772200,53035039,66128796,31776599,60780979,71804750,145018924,33019015,30250947,64840288,56959171,31153840,30194654,29252037,30802242,24892705
30219382,69570762,111121684,31210311,113917826,32869428,53847298,31041672,87308246,29210410,67392287,30505817,49474663,29429051,137389409,30131827,30778996,53038334,66145474,31780809,60791569,71806818,145034630,33020025,30264869,64842021,56967650,31155676,30206151,29262113,30821031,24894610
30225295,69579628,111127168,31212374,113931718,32875618,53873029,31050694,87328875,29213029,67403551,30509366,49488893,29430376,137402234,30136726,30791775,53041102,66153308,31785358,60800804,71809711,145045003,33021818,30272890,64846598,56976069,31158163,30213125,29265282,30837845,24896135
30235534,69581684,111147503,31214266,113949055,32877137,53891263,31053051,87342966,29214712,67412966,30511525,49501393,29431192,137428154,30137840,30810431,53041767,66163151,31790999,60810557,71815846,145054248,33033357,30278093,64847947,56983280,31160351,30217798,29266789,30851916,24898043
30251074,69583241,111164286,31215929,113974839,32879794,53912638,31054984,87355093,29220744,67426142,30516299,49506051,29433657,137442714,30140029,30819452,53042579,66169281,31792346,60822312,71817787,145059754,33043161,30284822,64864493,57002703,31168502,30229243,29267840,30859195,24899690
30255430,69586411,111175374,31218612,113983877,32882673,53936676,31056600,87369287,29221206,67438465,30520662,49519784,29441833,137463890,30142206,30828788,53044123,66181259,31793111,60828621,71818993,145072812,33044116,30306254,64875243,57021529,31170199,30239007,29268912,30866874,24902493
30269553,69587607,111188636,31221684,113997798,32884039,53960040,31058326,87375717,29224887,67451735,30523322,49530992,29445866,137472933,30145496,30843120,53047844,66195196,31794874,60838912,71821256,145084734,33045548,30317826,64879708,57037506,31173684,30253137,29272395,30878007,24903693
30291519,69588837,111199065,31223307,114015348,32885916,53973929,31060029,87383569,29227449,67471115,30527446,49552967,29450683,137486746,30147148,30855378,53053323,66208012,31797434,60847910,71826935,145095542,33047326,30329746,64880974,57054351,31174458,30255699,29274636,30890096,24904984
30297143,69590529,111206213,31225767,114024588,32887201,53987610,31062271,87402548,29230216,67482264,30543232,49564469,29462546,137502258,30149634,30859567,53067689,66215369,31803266,60856103,71834199,145106410,33049895,30347061,64883092,57067906,31176366,30262399,29278190,30895819,24907340
30306896,69595539,111218282,31227430,114034333,32898458,54005742,31065618,87406305,29233486,67494725,30545784,49576313,29464419,137512560,30150467,30867417,53100768,66226519,31804643,60861370,71839703,145115847,33052859,30361318,64886448,57082387,31179302,30277980,29279344,30909131,24908687
30320836,69602747,111231500,31229484,114053692,32899063,54016925,31074186,87415629,29248947,67509562,30550052,49580292,29465141,137519980,30153058,30887087,53102015,66236292,31805889,60868039,71841736,145131984,33056393,30376479,64886958,57100542,31179931,30295149,29280973,30922708,24909983
30327035,69604424,111244549,31232133,114075141,32900289,54028498,31076735,87427539,29250755,67526589,30551701,49588932,29466904,137541639,30160142,30907817,53103956,66255164,31807786,60888065,71844894,145142625,33060607,30387759,64888047,57109669,31184735,30301519,29282329,30932580,24912585
30341692,69610459,111254777,31239084,114082307,32900712,54042289,31077215,87444939,29256213,67545473,30552646,49598419,29470913,137559794,30165724,30915904,53112395,66264718,31811249,60902846,71850703,145156228,33067671,30406703,64889296,57120933,31186738,30312065,29283601,30939341,24914103
30354654,69612401,111264418,31241234,114097371,32903014,54059506,31079079,87457899,29259216,67561886,30553507,49609264,29487805,137565588,30170992,30923643,53129336,66268161,31812837,60916980,71858684,145162496,33069609,30414645,64890546,57139898,31195954,30316367,29285049,30953633,24919013
30365032,69619145,111277727,31258345,114112519,32907008,54069941,31080576,87475369,29260967,67571682,30555383,49621088,29489895,137575463,30171968,30927174,53132973,66279815,31823109,60920117,71862963,145173458,33072946,30426851,64891768,57165166,31201799,30325389,29295349,30961627,24923407
30371816,69623574,111293245,31260953,114121724,32912464,54074370,31081844,87480084,29261895,67584690,30561026,49626449,29491516,137592307,30173110,30943392,53134619,66289037,31824177,60932419,71864964,145187423,33077699,30438397,64892724,57174705,31203555,30345316,29330014,30970237,24931149
30382727,69628545,111299545,31270253,114130968,32942506,54088211,31087553,87488881,29264917,67591052,30562919,49633748,29492799,137599384,30175660,30960834,53139102,66308793,31825796,60943072,71866098,145205665,33083336,30447150,64894331,57185735,31206192,30353719,29332017,30984034,24932501
30396932,69630511,111309891,31277558,114139421,32949010,54100901,31088750,87495775,29266114,67612280,30565427,49648274,29494971,137610957,30176867,30966922,53141339,66311214,31849236,60946577,71870194,145226961,33087629,30461668,64896779,57193056,31208349,30361037,29333836,31006053,24943073
30407129,69632486,111325729,31280274,114153915,32957482,54115723,31104835,87510250,29269121,67628090,30570593,49658267,29498093,137618900,30178348,30971438,53143068,66330302,31850530,60958435,71871700,145235229,33088341,30468906,64901872,57198749,31214804,30371549,29336090,31015336,24952555
30415359,69634783,111333177,31285085,114164890,32958470,54127767,31106019,87516716,29269563,67638098,30571045,49672736,29498776,137632700,30180669,30985270,53144282,66339959,31870197,60960502,71877107,145248626,33091288,30489133,64903157,57218563,31224525,30387313,29339890,31029712,24967985
30429913,69637146,111348571,31292497,114177965,32965957,54142104,31107745,87528866,29271495,67651065,30578317,49683043,29500446,137644043,30181284,30996499,53145443,66354879,31872549,60967894,71879450,145263486,33100064,30501950,64904338,57222961,31241611,30398714,29341758,31040817,24970471
30440947,69639600,111362514,31321698,114196311,32980395,54155871,31109805,87539484,29278516,67667618,30589252,49685159,29503808,137647979,30184931,31009487,53148990,66361678,31874207,60976884,71882387,145277460,33101158,30511972,64904770,57228264,31242579,30418608,29342897,31050276,24973137
30449278,69641653,111374890,31323101,114213635,32985605,54163165,31117061,87554893,29281399,67672256,30590635,49692956,29505873,137664451,30200195,31016382,53159590,66369737,31875317,60993676,71892581,145287504,33101986,30516680,64922588,57231263,31244178,30434782,29346059,31061099,24982593
30455875,69643003,111386113,31329155,114221718,32989165,54167690,31121984,87558679,29284740,67676090,30595093,49712870,29506959,137675747,30203087,31027621,53165565,66375103,31891807,61005728,71896813,145296674,33104456,30531373,64924672,57251513,31246352,30446610,29363758,31068599,24992448
30459746,69653843,111398061,31343309,114234296,32996618,54185288,31129268,87566488,29295939,67680605,30613606,49721336,29510419,137678851,30216308,31032479,53175432,66379924,31898779,61011805,71902239,145311539,33108945,30540126,64926813,57256184,31255199,30449906,29378757,31070375,24994577
30471903,69658240,111401735,31365259,114240652,33000195,54188676,31142790,87572662,29299194,67693580,30628881,49729626,29517645,137680810,30223084,31050513,53176659,66389987,31911866,61022045,71908662,145321636,33110384,30549168,64934145,57270203,31256144,30465350,29380188,31081057,24995983
30481361,69665749,111407751,31384289,114259957,33002454,54201517,31171931,87587571,29300572,67714958,30647540,49744713,29521574,137686241,30229677,31060070,53179071,66393682,31912606,61028270,71909590,145326142,33111182,30552403,64935029,57285876,31258545,30471646,29381345,31087236,24998644
30487619,69669302,111423676,31389084,114265091,33005376,54208612,31172849,87603110,29305668,67727976,30652426,49759080,29522998,137701448,30244007,31072391,53183336,66402793,31919778,61031725,71912422,145334862,33129751,30560882,64942626,57292225,31265940,30482926,29382916,31093855,25009774
30498365,69671518,111436819,31392391,114277438,33008746,54217449,31176902,87628415,29312215,67736642,30668595,49765548,29529142,137709889,30265794,31087691,53190975,66415479,31925365,61037874,71921739,145339798,33137623,30564249,64946819,57303282,31268018,30486686,29384355,31099874,25012013
30514300,69675022,111442740,31396112,114284671,33010727,54230661,31177564,87642893,29316421,67746698,30674144,49769646,29531772,137717987,30266513,31097401,53220951,66418867,31940424,61059905,71932785,145354747,33139428,30570244,64949789,57311504,31270571,30491954,29386880,31108472,25027003
30522020,69686166,111447141,31399799,114294914,33012447,54236203,31180937,87650643,29317830,67751221,30675579,49779959,29536354,137719862,30267787,31110658,53222249,66442313,31947184,61070505,71946475,145364188,33141189,30597681,64952821,57321804,31273664,30500675,29388991,31110709,25065187
30533761,69693579,111459008,31413945,114304123,33020223,54241072,31185131,87656203,29320394,67761093,30677355,49782029,29542733,137729503,30269092,31122313,53230786,66457981,31949603,61082356,71958948,145375096,33146211,30614099,64961252,57330318,31276127,30503005,29396589,31121904,25080131
30545756,69701082,111471701,31417422,114317534,33021524,54249191,31186933,87661016,29323804,67766423,30680229,49796648,29549415,137737041,30270467,31125322,53237140,66462653,31951725,61097098,71963688,145384485,33151571,30626053,64976377,57343577,31292768,30521348,29399143,31128899,25093146
30552956,69719376,111487439,31430888,114333123,33034654,54270451,31196949,87666232,29325836,67780819,30681349,49810186,29550589,137745563,30270813,31129429,53265981,66465118,31954554,61105399,71966297,145400338,33160884,30638725,64978157,57345898,31293831,30526508,29399922,31133570,25094529
30564996,69720903,111494096,31432575,114343144,33036731,54291917,31209869,87673539,29357299,67783796,30686306,49818150,29555795,137751343,30279907,31134661,53278103,66471890,31956862,61119647,71970559,145423797,33166090,30640472,64979126,57358100,31298594,30534896,29401867,31142410,25096538
30569953,69723350,111498634,31434450,114364865,33045677,54305051,31210792,87683287,29366712,67791874,30688539,49822763,29577730,137762779,30305994,31154957,53289900,66488997,31965939,61127354,71971823,145430072,33167283,30654215,64979480,57365898,31300333,30541507,29403528,31145343,25097752
30586926,69726592,111502973,31449144,114375448,33049291,54315713,31212702,87689364,29368058,67800367,30690146,49829995,29583874,137768040,30333846,31165561,53307788,66500104,31974742,61137796,71973166,145432521,33172574,30658502,64980550,57375017,31301545,30565269,29405520,31164142,25100130
30590703,69727644,111522809,31453748,114395014,33054317,54322462,31246985,87703617,29379918,67808402,30696759,49839031,29584945,137770625,30334708,31172142,53321787,66504047,31985251,61145407,71974504,145452034,33175645,30665626,64981741,57388302,31303002,30577171,29407467,31172378,25101616
30596780,69729941,111530619,31455333,114403496,33055916,54337310,31255358,87710604,29382196,67828040,30719778,49848815,29603245,137782483,30341146,31186343,53334209,66522450,31988793,61148869,71979866,145459926,33178501,30669503,64983179,57391152,31304906,30584847,29408673,31180002,25109650
30604206,69731129,111539538,31456176,114414305,33056907,54347975,31257734,87715769,29383566,67834633,30735142,49866538,29603910,137791029,30351765,31194866,53366938,66529841,32001936,61155231,71982717,145473983,33178943,30679658,64984737,57408926,31314605,30589538,29410679,31191969,25111015
30614411,69734159,111545999,31460175,114417954,33059870,54357119,31259004,87728240,29385244,67855970,30739527,49886851,29607007,137799276,30354209,31209740,53371764,66533149,32005514,61163473,71992053,145479692,33183136,30688970,64998430,57415613,31320551,30593832,29413384,31204312,25143062
30628091,69745715,111552201,31462241,114420084,33066945,54361774,31268244,87735045,29391673,67866713,30745630,49898876,29613954,137814042,30355826,31226797,53390753,66548406,32012393,61175836,71994383,145486184,33186023,30694609,65000046,57426388,31326860,30599590,29416451,31213978,25149424
30633482,69746676,111557942,31464862,114438318,33068343,54383658,31298045,87749569,29399129,67878486,30767959,49907221,29614992,137816986,30357882,31248136,53407351,66559201,32015251,61197749,71997302,145487792,33187736,30706761,65001242,57428194,31327863,30606379,29418242,31218661,25150832
30644307,69749032,111561629,31467506,114439980,33070019,54395203,31306984,87756764,29401486,67883612,30772940,49920099,29616010,137823888,30359046,31261405,53433904,66562399,32037138,61218777,72000223,145506464,33192707,30728074,65012148,57433249,31333053,30610321,29419508,31234767,25152962
30654055,69749949,111572117,31467885,114455358,33075436,54403236,31308491,87762660,29405004,67897307,30774523,49927600,29621619,137827033,30360158,31271408,53466970,66568955,32061033,61226675,72006362,145518410,33204483,30746199,65016787,57452621,31335267,30621633,29420735,31238567,25154538
30656372,69752432,111583854,31470692,114457660,33078369,54405591,31314206,87770234,29406235,67909081,30776626,49943044,29622848,137836108,30361247,31278789,53471726,66580794,32065088,61239263,72009520,145539097,33215528,30758596,65059030,57465798,31339265,30627833,29433170,31246507,25156328
30674438,69754743,111592965,31471691,114463407,33081035,54420718,31318496,87779661,29415537,67916867,30777899,49948561,29626612,137844489,30384877,31282685,53487876,66593165,32071232,61248640,72024797,145547132,33220593,30766152,65062941,57478036,31341730,30650950,29438613,31250901,25158563
30685832,69757304,111607171,31474613,114482787,33081828,54425749,31320190,87786204,29417499,67921377,30778935,49956022,29628382,137852523,30386926,31285207,53495538,66599593,32078921,61258420,72048313,145556471,33224430,30771780,65087137,57495169,31347841,30666324,29441357,31270193,25160429
30690280,69761251,111613005,31476982,114503722,33088298,54432748,31331119,87794425,29420958,67933149,30780819,49961917,29632810,137858372,30388576,31303436,53497518,66613372,32083837,61267966,72050314,145563304,33239505,30780085,65091168,57508597,31369935,30672436,29451401,31281141,25164505
30693899,69767572,111618657,31493814,114506435,33089528,54434762,31333340,87798813,29421343,67955953,30781815,49980462,29635071,137875197,30391082,31312722,53498318,66623357,32084901,61281711,72051061,145580676,33240817,30791053,65092162,57516893,31370929,30679171,29478352,31290598,25200865
30701175,69773425,111626353,31510262,114515089,33094766,54438881,31341928,87807027,29431381,67963449,30796850,49990659,29639145,137882424,30407072,31317145,53502260,66627847,32091133,61295835,72052393,145598373,33243411,30806556,65094843,57531268,31373532,30692655,29484819,31294092,25206384
30708342,69775365,111639101,31515884,114523654,33107755,54450526,31348950,87825540,29435937,67966600,30798816,50005054,29641284,137901728,30408805,31325013,53515685,66630172,32095374,61304116,72058941,145607157,33252865,30813747,65096123,57538222,31377289,30698591,29501568,31318447,25208567
30732713,69778848,111657190,31520723,114543761,33109974,54464120,31350435,87836038,29444708,67975500,30809343,50010480,29647515,137909098,30420117,31330293,53516538,66633390,32099761,61305719,72060362,145616257,33254845,30823821,65097603,57557497,31378418,30703667,29509328,31325764,25240196
30743165,69790087,111666446,31534561,114562521,33116749,54476397,31355532,87853929,29446836,67988581,30822483,50020389,29654557,137917538,30421809,31335047,53517199,66643861,32104394,61312414,72062254,145628870,33256469,30832252,65098941,57562649,31379352,30708136,29510668,31333875,25265180