1023980,214261150,229622614,266761,249411845,28647,98609938,61141,220576757,118056,78269169,126791,8512627,0,400024703,3953,5496625,0,119892594,207557,112862019,407129,273969369,63967,613048,108567,12658592,3218,17306440,1204233811,69205656,653496112
3068602,235408381,256970932,314969,282064719,390670,106811974,1825361,242041322,36198,95332008,1029948,19216972,0,427800265,830982,4458891,0,128808318,1068707,138710901,124898,310160219,99425,507570,557775,2653093,44538,463652,68575947,32379428,19229552
513947,233226585,246759288,270546,270825498,119215,102907326,125395,231792551,0,82140086,274926,9680180,0,430459408,4342,3545944,0,122552048,0,117021772,190383,308339822,62406,11658,207131,658936,0,567545,60437096,45160478,36446931
1674873,231393842,249038458,252366,276489109,290449,101340100,99877,222100265,0,86311537,62160,19011945,104172,431046598,37710,5764175,9195,119597698,0,113061448,63451,312064793,64153,59547,57175,334445,32319,0,24327642,27760950,26994439
1982618,232794217,259197580,259584,274916267,25915,102380526,247613,231828330,0,89126838,116601,9416993,24868,425646638,0,3239000,0,128076373,0,119627102,27444,310715553,199344,131042,143845,121860,19015,139654,1673145,22005916,5778195
3251291,212242993,252548593,274334,284278729,19332,103493314,211716,225949940,0,85968529,108298,8138318,0,426498863,0,3856943,0,124212231,0,115294359,0,312685237,0,249458,71775,9692862,10686,751517,5728024,19647143,14493780
721505,219863538,245180829,264744,280063678,285235,103073344,187808,234361258,0,82835237,33360,13180921,0,431539699,4478,3565647,0,124401017,13131,117115417,257025,307010018,108165,23791,70445,9870224,7107,101121,8449519,19542831,6634397
802316,234366685,256096290,257147,272242503,131123,103264512,195942,232578781,0,86876609,10820,8614105,0,431616945,0,3357255,0,126693011,0,119443542,15881,309622387,95949,313313,217503,5434187,27329,30411,6796680,25287304,1499848
5868310,237756905,247178704,245056,276949035,118385,102884759,180468,231377210,0,88066020,6109,7675291,0,430981434,0,3349990,0,123254751,0,117082837,11684,316074865,75812,65898,76720,871134,0,4145,1580761,19032420,1524272
4774335,213463312,257988672,248790,276644433,1921377,102330830,150285,236551360,0,87173837,158627,11201624,96064,427059348,47961,3415304,540114,126138254,54821,119189231,482727,308296068,87999,13145945,115776,1270879,8967,92571,8121609,41357677,25516219
2695075,206411055,247543995,245010,276225037,37963,103544556,280335,232412976,44102,83658415,38164,8628669,0,431372269,0,3453502,0,125573606,0,116160938,11661,309389971,189450,302224,83710,469828,0,199385,1597057,24317501,5808834
3319239,218631688,237773760,1676909,279550819,79845,104552538,878255,228025480,1114313,83046724,375608,15331910,0,432313201,17775,3562507,523516,127224942,0,114212324,17513,310414405,1968447,1471371,141064,918121,14823,2697264,3337175,21850836,1600803
1785498,241922352,255359620,251553,287345887,180409,106325065,4010,241778607,303593,85109839,0,33998382,0,428108776,0,3830464,4634,128376706,20676,116880585,37938,307424267,110443,12631896,92798,1248609,0,476503,1548580,41747019,1582455
1002845,219896469,262992131,244270,278351963,56195,104246964,0,231824984,127372,89747559,0,23411452,0,429227533,0,3811645,0,121355779,0,122795812,11334,311046388,0,266485,21154,507240,23138,2629105,4182413,21539882,9197808
634949,242554555,244811987,241157,275824756,44089,103291183,15644,237044458,156911,82307396,15512,20698577,0,431568125,0,3492665,0,125092275,0,115676251,11588,312180066,26271,529849,81344,619575,0,51664,2914385,21557640,11738008
2466214,246569086,252746198,288553,281561476,129956,105814264,0,245425927,213820,86529081,312553,14374454,0,429831595,0,3815570,0,129412643,0,116168234,0,308903618,4740,13921407,130008,2060262,0,3667530,3372328,24628190,1541637
4219479,235453486,255133874,247829,275839124,24492,102649766,3726,224503020,174703,86355416,0,18333350,0,429632554,0,3683323,0,121338444,6310,117712931,5790,313200162,10303,96841,16291,961623,0,487202,3104324,17993482,2433735
829077,221406965,248640333,276156,271810545,27103,100918715,0,226875943,105278,84103821,276889,17879737,31030,429998056,0,3156801,0,121098519,0,116254922,29044,317548306,294523,178818,11377,350697,0,399664,1231498,20298063,2592874
845827,234542962,262474270,241147,279988327,65914,103802692,0,232657805,163354,86800844,92791,15694115,0,428084422,0,3854124,0,121959745,0,122732790,12343,311200779,7442,9202607,69073,371120,0,54629,1591558,24985872,2713713
336319,230302823,265849386,257285,287859024,129225,104965905,0,245955832,193879,88027442,10991,14881748,0,430230098,0,3758281,0,126423097,0,121923776,22207,311270029,5536,11067083,87187,591912,13317,107903,9689415,39811826,2124193
1687435,224095275,254332900,247160,267850712,102362,99726156,0,225432426,179318,86353750,16331,42644697,0,432197072,0,3460848,0,123469744,0,116346772,11077,317735796,24897,324773,0,716858,3778,3122746,1326220,18773685,3614636
1448191,257694346,248775503,271497,278018438,227312,102858628,38320,236395934,235791,86980406,21862,25708045,935988,428438761,101951,4581301,1931957,127177305,61521,115851348,107166,315096550,640433,2139417,1775453,1810004,327451,137068,8161552,23524965,6155435
1904608,238872532,252625569,336976,287809735,78986,106231599,16809,231374363,23321,88204172,72558,7624552,152912,429856441,0,3628854,6964,125884020,0,114504857,57647,313782891,61666,6073299,27173,452509,0,484611,6947153,26408824,2872668
308520,231225554,245203315,225679,282075520,19480,104763637,0,228705274,0,85042514,5601,6102527,226441,430981681,0,3683387,0,121367685,0,114288192,38790,316137340,0,9605452,72281,335395,0,3184,1482308,18076431,5697441
2352340,227525202,255727939,285977,275640668,72466,105392315,0,231272857,0,86818335,21796,26040849,68496,428807763,0,3337781,0,124369130,0,120116126,204815,313074620,8925,10624302,11596,506505,0,0,1799001,16537993,2165879
1245724,240226974,255727959,260752,280390508,68292,104152306,0,237365082,0,86372636,18683,8949095,228825,428259857,0,3557170,0,126354986,0,116692667,149718,312530344,5426,365480,53717,676204,0,45340,1510089,24987212,1158188
989295,249993937,254865254,248844,288977027,120238,105268430,3138,242538108,0,88773793,0,8320469,113011,429855119,44813,3358365,0,129250454,0,114787602,5464,313691941,32383,149555,63871,734906,0,325918,488324,15680045,82692
815234,229680286,259839873,247739,285270491,190263,106205214,0,243384069,0,87434522,4145,29596911,0,427327250,224513,3765714,316509,127045566,0,120000312,167413,315508888,164223,56754,12008,221817,0,176686,1883781,21814796,5194775
1060745,211751232,257023505,239939,281016797,48205,105770195,4850,237814919,0,87519802,21099,35997913,0,426565579,202325,3504578,0,125226879,0,117212763,0,313404453,14090,122804,83509,329035,0,850659,6477147,27234465,2647763
1683894,252949814,258455459,266715,284225429,24351,105744816,0,237662845,0,85700559,0,22727457,0,429543925,367357,3539139,0,124139683,0,120063694,68980,313241470,69567,6769025,74123,561211,2095,96166,2461776,30049688,1772617
1427829,216316121,262773910,273355,289520331,118357,105663312,0,237115267,3849,93411372,5235,16813177,0,428448474,29804,3783760,107233,124074988,0,119387709,130546,311707812,193426,16826634,134599,1412834,0,3520643,2005253,22913068,5129834
779287,243922618,254412099,278423,271950127,1100359,99560384,0,228835227,741787,85833574,81628,17920612,1467134,425550229,14208,3873578,92611,120200244,1296489,119912508,576984,306777819,34453,3149826,64218,494417,300101,214718,2079411,19945270,2225071
950880,231055456,253829196,301940,278441875,89815,104033816,0,237716291,46178,88156332,24599,31900442,25738,430941065,0,3246233,0,127722462,136767,114418029,20292,307166511,12623,0,0,527652,0,624144,978902,38380653,1213627
201796,234712086,256783134,248570,272670911,23096,103105227,0,229737062,0,85352102,40836,28468890,0,430118843,0,3572716,0,123779767,274381,119403043,47227,309527947,10226,65804,0,317226,0,24284,5412670,18287368,2193475
1504718,214342919,243767576,295709,278959002,19828,102938824,0,233520855,4465,86566315,127791,15300233,0,429592406,0,3513660,0,121902210,71031,112295331,16624,315725896,45634,2461558,478549,253969,0,0,1191631,18458620,1361846
1041762,217565142,251552186,240419,273668812,122096,101246121,0,230218817,3603,86566289,18367,16693845,0,432295044,0,3500643,0,123806292,0,115664375,161655,315694106,146415,1729749,945319,720233,0,0,8680630,17244532,9981928
877444,230778185,253112077,247778,279614478,943976,104384160,6862,240646367,9990,84150311,96478,15697849,0,428889120,0,3688925,0,126335025,0,115909971,129516,310970895,130796,2504110,119174,354492,18523,514497,2034127,18683778,8455425
924833,234992259,245015561,218347,276644786,541217,104574054,53000,236664269,0,83160577,10921,18816754,0,429221901,0,3093492,0,124609702,0,114480757,156267,305195974,32942,12267995,5370,425398,0,284606,2179085,19113985,10363816
978598,237357564,261411865,252716,284864674,75085,104192867,144903,232778557,10760,88733549,5764,18103352,2360,427426215,0,3598360,0,126889333,0,115828863,90457,311723748,51048,12557281,28586,196417,18793,1484972,6196857,29530447,1342755
393684,232333449,254520124,258462,286845827,11160,106162358,147501,235766230,0,88151693,66529,10175954,2230,426945547,14764,3515817,0,123841627,0,115480626,6386,313548638,22006,3263177,21008,742830,0,269783,8729537,35249397,9663980
838950,210092508,254344531,258203,283497414,23413,104725826,222871,238692942,0,84806824,213041,7999526,0,427446787,0,3526085,0,127892293,0,118156636,41277,315556303,47813,202926,11187,738360,0,159994,1719200,15228663,985487
1191020,252612109,248532710,231280,281586303,608558,102947604,470506,234745314,975798,84762340,1065787,15494487,1321493,429286740,1274687,3728314,719994,123174052,485673,116334088,1388214,320310042,248382,53732,220247,1663632,1570917,663360,26918055,19022665,3523263
1155551,224562101,255549845,290389,285990714,914798,105171919,327226,240591202,562777,86783075,509288,33787677,1576310,428716712,665883,4529750,594233,127068688,585213,119204326,917667,309130531,737438,0,543896,1269592,1648030,15275123,2899256,30779106,5620937
1024286,209172779,252349015,260657,281742342,270403,103181981,305087,234722348,292309,84557412,51456,8850838,450193,432220144,178185,3952962,708284,123539988,338336,117080069,822542,309098423,263653,104921,174308,3483747,494800,127655,7646661,24195542,5134156
1761699,229421276,254388834,276771,274192470,30108,101055156,6156,230634862,0,85526194,136188,7760675,0,432971381,8738,3423643,0,123832814,0,117151031,730837,314648807,197985,1313050,5285,2423880,0,8390,5970685,19164993,1611632
3408077,233681043,252867875,262595,282629646,39258,104163295,0,236671579,0,84478410,31379,20169904,0,430470046,0,3365716,2637,123141336,0,115156751,771259,314153707,76233,1026900,188491,1513180,0,4066234,7204721,25159257,953292
3029811,229291245,263256839,274678,285494976,26204,104663845,0,249847350,0,90844311,73251,6438361,0,429147408,0,3724164,0,128894542,0,121362925,734835,309475504,46917,14490,145049,826444,0,245360,1898538,38036554,1610448
694735,241056496,255921439,241871,282405914,96627,103077130,15569,240560995,0,87197007,62805,23777339,0,430405142,0,3537511,0,125158069,0,115575877,455810,310428207,18292,32191,113436,632787,0,317076,1909709,41945127,11451482
609095,230932344,258196096,267577,286717839,100117,107314743,26763,247573775,1267463,86036316,41939,19643101,79103,430283689,0,3548381,0,127477661,0,118818199,543500,312322782,192214,204683,37732,538362,0,9684193,9743287,15107898,1586928
1013154,224797241,255358371,226830,287913960,108000,103769338,0,243433412,0,84520380,35612,16424540,7194,428131111,0,11705334,0,126485221,0,117201323,286462,308771866,373681,402388,65919,2952993,0,20459097,13980887,27391491,1267318
751610,214837267,251117953,285494,275504819,125786,103629968,18472,234665431,7810,84816751,403504,33858635,11072,431421240,0,3299266,0,128202361,0,118412135,171010,311145015,226969,98188,83833,1483997,0,16203836,3381942,21105556,1424960
1377884,253685412,243592357,2258139,281195025,595895,105286114,15236,241006135,0,85175001,1434995,18347237,366475,428677815,719396,3353600,945283,130179011,582072,112722319,45320,311387855,1665213,1042091,966080,182826,63806,12131287,4778377,21418648,11076058
5340535,230282828,256528158,284210,279089539,604696,102215943,3912198,235182822,1756,86597867,11292,16199784,0,427982119,0,3111774,0,129209082,0,118620657,64018,316503233,877428,254917,5437,444941,0,1738712,1150482,32677375,1353897
1075507,235503454,270052409,260905,280125173,42848,103640944,0,243663936,0,87910017,0,10258489,0,429945754,0,2990933,0,125150649,0,123640766,72337,312696465,862625,1107054,18609,99534,0,222565,2293369,19108164,3543946
2753719,222737744,255826969,303877,279751269,174340,103459004,31598,241061430,36075,87775525,100416,11325175,0,428305142,0,3459457,0,125630971,10601,117233680,64940,307792104,587084,55744,35908,667680,66972,173766,1541886,19080074,1626908
556816,220035169,266635575,265991,285123101,12242,105428250,21173,236706679,0,89920907,10920,8203593,0,427256585,15557,5595317,7205,125414480,0,120798658,17350,310871973,11764,1309375,74676,193173,222824,12650169,1431215,17552142,1616685
12928586,214405537,249767918,264176,272590395,153410,102040442,0,232252135,0,87292082,5667,19854106,0,433457266,0,3290438,3955,124564736,723068,116541174,47953,311011598,61071,0,175296,2050356,150207,465907,1924349,25889429,1441564
947900,238345208,258767711,299054,286235470,153586,105972981,0,242548762,26627,86610825,173302,10184053,0,428989471,13632,3718964,0,126198317,0,119349434,10956,305706643,85242,158185,89887,466799,185738,119678,1945962,20106433,3989795
1366103,213265874,259381460,315728,284189998,228316,102932648,104193,231984255,0,88055972,170734,4626182,0,430278623,0,3842812,3608,123917596,0,118049537,73014,314480803,196747,365897,328606,9375845,225686,4552761,1913498,16973762,1449482
