1370388,122946064,133322806,205281,142601638,352069,68103740,0,121690612,0,61001830,7554,4375186,0,193035400,28298,3957947,0,75999289,0,75963386,101744,130331948,0,443843,6222,10015339,79946,12602434,0,56178921,339719952
1091986,131000232,144645664,202752,166718207,739477,80820048,27258,131513417,0,64934625,0,5363878,0,208371961,545304,1637420,60600,84256230,22864,81403246,67378,146426367,4942,116726,5046,1041295,89134,1146861,0,17952284,117769045
603011,134935071,151388882,251170,171449012,439179,81383857,0,130926021,11256,67606085,2937,3213382,0,206476209,38190,1422058,0,79595850,0,76355981,145946,142967702,0,93836,0,815355,32255,589558,0,23986706,17306787
647187,144469942,149700208,207029,172136019,748696,81236658,15191,129343745,0,63451064,0,2306642,32943,197790383,256126,1298996,0,78945234,0,73362277,90535,139895041,0,93181,0,700232,16224,1004920,20957,12300796,4513207
538980,131544730,153766908,255523,171325006,841624,83353769,0,127172638,6338,71123594,0,6923910,0,206454345,47158,1570340,0,76814740,0,78126350,181876,138791906,0,20821,0,674518,60971,287392,3501,14248322,43179256
12583709,141075267,150079878,959041,165523534,657888,78992868,26971,131930224,0,63609070,41447,2919308,14064,215913118,155516,1607447,0,80833141,3619705,75442424,782149,157989552,4781,499482,14352,144393,1368088,2310720,24231,12236460,2070696
507459,126698264,142540395,1396858,167704231,182401,79202652,0,129926913,8065484,62262351,9183,4330514,1004587,216420786,87715,1188529,0,77543335,298805,71815229,155272,153712107,732542,48374,293794,167079,106835,1211213,701381,13082936,12641885
705441,137428714,148202866,171252,169853858,22444,81193212,15288,136809689,0,68927434,84215,3109132,0,207653679,42580,1451498,0,81305388,19122,75581688,19754,145979459,0,38943,126565,582836,87540,524483,0,11109344,9104824
769468,134400612,152348590,251148,170266492,27569,80738496,0,129292206,27671,71820856,0,4833506,1945,214745228,22212,1475602,0,77225568,0,78984729,20629,146933221,9807,30455,142576,164132,37043,180283,0,13367134,30687080
697607,132347892,150033939,259430,166790643,101318,78407541,46096,129080790,0,63437464,0,4081129,0,208542043,146603,1564516,0,76544960,0,75622082,21549,147426578,13384,62660,230711,4184405,215194,202600,9386,14274715,25179726
562245,130649798,152987706,221499,173205971,76966,82289541,0,130583181,41832,66964681,0,4544060,3397,205265371,50472,1369577,0,77867454,0,75755514,197424,139994292,0,40133,182936,490425,98158,108536,0,18999192,17340987
712892,139897752,147580873,197171,170278815,20015,79919923,5086,131529321,0,66797678,0,6874212,0,217118449,87319,1486497,0,77822417,16087,76922887,36974,150455815,3935,290328,310180,251426,46577,163001,4268,17657950,23430015
1126939,131842599,143214781,248712,174543373,73791,83148530,0,136400951,25481,61932397,172964,3065587,383270,221632997,60038,1432028,5574,82036523,8345,75152886,133542,151169152,20890,47860,281960,141096,147285,125694,2282,32803842,20840064
738739,133094034,149658523,223462,174214733,51779,81695285,0,132418813,0,65144444,23438,4968362,0,213360254,234712,1505812,7491,78686013,0,75109408,39145,147587686,0,352126,150940,101878,81543,566045,10394,15599062,25800800
592141,132187891,149525356,216435,173439125,203917,82012459,4948,130052788,23444,64864470,1949,7421372,3219,204410100,0,1599085,0,80173759,0,75876197,0,144157722,0,399941,174010,139584,177293,616087,0,16148861,6260946
808973,141276215,149382041,193386,169605770,102559,83065060,0,134463152,11429,68039016,939724,4682327,0,221295963,0,1536297,0,79569287,14316,79031459,80024,149805783,12626,498080,150960,818078,231452,1791672,0,16866155,42127596
1602555,140778966,154614571,2835689,172014610,452191,82911796,19496,127549576,2628,69702858,287312,2835261,1055156,212085982,786500,1434725,30149,78775767,18286441,77331781,159365,146686740,399470,1529250,742673,285051,190709,415700,817646,11300323,5388916
1152488,134728211,154809343,219580,172958165,38418,81095788,4952,132241757,0,69734362,0,5691136,0,196003096,112792,1663130,0,77062260,0,78325197,199954,135313084,0,136928,0,429835,187172,1205746,0,13942431,19341322
526058,118877546,149905229,205978,173625713,474137,84227267,2369,135458543,15560,66597411,0,2237597,0,213058686,100123,1586841,0,80159301,0,76880653,79294,146461087,6384,71125,4717,527407,63130,175143,8318,10453872,8283892
1313635,137512560,151480605,536148,178919921,596854,84401871,0,137719172,0,68353749,23248,2525876,0,206030875,346890,1430516,4525,82711054,0,79217755,0,139392844,0,117391,0,3961247,124650,397021,5309,17306981,38077851
775797,127764208,149656871,288449,172111119,468304,82198589,2084,136316420,15553,66028172,0,3062440,0,213478695,21583,1278344,30402,78987327,9483,76625589,88511,150614201,0,34223,27784,477096,199146,310994,0,23669204,15036592
855025,122622172,150854581,220142,177080918,898886,82721453,8660,131667635,0,67082295,0,4498587,0,213671501,22555,1411951,26596,78579246,285044,76745940,173345,147093637,0,365494,0,434056,222768,630887,3256,12111478,25561819
1126010,127548071,151346530,225704,170186440,132235,80298730,135958,136213689,24643,68823301,0,5819572,5262,219503714,256009,1360852,207096,80383408,10670,77064405,167818,149690113,0,35593,1547,132106,133049,401360,449910,30417376,22760427
609789,129072744,150010627,205987,172913916,0,82539417,202012,126823022,0,65825141,0,4521133,0,225454376,83231,1484764,0,77769789,1738,75527196,67523,154290238,0,51633,1262,277714,125203,680921,0,13168722,24293599
727004,126251587,150883878,248991,172559591,153626,81816939,9779,133614979,185971,67819724,30641,2229216,3200,208626826,39000,1603603,32612,79526047,1391904,77297677,24045,147684204,0,44275,6218,597165,64612,84094,0,10487208,42477157
704748,138745182,150689754,236352,168061472,29109,81316908,0,133710822,0,67264949,101816,3914588,149158,210386162,207593,1764300,0,79156536,5043,78403678,63324,145759348,0,269217,0,341538,84165,125235,0,12703198,14468375
1681588,139972835,150995660,2134591,169348948,276908,80697789,36714,130723942,1198854,66575962,0,4713386,84523,221931836,92217,2875490,28513,80464765,27097,76746672,1281598,152854234,550796,19989,0,246370,953363,14865,0,15153638,38459943
1111946,113965076,144028250,242834,163892971,131172,81353532,0,128557242,0,62307395,13811,8212533,0,218862719,304015,1523993,0,79723529,0,75768483,181161,149910639,3979,0,3035,126218,802922,166332,0,14231229,14106816
1121430,125162927,144418239,248625,166496110,131412,78986785,15244,132344345,43364,67691711,6090,3314939,3277,218295866,3414,1529163,1797,80249831,12144023,75459835,86411,154164855,0,7864,0,286953,711408,197960,0,11966174,39853980
1003036,133784581,151525235,197632,175775143,97405,82168274,0,134809323,0,64259980,4800,2887166,5240,209218777,0,1564390,33988,79429373,30246,76539276,181579,144640275,0,394250,0,3844522,836543,384372,0,10894217,13928110
750032,121975554,154862836,253158,168949194,11930,81051319,6117,132127710,6362,70537690,25091,4213822,11383,212282704,44564,1527988,13115,79588381,5148,78882603,16245,147147393,0,5476,0,560898,693264,1028480,0,30465430,30865483
625977,126346440,154462853,210851,175904309,112688,82726979,0,132354658,0,70059375,30047,3371330,2902,217532860,21638,1327609,27176,77685676,0,77231860,146323,151192462,5365,282351,5468,218921,694033,419363,0,14042087,21008896
826801,124341766,149939187,246781,168209816,77848,82599658,14854,131925948,16641,67274519,0,2818376,5212,219196718,5714,1485237,339653,79660001,22625,78789715,31536,151005955,61972,38122,0,1057176,385036,669260,0,25809164,27297476
679040,129029023,145888950,189970,168674133,375842,79356500,0,135134655,0,63311755,0,5433869,5105,211463894,175756,1602024,242552,82153112,0,75069846,42845,149865842,0,247110,15226,885126,24024,307666,0,17104613,18915008
379805,136723509,149414496,195478,165658439,340854,78959335,133698,133441095,21741,67762317,0,4063658,5831,207863214,151793,1328207,0,80258842,5070,79232491,107685,148433716,12005,109922,0,535835,124531,250550,9084,13278809,22967880
578180,137299419,149440753,241848,176512567,79891,84310420,152151,133843704,0,66213215,0,2982215,5829,218586117,489286,1399189,0,78613182,0,76763986,0,150305389,0,120558,0,425540,903183,78230,0,11674422,25597035
1912978,136516676,152627993,341997,169886528,183996,80984638,129946,136073103,933387,68501039,215057,5086731,1641295,213433540,70414,1589442,888515,79921171,0,79750113,260045,144649512,9024,156525,4215,910596,865087,707504,5926,11602427,31496387
644965,138977644,152254799,276941,168915773,29440,81677724,0,129526857,0,69294802,124221,3659415,0,217415061,0,2079293,278490,76846030,20699,78616495,81278,152044131,0,162817,5479,332411,55624,191488,0,13791138,14063639
474640,129710849,158642711,218578,174628944,5482,81152415,21841,135535841,0,71166133,113642,5977621,4454,203323969,40825,2624975,0,82329406,0,80895400,76378,138606338,0,234131,0,171761,1077605,136674,5472,13270751,18252239
545732,122478517,146578112,199303,165852453,64053,81432007,0,137250332,0,67461841,84223,4995469,0,213419080,74126,1645091,112462,81838934,3738,78363525,81024,151133798,0,163961,4017,5308299,171826,273878,0,13428458,10873778
770653,126466562,149674623,180111,169263560,54012,79824394,14985,134557341,12920,66358461,0,4606674,0,206653831,151935,1488814,98711,79230830,0,75405485,17278,143704904,0,255943,8832,634665,41249,172746,0,22666134,7077346
1652311,125502934,150351275,238495,166585518,54103,80182022,0,131342570,0,67049310,0,4291365,2535,216597162,414260,1355534,132157,80423076,5019,78049523,42812,152988013,0,0,23812,296790,225909,142572,4570,11950059,20564694
2202334,128825197,149307033,238810,175951449,17843,83395291,15912,138165768,27730,63626145,5430924,3447191,0,219695891,17155,1789789,0,82369256,0,77028464,45697,153474242,0,41400,0,272173,89299,535873,277591,35793193,9496122
550018,128221114,151878483,191801,171287689,34935,82284433,0,132326528,0,69733941,0,6595785,25045,213917449,4038,1481323,448590,79683401,0,75653158,16596,152391421,172575,2817,2579,41067,16342,440340,147587,31749806,45438146
592081,132174059,153031731,219919,171178607,71056,82087762,15435,133670906,19259,69392884,0,3739967,0,212902875,79080,1273231,13003,78672128,0,77566853,66264,150184524,0,326681,0,292532,153662,330143,259019,12961537,7786088
445324,144229095,146533132,190785,169262065,706378,81201435,0,132732855,0,64691726,0,5294074,0,210148925,114456,1522044,30557,80837652,22433,74064991,118876,146294822,0,305742,108958,835270,59027,1389146,16579,16787349,29628517
1206147,133807319,147783320,982566,169822264,1138820,79242066,48289,138983135,12005244,65683604,24303,6346047,6112,216987200,771391,1388396,6326,85176642,0,79547412,688371,152071104,442243,320278,1949081,213373,151457,374644,0,14961621,20662852
1340687,128955575,146348604,199747,172184366,36872,80859097,126060,134870321,0,65325568,0,4527949,9215,209263143,31434,1374957,83350,79031970,0,74872430,91274,148174523,0,56318,83166,118012,22570,1017717,0,15441539,11493780
757201,130295816,148516583,214762,170254861,72515,80934775,15279,129705422,13976,65578069,0,3718791,455573,221526398,60578,1624446,4177,78965320,0,75213365,153690,156022745,0,73510,0,542657,1692534,1552836,990,17367788,42148331
1084533,124357850,154889576,233546,173506794,86845,81678580,0,134560046,0,68325091,1871,4850160,204109,213606326,71299,1404510,380626,79121719,703379,77547661,145155,150999146,7049,0,0,2614990,149303,461251,0,12376220,11343090
719008,138222730,153849748,228839,173769498,33371,83995633,14885,136948690,14276,70850288,0,4283545,118323,216955281,5520,1609574,102428,78964056,0,79449025,112897,145747822,84348,514238,0,1601025,17927,279875,1502,27612448,22106312
1167621,123195210,148881643,226340,167821658,105166,80590492,0,131933624,0,68689552,40382,5696152,118851,210687517,337904,1243369,5010,80647356,5310,77249429,64560,150454764,0,90210,0,327045,123258,231128,4725,15506774,12779374
776934,133140006,148226819,182773,170251298,82419,82969571,14863,134455386,69411,67157778,1979,6952886,76963,205172445,205890,1614119,56126,79941193,0,74425120,69436,142281693,6095,0,0,277346,66565,114675,0,28769337,27601589
734969,126688313,149285587,191402,172202262,21970,82412101,6364,136008866,0,65308161,0,3183954,3838,221286865,825552,1544488,49506,81293576,0,77602466,36820,154048880,0,1212076,0,234366,65506,501640,0,9187124,19417405
1112665,128916824,147803261,209905,168850616,36609,81675040,18573,136829110,25485,65345514,0,3939230,11221,210044396,614511,1649736,0,81761412,0,75550200,82220,152904600,22904,34062,0,322188,73450,209005,5090,14857809,31733283
789246,134969913,148326845,206841,166202690,341027,82210362,5998,130294464,0,66298954,18193,5721430,0,216614016,262254,1408814,6507,79921140,5789,78100778,18420,157707325,0,127846,0,1041095,117099,540424,161567,13359459,14047803
2716926,130293464,154305077,920038,169853929,1423482,93451403,12660,130524033,297101,72291221,41442,4478946,319139,208920216,392074,1358034,8952,77429428,825103,79465577,79599,143738829,0,360428,0,1457662,64990,7925960,1329142,11637910,29743311
991405,123555148,151076291,195814,171929771,706122,81303538,6896,130030170,0,65389647,16617,3893230,2042,221128518,0,1455623,73176,76288903,0,77150983,101387,156358915,0,0,0,236437,163963,327523,5125,10580069,37895963
826319,128352470,144326128,255454,167662709,95628,79689645,158544,135441934,13637,64301329,90072,3912163,2930,226675636,0,1454175,0,83273502,0,75239397,118826,160480246,0,296709,0,165597,72542,126873,0,12782428,4067484
