10495096,40976946,9722496,7583563,10598181,6326072,5552071,6274165,8298106,5684757,5179325,5650322,4475853,5084966,12110582,5130011,3689239,4717065,7342464,4746634,5917910,4722287,13962926,4733320,4170475,4772824,4240498,4736216,4309468,10757681,4418996,55631438
10495256,40977036,9722553,7583612,10598243,6326103,5552087,6274189,8298137,5684784,5179354,5650354,4475885,5084995,12110602,5130029,3689266,4717082,7342483,4746648,5917944,4722322,13962944,4733334,4170494,4772838,4240520,4736224,4309510,10757703,4419010,55631468
10495400,40977118,9722634,7583643,10598293,6326134,5552119,6274222,8298169,5684814,5179381,5650370,4475918,5085021,12110616,5130064,3689271,4717102,7342499,4746711,5917957,4722362,13962973,4733353,4170506,4772865,4240546,4736247,4309527,10757754,4419066,55631523
10495576,40977215,9722657,7583677,10598353,6326172,5552138,6274274,8298187,5684861,5179411,5650406,4475934,5085049,12110638,5130114,3689285,4717142,7342530,4746750,5917975,4722386,13963015,4733385,4170511,4772899,4240556,4736271,4309534,10757784,4419083,55631560
10495740,40977306,9722679,7583708,10598418,6326183,5552171,6274302,8298209,5684922,5179446,5650491,4475960,5085067,12110668,5130179,3689317,4717164,7342540,4746779,5917981,4722408,13963023,4733442,4170517,4772922,4240564,4736287,4309549,10757814,4419104,55631585
10495896,40977414,9722710,7583752,10598463,6326255,5552205,6274329,8298235,5684971,5179482,5650548,4475972,5085093,12110685,5130213,3689346,4717186,7342554,4746819,5918005,4722415,13963031,4733450,4170534,4772946,4240567,4736308,4309563,10757838,4419111,55631609
10495996,40977511,9722771,7583808,10598512,6326288,5552241,6274354,8298251,5684999,5179519,5650568,4476005,5085132,12110702,5130225,3689357,4717218,7342565,4746844,5918033,4722462,13963045,4733499,4170550,4772962,4240579,4736331,4309603,10757866,4419139,55631663
10496099,40977672,9722795,7583873,10598537,6326318,5552273,6274382,8298261,5685033,5179542,5650605,4476033,5085149,12110728,5130270,3689383,4717246,7342605,4746868,5918048,4722509,13963143,4733549,4170557,4773015,4240593,4736337,4309625,10757874,4419148,55631676
10496288,40977729,9722833,7583893,10598547,6326348,5552291,6274428,8298291,5685048,5179601,5650622,4476043,5085161,12110731,5130281,3689391,4717275,7342614,4746895,5918078,4722563,13963195,4733575,4170589,4773065,4240613,4736371,4309641,10757917,4419161,55631728
10496456,40977828,9722927,7583934,10598571,6326391,5552306,6274507,8298324,5685096,5179624,5650646,4476065,5085185,12110752,5130302,3689426,4717288,7342628,4746908,5918093,4722581,13963208,4733593,4170619,4773081,4240657,4736384,4309668,10757940,4419174,55631789
10496656,40977908,9722955,7583980,10598597,6326414,5552334,6274579,8298354,5685110,5179648,5650666,4476097,5085211,12110780,5130310,3689472,4717316,7342650,4746933,5918101,4722594,13963251,4733629,4170634,4773119,4240673,4736408,4309675,10757955,4419210,55631817
10496752,40978015,9723003,7584039,10598669,6326439,5552360,6274644,8298365,5685131,5179659,5650686,4476114,5085261,12110796,5130400,3689487,4717381,7342689,4746984,5918112,4722615,13963263,4733653,4170658,4773130,4240688,4736433,4309689,10757976,4419237,55631844
10496883,40978112,9723026,7584104,10598707,6326484,5552402,6274730,8298386,5685157,5179671,5650707,4476118,5085339,12110815,5130454,3689507,4717411,7342702,4747028,5918138,4722655,13963270,4733691,4170677,4773148,4240701,4736457,4309696,10758002,4419247,55631866
10497076,40978197,9723057,7584142,10598775,6326513,5552447,6274775,8298413,5685179,5179706,5650715,4476141,5085387,12110830,5130465,3689525,4717420,7342723,4747058,5918147,4722685,13963282,4733709,4170696,4773194,4240709,4736514,4309709,10758036,4419280,55631899
10497245,40978265,9723126,7584167,10598806,6326525,5552512,6274834,8298453,5685195,5179721,5650741,4476178,5085411,12110851,5130479,3689535,4717471,7342754,4747070,5918160,4722689,13963307,4733740,4170721,4773209,4240720,4736529,4309753,10758057,4419322,55631906
10497432,40978361,9723152,7584198,10598849,6326553,5552559,6274920,8298478,5685215,5179754,5650784,4476195,5085443,12110888,5130490,3689590,4717485,7342759,4747085,5918178,4722699,13963328,4733744,4170753,4773232,4240735,4736546,4309773,10758072,4419333,55631943
10497556,40978439,9723173,7584263,10598874,6326596,5552594,6274971,8298486,5685261,5179769,5650813,4476206,5085469,12110895,5130558,3689626,4717508,7342786,4747103,5918190,4722727,13963352,4733760,4170771,4773244,4240770,4736592,4309801,10758104,4419350,55631979
10497685,40978547,9723222,7584337,10598913,6326634,5552625,6275000,8298497,5685311,5179796,5650828,4476221,5085504,12110906,5130602,3689651,4717543,7342802,4747159,5918201,4722750,13963375,4733768,4170777,4773255,4240812,4736613,4309815,10758131,4419387,55632009
10497833,40978633,9723244,7584414,10598963,6326665,5552658,6275038,8298511,5685352,5179815,5650842,4476241,5085526,12110949,5130616,3689656,4717582,7342806,4747173,5918212,4722786,13963395,4733816,4170781,4773257,4240833,4736658,4309821,10758138,4419431,55632042
10497980,40978725,9723274,7584484,10599038,6326692,5552705,6275075,8298555,5685378,5179834,5650876,4476256,5085538,12110956,5130634,3689700,4717609,7342852,4747194,5918233,4722820,13963408,4733838,4170787,4773269,4240863,4736719,4309836,10758149,4419445,55632063
10498073,40978860,9723333,7584521,10599083,6326725,5552740,6275117,8298586,5685394,5179845,5650902,4476296,5085552,12111013,5130646,3689756,4717623,7342872,4747218,5918260,4722836,13963418,4733870,4170800,4773289,4240874,4736753,4309881,10758187,4419463,55632095
10498233,40978970,9723359,7584565,10599132,6326756,5552815,6275203,8298616,5685437,5179882,5650944,4476313,5085563,12111033,5130690,3689777,4717638,7342921,4747234,5918262,4722844,13963428,4733898,4170815,4773299,4240884,4736779,4309895,10758202,4419477,55632120
10498390,40979039,9723394,7584594,10599155,6326801,5552832,6275278,8298637,5685482,5179926,5650976,4476337,5085629,12111047,5130734,3689797,4717659,7342970,4747250,5918270,4722867,13963437,4733909,4170832,4773316,4240894,4736802,4309926,10758223,4419490,55632144
10498457,40979181,9723443,7584668,10599188,6326847,5552848,6275346,8298657,5685529,5179941,5650998,4476340,5085637,12111066,5130751,3689813,4717684,7343025,4747274,5918289,4722933,13963445,4733957,4170848,4773330,4240902,4736835,4309936,10758242,4419541,55632167
10498552,40979280,9723506,7584712,10599218,6326871,5552859,6275384,8298668,5685573,5179957,5651005,4476371,5085689,12111095,5130759,3689827,4717715,7343078,4747302,5918302,4722939,13963459,4734019,4170898,4773345,4240944,4736850,4309945,10758255,4419570,55632207
10498709,40979378,9723545,7584736,10599269,6326912,5552894,6275402,8298700,5685604,5179980,5651023,4476382,5085740,12111107,5130767,3689844,4717726,7343096,4747335,5918326,4722969,13963489,4734071,4170921,4773406,4240964,4736889,4309977,10758281,4419594,55632250
10498837,40979499,9723574,7584785,10599298,6326954,5552923,6275413,8298741,5685676,5180007,5651053,4476409,5085797,12111115,5130776,3689852,4717758,7343134,4747352,5918344,4722982,13963508,4734130,4170929,4773429,4240988,4736931,4309988,10758300,4419615,55632295
10498906,40979562,9723636,7584841,10599361,6326991,5552964,6275429,8298752,5685710,5180027,5651078,4476423,5085844,12111125,5130819,3689875,4717796,7343157,4747369,5918374,4722999,13963526,4734222,4170959,4773506,4241014,4736965,4310007,10758316,4419629,55632321
10499049,40979654,9723696,7584877,10599392,6327019,5552975,6275476,8298761,5685751,5180046,5651128,4476445,5085851,12111157,5130829,3689891,4717819,7343164,4747386,5918379,4723014,13963543,4734260,4171003,4773519,4241021,4737053,4310060,10758372,4419670,55632366
10499190,40979749,9723780,7584947,10599434,6327041,5552994,6275520,8298776,5685782,5180067,5651142,4476474,5085886,12111194,5130860,3689912,4717854,7343187,4747419,5918396,4723039,13963555,4734289,4171033,4773534,4241029,4737063,4310094,10758405,4419689,55632389
10499338,40979840,9723848,7585015,10599497,6327104,5553013,6275558,8298824,5685797,5180080,5651152,4476489,5085892,12111202,5130866,3689940,4717880,7343204,4747438,5918423,4723073,13963610,4734319,4171043,4773567,4241051,4737081,4310120,10758429,4419720,55632444
10499488,40979940,9723892,7585069,10599558,6327156,5553033,6275612,8298845,5685820,5180136,5651170,4476518,5085920,12111218,5130913,3689960,4717921,7343224,4747456,5918441,4723094,13963636,4734330,4171059,4773572,4241073,4737130,4310132,10758447,4419744,55632464
10499673,40980036,9723953,7585131,10599594,6327196,5553060,6275655,8298858,5685839,5180158,5651185,4476561,5085935,12111245,5130931,3690000,4717932,7343250,4747475,5918448,4723113,13963661,4734345,4171066,4773589,4241090,4737157,4310152,10758455,4419762,55632498
10499844,40980108,9724024,7585188,10599614,6327283,5553075,6275722,8298873,5685863,5180180,5651239,4476591,5085962,12111251,5130962,3690018,4717945,7343268,4747498,5918459,4723153,13963696,4734353,4171098,4773595,4241109,4737173,4310164,10758476,4419788,55632521
10499995,40980191,9724053,7585276,10599648,6327303,5553093,6275777,8298896,5685912,5180208,5651282,4476603,5086018,12111272,5131032,3690028,4717968,7343298,4747530,5918460,4723174,13963717,4734433,4171118,4773620,4241111,4737187,4310181,10758488,4419805,55632541
10500090,40980294,9724133,7585306,10599680,6327323,5553126,6275808,8298916,5685934,5180239,5651301,4476613,5086036,12111286,5131072,3690035,4718013,7343314,4747576,5918496,4723226,13963750,4734499,4171129,4773650,4241125,4737234,4310216,10758517,4419831,55632564
10500223,40980387,9724196,7585345,10599725,6327366,5553140,6275899,8298929,5685964,5180254,5651327,4476653,5086067,12111304,5131093,3690057,4718027,7343335,4747602,5918520,4723239,13963783,4734568,4171151,4773685,4241130,4737243,4310227,10758571,4419853,55632625
10500360,40980472,9724249,7585377,10599752,6327395,5553170,6275933,8298968,5685996,5180276,5651363,4476684,5086108,12111315,5131125,3690079,4718047,7343362,4747644,5918543,4723258,13963831,4734607,4171165,4773726,4241143,4737268,4310238,10758622,4419880,55632672
10500559,40980544,9724300,7585439,10599808,6327443,5553195,6275979,8299004,5686026,5180317,5651388,4476718,5086118,12111327,5131155,3690112,4718087,7343377,4747662,5918552,4723265,13963838,4734619,4171179,4773740,4241160,4737305,4310264,10758680,4419892,55632705
10500656,40980662,9724388,7585479,10599828,6327516,5553219,6276002,8299023,5686061,5180319,5651404,4476734,5086196,12111337,5131217,3690144,4718099,7343392,4747745,5918577,4723285,13963880,4734641,4171198,4773747,4241173,4737330,4310283,10758716,4419917,55632725
10500813,40980756,9724447,7585514,10599873,6327545,5553266,6276053,8299049,5686115,5180333,5651409,4476757,5086213,12111354,5131238,3690170,4718134,7343406,4747764,5918590,4723309,13963894,4734703,4171206,4773781,4241188,4737348,4310312,10758738,4419926,55632752
10500934,40980866,9724515,7585572,10599924,6327620,5553291,6276068,8299058,5686207,5180371,5651441,4476769,5086223,12111368,5131256,3690185,4718142,7343415,4747783,5918600,4723338,13963904,4734731,4171230,4773811,4241199,4737400,4310331,10758770,4419963,55632802
10501089,40980946,9724576,7585595,10599956,6327657,5553303,6276100,8299099,5686263,5180399,5651504,4476805,5086297,12111409,5131277,3690200,4718154,7343440,4747807,5918620,4723360,13963918,4734742,4171251,4773815,4241223,4737443,4310339,10758787,4419974,55632814
10501199,40981030,9724743,7585634,10599999,6327686,5553322,6276135,8299113,5686285,5180411,5651524,4476842,5086326,12111463,5131328,3690235,4718162,7343455,4747829,5918632,4723392,13963943,4734778,4171279,4773824,4241249,4737453,4310362,10758809,4419997,55632839
10501353,40981099,9724812,7585672,10600019,6327713,5553344,6276157,8299140,5686321,5180427,5651541,4476857,5086369,12111498,5131361,3690258,4718198,7343514,4747857,5918646,4723406,13963973,4734787,4171303,4773871,4241272,4737473,4310383,10758879,4420011,55632863
10501493,40981219,9724877,7585737,10600055,6327750,5553351,6276227,8299184,5686338,5180452,5651568,4476877,5086389,12111506,5131390,3690277,4718222,7343525,4747873,5918658,4723422,13964004,4734819,4171330,4773908,4241295,4737512,4310421,10758906,4420069,55632878
10501621,40981308,9724925,7585789,10600113,6327793,5553375,6276279,8299208,5686360,5180500,5651578,4476927,5086437,12111547,5131424,3690291,4718245,7343544,4747895,5918679,4723430,13964029,4734880,4171352,4773918,4241321,4737524,4310444,10758929,4420092,55632890
10501695,40981392,9724971,7585835,10600193,6327859,5553418,6276319,8299223,5686396,5180521,5651619,4476937,5086448,12111553,5131463,3690303,4718305,7343557,4747922,5918699,4723443,13964080,4734907,4171365,4773928,4241335,4737536,4310460,10758980,4420105,55632916
10501810,40981490,9725039,7585886,10600256,6327912,5553446,6276361,8299234,5686418,5180550,5651647,4476949,5086472,12111561,5131485,3690324,4718317,7343565,4747965,5918721,4723455,13964101,4734941,4171414,4773940,4241345,4737578,4310500,10759011,4420116,55632936
10501932,40981540,9725078,7585913,10600312,6327972,5553487,6276370,8299266,5686458,5180583,5651684,4476959,5086522,12111572,5131546,3690343,4718377,7343576,4747989,5918727,4723466,13964112,4734952,4171438,4773982,4241348,4737591,4310540,10759023,4420127,55632999
10502112,40981612,9725111,7585944,10600342,6327998,5553515,6276379,8299284,5686463,5180605,5651705,4476995,5086564,12111582,5131567,3690366,4718424,7343580,4748011,5918737,4723530,13964139,4734994,4171442,4774084,4241355,4737696,4310552,10759043,4420146,55633016
10502285,40981674,9725159,7585974,10600405,6328045,5553578,6276421,8299318,5686477,5180623,5651758,4477003,5086581,12111585,5131593,3690436,4718439,7343597,4748031,5918743,4723541,13964148,4735042,4171456,4774119,4241365,4737749,4310567,10759095,4420166,55633046
10502452,40981770,9725211,7586026,10600420,6328076,5553596,6276443,8299338,5686507,5180629,5651812,4477050,5086629,12111608,5131620,3690451,4718455,7343637,4748064,5918821,4723566,13964161,4735055,4171464,4774139,4241368,4737821,4310582,10759119,4420224,55633062
10502601,40981849,9725263,7586073,10600452,6328111,5553611,6276464,8299350,5686532,5180676,5651834,4477060,5086695,12111622,5131641,3690455,4718482,7343646,4748070,5918865,4723574,13964197,4735068,4171486,4774165,4241384,4737858,4310586,10759176,4420259,55633107
10502712,40981926,9725341,7586103,10600521,6328133,5553650,6276493,8299389,5686556,5180718,5651867,4477068,5086743,12111634,5131680,3690463,4718503,7343669,4748121,5918892,4723590,13964211,4735080,4171494,4774185,4241435,4737877,4310600,10759216,4420291,55633154
10502846,40982011,9725410,7586160,10600557,6328168,5553683,6276519,8299397,5686599,5180757,5651919,4477095,5086792,12111670,5131711,3690466,4718510,7343676,4748137,5918898,4723610,13964215,4735089,4171517,4774216,4241477,4737898,4310631,10759233,4420306,55633187
10502970,40982091,9725463,7586203,10600624,6328198,5553702,6276550,8299432,5686616,5180795,5651944,4477121,5086797,12111697,5131740,3690497,4718532,7343700,4748153,5918927,4723630,13964232,4735164,4171534,4774234,4241495,4737924,4310643,10759283,4420320,55633209
10503070,40982180,9725570,7586239,10600671,6328217,5553730,6276605,8299448,5686647,5180817,5651969,4477171,5086822,12111709,5131762,3690544,4718544,7343754,4748164,5918943,4723644,13964274,4735212,4171555,4774252,4241514,4737963,4310659,10759299,4420341,55633238
10503205,40982276,9725592,7586298,10600767,6328246,5553743,6276631,8299465,5686692,5180829,5651989,4477209,5086834,12111731,5131778,3690580,4718570,7343843,4748214,5918947,4723674,13964283,4735238,4171588,4774274,4241520,4737983,4310670,10759320,4420367,55633269
10503352,40982359,9725696,7586329,10600793,6328263,5553765,6276674,8299497,5686740,5180854,5652024,4477225,5086875,12111784,5131793,3690602,4718593,7343870,4748262,5918965,4723688,13964301,4735284,4171602,4774296,4241525,4737992,4310687,10759345,4420385,55633311