1090228250555,3315694031916,1149305138230,1512094840047,1183948785317,1522676349388,1065495326818,1449611100779,1155672758801,1287982080101,1129671674091,1282516771073,1160839079600,1253399114750,1148172401885,1260689891931,1025581511687,1193719834658,1062054958709,1196013374855,1020801685970,1259501524419,1028252596044,1236204216194,1088666040648,1183376314099,1156752423190,1193442988760,1134253110832,1789038112184,1967092156790,7463185657984
1090230049437,3315821838363,1149443714026,1512094852150,1184099191397,1522676640940,1065569095478,1449611300528,1155794525012,1287982248376,1129730725924,1282516945571,1160844344609,1253399235852,1148361139624,1260689891931,1025584393784,1193719988685,1062128078404,1196013571019,1020875050492,1259501576493,1028378585479,1236204247272,1088666907496,1183376314099,1156761475089,1193443003083,1134264309309,1789063767380,1967147029648,7463196031534
1090230682424,3315956176411,1149593784216,1512094872044,1184266913965,1522676640940,1065649203631,1449611383812,1155930333377,1287982339358,1129796696573,1282517029099,1160849685454,1253399418867,1148571438336,1260689891931,1025586058811,1193720046171,1062208979410,1196013651459,1020959443840,1259501763665,1028524189244,1236204275011,1088667436937,1183376314099,1156769150077,1193443003083,1134264540170,1789064244175,1967164320095,7463196033566
1090231328068,3316084507929,1149740773561,1512094891877,1184438891732,1522676640940,1065731263890,1449611430080,1156062560909,1287982409801,1129860479970,1282517133266,1160852635853,1253399832818,1148790496502,1260689891931,1025587368578,1193720219728,1062289192446,1196013677181,1021036736922,1259501782836,1028677628619,1236204275011,1088667756348,1183376314099,1156769737561,1193443003083,1134264938712,1789064615306,1967193037609,7463196110829
1090231921559,3316216552374,1149886800664,1512094927890,1184611447631,1522676640940,1065813693217,1449611494863,1156191862883,1287982478954,1129920938468,1282517297518,1160859027994,1253399919361,1149008765096,1260689891931,1025588697749,1193720276166,1062370057434,1196013688180,1021112672134,1259501824446,1028826626114,1236204275011,1088668034741,1183376318655,1156770043473,1193443003083,1134265229609,1789064993452,1967207875327,7463196295897
1090233863868,3316362305051,1150035229139,1512098387149,1184792495590,1522676640940,1065895010711,1449611613304,1156319221355,1287982540048,1129983764066,1282517303057,1160862721078,1253400939677,1149231880962,1260689940880,1025590019854,1193720369038,1062450272670,1196013792955,1021189969861,1259501875612,1028979956446,1236205596473,1088668611116,1183377193072,1156770285251,1193443006105,1134265229609,1789065499229,1967228933309,7463196403473
1090234499780,3316488424094,1150185495110,1512098403434,1184949847353,1522676640940,1065972425604,1449611654909,1156448808823,1287982605373,1130049458064,1282517335993,1160868329481,1253401175356,1149452700312,1260689940880,1025591377724,1193720473457,1062529268043,1196013961479,1021267736082,1259502057954,1029128850197,1236205596473,1088668863629,1183377212533,1156770490345,1193443014130,1134265229609,1789065773051,1967245802016,7463196408333
1090236189592,3316612976399,1150339396691,1512098415351,1185117381051,1522676660077,1066052633561,1449611722621,1156579069613,1287982777786,1130118946275,1282517437453,1160874212471,1253401317930,1149660284625,1260689940880,1025592759028,1193720525410,1062606008708,1196014001998,1021345647916,1259502140746,1029274663029,1236205596473,1088669158645,1183377216456,1156772334380,1193443016192,1134269430372,1789066097066,1967260807101,7463196449962
1090236841799,3316739313097,1150487127126,1512098453405,1185282022079,1522676660077,1066132071248,1449611786083,1156708551505,1287982816527,1130186889636,1282517516280,1160878062004,1253401469613,1149875755388,1260689972769,1025594089764,1193720564636,1062683153468,1196014043343,1021422396867,1259502147889,1029429772814,1236205596473,1088669398862,1183377223409,1156773247852,1193443016192,1134273150784,1789066644843,1967274939190,7463196643264
1090239755401,3316870225885,1150638413328,1512098482721,1185456395248,1522677133887,1066215655230,1449611836627,1156837111681,1287982886985,1130256535238,1282517521692,1160882254753,1253401600082,1150084867245,1260689972769,1025595521569,1193720584971,1062762358052,1196014043343,1021499914771,1259502190073,1029570422604,1236205596473,1088671532539,1183377229392,1156773500396,1193443016192,1134273958339,1789067122036,1967288241017,7463196805303
1090242034449,3316986470850,1150787441685,1512098816590,1185627098729,1522677133887,1066295287161,1449611855098,1156966980560,1287982964354,1130322482682,1282517545063,1160887912846,1253401706272,1150295558800,1260689972769,1025597053857,1193720619092,1062839207644,1196014056513,1021576389613,1259502210301,1029714721076,1236205660863,1088672180964,1183377236759,1156774095807,1193443022611,1134274012393,1789067647472,1967312322191,7463197048458
1090244327914,3317108535840,1150932586538,1512098839379,1185799631716,1522677161808,1066376705175,1449612408951,1157102699903,1287983010536,1130386814184,1282517585323,1160893586004,1253401858214,1150517971177,1260690051481,1025598411763,1193720672532,1062917568874,1196014119029,1021651823712,1259502246874,1029862714154,1236205660863,1088672405609,1183377236759,1156774422333,1193443022611,1134274097324,1789068022596,1967330713912,7463197202733
1090245125057,3317249302934,1151086388527,1512098847268,1185976657869,1522677161808,1066459835298,1449612408951,1157232986246,1287983041187,1130451407496,1282517590740,1160899102454,1253401983703,1150724777388,1260690051481,1025599867389,1193720689516,1062995193362,1196014230382,1021730650368,1259502254224,1030003419803,1236205660863,1088672581497,1183377236759,1156774480833,1193443028819,1134280320283,1789068161342,1967348368918,7463197528711
1090245927932,3317374118468,1151239034942,1512098889583,1186145220885,1522677166461,1066539220274,1449612448599,1157366744032,1287983103990,1130516612083,1282517612053,1160903494487,1253402146401,1150939073536,1260690051481,1025601379646,1193720721150,1063074318482,1196014350107,1021809601659,1259502254224,1030150240116,1236205660863,1088672701661,1183377236759,1156774940763,1193443028819,1134282744459,1789068647575,1967378672545,7463197563897
1090248862717,3317502818025,1151389938685,1512098890306,1186321824906,1522677183032,1066623232061,1449612479851,1157504856087,1287983142149,1130581265780,1282517612053,1160907126744,1253402302475,1151155290624,1260690051481,1025602608004,1193720730967,1063156880811,1196014350107,1021890144906,1259502270816,1030299661984,1236205668401,1088673015557,1183377316123,1156774980853,1193443054002,1134283015921,1789069050879,1967397397255,7463197625739
1090251614444,3317631650586,1151542779258,1512101478549,1186491787415,1522677190849,1066704261801,1449612537049,1157632004642,1287984795094,1130648717488,1282517945358,1160913807564,1253402401396,1151356988140,1260690090244,1025604332463,1193721258093,1063235846957,1196014524775,1021971972168,1259502359350,1030461144894,1236205668401,1088675734423,1183377316123,1156775307151,1193443082122,1134283214767,1789070512467,1967412932101,7463198749195
1090252875948,3317758770716,1151683353000,1512101511531,1186660521287,1522677426950,1066785282914,1449612595599,1157764675821,1287984988679,1130710109575,1282517950935,1160919044336,1253402562359,1151577995122,1260690090244,1025605917484,1193721300741,1063314575572,1196014538988,1022045400281,1259502544341,1030611268760,1236205677290,1088676475960,1183377319588,1156776198444,1193443088623,1134284362463,1789070915650,1967437130125,7463199008575
1090254863973,3317885216787,1151833923836,1512101544975,1186835903704,1522677442812,1066868233732,1449613101684,1157891906481,1287985147254,1130778114060,1282518290695,1160923342562,1253402742747,1151791635972,1260690090244,1025607111418,1193721437106,1063390686098,1196014657899,1022121469416,1259502604456,1030757816104,1236205677290,1088677305038,1183377319588,1156776315766,1193443088623,1134284739794,1789071200483,1967448792234,7463199191413
1090258222403,3318026053016,1151985716099,1512101544975,1187010682764,1522677830817,1066949730660,1449613667765,1158020675790,1287985238033,1130843125222,1282518657727,1160927773107,1253402789526,1151999114118,1260690234134,1025608632517,1193721740484,1063465799131,1196014835573,1022199056179,1259502727816,1030899609363,1236205846296,1088677679677,1183377358361,1156776365681,1193443088623,1134285217809,1789071512104,1967464113932,7463199436822
1090259338362,3318153117997,1152137358232,1512101571646,1187176571031,1522677830817,1067031003054,1449613744184,1158151830126,1287985267710,1130908046176,1282518688483,1160931715803,1253402789526,1152221753413,1260690234134,1025610112748,1193722344454,1063544955975,1196014922956,1022277121976,1259502778581,1031050345946,1236205846296,1088677807075,1183377358361,1156776365681,1193443088623,1134285742045,1789071998265,1967477264324,7463199627920
1090263333245,3318296129193,1152287550408,1512101595623,1187347360485,1522678107368,1067113806048,1449613762807,1158284537056,1287985281285,1130975212601,1282518732365,1160938554773,1253402794538,1152436193871,1260690258896,1025621269902,1193722937063,1063624763917,1196014947500,1022354934496,1259502851471,1031197598460,1236205895784,1088678280090,1183377358361,1156776625429,1193443088623,1134285976799,1789072336307,1967508777224,7463199637536
1090264028304,3318430161223,1152440027213,1512101628262,1187518632027,1522678107368,1067195778041,1449613792967,1158418182352,1287985308847,1131043503764,1282526909905,1160943317504,1253402794538,1152650994755,1260690258896,1025623001626,1193723519087,1063705399404,1196014947500,1022432800509,1259502851471,1031345026719,1236205905335,1088678510559,1183377373031,1156776716905,1193443088623,1134286088495,1789072475880,1967522978405,7463199838908
1090265507667,3318559818658,1152595180900,1512101644849,1187689060176,1522678107368,1067277271443,1449613820552,1158548958275,1287985366739,1131113283661,1282526938393,1160947965335,1253411383848,1152859078426,1260690258896,1025624534936,1193724415340,1063783027464,1196014952979,1022512694481,1259502963359,1031486948480,1236205938129,1088678650083,1183377377333,1156776819964,1193443094887,1134286662638,1789072805888,1967541118317,7463200238361
1090266442380,3318691413699,1152745962184,1512101665443,1187861410309,1522678252788,1067358227565,1449613899748,1158679675596,1287985477804,1131178493534,1282526999101,1160952112975,1253411383848,1153083121218,1260690258896,1025626294271,1193724970994,1063860628325,1196014967777,1022588749703,1259503043180,1031641262554,1236206251998,1088678858907,1183377677602,1156776819964,1193443120885,1134286974701,1789073138280,1967567078510,7463200307040
1090267208596,3318824287619,1152893066946,1512101690166,1188029913536,1522678259383,1067440551666,1449614047628,1158806984546,1287985536497,1131242980661,1282527065236,1160956119826,1253411383848,1153317284076,1260690258896,1025627579171,1193725585537,1063937769970,1196014980037,1022666759647,1259503196571,1031802976906,1236206251998,1088679147459,1183377688071,1156779140699,1193443120885,1134287169761,1789075270262,1967583813285,7463200498619
1090269980183,3318978812638,1153040646559,1512105729345,1188200430240,1522679857472,1067521338468,1449614279661,1158942730693,1287985611986,1131306169318,1282527557853,1160959524365,1253412831768,1153527610130,1260690381919,1025629759470,1193726720224,1064028797058,1196014990779,1022745039064,1259503272263,1031948083816,1236207159607,1088679857335,1183377688071,1156780130075,1193443120885,1134288962274,1789077576224,1967635663600,7463200498619
1090271020836,3319118253529,1153193265374,1512105748097,1188369010739,1522679857472,1067602057343,1449614361510,1159077149396,1287985660042,1131375592587,1282527557853,1160965277386,1253412831768,1153747072147,1260690592729,1025631564674,1193727161738,1064106879109,1196015065171,1022821737149,1259503311178,1032102322628,1236207159607,1088681282137,1183377688071,1156780466011,1193443137208,1134289070827,1789077833276,1967648146824,7463200697249
1090271825870,3319249995176,1153340833848,1512105827930,1188536911967,1522679857472,1067682651706,1449614451573,1159207419026,1287985710593,1131438587085,1282539621365,1160969161576,1253412843359,1153971136814,1260690594797,1025632937879,1193727737044,1064183635634,1196015114461,1022899603752,1259503388283,1032258243821,1236207163937,1088681715068,1183377688071,1156780497853,1193443137208,1134289173350,1789078283622,1967658809149,7463200730570
1090272724803,3319388270616,1153494775729,1512105881501,1188710931389,1522679857472,1067765813259,1449614582585,1159342149128,1287985801498,1131507347309,1282539729604,1160974240833,1253412848283,1154193628121,1260690594797,1025634174084,1193728264384,1064262280310,1196015137754,1022978191934,1259503393953,1032409885100,1236207163937,1088684300963,1183377688071,1156780546641,1193443144499,1134289369262,1789078696891,1967673145965,7463200885620
1090273541198,3319527874426,1153638573917,1512105919378,1188881545339,1522679857472,1067848335415,1449614608301,1159475481123,1287985833604,1131570088966,1282539764151,1160977328557,1253413239631,1154418421067,1260691853849,1025635657305,1193728870106,1064344005819,1196015147954,1023053887233,1259503393953,1032564781457,1236207163937,1088684432056,1183377688071,1156780546641,1193443144499,1134289379908,1789078965955,1967683098401,7463200890375
1090274218369,3319664053102,1153785635486,1512105933983,1189056457005,1522679857472,1067928909215,1449614659945,1159615198080,1287985884539,1131632518899,1282539764151,1160981771608,1253413263033,1154631742249,1260691861711,1025637110922,1193729376900,1064424588436,1196015147954,1023130172493,1259503393953,1032710539069,1236207163937,1088690277463,1183377688071,1156780872469,1193443150282,1134289399948,1789079152784,1967706355137,7463200979229
1090274652868,3319792311952,1153936322359,1512105977211,1189223423162,1522679857472,1068008545206,1449614779237,1159743365011,1287986278561,1131699210398,1282539859952,1160986239754,1253413263033,1154846583714,1260691866629,1025638711875,1193729878900,1064499736096,1196015151766,1023207990541,1259503448154,1032859423945,1236207163937,1088690528987,1183377690306,1156782859158,1193443165141,1134290412002,1789079500857,1967723117815,7463201074909
1090275701307,3319936913802,1154094517714,1512106019126,1189387046122,1522679857472,1068089275295,1449614850616,1159874881995,1287986364932,1131768459752,1282539955306,1160990250743,1253413263033,1155061912085,1260691866629,1025640189797,1193730398222,1064577521175,1196015163445,1023287513014,1259503524277,1033008784231,1236207209721,1088690857795,1183377690306,1156782882992,1193443171045,1134290632530,1789079809063,1967735349779,7463203694761
1090277073193,3320091787434,1154240614636,1512106029266,1189558504672,1522679866358,1068172098175,1449614907055,1160007101872,1287986418134,1131830641566,1282539961169,1160994563975,1253413296281,1155283778007,1260691866629,1025641595528,1193730818632,1064656841516,1196015163445,1023363146954,1259503773343,1033161166314,1236207209721,1088696646828,1183377697027,1156782882992,1193443171045,1134291047042,1789080177553,1967764685998,7463203866512
1090277586977,3320233032905,1154388081875,1512106043761,1189729320713,1522679866358,1068251744883,1449615001033,1160139322071,1287986771665,1131894739827,1282540016204,1160999966630,1253413300560,1155494189206,1260691866629,1025643136018,1193731443996,1064735379866,1196015175610,1023439332678,1259503931500,1033304307152,1236207209721,1088696750707,1183377697027,1156782918550,1193443171045,1134291100065,1789080465821,1967779208263,7463205993628
1090278178420,3320370254366,1154541756113,1512117675685,1189893540214,1522679866358,1068340394373,1449615195572,1160265536553,1287986884902,1131961018390,1282540675528,1161007149851,1253413446203,1155708573318,1260691866629,1025644973522,1193732568642,1064814820579,1196015212087,1023517833695,1259503992303,1033452828302,1236207209721,1088697162685,1183377984124,1156785077777,1193443174168,1134291260326,1789082040365,1967793349292,7463206998446
1090279404711,3320508164343,1154696349735,1512117691301,1190068382906,1522679875678,1068422241439,1449615304055,1160396566896,1287986936147,1132029426512,1282541355761,1161013340074,1253413475231,1155922799813,1260691867803,1025646613134,1193732647939,1064893968847,1196015218931,1023597146222,1259504082402,1033599477926,1236207215645,1088697286560,1183377984124,1156785344323,1193443174168,1134291302177,1789082611351,1967805407800,7463207306056
1090280171215,3320646364639,1154847467671,1512117698475,1190237482440,1522679875678,1068503687075,1449615374603,1160525262997,1287987042661,1132094488466,1282542124233,1161015911626,1253413816352,1156140986949,1260691870877,1025648226418,1193732696095,1064973201527,1196015271904,1023677098870,1259504110609,1033750544628,1236207263743,1088697658126,1183377990273,1156785484507,1193443177345,1134291302177,1789082958658,1967817752355,7463207306056
1090280744243,3320780747800,1154993961868,1512117707875,1190415033492,1522679875678,1068587389237,1449615543719,1160661154743,1287987171769,1132161109527,1282542746539,1161020368897,1253413930919,1156352620581,1260691870877,1025649881844,1193732806905,1065054026522,1196015342166,1023751478019,1259504110609,1033897563424,1236207304274,1088697845254,1183377990273,1156785484507,1193443177345,1134291368246,1789083348625,1967829974971,7463207412750
1090281166108,3320915962895,1155146886019,1512117754844,1190585250670,1522679875678,1068668735204,1449615601336,1160797682846,1287987250139,1132229437289,1282543509445,1161024813228,1253414289145,1156573138733,1260691874474,1025651320036,1193732832628,1065136360384,1196015359917,1023832568855,1259504160050,1034047791030,1236207304274,1088698122009,1183377990273,1156787738163,1193443177345,1134291404851,1789083681868,1967841298649,7463207538139
1090281879248,3321063066709,1155296038102,1512117774370,1190752500618,1522679896373,1068750578334,1449615774875,1160929466506,1287987361471,1132295583866,1282543686208,1161027493375,1253414289145,1156785412639,1260691874474,1025652643465,1193732960961,1065214981096,1196015428675,1023909558385,1259504318102,1034200543543,1236207344387,1088701858261,1183377990273,1156788157317,1193443177345,1134291544942,1789083843371,1967858179616,7463207742716
1090282909847,3321200774944,1155447500013,1512117788240,1190931812234,1522679896373,1068832417257,1449616113088,1161056412435,1287987820575,1132364486886,1282543838208,1161032949442,1253414294194,1156985821019,1260691874474,1025654097311,1193732987007,1065290850282,1196015428675,1023984867877,1259504342673,1034339187554,1236207355529,1088702170577,1183377990273,1156788351418,1193443177345,1134291553788,1789083979939,1967886264410,7463207742716
1090284284232,3321328174614,1155598977784,1512117795180,1191109675608,1522679909012,1068914238426,1449616268037,1161186454920,1287987936298,1132430044100,1282544061201,1161037679733,1253414326287,1157193944432,1260692027360,1025655747233,1193733041449,1065369120751,1196015474888,1024062322770,1259504387704,1034485139719,1236207430638,1088702383048,1183377993268,1156788351418,1193443177345,1134291675375,1789084308821,1967909707420,7463208005965
1090285275568,3321466975764,1155749336091,1512117803324,1191282014798,1522679909012,1068997575744,1449616355954,1161322388809,1287988039083,1132497239804,1282544228130,1161040805120,1253414407787,1157413984278,1260692027360,1025657541266,1193733150385,1065449580809,1196015606874,1024142699926,1259504411347,1034641943378,1236207430638,1088702647779,1183378003276,1156788387537,1193443177345,1134291933281,1789084691199,1967936615935,7463208108207
1090285705526,3321599979734,1155901887822,1512117816365,1191450073296,1522679936657,1069078252276,1449616483989,1161458388083,1287988142993,1132563762463,1282544800717,1161045737731,1253414407787,1157624842280,1260692027360,1025659310913,1193733156726,1065529713433,1196015636063,1024224850536,1259504489261,1034793515936,1236207430638,1088705172581,1183378008214,1156788404860,1193443183685,1134293229235,1789085047205,1967948817833,7463208153465
1090286642141,3321742744894,1156056819066,1512118885467,1191621700952,1522681510070,1069158835534,1449616559882,1161584374026,1287989046002,1132632445449,1282545818875,1161052600465,1253416504139,1157830039727,1260693357170,1025669659216,1193733250814,1065605345895,1196015693121,1024305191736,1259504666362,1034939787344,1236207458399,1088705868890,1183378025349,1156788450824,1193443201651,1134293311002,1789086721634,1967959934248,7463209186113
1090287431871,3321879052997,1156215781809,1512118910144,1191794215488,1522681526172,1069241933100,1449616686022,1161717131017,1287989260552,1132703644549,1282545880693,1161055694736,1253416673370,1158035476845,1260693373494,1025671166130,1193733280211,1065683222238,1196015693121,1024384516247,1259504751176,1035086877027,1236207458399,1088709040851,1183378066610,1156788954534,1193443207809,1134294071831,1789087024799,1967974629579,7463209365358
1090288392820,3322017833730,1156363317193,1512118930464,1191963471956,1522681555787,1069323371681,1449616708406,1161852922623,1287989279944,1132770954261,1282545932122,1161059864690,1253416890227,1158246697042,1260693373494,1025672544227,1193733418305,1065761167328,1196015726415,1024459481418,1259506049315,1035234433360,1236207458399,1088709082054,1183378066610,1156789288014,1193443212924,1134296236108,1789090905055,1967987534574,7463210632501
1090290122080,3322150805891,1156521649905,1512118957504,1192130264028,1522681590462,1069403292174,1449616814608,1161985526093,1287989343896,1132842502191,1282546065944,1161065487369,1253417001463,1158453131105,1260693373494,1025674158486,1193733454452,1065839171211,1196015787243,1024541651043,1259506159472,1035375930831,1236207471806,1088712186590,1183378066610,1156789727228,1193443212924,1134296666370,1789091416497,1968000847870,7463210931794
1090291369282,3322280972022,1156671438109,1512118995197,1192296079813,1522681590462,1069483443152,1449616871292,1162117348802,1287989565386,1132911378923,1282546316285,1161070595709,1253417204638,1158669069029,1260693421170,1025675936376,1193733518251,1065917546580,1196015839314,1024619007796,1259506178657,1035530913263,1236207471806,1088712488836,1183378066610,1156789846178,1193443212924,1134298005406,1789091833001,1968015728331,7463211037089
1090292318930,3322414654937,1156814714710,1512119016083,1192467135921,1522681633338,1069563742814,1449616904165,1162247538817,1287989681376,1132971855126,1282546369602,1161074277669,1253417311570,1158891109261,1260693421170,1025677521898,1193733634303,1065993900146,1196015910721,1024693984715,1259506178657,1035687242263,1236207504411,1088713003354,1183378066610,1156791432350,1193443234244,1134298017966,1789092138451,1968037512045,7463211233329
1090292856897,3322552150798,1156967598398,1512119035065,1192629132412,1522681633338,1069643791020,1449617024994,1162377848111,1287989930740,1133041727941,1282546615362,1161077598421,1253417395585,1159102683756,1260693427213,1025678956067,1193733687563,1066072586741,1196015981116,1024773827951,1259506198252,1035837671664,1236207504411,1088713256351,1183378066610,1156792676848,1193443234244,1134298026643,1789092534205,1968049818857,7463211356516
1090293881098,3322688027371,1157115863177,1512119054806,1192798932238,1522681679527,1069727247434,1449617297012,1162510354647,1287989975856,1133107333584,1282546615362,1161083778075,1253417496298,1159319465458,1260693427213,1025680564761,1193733726253,1066150699596,1196016037960,1024851117060,1259506357211,1035984415174,1236207504411,1088713460364,1183378070499,1156796535388,1193443234244,1134298074998,1789092885748,1968066589813,7463211447963
1090296644054,3322814422193,1157265823259,1512119059292,1192969938156,1522681679527,1069809614379,1449617403650,1162644638622,1287990170341,1133173170657,1282546693331,1161087018237,1253417496298,1159529034347,1260693435366,1025682173662,1193733839372,1066231789497,1196016063973,1024926943127,1259506527592,1036134727911,1236207504411,1088714485881,1183378070499,1156796880310,1193443250943,1134298080611,1789093271964,1968084216228,7463211524446
1090297361137,3322946625974,1157415559072,1512119069506,1193139298027,1522681731732,1069889683566,1449617886122,1162776922410,1287990333205,1133239245881,1282546761415,1161089729558,1253417499989,1159740637162,1260693435366,1025683707736,1193733999977,1066313040900,1196016218966,1025004191106,1259506611815,1036288534229,1236207504411,1088715290159,1183378070499,1156797136685,1193443257510,1134298603574,1789093582407,1968095993894,7463211749837
1090298138779,3323083560252,1157565300782,1512119140605,1193301221957,1522682630524,1069969302979,1449618699394,1162906928511,1287990523863,1133304217856,1282546803581,1161092662894,1253418047191,1159955069049,1260693440023,1025685262372,1193734070472,1066394199572,1196016317059,1025082660508,1259506720056,1036440741940,1236207504411,1088715600696,1183379113776,1156797448331,1193443469781,1134300281580,1789093866153,1968107412166,7463213462343
1090298831911,3323225789247,1157715734697,1512119140605,1193474306668,1522682666760,1070051881878,1449619707256,1163042808636,1287990625354,1133370845292,1282546809071,1161095928763,1253418128068,1160168825985,1260693444268,1025686803292,1193734166336,1066473777564,1196016353319,1025160406108,1259506763254,1036588802640,1236207504411,1088715707350,1183379113776,1156798840719,1193443469781,1134300325860,1789094224620,1968120197169,7463213529310
1090300033477,3323357437761,1157876567456,1512119168828,1193645689899,1522682666760,1070132741083,1449620204644,1163174303875,1287990811395,1133443155401,1282546874735,1161099093286,1253418128068,1160379312178,1260693445938,1025688541035,1193734284683,1066551153234,1196016360573,1025241237507,1259506770564,1036738060319,1236207504411,1088716113608,1183379113776,1156799136663,1193443469781,1134303013072,1789094711361,1968130777486,7463213551165
1090300868793,3323493491056,1158030811761,1512119170023,1193820585391,1522682690686,1070217019336,1449620603586,1163303267070,1287991172049,1133510631042,1282547193216,1161106732288,1253419111018,1160587588873,1260693445938,1025690097664,1193734385489,1066629531214,1196016379418,1025317833810,1259506867004,1036879970437,1236207668032,1088716209441,1183379113776,1156799136663,1193443471812,1134303102213,1789095038423,1968140226732,7463213645523
1090302178997,3323621884789,1158180248081,1512119182812,1193992497265,1522682690686,1070298821114,1449620661052,1163440065229,1287991722143,1133573160331,1282547376207,1161112927321,1253419132143,1160797746389,1260693738964,1025691554867,1193734496592,1066712770402,1196016402261,1025395642502,1259506897781,1037026774598,1236207668032,1088716876285,1183379113776,1156799346563,1193443471812,1134304559814,1789095472800,1968151491955,7463213785295