5466603947741,12029528313687,7156307901110,10194160432509,7099040092285,8402181343104,6354822411843,8126433193657,6551664731598,6694437566677,6060318911605,6339132495291,5372183894827,5731329921950,7198316072066,5709724566693,7344825664754,5059430773898,5798634012859,5002859791521,5457529909574,5224571468393,5854163757432,5055887276822,5097790153410,5181839390925,5174207544983,5047933660777,5105434935872,6429440932727,5821368623161,9665169595121
5466631602165,12029979340156,7156890415622,10194886484765,7099632685552,8402181711760,6355195426196,8126434513356,6552166932437,6694439202493,6060576423316,6339133688770,5372217181660,5731331511446,7199007763680,5709724712952,7344905956413,5059431953238,5798891923260,5002860904785,5457791556467,5224584731739,5854622148685,5055889273044,5097807358200,5181848484461,5174281395069,5047943347066,5105516316778,6429551146896,5821563257879,9665312650524
5466654503705,12030416343503,7157552035440,10195729283602,7100332016468,8402181711760,6355619015842,8126435732410,6552716878804,6694440606050,6060861506601,6339134849250,5372242563966,5731332930369,7199749850636,5709724766026,7345005999727,5059433190678,5799220018562,5002862048169,5458082399631,5224595002545,5855181110509,5055890984384,5097821785121,5181848811234,5174320893673,5047943477120,5105531152745,6429607848213,5821631043402,9665411220149
5466676481476,12030829300520,7158178913073,10196568088422,7101010541745,8402181725286,6356038064490,8126437230781,6553266030037,6694442952073,6061143606365,6339136099787,5372254540891,5731334760056,7200496236346,5709724965531,7345110357244,5059434279477,5799546392212,5002863156918,5458365095008,5224611059931,5855764389599,5055893054420,5097840607754,5181849910486,5174339033835,5047943801296,5105543298444,6429634360651,5821680229815,9665453082408
5466699360309,12031243051429,7158815885702,10197400869443,7101707836333,8402181804638,6356436247810,8126438725787,6553831144403,6694444478662,6061432438291,6339137508715,5372285378759,5731336340232,7201255310206,5709724979096,7345201651648,5059435619993,5799862668991,5002864286693,5458648149997,5224615728862,5856345420796,5055900427987,5097858383854,5181851590809,5174373594537,5047944663025,5105557351582,6429670843034,5821734529692,9665502999237
5466726820157,12031673407593,7159435510864,10198220526689,7102398089415,8402192844059,6356837296242,8126452458630,6554371493034,6694469284828,6061705901904,6339146260755,5372307173595,5731350355340,7202001421803,5709736107330,7345306844664,5059451911330,5800178731810,5002888309014,5458941225020,5224637970355,5856922692776,5055944901591,5097886871192,5181871389044,5174390167100,5047955711762,5105576171529,6429713389524,5821799503578,9665555234092
5466749026512,12032092386438,7160062018990,10199026321768,7103063512394,8402209331525,6357206665302,8126453803107,6554897676762,6694470596067,6061988890018,6339148878991,5372334330705,5731352198798,7202732845586,5709736231801,7345406933314,5059453115068,5800492448901,5002889377363,5459231708715,5224638995973,5857492195634,5055958468730,5097901458407,5181873834676,5174409696181,5047956640432,5105591637775,6429748407874,5821868190916,9665598836551
5466775357143,12032497357264,7160736861720,10199872977331,7103741057341,8402227563123,6357609396711,8126456806583,6555431105315,6694471914947,6062308978072,6339150342073,5372360950253,5731353557856,7203452908204,5709736348801,7345507471054,5059454302185,5800804593613,5002890701207,5459525368849,5224640111209,5858036927601,5055971563689,5097916003858,5181877450715,5174424169510,5047957801499,5105608551702,6429792250176,5821919204860,9665641440922
5466800190524,12032902316218,7161394596647,10200725517525,7104432131867,8402245484607,6358008077619,8126458430118,6555964459188,6694474375207,6062608453392,6339151563230,5372378877322,5731355344719,7204168096054,5709736809115,7345596463900,5059455604178,5801111207826,5002891863178,5459813295850,5224641256110,5858596426448,5055984980184,5097930662695,5181882075100,5174440064734,5047958753567,5105633828054,6429830261141,5821976012011,9665674323177
5466830963745,12033317703839,7162065182107,10201577069470,7105134417363,8402261040865,6358424440085,8126459684040,6556532845747,6694475702540,6062906897519,6339152839510,5372398574301,5731357156513,7204893883578,5709736809115,7345728969289,5059456806096,5801419914144,5002893002362,5460105232732,5224642390408,5859135691732,5055998269395,5097946575887,5181886289505,5174455698442,5047959499562,5105646333386,6429883605443,5822020909418,9665718841306
5466856125828,12033711686340,7162715367559,10202416341835,7105825461030,8402277944427,6358854831085,8126461012440,6557072178900,6694476979349,6063185845806,6339156017678,5372425474354,5731358527979,7205614376171,5709736872765,7345820565456,5059458182774,5801728289781,5002894213198,5460395386360,5224643500517,5859672308218,5056012110128,5097962599001,5181890431600,5174479643595,5047960405364,5105662125930,6429918220711,5822088512237,9665760993804
5466884624481,12034107906256,7163366882752,10203250677005,7106515932925,8402294102525,6359272131920,8126463821144,6557624449713,6694478394811,6063470413850,6339157419017,5372451231101,5731360336981,7206366061534,5709737191227,7345924423930,5059459706872,5802050986938,5002895331523,5460680149500,5224644623063,5860250259647,5056022459904,5097978967024,5181892396039,5174497869256,5047961282350,5105674368628,6429956745717,5822153226755,9665806666648
5466907546452,12034537794514,7164022924701,10204094440413,7107237946540,8402312542758,6359691791405,8126465416298,6558176686132,6694479852098,6063773824839,6339158789536,5372475820374,5731362948839,7207103273883,5709738121622,7346026795739,5059460984325,5802363606326,5002896417453,5460967932427,5224645804844,5860788474550,5056035654691,5097994665743,5181896909030,5174515107206,5047962376609,5105697247941,6429990714079,5822211313396,9665848646777
5466932525785,12034935483402,7164650442226,10204941475857,7107908502475,8402313690460,6360109861696,8126467181938,6558727197067,6694481131926,6064053525442,6339161444135,5372496236568,5731365808651,7207818120084,5709756421425,7346158134663,5059462236288,5802686484348,5002897825184,5461263930611,5224646920706,5861337272893,5056048501695,5098008912962,5181901150222,5174532192567,5047963798682,5105713365594,6430037551342,5822266772659,9665889211064
5466959987890,12035344329964,7165318074025,10205788314493,7108612166703,8402330227416,6360523903616,8126469828618,6559297408243,6694482359857,6064349047440,6339162809417,5372514982651,5731367357949,7208578304459,5709756421425,7346239285765,5059463479664,5803027477401,5002898982145,5461558726460,5224648056023,5861909423846,5056062159715,5098024450356,5181905300883,5174546400745,5047965319690,5105728856190,6430089669892,5822322859928,9665923981503
5466992597673,12035749946698,7165972342092,10206641225776,7109295287617,8402358825336,6360940899798,8126481787005,6559834544348,6694499168496,6064653150560,6339173380617,5372553395173,5731399606670,7209286336814,5709770209285,7346337409676,5059476086264,5803331691898,5002922003643,5461858217904,5224659928043,5862440226555,5056083843701,5098050740829,5181917847639,5174575256266,5047977183245,5105759579187,6430140019582,5822389251518,9665982212304
5467020137286,12036147431990,7166598932383,10207478655541,7109965964596,8402377414259,6361354415514,8126483337605,6560370425769,6694500516881,6064913546167,6339174516735,5372577234685,5731401386628,7210022116776,5709770601177,7346469537837,5059477658339,5803652057167,5002923200951,5462126771119,5224661206310,5863012903675,5056096763907,5098067498536,5181921549875,5174600454188,5047978676181,5105798604534,6430185447873,5822483506026,9666021836037
5467049201352,12036555475607,7167261042111,10208332110422,7110683178515,8402378129994,6361764359591,8126503209903,6560933086467,6694501821963,6065215950797,6339177129919,5372600185935,5731402727182,7210774064030,5709770657487,7346547903337,5059478865781,5803952482983,5002924361646,5462412361606,5224662276976,5863577767105,5056109282893,5098081731720,5181925406749,5174611549764,5047979932429,5105816578825,6430227773198,5822527908280,9666067136992
5467080834436,12036977477417,7167892424036,10209177831268,7111377736412,8402381343411,6362172677584,8126523152518,6561457403856,6694505758258,6065519968608,6339179497536,5372626493709,5731403920179,7211474472102,5709771920456,7346659077722,5059481405883,5804248643386,5002927204558,5462703123589,5224664399352,5864105843495,5056123217855,5098096539337,5181929345501,5174625414581,5047981656433,5105835108337,6430267262572,5822591501245,9666101549727
5467106604261,12037390321577,7168542930247,10210000642032,7112056655048,8402401324009,6362572520895,8126524910626,6561996778114,6694507251456,6065806766477,6339180667707,5372645762987,5731405426306,7212228487204,5709771935886,7346805181926,5059483616693,5804563328432,5002928359250,5462997751985,5224665563929,5864685286094,5056133286119,5098110742542,5181931218052,5174645701300,5047982824475,5105847681106,6430308098338,5822641926463,9666144930529
5467133863857,12037843595103,7169180045775,10210831634181,7112759002903,8402420410021,6362992632108,8126528470981,6562549584648,6694508709952,6066092866561,6339184269954,5372676922552,5731406970169,7212974098263,5709773301431,7346895413941,5059486484908,5804883940220,5002931730797,5463286722872,5224666785668,5865242596153,5056148913978,5098126242729,5181935384472,5174672065752,5047987160256,5105859984132,6430343011375,5822710261999,9666192500877
5467157070988,12038264243804,7169841476400,10211674883298,7113447098293,8402422556423,6363397995896,8126531342762,6563107405713,6694510060440,6066415956444,6339201195184,5372698073830,5731408388102,7213720905109,5709773301431,7346986536636,5059489191833,5805207195272,5002932892868,5463582388336,5224667977242,5865809808373,5056159099506,5098140826993,5181937261608,5174693346818,5047988464451,5105872209506,6430381299725,5822756849840,9666225835313
5467180591995,12038677660745,7170517395203,10212544457183,7114148695752,8402424851478,6363796414745,8126534296594,6563647800633,6694511458318,6066730337132,6339202414866,5372722063510,5731423343857,7214436105799,5709774791980,7347077095366,5059491383908,5805513607905,5002934060032,5463888714901,5224669136548,5866336292391,5056172175586,5098156642013,5181941059002,5174713006766,5047989799540,5105887890109,6430426425571,5822821422196,9666278292300
5467205330216,12039081000645,7171161217401,10213387890047,7114840050087,8402427608417,6364221656384,8126537873957,6564202343042,6694512873475,6067011051020,6339219908702,5372743871725,5731424854250,7215183586000,5709775210904,7347241026824,5059493677085,5805819070291,5002935181178,5464177177691,5224670668263,5866908245497,5056185987036,5098170432398,5181944476776,5174726624750,5047991599750,5105908441232,6430465553459,5822869793879,9666310436463
5467229450846,12039480955739,7171804220460,10214219684510,7115527603711,8402429277799,6364623084950,8126540759544,6564750495995,6694514208404,6067283654247,6339235744437,5372766791426,5731425168415,7215961546655,5709775210904,7347317500275,5059496065103,5806127506848,5002936347841,5464466496131,5224671817280,5867538821834,5056198787250,5098187131181,5181947896124,5174740846368,5047992833481,5105927409239,6430514895426,5822924745157,9666349791845
5467259139468,12039915520837,7172462164363,10215055415603,7116201204862,8402438830372,6365045519626,8126551349165,6565305216663,6694522948133,6067575762589,6339251532485,5372789663796,5731461318088,7216666609372,5709787068729,7347405928498,5059506576964,5806455126746,5002948355030,5464757851319,5224696785555,5868067708022,5056219793467,5098220693615,5181965763962,5174768151811,5048004101699,5105951216554,6430567941641,5822994269980,9666396706239
5467283674790,12040342865125,7173130336137,10215896434378,7116879840329,8402439073949,6365450920803,8126554046801,6565838444463,6694524203804,6067885295308,6339252703284,5372816212677,5731478029212,7217410121607,5709787477717,7347512537781,5059509178360,5806773421534,5002951003215,5465050765637,5224698002737,5868637995620,5056232261895,5098235392218,5181968135498,5174787128666,5048005370951,5105968251826,6430605985442,5823035354647,9666447168216
5467309491754,12040747277821,7173782187747,10216726121137,7117577428923,8402439377083,6365871914844,8126556649438,6566380276403,6694525629951,6068159433455,6339270007041,5372835954520,5731479183056,7218157016118,5709788287744,7347607248111,5059511500444,5807078595845,5002952346146,5465340587170,5224699172015,5869227750192,5056244630403,5098249933002,5181971520980,5174800324530,5048006925354,5105984809431,6430639843561,5823083711882,9666481889574
5467333275531,12041225077124,7174429419328,10217554507034,7118264344754,8402439681845,6366272015346,8126559247054,6566933336061,6694528280493,6068451864332,6339288161894,5372856564194,5731479546935,7218898172308,5709788427445,7347775839314,5059514098062,5807406500966,5002953502834,5465632297464,5224700388412,5869793183723,5056257130466,5098270498968,5181975337266,5174813720335,5048008197837,5106001572068,6430692970446,5823139072455,9666522988967
5467357913895,12041642766194,7175079431384,10218400153943,7118969559330,8402439860817,6366680229565,8126561894729,6567486224074,6694529928143,6068724771672,6339289387672,5372874157856,5731496581422,7219646591193,5709790208102,7347860660452,5059516601260,5807728544499,5002954673903,5465912435777,5224701691672,5870374495938,5056269720670,5098285734710,5181977878244,5174824517267,5048009545840,5106016387585,6430720710968,5823179197694,9666559577081
5467382284865,12042049213148,7175727043775,10219250167932,7119670657437,8402440251543,6367105142111,8126564564104,6568039116557,6694531217908,6068999973913,6339290553068,5372897162332,5731512908952,7220389564371,5709791897452,7347945436766,5059519303283,5808060034390,5002955827115,5466196219323,5224702874779,5870922421060,5056282296053,5098305841393,5181980589737,5174844646622,5048011039540,5106027047886,6430758454232,5823234580327,9666615869656
5467409469596,12042446342958,7176380873278,10220070640919,7120350988782,8402440588046,6367503599377,8126567055896,6568564458609,6694547774643,6069288042470,6339293081938,5372917954156,5731512997888,7221113787215,5709792156154,7348037774982,5059521716461,5808360815880,5002957011842,5466486544921,5224704148516,5871473860991,5056294072226,5098320591023,5181983120375,5174864275297,5048012469893,5106038624960,6430784742726,5823298756715,9666652331566
5467434835564,12042872498287,7177030946652,10220898317018,7121034710609,8402440821538,6367909843141,8126569883390,6569098892835,6694549082726,6069582291494,6339311263466,5372938863395,5731514541006,7221835977661,5709792209609,7348129417654,5059524109531,5808673321868,5002958181815,5466788811626,5224705297233,5872031482309,5056304732974,5098335125968,5181983446633,5174877903558,5048014487376,5106053697988,6430829176862,5823344066640,9666705277963
5467487070934,12043314969534,7177680382569,10221715622144,7121715567905,8402441182415,6368306444146,8126572920739,6569654820823,6694550373519,6069878346299,6339312433476,5372959276351,5731529660189,7222586751890,5709792363310,7348215217698,5059526671161,5808990695867,5002959333429,5467069207724,5224706430565,5872608419513,5056311578782,5098355594243,5181983621475,5174890905685,5048015945103,5106064843588,6430868977489,5823398282020,9666749732503
5467513333965,12043712702582,7178325335056,10222555075688,7122402335039,8402441546104,6368717338454,8126575550470,6570205049130,6694551926340,6070174901582,6339330597601,5372983568084,5731531254613,7223300146078,5709792363310,7348395592649,5059529189968,5809307229714,5002960453308,5467351149454,5224707499766,5873140250040,5056319906065,5098372057663,5181983621475,5174912500974,5048017360706,5106074175155,6430908538978,5823457505326,9666793721127
5467545175924,12044124037161,7178972048237,10223378608255,7123069932796,8402456208250,6369148737075,8126587656946,6570745383392,6694565558917,6070465294494,6339343542768,5373021661947,5731557747323,7224042335397,5709818258823,7348484883980,5059542505737,5809608944744,5002973311614,5467644413531,5224728777884,5873693236132,5056337401347,5098405307447,5182008547691,5174947403814,5048029564323,5106094805958,6430954199404,5823531482349,9666853692983
5467567864880,12044564144829,7179641677496,10224221120719,7123766182060,8402476138581,6369582764595,8126595018023,6571303934841,6694568594815,6070757942967,6339345673493,5373051035713,5731576610342,7224781732593,5709818508164,7348562395174,5059543664002,5809929703299,5002974452347,5467941734253,5224729905001,5874247755459,5056351533175,5098420956269,5182008640475,5174974086441,5048029878639,5106103329570,6430983896038,5823586381732,9666904160945
5467594951826,12044988378860,7180297922364,10225054708963,7124449767583,8402495355896,6370004342217,8126599979209,6571846736225,6694575020585,6071041045327,6339348328622,5373063519643,5731593348260,7225526790061,5709819907187,7348659139292,5059544862717,5810240775438,5002975597341,5468239594789,5224731045839,5874818718631,5056365081932,5098435412519,5182008792765,5174992636754,5048030494487,5106114412489,6431022464308,5823631938289,9666953981212
5467622864271,12045393561003,7180957690750,10225910272230,7125139461625,8402511112086,6370431020032,8126603566824,6572412617625,6694580074207,6071322501015,6339351593317,5373085172658,5731611547849,7226264053588,5709820282849,7348742269809,5059546122628,5810561323182,5002976744884,5468516583955,5224732165867,5875362924307,5056376551233,5098450743938,5182008929756,5175009541899,5048030802075,5106131223717,6431053093638,5823674050523,9667009521307
5467647691244,12045840059623,7181627139270,10226759395799,7125838370178,8402527134473,6370859668740,8126607019507,6572956841795,6694584408838,6071615020135,6339354911317,5373106721112,5731628183383,7227013023530,5709822026780,7348826748009,5059547433991,5810895694239,5002977919130,5468813385384,5224735132068,5875946109427,5056388170944,5098469544875,5182009077925,5175022500639,5048031133360,5106143491052,6431085684821,5823713322565,9667049435192
5467675589883,12046277811231,7182239173006,10227600837150,7126527869375,8402542769420,6371257331538,8126610909737,6573499413461,6694587033229,6071913429282,6339373647846,5373123333703,5731630327779,7227733850235,5709822317683,7348918047980,5059548802406,5811209692200,5002979053878,5469099790467,5224736224319,5876483272439,5056399750864,5098489438255,5182009154797,5175045866632,5048031352394,5106155023535,6431129312779,5823756504639,9667091879931
5467705245330,12046703744295,7182907770957,10228473451307,7127239188956,8402556280822,6371691796640,8126614927261,6574057258399,6694606060880,6072219440750,6339376270928,5373149413822,5731633237099,7228450775802,5709822317683,7349181149572,5059550303077,5811507309468,5002980369408,5469384169962,5224737349180,5877007140807,5056408550464,5098504510293,5182009266444,5175061268240,5048031868040,5106165184198,6431160603489,5823820917295,9667135118998
5467733193997,12047141816973,7183576576551,10229321362383,7127930930887,8402572760132,6372110485166,8126618501745,6574614046344,6694607714033,6072512034908,6339394169662,5373172612068,5731637757374,7229189152486,5709824566615,7349271914800,5059551507000,5811816084285,5002982072836,5469671308708,5224738488625,5877537356756,5056420002526,5098518942018,5182012639040,5175078356890,5048032210541,5106176283505,6431199794968,5823890382710,9667179392109
5467759111582,12047572019470,7184219796026,10230151656001,7128619333678,8402589324570,6372508594610,8126622651449,6575169643616,6694609378130,6072808682382,6339395564176,5373192986762,5731640745667,7229941183524,5709839840289,7349351405473,5059552897640,5812150089343,5002983218518,5469964502487,5224739614841,5878116604965,5056431121181,5098536162120,5182016498620,5175092401815,5048032788480,5106186272962,6431243939889,5823939848557,9667214254317
5467784357642,12047992828324,7184889195449,10230976848449,7129301804827,8402603543144,6372906486527,8126625662926,6575722689084,6694610849669,6073089697936,6339397601148,5373216128448,5731658941509,7230678202402,5709841093467,7349425375153,5059554116835,5812484726300,5002984354148,5470266126386,5224740768345,5878668338912,5056442174539,5098556018237,5182018814634,5175103500051,5048033227211,5106199747871,6431283230239,5824000481478,9667257493705
5467816771758,12048415946415,7185559645646,10231824007617,7129984125899,8402625340421,6373325996422,8126637994743,6576268668916,6694622321081,6073394847456,6339410835595,5373247525859,5731685096481,7231412912063,5709864083673,7349514842771,5059577657424,5812779021976,5002995796632,5470570276228,5224754101489,5879208699545,5056465614759,5098585753054,5182053593027,5175141684987,5048049668418,5106221372172,6431333731381,5824063610198,9667318674650
5467839422633,12048841357422,7186222503047,10232669618742,7130701476125,8402638759193,6373739949529,8126640950008,6576811014141,6694623827994,6073703085507,6339427908548,5373263366387,5731688182622,7232130738260,5709865608368,7349586848544,5059579160331,5813089547391,5002996938110,5470875369374,5224755275419,5879745253192,5056465830372,5098600273641,5182064318250,5175165226284,5048052665831,5106235856654,6431370954589,5824111356667,9667356834992
5467873084619,12049276037253,7186872336107,10233508530713,7131379670337,8402654643824,6374163752923,8126644030780,6577339656445,6694625437067,6074001171355,6339429141104,5373285351789,5731691264079,7232864870991,5709882187319,7349673201435,5059580905113,5813411716208,5002998116764,5471160051740,5224757964552,5880290246940,5056466749682,5098615277113,5182078110001,5175180311840,5048057884019,5106252182554,6431417098887,5824165372827,9667395768987
5467907014732,12049695708462,7187553316395,10234372845279,7132052466691,8402668033994,6374587781568,8126647326664,6577880445804,6694635804432,6074304326794,6339447092198,5373311476699,5731694583085,7233584025337,5709886224058,7349765695305,5059582649115,5813719547093,5002999280641,5471475462559,5224759377286,5880825850468,5056466997836,5098633072588,5182088842382,5175192308768,5048060417273,5106278819077,6431454637554,5824212428297,9667443810837
5467933029708,12050122021914,7188199907874,10235206398227,7132738910363,8402681276336,6374983589298,8126650270321,6578401384251,6694637486989,6074602384134,6339465548779,5373334251429,5731696231734,7234338257290,5709890520692,7350008532238,5059584550185,5814034821667,5003001177958,5471768952687,5224760536703,5881389371012,5056466997836,5098653189581,5182099473257,5175203992669,5048062980388,5106301449514,6431490773896,5824271249550,9667485919544
5467963989250,12050541755332,7188838266811,10236028497418,7133404223598,8402694574481,6375396878354,8126653176585,6578955214597,6694653342195,6074879557189,6339468121623,5373351112018,5731697982573,7235094162673,5709892966329,7350087158627,5059586308432,5814353677422,5003002363667,5472043769866,5224761708454,5881960291873,5056467354671,5098670758609,5182110204093,5175226106257,5048065766866,5106316842226,6431534191971,5824332984271,9667523193974
5467987796191,12050969650655,7189490827076,10236851845320,7134074300659,8402710600299,6375784704485,8126655918771,6579494747246,6694654879420,6075189419021,6339484446274,5373366963435,5731699627105,7235833120852,5709896159074,7350156810141,5059588238684,5814667652493,5003003511638,5472333351473,5224762964889,5882518414316,5056467431035,5098689656377,5182123025902,5175244857058,5048066315624,5106330319798,6431571384243,5824385176958,9667568142945
5468012359571,12051392354755,7190143566655,10237682906546,7134773529331,8402723719654,6376184220290,8126659003325,6580042383397,6694657928403,6075466393153,6339485705946,5373397237021,5731718118706,7236584698371,5709898360385,7350234063835,5059589987492,5814982694357,5003004693569,5472616720160,5224764112588,5883082649881,5056467678166,5098703772223,5182133407881,5175261339752,5048066869639,5106341918639,6431605362161,5824459989574,9667609875629
5468038408506,12051802620757,7190790593617,10238523088375,7135450617435,8402736796384,6376597763155,8126661854966,6580591274133,6694659759003,6075759113308,6339499921913,5373413725091,5731718190913,7237306868109,5709900288540,7350312635753,5059591936093,5815303521612,5003005852762,5472900130559,5224765188457,5883639084784,5056467736110,5098723839000,5182133624017,5175273788496,5048077661262,5106353055866,6431636080888,5824501227878,9667661089443
5468068348591,12052232140496,7191434809807,10239348591401,7136138957737,8402749784222,6377010489105,8126665747512,6581152443921,6694676319787,6076045715121,6339501289995,5373430488853,5731719722713,7238057545579,5709902081554,7350379763598,5059593704866,5815629606689,5003006978790,5473188366158,5224766303551,5884199111137,5056467915423,5098740158903,5182133624017,5175284960549,5048088121963,5106364745028,6431681260838,5824540481371,9667697194987
5468094947585,12052661237603,7192059137253,10240146154267,7136794827539,8402773645842,6377394894000,8126682388779,6581683388149,6694702969303,6076332170630,6339509723637,5373450057399,5731758569788,7238783051024,5709918624103,7350482548907,5059617899816,5815938171067,5003019626177,5473480141199,5224790768146,5884750673507,5056479061043,5098775190342,5182161343898,5175303842724,5048111131683,5106384407418,6431725550529,5824591632064,9667744114394
5468119298928,12053091269349,7192717179011,10240972958785,7137494257771,8402786437098,6377817804084,8126688282599,6582238389777,6694704486484,6076612123205,6339510903300,5373469697544,5731774460321,7239532928645,5709920905864,7350568868594,5059619415358,5816264233473,5003020756301,5473772215431,5224791911887,5885312879643,5056479260162,5098793437699,5182161343898,5175319808739,5048111829244,5106394016546,6431763709738,5824638813484,9667802432680
5468151292850,12053509377097,7193400220649,10241827051502,7138200194560,8402799427712,6378248717167,8126693437641,6582786829217,6694706409849,6076920585893,6339512150601,5373486940812,5731791609089,7240272979205,5709922596832,7350659507795,5059620660145,5816580458816,5003021932922,5474092400284,5224793100279,5885873525810,5056479336368,5098807708012,5182161466919,5175333147527,5048112115699,5106405591438,6431807555440,5824684493591,9667848586057
5468176372606,12053930741444,7194061660849,10242679431621,7138894465276,8402815330262,6378656145893,8126708636159,6583354702993,6694711623326,6077224371136,6339513558494,5373533916693,5731808828074,7241021293648,5709924392103,7350754741667,5059621955090,5816894913696,5003023094774,5474382503637,5224794216416,5886420263960,5056479558398,5098825075443,5182161605495,5175345941336,5048112429823,5106422601222,6431850446903,5824736834127,9667893738168
5468203942672,12054339006503,7194703968391,10243520013882,7139591922133,8402830558504,6379089953955,8126711440970,6583911972576,6694726680319,6077507270226,6339518108426,5373560769295,5731827831845,7241754321194,5709926407956,7350852570216,5059623228649,5817228720141,5003024314038,5474675659108,5224795461998,5886970117152,5056479573702,5098844855922,5182161648449,5175363616821,5048112628882,5106435225078,6431884111588,5824784661954,9667937607961