669049074991,1625891324992,727352570030,982238115704,711826671460,943832469172,708972835621,939181297148,723919408231,737089341858,702454890582,730995265586,688108782231,706959514254,711657957687,713117668118,573367292074,703039541873,687858318347,706046774250,692142076661,709003048548,698277018270,704489041610,703537988352,698110228369,693272805749,695894879585,708065969429,900956035172,1244809144794,3436985593756
669051552491,1625918844458,727387000103,982267610331,711888935561,943833941574,709025194433,939181461352,723981507676,737089434251,702500226728,730997633334,688151083390,706960036183,711671084830,713118905768,573374239062,703040606209,687926657933,706049095301,692180396763,709003588349,698299131442,704490456349,703541771573,698111515107,693280687075,695895510604,708121286167,900959850594,1245239590872,3443556982183
669053883715,1625954990041,727398759596,982298469807,711945305724,943834037635,709069454873,939181860661,724020471893,737089653626,702540548046,730997998803,688172805442,706960161395,711680018203,713118995461,573381995367,703041639922,687959276168,706049726725,692197663527,709003843823,698310855052,704491002147,703545849569,698111872436,693280930925,695895634040,708124957923,900960733615,1245259481659,3445908454573
669055776856,1625976967639,727427249258,982315230649,711998881861,943834560394,709099368473,939185353124,724075338186,737093935670,702588629210,731006302175,688196392556,706962807617,711684025205,713119344338,573389518306,703041852781,688009214281,706050036092,692232447919,709004304096,698330579141,704492340822,703549534322,698118467543,693282137346,695900414709,708129043005,900963331298,1245292490007,3446902301168
669059762463,1625993304412,727444532374,982338381340,712055717523,943834613987,709122585150,939185419606,724128408022,737094293781,702641176775,731006727929,688203994085,706962973459,711691860442,713119448599,573396434426,703042043614,688045977814,706050291591,692245149501,709004801310,698340255784,704492473215,703553191758,698120111926,693282190423,695900657027,708129696771,900964346998,1245313957090,3447407720165
669061769743,1626025071000,727474474421,982369513978,712119854815,943834722932,709152747437,939185851990,724169300690,737094370056,702689680467,731007093842,688252205759,706963455081,711697568984,713120874368,573403738000,703042089759,688077850427,706050549736,692258314294,709005040132,698344519750,704493696766,703553244634,698120381854,693285679889,695900880747,708129757991,900964941190,1245336742360,3447941495403
669065388894,1626054252729,727503502699,982407441088,712167371994,943835331456,709198825275,939186009434,724203143325,737094832605,702734055510,731008357380,688311268599,706963598850,711706322149,713121207965,573410450334,703042166418,688116296753,706050745180,692274108337,709005086312,698350885049,704496799823,703553309447,698120451333,693285786567,695901335760,708129841354,900965800618,1245358658738,3448420248838
669074250067,1626080337906,727522371387,982426244811,712228949726,943835563460,709229102915,939186257350,724243585493,737094872875,702774474511,731008453398,688319714743,706963852158,711716136204,713121541821,573416483208,703042686572,688153351036,706050851939,692298966630,709006983458,698356323653,704497065715,703553764746,698121155431,693285884455,695901534025,708131322557,900966373946,1245375669128,3449024651210
669099657266,1626114094173,727565882027,982465734181,712273989934,943835654562,709260720758,939188568582,724284784235,737095029730,702814270161,731008506535,688329595597,706963939584,711727680771,713121814444,573455625286,703042796606,688205025634,706053434125,692334389893,709007246716,698361258464,704497386861,703553832549,698122303035,693286090739,695901653283,708133229056,900966691536,1245395129272,3449626338786
669148556432,1626164928931,727577554486,982479628023,712326129545,943835708090,709295169540,939188741862,724323773493,737095142820,702850862491,731008775336,688337437507,706963959262,711735338204,713121824640,573461744732,703042852417,688233111214,706053649348,692349742755,709007336727,698372002378,704497914543,703557616242,698123707434,693290211905,695901779851,708138217182,900969284165,1245417141794,3450128040644
669150125971,1626202648137,727604938394,982510043085,712383919724,943835983904,709331601783,939188829587,724362138023,737095251855,702886830805,731008850078,688345200680,706964015490,711755210453,713121969056,573469123533,703042993061,688263066656,706053722715,692362982658,709007514820,698374497784,704498307258,703558169700,698123799309,693290553371,695901947720,708143388515,900972271035,1245442436398,3450716696375
669151974607,1626238707149,727659407207,982543287776,712445283103,943838530443,709367157115,939189919189,724417662810,737096092496,702928218636,731009346219,688352256854,706968405658,711770368280,713122415102,573475380460,703044308133,688301620882,706054221009,692478751039,709007647772,698386766178,704499599355,703558351744,698127265016,693291112949,695902318752,708144184522,900972902995,1245523524811,3451155351905
669174159272,1626274656059,727671261330,982593345878,712505163107,943838677189,709401940330,939190138354,724454963055,737096524789,702969940823,731009386476,688356749876,706968468383,711779211571,713122465701,573482617527,703044484253,688332311410,706054415017,692493314621,709007799074,698391829865,704499721035,703580828780,698127485762,693291624543,695902840601,708145456600,900973206529,1245545237984,3451641743401
669195045178,1626304761923,727698996524,982635243500,712566293086,943839199804,709450977944,939191464516,724511809136,737096851651,703014181981,731009443172,688366142176,706972932342,711805447637,713122714948,573494212209,703045090588,688362855595,706054501495,692528563165,709007848942,698398870310,704507675059,703581195513,698128226157,693292319604,695903170016,708148590549,900974280674,1245579575416,3452042708429
669199112465,1626336131667,727715334067,982651039156,712622751649,943839633283,709483973477,939191860128,724552496194,737098754310,703051244945,731009656479,688373696950,706973178930,711809732191,713123069989,573499229158,703045197573,688393726464,706055005848,692545948846,709010483988,698405762219,704510067229,703581892591,698128666915,693295409696,695903521595,708166908008,900975298829,1245620511469,3452397918904
669200583996,1626364686478,727734103687,982692253304,712670018932,943839764960,709507131824,939192120476,724589582740,737098810423,703084707956,731010153058,688379960062,706973333864,711816120483,713123257106,573506983580,703045315422,688427070157,706056060305,692561397044,709010588096,698409132104,704510626213,703590080482,698129361032,693295475992,695905658366,708183455654,900976974924,1245640995542,3452768221566
669203585402,1626397402375,727761866135,982719972507,712724293990,943839913599,709541025521,939192544950,724632391418,737098919561,703123938018,731010775125,688389890836,706973584911,711824187059,713125020542,573514554746,703045406527,688465977778,706056199401,692575207396,709010935260,698414450960,704510800788,703590801125,698129547837,693301298082,695905859763,708184095065,900977508243,1245679430922,3453059125432
669207770958,1626443458494,727774136612,982766010628,712770454525,943839963519,709574225284,939192894902,724670277250,737098935445,703161179827,731010861843,688398373954,706975056525,711832643316,713125219172,573518350867,703045537478,688492553982,706056320871,692589376782,709011083526,698423808013,704511234655,703592533918,698131151133,693309515500,695906091519,708184526078,900980070596,1245742494502,3453474478850
669230682431,1626474613113,727795270247,982789763952,712823793105,943840285548,709610423127,939199464444,724716125027,737099104578,703208802025,731016436955,688411887119,706978620900,711843851217,713125482307,573530758843,703045713657,688536175519,706056850917,692621704824,709014818927,698435208327,704518363996,703602403147,698131265000,693310292035,695906264398,708184833423,900984340187,1245762837432,3453934104956
669234214388,1626503532763,727815582425,982821005596,712876227382,943840459080,709645623362,939199577256,724767485087,737099746182,703243418368,731016564563,688418025293,706978660117,711851819205,713125669103,573539917739,703045861007,688563018447,706056980800,692636503968,709014931200,698440760609,704518512947,703603642084,698131290742,693310479755,695906407072,708190792031,900985349235,1245783036036,3454315245759
669256973385,1626542265109,727829341638,982837835334,712922307764,943840626549,709680447735,939200817899,724822742271,737101041702,703285284986,731017085437,688427614946,706979069036,711860074220,713126049953,573545574445,703046541662,688590114506,706057027389,692652385913,709015353467,698444267129,704518657791,703603783090,698131349043,693311358099,695906679439,708192556729,900987470783,1245816182234,3454779827831
669301916604,1626573043283,727849976248,982880928121,712986056228,943840808935,709712724968,939201029349,724883596965,737101406811,703325680208,731017237104,688432974086,706982062853,711871923582,713126655352,573550767546,703048244061,688632864879,706057390752,692679381297,709018783510,698456944300,704520321637,703604114096,698131690225,693311993947,695908432406,708193262038,900989943571,1245902862811,3455143628707
669302616950,1626594428001,727866154730,982920608866,713041217791,943841063989,709737183253,939202642262,724918542118,737101613608,703364608603,731017274051,688439377165,706982192078,711881603642,713126745890,573558131312,703048362168,688665003592,706057529202,692693873402,709018791610,698460473939,704520450187,703604422399,698131829240,693312499273,695908552688,708202073058,900990053620,1245928014076,3455619846055
669328634022,1626617303726,727889705578,982935524555,713106919018,943844408224,709768264935,939202823263,724966651200,737104735766,703401790730,731020172133,688445162236,706985046373,711890947388,713126861043,573566902860,703050088451,688702881866,706057709212,692716544374,709020805553,698473632511,704534607111,703604600749,698131906173,693312827079,695908811677,708202298842,900990869398,1245962529471,3455912043030
669380692070,1626668394443,727920822564,982982011044,713166313593,943844556468,709791568811,939202925816,725015482805,737104901933,703439053760,731020204890,688452729689,706985158850,711900494099,713126976292,573574967878,703050432432,688736958512,706057759888,692736757427,709020972487,698479470651,704534731873,703606593677,698131988124,693313921364,695908981259,708225797568,900991198242,1245977218330,3456408870001
669383754580,1626731276627,727942113689,983002607880,713219925887,943844929732,709827887412,939203552038,725062163587,737105034550,703486377503,731020550148,688466117359,706985484380,711905625658,713127080472,573576878164,703050534465,688761779850,706058001172,692748893695,709021048299,698483043002,704534952658,703606844401,698132033302,693314091883,695909119050,708225995037,900991624761,1246002004274,3456659978554
669422683089,1626773257702,727956010406,983042649610,713271423239,943845419625,709854301468,939203724640,725105975389,737105177369,703523486618,731020770275,688485086568,706985977574,711909700002,713127672059,573584605833,703050636565,688790915807,706058096851,692768141935,709021577265,698489276165,704535060493,703607317352,698132551566,693316503265,695909342733,708227360453,900995464006,1246017637804,3457214503383
669428484466,1626830937025,728021544664,983072256178,713329909707,943845457390,709912306856,939203858834,725142589689,737105270030,703558669863,731020886424,688490447934,706986064760,711928084801,713127847024,573592508233,703050653741,688815741710,706058236463,692782492937,709021628045,698492803337,704535408914,703607720881,698132617406,693316704635,695909844908,708228008605,900995741973,1246027171814,3457540149213
669432081994,1626864240856,728041450696,983115532356,713401635766,943845707087,709946246141,939204020247,725191607069,737109232090,703602192337,731021284380,688506265667,706988812109,711936296343,713127881730,573601266795,703050730419,688848951678,706058926932,692802557902,709021756460,698496508639,704535435642,703607755636,698132976067,693323182308,695913671361,708250443658,900996504584,1246075576877,3457862551777
669434113830,1626900516129,728060958533,983144877099,713459630942,943850582343,709974829338,939205713642,725236250700,737109596437,703643710311,731022496147,688562483629,706989159729,711943943279,713128500984,573609329276,703055728929,688872597286,706059781554,692815091452,709022015216,698503138366,704541262900,703614334297,698133752879,693329505697,695913725189,708266243241,900997034941,1246114349421,3458272327751
669441120373,1626978538052,728077878539,983169482929,713522134045,943850749066,710017639542,939205913018,725278209457,737109754834,703685714565,731023546543,688570312062,706989297425,711949606248,713128569341,573612509113,703055747347,688914338520,706059806784,692829421819,709023086877,698513836358,704541290434,703614899756,698133882305,693329796363,695915863752,708266928525,900997778049,1246151505198,3458609541490
669448595159,1627008418440,728099857742,983212203576,713586792894,943851732361,710054954398,939206078850,725326402939,737109887718,703733450664,731023879894,688623945247,706989892599,711975255354,713130783672,573617477199,703055925702,688948979371,706062883472,692856362620,709024708819,698529855395,704543014618,703615759260,698134772133,693331942071,695916593163,708288432240,900999072148,1246203618886,3458843141785
669451323394,1627029485398,728107602852,983240951396,713644253690,943851930636,710089145389,939206365548,725369638771,737112429339,703778734171,731024244134,688648729151,706991355194,711986574990,713131341466,573625267994,703057560380,688974493980,706063823046,692874931294,709025011842,698533250205,704546125856,703616140586,698140316343,693333276881,695919968288,708292253352,901001721726,1246221492563,3459386193635
669456131887,1627051827140,728124836614,983283987126,713702349862,943852073783,710117906399,939206561361,725404173502,737112610109,703813898070,731024392190,688654591810,706991641281,711994226375,713133528101,573633010945,703058249899,689000588567,706064231523,692892617293,709025193627,698538804932,704546240314,703616234330,698140417957,693333630610,695920131912,708295313164,901002585217,1246242579766,3459600180931
669463431988,1627079616898,728139687878,983313442173,713751782191,943852315199,710152203870,939208046943,725447387738,737112721626,703852110034,731024449883,688681048136,706991706204,712003493904,713136277053,573661072364,703060002124,689039439903,706064403014,692926498696,709027304679,698559169395,704546400296,703619531834,698140551052,693336223559,695924431293,708303737164,901009452578,1246271690428,3459981367369
669464307446,1627113938701,728165681957,983357972567,713796233261,943852438947,710183430721,939208154856,725483587661,737112934880,703888736003,731024487620,688688508508,706991796167,712013680334,713137096141,573668873475,703060464243,689067021339,706064510461,692951162359,709027453648,698567336845,704546466574,703619623600,698141066280,693341544681,695924581679,708304112385,901009599199,1246367240411,3460310848878
669466592184,1627146311803,728185548466,983424824464,713848692370,943852647599,710222497267,939208386315,725530487897,737113622718,703929661658,731024570550,688694694336,706992001830,712019704282,713137184126,573676605997,703060624613,689088891608,706065512715,692964672415,709027876875,698571715476,704546591222,703620201552,698141156946,693342317071,695925185368,708304240316,901010273169,1246387448434,3460613401787
669512945192,1627192481930,728197910007,983450684722,713892753366,943854648933,710247126249,939208884057,725564879913,737113700228,703966257871,731024636619,688704172116,706992022211,712026077168,713137489662,573677582145,703061055342,689121752090,706065850125,692986156487,709027979238,698576006514,704548231553,703620324407,698141356288,693342540336,695925935712,708304501819,901015544577,1246420776541,3460967236488
669561219826,1627241097828,728215023918,983495055910,713939835396,943854799435,710278489685,939209366624,725609546425,737113821246,704002966768,731025242298,688710979437,706992049446,712033631259,713138144319,573683744437,703061154253,689147073035,706066109040,692999707590,709028100438,698580935262,704548688803,703620784444,698141451363,693342777333,695926478470,708305144829,901015873157,1246452292923,3461112422783
669566223423,1627270578926,728238188293,983521011159,714001773167,943858915561,710309222393,939209506219,725659496718,737113990198,704042898645,731026131494,688717025633,706994333921,712039785577,713138521971,573691385642,703061330108,689186239735,706066184514,693029272863,709031533935,698590185327,704548947608,703623960994,698141588821,693343312144,695930176467,708325231128,901016141291,1246474367716,3461474969707
669616527230,1627296647202,728249742983,983539306427,714051269234,943859247735,710339235093,939209674523,725703668925,737114104151,704076617439,731026277832,688724558114,706994625114,712046754942,713138649511,573700681476,703062770472,689215493158,706066303054,693049283960,709031719479,698595288430,704549025132,703627939948,698143555217,693343720737,695930477037,708325468512,901017015247,1246504025864,3461690142364
669620042617,1627338495069,728284320252,983566604469,714154309985,943860740110,710367450566,939211475321,725744051035,737117058230,704120008074,731030307343,688735017373,706998073019,712052165397,713140643473,573708724351,703064079616,689251204563,706070004294,693081695997,709033866881,698610754701,704553985613,703631315354,698143810463,693350441097,695932880184,708326220735,901018426670,1246593520683,3462010106431
669621380355,1627369720406,728292458337,983588229636,714199288654,943860784016,710413052585,939211557044,725786909173,737117173691,704154169976,731030404276,688740752191,706998701230,712059433054,713142191744,573716227798,703064732154,689280682081,706070144748,693095085346,709034083245,698615603974,704554057892,703631708831,698144526943,693350673469,695933423852,708326447553,901019077644,1246681502642,3462429157864
669627374404,1627404782110,728319934427,983624932294,714265004638,943860984373,710447374248,939211805157,725827224429,737118059785,704190819698,731030468529,688747091737,706998922925,712062541747,713142689505,573723445309,703064931615,689307968177,706070313415,693108849238,709034797517,698624840979,704554172292,703631905063,698144599609,693351071648,695933912255,708326808004,901020769481,1246724186697,3462716691811
669645675024,1627451499404,728337846274,983679211643,714325636503,943861054884,710476517793,939214106923,725872840392,737118246451,704227875481,731030597705,688752548446,707001776970,712067903960,713142754811,573730356793,703068774765,689336937744,706070640808,693120904510,709035044099,698630740629,704554265596,703637348005,698144705236,693351972684,695934161577,708327702020,901024671297,1246740052786,3463013431502
669674236167,1627484586676,728353920913,983701351259,714385676423,943861110889,710512480437,939214137060,725911933384,737118253504,704264664199,731030738191,688758452148,707001837244,712072775661,713142816530,573731328494,703069066870,689366852493,706070790933,693134667799,709035212345,698633773223,704554420208,703640919286,698146612784,693352191067,695934680688,708327819865,901026773206,1246757414700,3463317776704
669676953380,1627508833906,728370028357,983727489426,714434768451,943862355354,710549846062,939216252697,725953647353,737119216856,704302233018,731032336814,688765419616,707005236190,712078707555,713145125139,573734798418,703070324867,689395548191,706070822776,693150285106,709035410127,698642873629,704556659420,703644420012,698149423296,693353254437,695936113926,708329357293,901032266895,1246847944886,3463579527849
669678972877,1627551750956,728391989134,983752902664,714485889892,943862726988,710583202018,939216322053,726000123865,737119314881,704334097806,731032371577,688771860586,707005315736,712085647925,713145543330,573743757323,703070669967,689434723134,706070955709,693164272887,709035585031,698646114560,704557230703,703645171991,698150516342,693353463365,695936184597,708330484184,901033413689,1246881837973,3463971684098
669679660636,1627583978184,728429736594,983793839471,714537553156,943863363493,710608682344,939216414391,726043941367,737119648447,704366982593,731032508896,688778469276,707005428140,712091375247,713145723101,573751777612,703070804831,689461183496,706071443046,693176942138,709035657596,698650252562,704557277815,703646923802,698150610947,693354230607,695936508738,708334275740,901033885555,1246948357213,3464256050412
669681412361,1627623138899,728445055732,983811477349,714589191271,943863611452,710643463927,939218169652,726092558361,737119853966,704401693187,731035513307,688783738774,707005702585,712098055961,713145941210,573759271221,703078078004,689486023252,706071593468,693189492514,709037310319,698656481595,704557394958,703652980645,698150659605,693354790917,695936915513,708334523396,901033992350,1246990976346,3464593735829
669685881567,1627647261263,728478283670,983834558997,714640899589,943864921060,710679061192,939218601687,726140543083,737119875060,704435818436,731035553225,688790127113,707005799672,712116979122,713146013454,573766767285,703078180425,689513671320,706071659712,693207720529,709037528932,698663925171,704557528689,703653586883,698150783801,693357376909,695937439171,708335425060,901034429982,1247081907281,3464857148543
669704851993,1627673739027,728491708852,983862869345,714694539729,943865167926,710708154854,939218783161,726194660065,737120091850,704477123518,731036900719,688815417111,707006031313,712121026070,713146523043,573774260045,703080569366,689553326678,706071805381,693235511252,709037676356,698676099411,704560127452,703653968904,698153541496,693360963306,695940504784,708337754632,901036539216,1247111437683,3465181142598
669708180186,1627712392256,728516098440,983895081459,714745643871,943865306648,710744349150,939218868988,726238215218,737120849684,704513465705,731037024190,688836688814,707006190966,712130018303,713147165473,573782062196,703080706266,689584048202,706072285905,693248914843,709037731953,698681326578,704560349252,703655887972,698153718413,693363964839,695940570415,708339432351,901038284480,1247146465944,3465404233228
669710458905,1627754384738,728538303651,983924548084,714801142768,943865489379,710785715783,939218999997,726277680696,737121191714,704555391439,731037268753,688842761611,707006370900,712136270421,713147713436,573789390788,703080778372,689611190904,706072368641,693268718324,709037785388,698686039053,704560730860,703666142144,698153881393,693367778505,695940592312,708340026180,901038421279,1247161935546,3465688814160
669716291011,1627781927503,728559536789,983961003365,714846554232,943867650931,710815041979,939221054345,726322033655,737124181597,704595523059,731039391846,688849011810,707010194136,712154582210,713147862581,573795528603,703081302978,689644985470,706073366062,693280012855,709037876078,698690336047,704561899183,703670846924,698155721761,693369151331,695942209829,708340119019,901041624754,1247178558854,3466072719633
669745656266,1627809099470,728583159924,983998314902,714907540456,943867894374,710849249601,939221561837,726367514603,737124296890,704632384852,731039658841,688863929924,707010279792,712161676572,713147971483,573796525066,703081417283,689676841240,706073487291,693292131596,709038203122,698694227186,704562072145,703675359037,698155822656,693371040652,695942512699,708341395992,901042385065,1247194911541,3466341999160
669751047798,1627836052020,728605813830,984022826594,714956557762,943868014556,710880358438,939221991803,726414322809,737124760401,704669260702,731039697190,688870273060,707010605694,712166705878,713148323387,573797536822,703083359432,689709026230,706073898808,693304401433,709038268620,698698806345,704562280556,703675513022,698155934067,693372404559,695944570262,708341593465,901042496815,1247230502740,3466545036209
669754783710,1627864221086,728632150136,984053490687,715022597575,943868139175,710913745288,939222415300,726469644123,737125179237,704708985109,731040002422,688881421769,707010696963,712173345688,713149356081,573805052110,703083665131,689736091310,706074208024,693321604492,709038317959,698702376206,704563960456,703676159272,698156153872,693375446899,695944861249,708342010008,901043380043,1247250676191,3466753750453
669755859214,1627886004275,728654093631,984081301350,715087626347,943868152401,710949297372,939223135869,726509616889,737125276007,704749531982,731040040392,688910112098,707010861520,712198169426,713149435990,573812193965,703083863286,689763059640,706074370665,693335277907,709038443924,698705300819,704564179998,703676498859,698156226981,693375951003,695945445983,708342121656,901043586331,1247265894636,3467215075291
669757592181,1627949790292,728684002510,984118850387,715141566548,943871236399,710980379675,939224899851,726556338586,737125310084,704792161769,731040190211,688916636011,707012636003,712204962740,713152512328,573819801584,703084699026,689791136719,706078971338,693348404697,709039101985,698709676436,704564411972,703678520237,698158498909,693376128910,695945707269,708342342798,901046365482,1247284978613,3467391017009