575,2352,10530,2294,26610,19687,22600,3722,27077,5224,17998,13179,1440,5082,5476,5095,3690,7004,10071,4223,9694,3264,31327,3805,664,6927,506,14582,367,2566,1260,2836
1836,1595,8448,1593,30656,1442,22707,1119,26762,15347,18373,10701,2730,9021,6773,4921,4655,3579,10799,5742,10846,11020,33562,3191,3577,6104,2364,8391,1465,7572,1842,6141
1084,1634,9919,1337,25275,1165,19263,3880,27876,5492,17508,15938,1515,2741,4564,12491,3909,9280,12503,8991,11779,12785,34517,6182,743,5731,642,7247,2730,4751,1614,7132
615,1261,11494,1401,29227,3518,17991,11213,29168,6118,18091,8108,1636,6737,6986,10881,3756,3203,12286,15871,11765,4984,32909,4781,348,7815,236,8338,504,7155,962,8453
774,1497,10632,1442,31797,9579,19523,12360,29252,431,18616,6173,1647,10181,5538,7187,3985,9537,12520,6046,11591,9711,32578,8320,377,6675,323,3942,300,8852,835,7263
1042,1742,10849,1583,25967,19024,18464,14565,23788,6526,15927,13067,1818,2679,6479,2022,3376,6327,11705,6714,11122,5187,31135,5240,499,1133,549,7081,566,5734,673,7038
854,1559,10018,1457,29159,3544,22004,2827,26727,2556,17822,29786,1827,11062,7495,4927,3006,11419,12563,1118,12237,6779,33871,7530,408,7220,405,7689,502,2102,840,7311
1434,1315,12869,1621,24115,6129,18985,5188,24085,27354,18315,888,1801,4658,6818,3232,4505,7572,11929,5857,11572,3166,32803,7003,513,11617,437,8072,404,5678,791,7104
660,1238,8561,1507,29552,7889,18907,27911,25990,16566,18635,2136,2015,1841,6490,1902,3069,5154,11980,13505,11526,1502,32207,1672,355,518,533,7405,438,9329,778,7534
619,1435,10405,1611,31407,8855,21241,2122,27624,8744,17982,6784,1138,5413,7523,9769,3805,14332,12241,11204,11668,3006,32537,4051,447,2046,465,8382,220,14656,522,7408
2265,1705,11652,1669,27542,11230,20465,10982,25975,6510,18617,8590,2645,4228,4593,5637,3937,4279,12067,4406,11461,4500,32488,9023,2498,3504,2492,6164,2746,2764,1705,7777
824,1574,8734,1451,30505,22676,20951,13661,23701,11062,17617,5776,1373,10144,7755,8672,4288,5564,12401,2667,11337,367,31925,851,662,14038,1728,1920,323,786,597,7103
2411,1663,9912,1552,25361,5913,19314,6972,27571,5161,18784,5149,1875,3620,5414,8346,4944,8189,12348,2828,11913,2688,33058,11675,3703,5956,6004,5864,2357,10514,1879,7745
1480,1572,10323,1175,30388,10337,17777,4405,28463,4150,18502,2315,1819,11864,5135,16200,2876,5090,12286,6620,12088,3030,33025,3658,1137,9570,1612,10784,629,8713,1348,8524
743,1818,9246,1192,28511,5912,17880,8999,26533,6486,16859,920,1606,2279,6142,26933,4437,10388,12200,7133,11303,2668,32777,7631,279,3593,394,4369,520,11461,685,7595
1759,1519,11393,1535,27609,2041,20817,8543,24630,2261,18226,5949,2446,3346,6551,20390,4388,5770,12307,8261,11633,7635,32384,7730,1524,2368,1350,3338,1031,14923,744,7451
883,1532,8530,1320,25732,2856,17319,19927,25139,859,18341,8719,1611,2826,6867,12739,1965,3404,12331,5124,11567,11063,32393,11896,558,6153,615,3391,831,8420,815,7364
1721,1706,10374,1375,29800,11326,20385,12142,25540,17353,18799,9367,2969,5176,6705,5763,5727,581,12144,3496,11993,4518,31787,5171,1783,1245,2501,4233,1515,9539,1504,7539
1218,1588,9081,1338,27567,1646,17910,8851,29417,4298,17482,24087,1647,4365,6951,19525,5271,2450,12096,4023,11679,1686,31713,591,1730,4634,642,9327,611,10345,1021,7607
577,1397,9525,1423,28269,5486,21967,19010,29000,2132,18190,6332,1855,7668,6394,25141,2808,1504,12480,4066,11515,8223,32425,4383,486,3447,665,4217,486,9143,638,7462
998,1661,11701,1615,30899,8978,18513,16249,25448,8458,16341,4243,1514,12223,7326,12041,2451,1049,12454,5607,11275,6393,32392,8048,508,5010,602,4665,691,5663,792,7496
784,1349,10591,1616,30369,21143,19492,5085,25759,24030,18987,3477,1862,5937,7548,9530,3682,6445,12512,2879,12025,146,32627,6453,663,8241,569,3649,713,2596,919,7579
721,1248,11915,1150,29921,8643,19670,19439,27448,9771,18930,5099,1667,12776,7339,8091,5226,6979,12234,7213,11634,4799,32686,1913,566,6580,406,2193,413,5619,845,7946
816,1361,14154,1513,30700,2266,17100,3647,25569,13525,18158,4298,1705,7186,7194,7816,4399,5010,12241,7552,11478,23577,32177,3621,385,5666,425,3317,454,10517,762,7344
633,1474,9883,1208,28378,673,21296,16434,28674,28557,18214,1504,2018,3552,4850,1895,805,5470,12494,7408,11658,3802,33579,11031,296,4695,491,13351,666,1081,759,7461
750,1213,7152,1651,28420,6961,20789,5267,29539,14432,17968,16392,1533,3728,4905,5537,4397,1061,12135,6366,11301,9173,31790,7334,457,4751,440,13650,439,3375,846,7273
710,1831,11698,1691,31103,1747,21323,4264,25118,12390,17195,3925,1603,9036,7151,9666,3829,3563,11653,21643,10853,7014,30956,14807,418,1009,482,5744,379,1704,853,7057
764,1277,7245,1488,30841,9837,19036,20549,28083,3728,17270,13459,1777,5739,6793,3299,5176,5483,12107,8474,11460,952,33005,3599,818,11953,1479,6780,485,2455,838,7407
697,1275,8247,1434,27610,299,17576,6265,26795,12584,18412,8679,1621,18936,6453,1440,4478,3368,12146,12860,11823,5544,33304,8369,389,7367,1064,6298,319,6592,689,7142
452,1414,10460,1891,30646,9327,22007,33624,28347,7627,17616,9926,1599,12771,5410,371,1478,834,11897,697,11490,5407,32680,324,263,130,322,7874,230,7387,675,7164
749,1394,11046,1594,30740,7550,21058,9557,25612,5627,18398,16880,1393,10910,4823,9040,2375,4468,11775,3842,11503,10042,31843,1186,380,8661,513,1661,557,6910,688,7588
1005,1290,6368,1519,29737,8701,19598,9318,27992,5130,19431,6973,1715,4498,5848,2534,4160,1678,11983,28172,12084,4389,33741,6225,504,5505,657,2843,572,12669,1021,7581
889,1382,11254,1378,31037,2299,18804,8836,24076,13843,17510,7953,1610,2942,6623,6553,3927,7005,12356,6894,11674,5041,33213,3339,561,4589,380,26010,426,2660,780,7487
937,1459,9494,1528,28252,23560,21365,11483,26148,4164,18791,1303,1909,1055,5389,2597,3894,1416,12145,12239,11807,3619,33281,7424,443,7905,423,10308,420,10316,814,7531
593,1282,11401,1176,25609,6114,20010,9570,24802,24245,18512,5819,2047,5907,8221,818,3734,529,11710,8968,11732,7055,30635,4100,233,12353,374,10254,206,2697,638,7515
1086,1394,11467,1460,28891,14708,18750,15885,27931,15836,18229,11878,1739,5656,5331,3944,3954,2622,11952,2657,11361,6807,33026,3520,605,7538,548,4865,676,2235,1094,7277
924,1274,8497,1557,26540,23146,19312,14753,24561,9476,17744,4097,1346,2821,5728,2880,204,4067,12033,5333,11749,7653,31797,2501,499,6997,555,5982,629,8747,891,7482
459,1366,11400,1505,25592,14491,18735,1962,28132,22897,18598,5475,1589,3089,6514,2371,3395,4978,12111,6578,11632,4739,32381,8648,200,5520,154,8827,315,9027,719,7530
1297,1591,9710,1699,26625,3860,19393,669,27622,18266,17830,4104,2173,7800,5596,3623,4498,21886,12381,5890,11864,2740,33087,4267,1575,5826,625,8540,1018,8861,893,7865
779,1267,7911,1254,27307,4593,18988,5427,28101,1857,18749,6091,2156,8938,5614,2623,5143,22991,12342,11477,11932,6675,32925,2615,529,7212,819,6708,773,10952,970,7760
1077,1310,11625,1457,30519,7377,17908,11283,27022,19581,18556,5574,1740,9337,5130,8000,4260,7096,12100,5115,11597,5376,32900,3553,674,3739,526,1690,703,5455,1208,7546
541,1236,6726,1373,30302,1694,21657,12317,25077,11265,18817,1124,1669,8379,6312,11501,4073,8105,12360,9645,11846,1113,32237,5793,625,10121,320,5264,207,13043,461,7669
1087,1272,13574,1172,30098,11589,19449,7997,28443,9947,18473,6340,2073,19024,4216,9395,4192,4003,12188,6309,11478,3331,33573,1872,386,4044,408,2553,380,12292,704,7763
836,1383,8816,1268,31451,5826,17701,8704,28993,3372,17423,16190,1712,6181,5341,6371,3658,12358,11812,8156,11422,5235,31899,6965,425,10780,478,5852,693,1399,837,7123
710,1354,8751,1550,29882,1682,19057,5289,27288,361,18423,11838,1685,7400,4748,5811,204,8045,12501,4386,11763,18950,33751,8932,507,12574,568,9904,680,3197,718,7864
680,1501,10117,1711,27874,2208,19821,8164,29312,27625,18859,1913,1996,2283,5293,11073,2149,3543,12472,4439,11798,5686,33563,9779,417,7918,711,1657,939,10429,867,7997
1055,1171,13826,1269,28370,11249,20299,5915,30829,22969,18395,2019,2957,2007,6075,11772,5104,5565,12547,2088,11798,9879,33757,4055,974,6782,1145,5495,2491,4707,643,7597
834,1423,12518,1446,28558,5927,19642,7930,27694,12550,16644,6060,1843,15891,5321,5431,4347,9111,12093,15112,11697,3799,31902,1299,263,6217,302,4465,240,3781,647,7843
3380,1442,9976,1365,28279,3507,23168,2641,29802,5910,17679,1375,3116,9240,5752,21059,4050,4397,12404,11961,11620,14122,33155,8100,1039,4411,1036,1230,1956,1123,1080,7354
695,1221,12451,1475,30293,18590,20385,14690,27167,1111,18646,1764,1500,8794,7578,8345,4082,2755,12550,7281,11894,13252,32630,1343,390,1334,397,4836,432,15074,708,7949
751,1258,9320,1391,26157,6825,19619,17033,28721,5381,18431,6918,1672,2174,4672,5077,3704,9393,12345,1744,11533,7336,32866,4761,501,18401,349,10622,496,4800,711,7961
932,1296,10391,1327,26007,8093,20260,1499,28239,1976,19096,3471,1810,11743,7151,18339,4177,7823,12327,3270,11971,8593,32459,12649,531,10099,882,7075,803,3547,1048,7325
724,1488,10651,1501,31825,7911,20930,22390,28033,6769,18216,10791,1763,7357,5851,2597,4121,8043,12102,7359,11679,2707,32531,9109,324,8504,437,2325,483,2654,730,7371
770,1344,11044,1446,24082,2696,18724,1325,26142,3691,18297,11208,1456,9009,7819,12132,3248,2273,11585,12017,11721,2583,31986,9952,415,5843,330,22071,388,3964,725,7327
782,1407,12085,1473,30761,9081,21650,8455,28156,11647,18821,9149,1456,2437,5884,10435,204,3406,12506,1845,11648,1297,32740,14554,351,5574,511,10425,521,9422,1070,7640
880,1311,12815,1503,27182,13346,20752,4816,26940,23679,17652,7988,1617,9292,5312,8139,205,5039,12384,11066,11656,1929,32395,1115,629,5977,716,4105,517,2612,964,7373
992,1384,13143,1384,30723,7428,20419,939,29971,6975,19206,7648,2269,14900,4533,16350,3967,12276,11833,6924,11908,5314,33448,3238,1364,10523,1057,983,1568,1181,882,7592
644,1621,9638,1901,29578,4664,19842,1380,28018,2355,18368,4408,1733,7741,7858,5296,3824,12090,12440,15187,11970,3112,33758,16585,455,8385,394,10318,424,6817,717,7942
536,1436,10163,1418,28757,22412,18120,3623,27828,2999,18512,2184,1678,5117,6358,5358,4065,10981,11954,2043,11487,1480,31483,18665,237,6960,416,6634,406,7698,635,7328
