6785,6315,6872,6120,6674,6662,6641,6860,6924,6928,6703,6401,6803,6535,7398,6609,7061,6451,7098,6661,6318,6904,6594,6902,7018,6654,6194,7167,6654,6368,6780,6355
6426,6761,6641,6329,6358,6012,6449,6690,6242,6925,6515,6466,6173,6725,6637,6660,5773,6991,6206,6466,6345,7256,5832,6890,6460,6634,6276,6675,6679,6255,6452,6755
6097,6900,6434,6748,6106,7033,6221,6944,6120,7021,6163,6810,6755,7056,6428,6832,6304,7406,6179,7123,6336,6930,6137,7131,6365,7192,6340,7587,6415,7257,6803,7057
6948,6353,6622,7077,6899,6284,6807,6609,7131,6531,6962,6938,6432,6418,7015,6537,6806,6955,6989,6481,7053,6536,6663,6676,6696,6307,6675,5942,6705,6866,6863,6720
6394,7843,6602,7676,6284,7967,6388,7047,6357,7656,6241,7456,6377,7507,5969,7105,6176,7386,6200,7244,6521,7339,6510,7175,6319,7072,6166,7481,6392,7583,6419,7628
6707,6859,6533,7422,6672,7085,6172,6692,6429,7237,6146,7123,6542,6935,6098,7206,6570,7424,6419,7152,5571,6994,6219,6850,6078,6935,5626,6801,6162,7150,6730,7099
6327,6753,6138,6667,6444,6653,6467,6290,6313,6578,6494,6811,6530,6541,6288,6500,6238,6663,6279,6309,6267,6399,6309,6924,6270,6473,6014,6749,6478,6753,6123,6466
6161,6641,6716,7114,5901,6924,6585,6787,6512,7171,6418,6839,6241,6813,6117,6601,6056,6998,6256,7143,6378,6374,6070,6780,5999,7200,6157,7002,6411,6600,6342,6889
6792,6727,6908,6666,6919,6512,6834,6535,7229,6546,6516,6972,6946,7092,6787,6807,6923,6077,6530,6698,6905,6575,7113,6303,6719,6300,6612,6318,6893,6948,6905,6934
6387,7099,6221,7134,6115,7146,6006,6932,5882,7196,5840,6835,5669,6889,5868,6691,6104,7007,5871,6652,6270,6422,6515,6816,6193,6832,6003,6928,6203,6914,6212,6968
6621,7024,5798,6491,6217,6724,6416,6656,6199,6777,6819,6553,6703,6547,6356,6793,6502,6745,6416,6684,6451,6595,6167,6793,6535,6487,6467,6677,6346,6729,5977,6916
6444,7593,6499,6926,6083,7397,6198,7220,6284,7494,6603,6973,6678,7324,6140,7357,6279,6959,6222,7395,6457,7526,6633,7052,6166,7009,6742,7392,6572,7361,6855,7408
6437,6655,6564,6688,6355,6874,6615,6373,6271,6448,6650,5925,6639,6739,6195,6470,6292,6453,6417,6823,6407,6934,6734,6575,6120,6944,6268,6787,6636,7137,6449,6707
6582,6765,6314,6603,6596,6933,6399,6306,6489,6602,6443,6333,6420,6755,6491,6867,6750,6522,6431,6737,6518,6640,6476,7059,6125,6653,6495,7256,6450,6584,6363,7035
6966,5815,6783,6180,6458,5935,6463,6400,7236,6054,6500,6346,6426,6071,6564,5991,6180,6213,5845,6097,6307,6098,6520,6082,6418,6295,6637,6614,6639,6323,6892,6507
6762,6471,6633,6620,7072,6440,6604,6443,6778,6268,7001,6165,6789,6503,6582,6066,6858,6332,6311,6438,6952,6365,6735,6769,7124,6570,7146,6871,6758,7101,6672,6848
6790,6916,6990,7096,7006,6932,6390,7144,6741,7130,6537,7009,6573,6851,6837,6711,6499,6802,6527,6677,6688,6662,6426,7099,6417,6846,6650,7207,6380,7314,6450,7055
6703,6088,6697,5876,7046,5507,6619,5880,6859,5906,6229,6141,6262,5810,6877,6051,6779,6260,6756,6215,6424,6315,6975,6249,6247,6369,6390,6391,6541,6313,6383,6277
6770,6709,6434,7153,6658,6985,6454,6740,6553,7046,6919,6614,6664,6874,6988,7165,6390,7337,6627,7151,6950,7084,6670,7245,7025,7331,6329,7169,6609,7318,6663,7328
7347,6529,6595,6375,7576,6497,6790,6618,7228,6517,7066,6396,7070,6401,7056,6585,7043,6273,7148,6296,7180,6408,7055,5894,7039,6657,6568,6590,6838,6314,7189,6647
6474,6840,6678,6698,6892,6473,6457,6692,6462,7469,6666,7094,6544,7088,6597,7011,6338,7247,6342,7102,6730,7137,6611,7209,6301,7340,6776,7115,6800,7391,6641,7591
6443,6260,6776,6546,6065,6610,6368,6291,6343,6616,6006,6180,6591,6513,6300,6473,6198,6789,6295,6785,5943,6374,6442,6303,6052,6506,6624,6326,6539,6482,6194,6993
7229,7021,6468,6335,7135,6334,6929,6359,6462,6078,6682,6496,6992,6301,7168,6332,6727,5887,6373,6362,7128,6627,6867,6801,6608,6069,6287,6376,6467,6574,6910,6239
7074,6899,6739,6953,6896,6789,7176,6743,6904,6721,6713,6986,7153,7351,7002,7144,6748,7130,6629,6650,6637,7378,6504,7403,7059,6661,6550,6983,6848,7111,6705,7112
6458,5795,6266,6613,6077,6537,6801,6553,6470,6524,6204,6825,6253,6351,6513,6756,6259,6320,6604,6755,5907,6583,6485,6903,6536,6458,6248,6498,6650,6492,6322,6476
6701,7050,6738,7247,7019,6970,6831,7203,6892,7123,6590,7427,6231,7406,6409,7132,6536,7346,6550,7111,6565,7174,6564,7204,5875,7379,6487,7231,6258,7245,6154,7337
6325,6778,6397,6763,6297,6870,6513,7088,5734,6606,6278,6850,6012,6955,5940,6258,5885,6848,5942,7015,6137,6499,5978,6966,6449,6819,6108,6610,6348,6593,6068,7137
7323,6718,6755,6604,6336,6739,6323,7075,6177,6267,6427,6292,6121,6954,6951,6287,7190,6930,6818,6435,6837,6423,6408,6737,6618,6730,6713,6223,7020,6964,6725,6909
5720,6682,6014,7152,5935,6908,6328,7055,6421,7213,5856,7021,6282,6824,5828,6824,6197,7023,6319,6977,6131,6674,5970,6365,5913,6482,5894,6824,6231,6866,6128,6815
6159,6988,6408,7105,6219,7255,6064,6908,6150,7049,5653,7035,6489,7142,6428,7013,5679,7142,6058,6615,6179,6813,6006,7395,6385,7070,6020,7349,5945,7298,6250,7583
6765,6980,6352,6769,6544,6852,6374,6954,6278,7283,6119,6778,6476,6708,6232,6845,6440,6736,6203,7250,6342,6224,6044,6475,6831,6641,6115,6496,6333,6760,6261,7252
6493,7092,6698,6829,6540,7109,6197,7299,6494,7168,6342,7139,6850,6945,6387,6797,5671,6782,6567,6807,6741,6861,6482,6803,6603,7277,6779,6958,6206,7217,6707,7564
6391,6806,6466,7141,6056,7558,6560,7188,5808,6559,6213,7103,6595,6548,6632,6646,6252,6592,6219,6991,6557,7036,6012,7011,6216,7186,6409,7072,6504,7251,6356,7247
6312,6776,6490,6310,6503,6346,5982,6604,6180,6628,6102,6755,6224,6424,6147,7016,5897,6695,6288,6660,7084,6533,6499,6384,6347,6340,6414,6384,6785,6522,6055,6802
6713,6612,6402,6012,6767,6249,6531,6317,6901,6411,6703,6297,6599,6157,6842,6125,5993,6084,6739,6072,6717,5987,6887,6634,6767,6564,6912,6362,6692,6664,6754,6805
6435,7215,6403,6925,6397,6333,6692,6636,6426,6480,5770,6821,5620,6217,6088,6468,6267,6538,6026,6384,6014,6270,6072,6185,5737,6346,6271,6469,6079,6492,6165,7001
6721,6196,7114,6137,6913,5912,7076,6055,7194,6032,7209,6165,6849,6336,6618,6202,6376,6512,6718,6066,6553,6091,6682,5523,6790,5891,6592,5779,6898,6486,6433,6304
6908,6078,6647,6055,7192,5836,7256,5896,6898,6235,6553,6240,6977,5912,6633,6416,7027,6147,6983,6202,6722,6349,6665,6693,6683,6222,6389,6561,6788,6784,6567,6378
6712,6731,7155,6874,6790,6850,6244,6831,6660,7236,6616,6404,6527,6420,6168,6343,6654,6613,6882,6663,6651,6507,6280,7137,6722,6081,6812,6704,6745,6775,6811,6916
7197,7222,7067,7421,7259,7070,7208,6923,6695,7297,7169,6934,7051,6900,6797,6497,6433,6798,6397,6567,6701,6465,6487,7033,6518,6778,6881,6864,6902,7057,7112,7349
6753,6990,6920,7013,6706,7182,6497,6388,6564,6780,6373,6789,6522,7154,6527,6294,6932,6615,6686,6338,6691,6364,6648,6672,6405,7032,6013,6468,6668,7003,7093,7379
6439,6431,6680,6000,7088,6353,6536,6535,6762,6203,6865,6051,6468,6437,6340,6180,6753,6113,6693,6078,6827,6063,6587,6374,6884,5992,6619,6313,6463,6352,6558,6359
6693,6446,6759,6505,6559,6288,6859,6078,6739,6007,6680,6188,6915,6563,6723,6142,6493,6589,6395,6381,6600,6471,6587,6800,6750,6201,6353,6377,6527,6831,6690,6397
6772,6441,6607,6513,6801,6794,6659,6450,6380,6387,6418,6758,6470,6401,6410,6714,6593,6532,6207,6228,6410,6556,6718,6850,6953,6293,6753,6959,6722,6745,6372,6311
6798,7145,6512,6645,6270,6637,6453,6261,6966,6664,6333,7001,6468,6268,6244,6328,6316,6688,6449,6683,6491,6363,6656,6622,6033,6881,6058,6766,6133,7030,6579,6973
6371,6278,6797,6248,6883,6239,6779,6275,7087,6054,6813,6180,7223,6354,7174,5965,6556,6442,6998,6610,6617,6180,6566,6423,7195,6128,6520,6045,6904,6788,6746,6568
6218,6665,5417,6444,5914,6708,5731,6661,5567,7212,5867,6549,5561,6773,5832,6413,5548,6630,5993,6151,5877,6493,5734,6468,6303,5969,6215,6350,5905,6537,5811,6513
6284,6707,6455,6643,6371,6927,6710,6441,6501,6388,6852,6773,6526,6543,6570,6469,6292,6520,6678,6532,6268,6488,5996,6512,6576,6194,6777,5897,6610,6930,6913,6586
6205,6837,6439,6730,6088,6924,6307,6450,6376,6470,5940,6689,6178,6607,6028,6635,6275,6944,6376,6648,6370,6943,6738,6748,6139,6720,6338,6746,6264,6633,6580,6652
6177,6886,6377,6815,6318,6606,6067,6341,5945,6794,5688,6378,5894,6859,5810,7252,6166,6944,6393,6629,6026,7133,5976,6573,5991,6583,6289,6581,5836,6554,6166,6748
5493,7078,6068,7000,5414,6942,5755,7283,6303,7074,5653,7163,5742,7174,5691,6983,5841,6722,5996,7366,6139,7120,5961,6784,5719,7354,5965,7023,6179,7318,6280,7301
6571,6908,6431,6638,6172,6556,6237,6466,6440,6545,6963,6701,6129,6542,6674,6572,6208,6458,6451,6278,6415,6723,6070,6524,6159,6143,5951,6505,6542,6596,6311,7184
6603,6824,6214,6992,6185,6796,6371,6583,6321,6645,6229,6837,6298,6975,6437,7241,6277,6534,6640,6979,6230,6783,6407,6260,6796,6698,6623,6343,6232,6931,6550,6912
5676,6841,5926,6425,5674,6776,6006,6784,5709,6828,5634,6373,6102,6151,6048,6342,6028,6255,5751,6365,5933,5982,6092,6286,6165,5934,5910,6297,6093,6492,6052,6593
6104,6620,5864,6235,6176,6396,6737,6177,6342,6635,6156,5921,6190,6726,6292,6478,6168,6499,5881,6526,6354,6417,5907,6400,6185,6624,5918,6623,5794,6489,6243,6895
5857,6564,5489,6164,5719,6343,5423,6117,5660,6269,5647,6064,5493,6438,5808,6595,5723,6181,6000,6751,5987,6633,5700,6291,5970,6764,5738,6879,5364,6436,5454,6935
5506,7017,5768,7293,5375,6859,5712,7085,5778,7245,5691,7126,5946,6847,5927,7007,6050,7332,5885,7154,5839,6975,5751,6875,5833,7072,5719,6612,6012,7184,5953,7430
6153,6649,6073,6737,6004,6466,6131,6264,6022,6612,5630,6811,5874,6736,5631,7354,5964,6402,5676,6394,5624,6974,6088,6331,5878,6643,5435,7269,5681,7326,5935,7158
6079,7366,5819,7181,5699,7081,5608,6963,5768,7256,6456,7098,6050,7244,5840,7145,6124,6865,5655,7144,5694,7432,5650,7265,5374,6709,5833,7516,5880,7444,5796,7693
