127146504,129278005,61794776,227709694,54549370,90155811,68217811,92480861,55875798,263456913,56827244,151010273,77692169,66746144,91270702,30859041,138891015,182346296,65543459,356491384,71728246,97773413,83444335,242068216,75896576,96341827,70773857,39950660,74830708,168589733,90561178,6017344232
46292050,250473808,52654389,42471757,67687566,44141958,166770567,133876409,72849359,38771037,243802786,172877644,198723618,94745971,193430727,49419580,61253856,34315933,261976071,71759547,51080048,42951435,51250933,58743642,156257982,168006406,248719771,45664676,158271902,43777629,175662618,220597965
92874837,239642139,45064395,215372437,172606566,100670002,42363032,323633477,48890331,32315383,51993887,25960256,128384367,81463293,151837509,73500372,52555241,37295454,109525402,35894190,44228194,206915031,50468956,100484572,40255470,254224291,100970913,50220942,127181039,95839325,57194995,434328119
110064847,44339816,250066559,48761459,99045134,46365165,102695580,36074252,101029927,32634597,41632584,287201536,98669664,36591670,40214532,39850304,103773046,42607513,49544451,50574539,154762890,48411033,54024913,52318362,39861529,52556961,37641723,86791161,162754100,69583231,47022290,453491591
114198951,109536188,51025303,145347322,62033700,31539262,116664141,143934553,158693492,253290426,41086891,205577911,46784030,149181046,45373585,100841645,41512890,177434909,105166501,43071117,95274932,32432917,42246801,92179609,45898610,39490393,166669086,92643578,88946244,81725065,226945337,360066758
178841757,291346633,65227358,67875357,162092055,198147536,58912450,106354345,56345407,56769987,186396465,165274097,63258116,334091422,88975793,165083405,52207964,160791793,50140820,91315598,55669371,271516924,53264996,288416172,73731387,248039239,47910907,49893825,53674418,95468381,216323679,478968911
36446519,171828311,436145845,97836859,94310857,54077039,71270943,183500441,77622711,204953319,91879066,58997834,34002103,258109295,43917061,76357771,40892755,119438362,419543379,208812772,148113534,52849768,297875755,113583785,202361944,44457322,43371099,113873119,97074818,99837959,125879512,493115730
101703224,37457603,177996218,219095820,170201989,28241836,98118627,58990112,94247606,34522938,223353819,112428729,49843992,36076124,47434257,37466898,170004542,53515351,48561122,189231300,339905749,43885942,132181930,44688009,184757877,183791072,192208366,175091302,107033445,111789576,109398524,209696406
204781768,93405188,109971995,101268203,171080624,99000061,103644315,49766873,326765981,94867581,48865493,43752990,52429436,58366995,47226777,77832743,98373492,48598553,49529806,150424318,99968097,174361750,307492852,215003607,71511949,194156248,67504744,107471228,41882221,94743010,382877939,232911884
37847590,56890626,229207220,208083429,147758251,107212905,40067283,173066600,140617233,106457679,42158266,114925684,46800488,281677192,51760214,610098081,42475618,68467104,167564277,75804205,102114834,245125260,104353457,165325103,157491791,46995145,279908369,100758893,159902764,110906630,255708000,468062982
56863733,66482304,110661882,107148068,195465773,32799144,49539280,181213532,53088488,81195303,49137267,162286831,54384929,105504853,57720567,159694029,53455961,96464393,45526781,33048297,50926297,225184858,57268004,101852415,59351652,207566027,39995069,199660166,52344817,81942225,66123241,192915322
112113938,103130810,209440331,433369426,166940627,107220839,55977776,202063056,51599508,168585164,84049206,271012286,62486277,141182056,283217968,34064820,54907098,90044960,121197940,144722358,125986436,358190072,92309193,114262039,44553264,44493741,45054242,42326352,46929461,54648776,43892469,151145339
56281502,113344327,51396636,89936964,287549066,95817218,131164020,100690302,179674380,193437459,124682887,100792689,381151864,47759475,54051031,73317702,160433173,32687212,143975783,301389922,186499519,48145947,69137304,136694821,107433391,220559342,297523452,104162781,45414835,123777138,44491552,248010268
117113608,40486767,65810659,98243953,58665295,317603723,95872209,163132826,42322220,278983030,62245197,266673578,63201358,34804035,60437048,38591470,195272003,151099431,55355504,40545974,181319024,197061579,55933638,150049607,167641317,186638195,112294645,85346517,57792067,122384242,50164711,195907329
147773072,249628067,165538016,62651287,49284083,394264988,53613283,38509648,152377649,350267361,202423953,300811384,149735618,157117839,102781597,217712176,170409279,121358132,55642010,34541078,53519211,582189474,107021038,39969644,223628752,40000425,96090910,156553215,223786171,43798879,191235631,231690156
56899694,89692297,55210120,181935751,225217970,113024231,152482440,105807495,53590109,383426902,44629670,195082455,115515128,162347937,52812465,364768379,114087845,103566601,124307831,104409253,51639293,43130593,57239407,175763870,53234024,317388768,59535585,423163477,200735102,139171196,131442700,232185368
48398368,454170575,50710098,164956742,62673823,317371958,203230578,322295111,187946364,330369823,58761539,99644760,197633264,289425367,63813160,146694886,117955373,226481113,169739129,36251923,61239728,709341646,49229375,225803438,111214987,245278227,56070767,173447751,65491630,617804965,118805669,367584830
63919692,177113624,62219583,181364013,43474101,57528604,351361366,154401250,42677202,648633379,46688021,752228042,48420274,238562355,44561112,105242642,120870581,41850553,46058727,47062185,49067391,37239692,62508727,554150836,46101695,114375155,43535095,34136455,56477235,68910999,54864068,325576855
55102045,373356816,298312290,185133209,93925539,257106659,51210681,163947883,317368906,220108934,266614532,87379977,265468196,280687797,190289339,138060176,143687642,355769404,271222732,332565889,134778948,361023019,40845407,152039285,113053977,232345832,90696160,353193177,214954019,355737696,151794077,300669686
109287597,331052738,76513213,163295007,44773196,54640189,125259510,39818088,50681012,146463862,44332207,283099133,101431447,29055655,152660192,384549079,280800702,154310062,46651772,30653877,154950221,137072933,44176248,34749558,56020678,185860699,117950462,375520177,61277159,33257318,63108302,297260620
122821969,203849508,241730735,135506919,124081548,320945528,236882585,30287829,98300675,117203938,47906462,111396672,49633118,36436102,166808405,100346913,140857948,103078794,61084494,167142567,173574644,205265921,61774746,132436371,77375238,83797461,138983803,144596752,106208127,50997880,66952528,241659112
127995413,287009947,167271490,279920436,106038848,223698088,46660552,259951506,45263402,240356958,123239007,87812623,108131556,229546761,65366745,100589086,108848878,175425272,194314034,286192118,133073529,289124490,58426439,236620455,56520178,45667521,458903516,114060718,111103161,98046704,137696587,286904682
422807429,344229463,194917437,460706588,143970815,86920311,403547542,249649694,525693033,280937005,283725561,693870344,332219241,286712494,296839306,224683408,311264461,512226375,292517169,321698318,444577224,338224383,197967673,291298412,80161350,288006918,275300184,354492896,153906408,272703614,321654408,390139161
113702544,201660707,63406700,209995890,63323502,35742022,92479719,145563838,74409277,287540629,168438871,102234056,81005060,125605154,148171066,141954330,62149648,215728559,167994762,93826735,68623111,34115676,403389084,65167408,49954956,333301295,184171815,131341907,104776003,179011479,72228966,520901274
38391140,244503054,108222717,373708749,84856661,214132129,33445280,173629992,47571923,123753889,179669099,156031817,44049301,45406094,89063088,104014615,104984612,42173214,52529965,227162392,46021581,418259082,247905064,117237076,44159520,120995536,99727935,49847615,36916582,54487683,127670977,203177085
152052715,206906745,138623879,437257902,55620685,36182531,113419347,81263523,166152002,105149207,242339811,38198644,153173170,238430005,104839399,202430058,67196539,150542435,48284343,30484447,93401052,37015247,54774705,296001899,58465569,181528307,98662883,78171934,125424573,200051195,52568203,211953799
117893889,38323340,184241478,81688805,73967773,30403696,44367555,174428687,123530545,30964190,60315042,89965331,48579231,460096259,51596562,121223292,71195469,123376013,253552415,37688409,40235349,152959297,36254741,41800717,62703939,42584993,36971102,112590390,33561348,89389115,45646880,174124926
207968105,220216576,108325201,107549213,49863984,143252928,302679073,329244874,432756348,207244072,287192777,354201817,214105981,608042044,330611676,472603580,173008512,307594576,395318108,411646010,514738421,95757388,219391206,145097002,348542831,153664707,342687810,148569623,51857691,365671398,410624355,397777554
234397224,159365445,302849733,256451501,112237963,370958193,202863409,242224637,217132344,153247942,283927338,112265740,186673203,373779833,64885051,220591184,270734649,232051474,131051729,215225664,154516691,357601418,51492269,206651955,112445202,440286313,848165619,264428989,184298178,129549170,335162933,272001982
337033361,97698765,59242176,362683043,129285366,268455256,62552482,32030608,71417823,277418129,62183833,29520303,263932679,195328761,74853602,276949201,79922862,113491450,61206946,85649741,107226831,32525144,54687332,31325621,51748826,87956021,85664726,32838723,61618319,103921981,137143837,180802499
51705305,99010473,48679249,219875291,50840368,583323030,52927162,138166244,59144500,114662690,54318397,331703304,52984830,104384196,296107567,161263195,118040518,42344054,54869882,89268195,64904877,80125271,53021315,33773421,55077980,34521962,50042133,303587376,50268249,220546429,52589191,255137976
55029469,33878554,124026075,731164613,60274960,396231887,134598605,379595819,48064839,336274916,61676319,42823939,127673687,112852962,57744795,122832294,55247891,328662956,65341010,420602007,49630949,39892995,56026979,310539288,55428777,41489852,116248169,49814879,68189260,33444980,56398426,357551762
59274579,110573692,118053595,115153322,189760051,474603193,53960684,43420805,57441593,50453165,52938960,559718606,186012296,493713102,127465158,225020657,176356774,196695860,122548498,230103018,124324074,93756111,254489365,457839495,184116307,226566320,65163017,179972060,94166191,173461798,115359294,530073824
48751834,176139215,52978090,120403135,177730276,617708606,55837416,160848271,63790252,40759749,62399116,894097686,76117116,161885059,48325715,403914843,52494063,410876699,46867655,356695528,62614954,361403418,59125636,33617773,131380253,281213617,63655647,386502395,231083905,150730937,65544681,363355480
367750008,713382114,753185408,511669511,765550456,664033387,643193945,917540694,623601675,346555694,574408603,661050308,639461797,647028708,554356804,1444349365,553259224,557893096,384784311,542275929,653093639,623135696,378888568,1047539661,651655667,703695249,572820425,438645700,808008758,447083569,660350075,980034212
54734542,292528751,69242545,94740238,350567382,138688072,55537090,36541885,51756105,37902424,54207765,223905685,104898542,300282404,51912328,499010320,184354800,161637490,240432359,340448556,64184735,39370647,55547568,151905485,64578406,314650793,52370533,35762468,178126112,119249353,131525149,140168283
123745870,96580380,46038791,146919414,85515363,34140133,170782142,168339196,59466906,167170985,56432013,374371752,53340638,177215515,47677292,181875458,52793705,98966868,47934738,233509931,48204823,37612973,49978095,36412939,61706666,32780598,53403961,28099805,77735598,233243898,191701370,201558912
53217563,305554876,69630120,109259921,57220584,505319123,103879065,353366181,114098227,33068455,126286944,232081069,108927363,119174195,60641007,438210343,111466077,230982513,51740704,39134427,171558885,883228239,54744961,546604830,169857417,109317604,56441515,272809689,53922376,364651241,58724431,137379218
64877590,155067333,63064474,303273838,123621510,48907583,53922360,178550140,164938333,400374710,64213039,41885897,67975255,91997728,59389854,28009397,54031947,260922803,70833035,312586177,65762972,92398331,106442106,39278896,99862394,113741859,66220864,41379262,52043497,67024165,87420798,294761337
170050827,217349585,112705691,163019803,624337222,98151240,47692286,89115787,52079666,441378783,209639677,252268101,48442026,589579974,49963554,350554398,46671595,121376299,128148969,168005373,130956525,38545628,52077068,25333908,47793925,94598594,136813002,38066743,55303262,170243694,136880554,371349800
113921351,690077092,99277519,172063552,289944048,166309902,109251931,306564994,119101481,50110185,154718647,33669060,51010770,93350356,111227631,97566665,128524018,41960988,493809189,38071016,68746449,615219646,58806360,182403003,59953353,151005845,55125239,176785865,91747998,122018537,113075978,208162038
276818168,841970866,67156306,331388589,165162311,195896613,122252074,780965129,170393308,370987952,215832618,140277841,101854598,693453963,172486265,45009338,159381969,344462099,68086896,193978941,70144827,115356579,153227409,541865517,215845089,194604616,314208786,290271207,71944766,463789110,192181993,388065346
746952585,509732130,530048797,716162599,672152319,1007221219,337824152,1033253673,534622141,236576888,574480991,789014513,614077073,717308479,642307429,235992338,546857729,1051672935,836744627,917259939,530453001,1148254220,382941733,475896664,474768803,554383385,1100940997,817165138,739278672,619623104,582530769,910223465
94162023,97589053,59934421,92352282,76566992,204369034,63494143,124819269,66883760,71409449,62072335,239683149,121685505,140521359,58864890,150982826,133041262,225043497,126147583,88981750,118468244,210168324,56626689,170713214,53312586,52553878,127345917,156240820,107458967,296894004,57766327,199007742
81229061,45004959,59306926,173975832,129562143,37911818,59229597,364008070,63886082,63815472,72854698,106620926,61315625,36023821,61171982,162624735,328803860,155951982,70855375,138426016,56019000,245019877,55237071,298751505,54059305,300097614,63835565,45980401,62161870,293743566,155124730,307457636
55344548,157336270,49130821,92160655,107961702,32851135,176740677,100703276,56609308,37900573,58026971,102071318,68302204,423382345,165579322,153897634,60644412,402065152,61102004,367460071,209406848,957602798,452225586,552375002,195235579,233836052,63722976,293080455,66600229,166737757,50529648,184760158
195222526,447951946,62243968,77607188,54819788,31545751,65885859,24528283,145418776,79287126,82214322,155329759,64693608,33653921,140629872,248227204,64051075,429219525,166642085,153278393,58613540,32055628,99572588,33903638,131722499,36261989,53185536,175920298,62705229,96069052,56805983,494804639
59854420,151509523,132069170,165081922,88824098,96684407,138518443,232357384,192311346,47915648,67314658,54478952,131938503,100003220,68150744,229242683,61469111,99860837,181497354,82212325,58464610,31909010,54444335,31688855,56300885,300334327,129057166,24878652,129746780,546405640,73733649,136834119
50806049,105276695,123871237,651909875,58281042,255101132,52293442,102968957,65049466,192198812,50524422,175404339,59239964,184904423,61065784,255470352,56551153,478437446,60038337,131316041,51124011,101942169,173604539,337417823,51724188,421097276,109940661,394450319,50119901,58433840,62529563,177462900
67361464,223532542,56542247,113397049,71159287,213909517,62729397,99273322,118617099,109971734,115200475,223216376,49433917,528801302,161334082,194807459,58563954,227928647,63919991,87868516,70250174,297145428,57792758,202055008,50189359,118351248,87353286,310801580,136265715,421528439,238749763,385293992
91966486,72234037,46341303,36077707,54747092,477731340,56436315,137360725,66132620,68867903,57476613,32379177,55826561,203086229,54595616,195044248,239964579,97644208,54151475,164938424,64322784,32995585,203776877,170313326,48145812,35501223,54253324,107426897,51101710,100277684,101909902,115932922
421274763,403741957,537476489,675584691,527816827,691891510,502122253,661588398,405707144,1027408518,511395338,529227808,337432647,425987399,461883018,413679500,480264832,393825217,601383195,451333999,499109303,417367192,457319218,446890799,560127716,441558721,898168259,388062987,405931786,515776083,549616425,644596272
433437313,599914932,633743044,680371553,548339260,624972352,534637275,1013228498,642572157,621365578,596179292,788638442,590697915,436448963,876827982,681205218,503265669,556484692,528525426,860781102,829423350,527666917,375204056,622847737,690726657,567011254,1064850611,337259214,431364200,737936431,363350435,805785697
120934813,188837710,57434108,228927475,60660171,288610351,57111729,79888711,57310534,36389565,74155338,93693997,51050984,103009452,67857755,106554305,73730879,39455191,146581989,185740803,57829640,365287484,62838433,56387001,65158681,237836809,56700989,36455249,66559501,111533899,58475915,191088508
57751864,288545622,159043117,133192994,115265368,325115243,237924361,78820005,54327636,151318772,60475951,84039178,105928997,648085208,49218987,296110516,130556720,36596414,257185868,494241046,102683976,325223825,171249743,173327213,59772044,341930751,61542147,92127646,125623877,43146148,104546689,297119552
51050752,231315269,51665260,186774896,118597992,166433835,65894148,372134739,116153607,295632949,71216088,128219237,129147741,168217341,131990474,202664310,204580241,1187748098,121209931,664104812,44873431,124369853,126445538,323891805,118383741,95401869,109329346,29164486,53911019,182626995,78193522,626081589
66841318,36114330,118647576,370279413,73246459,99234941,58548723,265880478,57454894,106962673,97994476,39639233,59125500,448872851,94390470,39368087,52747731,100753976,51943220,172673075,64192036,290604327,331107498,52690730,124828109,297744562,80962221,115860464,62142788,90585375,65694515,194086791
225957103,38172504,51823077,200204191,138363983,186751940,102834540,150303868,45234251,297734080,101534252,222544962,48610449,164761093,60811543,266181974,243346880,99414596,57193615,55751753,54907873,109668280,54406844,43050235,119452709,43451847,459217192,46250573,117926012,140174745,209010769,297839079
66997988,47119153,114033311,42087659,93186953,242328618,102081577,155767931,167486563,159836113,96189105,39630036,102925433,88672723,99564826,191398798,145858003,183000119,82567257,286349746,84007710,96864141,75746601,261684210,53349643,279074339,53481319,174593215,49324536,56230187,110204721,117533484
