82839682,553304827,111641214,98826337,123763459,99142725,104978965,98450942,120975897,100825307,101073902,95624048,78725693,91264855,105682734,87367856,88553310,89612630,98076998,89868526,95585008,86582421,130396067,82981743,72923160,83923914,72735759,83952424,75683933,234646816,75214720,607692763
82850493,553313662,111651813,98834839,123774378,99151813,104989699,98459757,120985805,100833946,101083348,95633201,78735323,91273932,105692570,87377448,88562684,89621864,98087578,89877145,95594585,86590884,130405200,82990879,72933740,83932248,72745448,83962673,75693580,234657787,75224678,607696518
82860112,553323773,111661491,98843438,123784360,99161496,104999599,98468916,120995977,100844409,101093451,95642809,78745766,91283635,105702369,87386549,88572996,89631054,98097612,89886751,95604526,86600538,130414931,82999885,72944058,83942438,72755288,83972733,75703467,234668046,75233398,607708058
82868960,553333340,111670325,98852528,123793410,99170901,105009032,98478243,121004633,100853825,101102408,95652169,78754777,91293399,105711358,87395815,88581600,89640860,98106257,89896540,95613154,86610466,130423366,83009148,72952699,83952619,72763620,83982367,75712921,234678257,75242461,607717857
82879495,553344186,111681242,98862973,123804072,99181711,105019726,98488718,121015627,100864884,101113274,95662845,78764840,91304256,105721318,87406790,88591442,89651613,98116541,89907078,95623635,86620977,130433131,83019436,72963409,83963964,72773982,83993212,75723415,234688842,75253078,607728795
82888725,553353570,111690394,98872525,123812878,99191025,105028790,98497875,121024411,100873952,101122083,95672806,78774819,91314100,105730339,87416443,88600268,89661210,98125676,89916353,95632919,86631020,130442377,83029454,72972423,83973340,72783761,84003449,75732761,234698583,75262504,607738950
82898300,553362852,111700393,98881850,123822675,99200591,105038399,98507619,121034584,100883611,101131430,95681996,78784409,91323911,105740014,87426299,88609752,89670912,98135588,89925973,95641951,86640731,130451949,83039286,72982072,83983806,72793889,84013561,75743117,234708375,75272634,607749735
82908363,553372292,111709852,98890988,123832569,99210348,105048043,98516697,121043604,100893251,101140928,95691787,78793306,91333963,105749340,87436032,88619615,89680878,98144973,89935546,95651556,86651483,130460862,83049116,72991458,83993758,72803091,84023653,75752612,234718912,75282125,607760310
82917541,553382029,111719111,98900001,123841712,99219999,105057622,98526178,121052426,100902848,101150285,95700914,78802412,91343544,105757819,87445229,88628174,89690248,98153129,89944687,95659975,86660886,130469458,83059379,72999879,84003515,72811816,84033733,75761213,234728910,75291454,607771462
82927024,553391288,111728680,98908927,123851477,99229695,105067052,98535920,121061708,100911447,101159091,95709970,78811976,91352427,105767378,87454059,88637279,89699564,98163044,89954076,95669379,86669753,130479259,83068480,73009422,84012771,72821393,84042886,75771347,234738188,75301664,607782831
82936469,553400889,111737704,98918769,123861284,99239017,105076577,98544458,121071434,100920723,101168003,95719605,78822318,91361327,105776981,87462893,88647392,89708157,98172621,89963057,95678849,86678305,130488695,83077439,73018735,84022319,72830722,84052540,75781421,234747788,75310925,607794257
82945305,553410665,111746509,98928458,123869540,99248796,105085589,98554421,121080561,100929817,101175897,95729605,78831396,91371371,105785360,87472109,88656601,89717146,98181374,89972386,95687482,86687873,130497773,83087356,73026651,84032141,72839095,84062274,75790261,234758216,75319795,607805216
82953993,553420128,111755492,98938318,123878271,99258457,105094047,98564326,121089467,100940271,101184889,95738674,78840105,91380600,105793754,87481632,88664855,89726943,98189689,89982402,95695855,86698194,130506106,83098354,73035381,84042102,72848240,84072307,75798823,234768416,75328430,607817598
82962726,553428451,111764600,98947596,123887438,99267467,105103279,98573628,121098149,100949387,101194242,95747459,78848875,91388436,105802818,87490599,88673690,89735221,98198597,89990865,95705200,86707098,130514188,83107009,73043534,84050353,72857005,84081515,75807452,234777112,75337907,607828060
82971951,553437338,111773842,98957419,123896611,99277258,105112514,98583471,121107643,100959054,101203432,95756555,78857402,91397958,105811169,87499697,88683297,89744932,98207771,90000565,95714922,86716474,130523267,83116071,73053223,84059701,72866464,84090696,75816575,234786763,75348182,607839168
82981073,553447668,111782377,98966713,123905557,99286170,105121458,98592037,121116686,100967847,101212287,95765274,78866061,91406689,105820479,87508558,88691793,89753934,98216275,90008990,95723487,86725480,130532110,83124831,73061967,84068199,72875588,84100130,75825462,234796228,75356695,607849944
82989426,553456151,111790095,98975175,123914140,99294753,105129611,98600499,121124479,100975850,101221185,95773518,78874111,91414906,105828988,87517271,88699724,89762358,98224473,90017234,95731548,86733952,130540610,83132499,73070783,84076419,72884043,84108235,75833856,234804378,75365292,607859643
82997403,553463058,111797224,98983001,123921382,99302735,105137019,98608144,121132741,100983079,101229191,95781316,78882138,91423119,105836166,87524641,88707443,89769972,98232460,90024563,95739624,86741739,130548283,83141865,73078320,84083852,72891813,84116050,75841652,234811818,75373226,607869029
83006895,553471882,111806755,98991427,123930438,99311091,105146257,98617867,121141563,100992212,101238127,95790203,78891645,91432077,105844987,87534233,88715992,89778780,98240335,90033573,95748542,86751194,130557701,83151080,73087727,84093657,72900607,84125323,75851053,234820792,75381823,607880360
83015948,553481210,111815433,99001704,123939668,99320221,105155220,98626661,121150608,101000782,101246967,95798831,78900712,91440777,105853364,87543668,88724953,89787698,98248518,90042172,95757144,86760037,130567302,83160339,73096047,84103276,72908744,84134268,75859907,234829972,75391189,607891330
83025347,553491072,111824801,99011078,123948908,99329811,105164261,98636135,121160678,101010885,101256480,95809121,78910316,91450943,105862579,87553520,88734288,89797263,98257712,90052102,95766808,86770062,130576554,83169448,73106056,84114017,72918417,84143987,75869675,234839621,75401030,607903319
83034410,553500650,111834224,99021249,123958215,99339567,105173104,98646576,121170223,101020692,101265261,95819055,78919444,91461414,105871643,87563661,88743278,89807398,98267154,90062264,95776406,86780715,130585838,83179751,73114935,84123992,72928300,84154072,75878878,234849659,75410698,607915724
83043231,553509481,111843284,99030523,123967000,99349244,105181717,98655673,121178865,101030217,101274142,95828253,78928551,91469987,105880526,87572507,88752133,89816326,98275801,90071514,95785920,86789965,130594218,83188971,73123666,84133629,72937603,84163649,75887561,234859318,75419665,607926654
83053822,553520686,111853625,99041292,123977009,99359480,105192033,98665668,121188914,101040820,101284757,95839171,78939482,91480361,105890909,87582717,88762610,89826430,98286158,90082630,95795435,86800388,130604362,83199028,73134243,84144369,72946780,84174167,75897710,234869563,75429773,607939318
83061288,553529918,111860664,99050752,123984491,99369035,105200102,98674414,121197052,101049471,101293017,95848386,78947945,91489345,105898985,87591329,88770543,89834638,98294139,90091542,95803940,86809318,130612122,83208067,73142793,84153763,72954853,84183730,75906303,234878744,75437882,607949940
83072849,553539564,111871267,99060499,123994913,99379028,105209934,98685162,121207187,101060093,101303740,95858333,78958455,91499319,105909245,87601299,88780410,89845651,98304721,90101414,95814838,86819620,130622975,83218542,73153613,84163367,72965521,84194761,75915972,234890005,75449235,607963620
83079950,553546784,111878855,99067862,124002183,99386163,105217288,98692381,121214681,101067756,101311075,95866123,78965998,91507988,105916817,87608913,88787915,89853275,98311534,90108920,95822148,86826489,130630103,83226280,73161021,84171063,72972880,84202982,75922412,234897927,75457472,607972349
83088422,553555492,111886748,99076392,124010312,99395329,105225209,98700935,121222423,101076341,101319140,95874622,78974132,91515667,105924283,87616663,88795948,89861734,98319415,90117029,95830614,86834824,130638113,83234360,73168685,84179653,72980772,84211011,75930482,234906517,75465570,607982233
83097327,553565222,111895951,99085497,124019491,99404073,105233405,98710372,121231440,101085574,101327908,95884039,78983155,91524788,105932183,87626033,88804688,89871283,98328143,90126156,95839816,86843981,130647039,83243551,73178553,84189084,72989370,84219824,75939729,234916165,75474527,607993567
83105983,553573724,111904118,99093386,124027792,99412405,105240697,98718312,121239557,101093596,101336260,95892681,78991711,91533206,105940278,87634764,88813082,89880034,98336504,90134464,95848193,86852894,130655527,83251624,73187501,84197118,72998342,84228246,75947790,234924684,75482624,608002973
83114684,553582458,111913156,99101439,124036612,99421418,105250031,98726359,121247555,101102161,101344772,95901076,79000295,91542218,105948550,87642892,88821310,89888441,98344463,90143473,95856621,86862182,130663537,83260252,73196037,84205779,73006354,84237323,75956396,234933642,75491192,608012952
83122247,553590937,111920415,99109281,124043841,99429454,105257186,98734735,121255401,101110023,101351875,95909488,79007100,91550642,105955278,87651922,88829091,89896434,98351530,90151518,95864340,86870711,130671232,83268532,73203369,84213707,73014161,84245905,75963673,234942292,75497745,608022380
83130660,553599628,111928283,99117913,124052595,99438430,105266179,98743761,121263631,101119369,101359017,95918741,79015456,91560088,105963570,87661847,88837991,89906012,98359854,90161134,95873247,86880578,130679761,83277937,73211993,84223783,73022421,84255830,75972705,234952449,75507078,608033938
83139318,553608970,111936977,99127078,124061207,99447444,105274796,98752541,121271916,101128289,101367438,95928209,79024383,91568816,105972133,87670844,88846794,89914339,98368370,90169544,95882435,86890033,130688195,83287398,73220441,84233061,73030946,84264671,75980804,234962050,75514895,608043782
83148045,553617356,111946003,99134980,124069394,99454955,105282031,98760779,121280453,101136058,101375418,95936299,79032321,91576702,105980335,87678877,88855337,89922315,98377216,90177407,95890690,86897812,130696489,83295702,73228471,84240854,73039131,84272723,75988973,234970289,75522716,608053228
83156072,553626341,111953771,99144086,124077338,99463546,105290414,98769809,121288309,101144996,101383520,95945537,79040923,91585447,105989235,87688051,88863439,89931768,98384961,90186271,95898561,86906550,130704704,83304949,73236211,84250057,73046802,84281944,75997390,234979695,75530466,608063341
83164526,553635290,111961909,99152598,124085033,99472359,105299095,98778328,121296264,101154171,101392061,95954227,79048968,91594620,105997285,87696621,88872295,89941039,98393219,90194552,95906693,86915278,130712675,83313258,73245211,84258992,73055976,84291088,76005998,234988296,75538612,608074849
83172690,553644432,111970602,99161287,124093936,99480766,105307387,98787786,121304875,101163578,101400494,95962139,79057400,91603278,106005907,87705355,88880932,89950304,98401945,90203068,95915056,86923764,130721056,83322185,73253295,84267682,73064285,84300517,76014065,234997281,75546387,608085542
83181971,553652736,111980113,99169507,124102447,99489112,105316742,98795944,121313158,101172298,101409257,95970186,79065989,91611809,106013761,87713745,88888894,89960426,98410268,90211328,95923881,86932014,130730322,83330910,73261754,84275910,73072335,84308780,76023259,235005428,75554261,608095963
83189827,553660793,111987856,99176936,124110775,99496864,105324410,98804051,121320904,101180392,101416686,95978430,79073851,91619906,106021384,87721759,88896130,89969369,98417586,90219885,95931606,86940098,130737300,83339440,73269487,84284538,73079644,84316886,76030873,235013819,75562224,608105689
83197777,553669632,111995939,99185456,124118959,99505366,105332349,98813199,121329769,101188996,101425520,95987566,79082536,91628680,106029810,87731127,88905830,89978803,98426273,90228863,95939867,86949762,130745724,83348806,73277780,84293273,73087956,84326297,76039555,235023496,75571262,608117224
83205344,553678619,112005333,99194627,124127364,99514758,105341084,98822463,121338127,101198346,101434601,95997867,79091618,91637903,106038447,87740303,88914024,89988109,98434649,90237831,95948653,86958571,130753934,83358276,73285818,84302031,73096406,84335729,76047955,235032955,75579485,608128436
83214426,553689344,112015872,99205473,124137238,99525665,105350560,98833036,121348180,101209337,101443376,96009227,79101102,91649235,106047695,87751223,88923350,89998788,98444377,90248085,95958064,86969241,130763154,83368782,73295540,84312796,73105379,84346583,76057435,235043716,75589438,608141530
83223223,553699063,112024949,99215586,124146190,99535687,105359596,98843293,121357425,101219254,101452042,96019879,79110567,91658397,106056409,87759912,88932273,90008180,98453587,90257653,95966710,86978796,130771859,83378752,73304584,84322595,73114632,84356032,76066769,235054357,75598781,608152988
83231555,553707554,112032741,99224058,124154500,99544022,105367533,98851928,121365496,101227734,101459813,96028640,79118587,91666728,106064378,87767999,88940278,90016566,98461598,90266536,95974484,86987363,130779680,83387331,73313186,84331193,73123188,84365217,76074812,235063092,75606919,608163430
83239110,553716264,112040790,99232232,124162752,99552689,105375617,98860576,121373768,101235851,101468457,96036846,79126267,91675264,106071721,87776295,88948815,90024758,98469845,90274948,95983094,86995511,130787243,83395811,73321192,84339995,73131510,84373114,76082445,235070983,75614425,608172652
83247443,553726217,112049766,99241824,124171757,99561862,105384396,98869672,121383116,101245217,101477269,96045995,79135400,91684929,106080797,87785217,88957719,90034509,98478412,90284422,95992186,87004856,130795801,83405065,73329519,84349781,73140425,84382135,76090832,235080807,75622829,608183845
83255614,553734508,112058561,99250639,124179377,99569939,105392726,98877583,121391334,101252951,101485181,96054284,79143659,91693257,106089637,87792847,88965998,90042894,98486339,90292766,96000192,87013017,130804238,83412953,73338320,84357405,73148777,84389765,76099125,235088985,75631094,608193499
83264549,553743607,112067232,99260235,124188731,99579081,105402252,98886847,121399862,101262410,101493312,96063641,79152417,91702893,106098736,87802210,88974970,90053396,98495513,90302532,96008395,87022249,130813097,83421839,73347223,84366848,73157298,84399446,76107833,235098606,75640310,608204430
83272983,553752168,112075982,99269048,124197098,99587526,105410602,98895819,121408442,101271056,101501853,96072159,79161080,91710851,106107148,87810668,88983770,90061927,98503639,90311899,96017272,87030908,130821653,83429972,73355767,84375789,73166083,84408400,76116040,235107360,75649209,608215497
83281739,553761067,112084341,99277395,124205938,99596091,105418229,98904656,121417563,101280752,101510559,96080738,79169416,91720253,106115523,87819220,88992229,90071206,98512035,90321352,96025331,87040122,130829825,83438826,73363385,84385117,73174162,84417588,76124134,235116786,75657567,608226642
83289945,553770442,112093019,99285602,124214667,99605050,105426960,98914109,121426138,101289277,101518688,96090293,79178194,91729031,106124384,87828387,89000728,90080599,98520012,90330472,96033201,87049091,130838741,83447976,73372666,84393663,73182980,84426356,76132792,235126077,75666078,608238449
83299007,553779222,112101865,99294531,124223815,99613826,105436763,98923201,121435158,101298061,101528115,96099149,79187264,91738299,106133326,87837445,89010135,90089211,98529401,90339582,96042417,87057748,130849249,83456418,73382474,84402679,73191998,84435084,76142035,235135394,75675596,608249215
83307369,553788413,112110053,99303617,124231704,99622134,105444804,98931657,121443261,101306314,101535723,96107388,79194914,91746911,106141302,87846106,89018055,90098272,98537212,90348139,96050135,87066589,130857235,83464474,73390387,84410770,73199735,84443491,76150270,235143735,75683025,608260498
83315277,553797222,112118503,99312776,124240884,99631347,105453638,98941170,121452060,101315456,101544442,96116513,79203253,91755594,106150044,87855961,89026666,90107914,98545221,90357758,96058401,87076346,130865523,83474367,73399030,84420041,73207476,84453002,76158871,235153425,75690984,608271432
83323056,553806406,112126364,99321852,124247669,99639753,105461294,98949687,121459957,101323995,101552087,96126256,79210696,91765206,106157734,87864896,89033947,90116848,98553438,90366761,96066629,87085511,130873522,83483579,73407072,84428918,73216072,84462245,76167559,235162766,75699143,608282519
83332016,553815727,112136464,99331078,124257082,99649012,105470495,98959137,121468545,101333105,101560851,96136094,79219879,91774437,106166713,87874023,89042047,90126217,98561788,90375848,96075359,87095079,130882560,83491965,73416052,84437648,73224852,84471413,76176505,235172055,75708287,608293809
83341421,553825143,112145863,99340623,124266739,99658033,105481035,98968697,121477734,101342250,101569767,96145367,79228634,91784007,106175883,87882963,89051319,90135063,98571108,90385669,96084587,87104320,130892044,83500978,73424521,84446968,73232950,84480512,76185183,235181084,75716490,608305179
83350847,553835035,112155599,99351105,124276079,99668311,105490573,98979058,121487161,101352396,101578557,96155463,79237523,91793313,106184828,87892438,89060081,90145207,98580130,90395519,96093910,87114096,130901656,83510604,73434175,84456647,73242968,84490177,76194906,235190874,75726475,608317705
83356305,553840450,112160699,99356645,124281447,99673715,105496366,98984784,121492211,101357531,101583728,96161208,79242905,91798779,106189530,87898494,89065313,90150480,98585714,90401430,96098927,87120800,130906153,83516433,73439865,84462329,73247882,84495745,76200267,235196902,75731709,608324058