10388715,40924960,9686698,7551555,10574015,6301368,5531117,6254409,8278493,5663950,5163070,5631539,4458669,5066187,12092738,5110733,3672852,4698517,7325804,4727605,5900293,4703333,13947185,4714199,4153377,4754590,4223927,4717897,4293616,10738867,4400208,55603914
10388886,40925023,9686759,7551629,10574061,6301384,5531156,6254429,8278521,5663968,5163099,5631561,4458691,5066211,12092784,5110742,3672893,4698535,7325840,4727636,5900323,4703365,13947230,4714210,4153407,4754620,4223955,4717922,4293625,10738881,4400228,55603991
10389061,40925067,9686808,7551683,10574072,6301410,5531184,6254499,8278539,5663997,5163112,5631611,4458709,5066238,12092806,5110770,3672909,4698561,7325847,4727666,5900355,4703403,13947283,4714228,4153419,4754661,4223986,4717948,4293629,10738916,4400262,55604084
10389185,40925193,9686852,7551739,10574086,6301434,5531208,6254587,8278559,5664014,5163135,5631617,4458717,5066259,12092822,5110816,3672917,4698605,7325858,4727729,5900376,4703412,13947336,4714228,4153441,4754671,4224015,4717995,4293660,10738918,4400299,55604113
10389343,40925298,9686871,7551820,10574113,6301461,5531232,6254643,8278568,5664089,5163149,5631664,4458723,5066270,12092830,5110847,3672941,4698622,7325870,4727775,5900394,4703457,13947348,4714244,4153452,4754674,4224023,4718016,4293671,10738958,4400313,55604168
10389489,40925381,9686958,7551887,10574132,6301487,5531236,6254662,8278596,5664157,5163158,5631693,4458738,5066315,12092835,5110883,3672952,4698655,7325907,4727819,5900408,4703488,13947388,4714301,4153470,4754680,4224054,4718019,4293711,10738974,4400331,55604194
10389621,40925481,9687021,7551935,10574151,6301506,5531256,6254714,8278629,5664200,5163171,5631701,4458747,5066350,12092872,5110938,3672959,4698666,7325918,4727908,5900421,4703524,13947402,4714333,4153478,4754713,4224064,4718032,4293761,10738997,4400381,55604232
10389760,40925605,9687098,7551969,10574170,6301569,5531285,6254724,8278645,5664227,5163184,5631768,4458761,5066350,12092932,5110985,3672972,4698668,7325932,4728033,5900435,4703553,13947412,4714334,4153484,4754718,4224075,4718049,4293783,10739032,4400390,55604252
10389936,40925661,9687155,7552002,10574204,6301594,5531328,6254746,8278660,5664247,5163203,5631810,4458773,5066399,12092946,5110992,3672980,4698698,7325985,4728112,5900441,4703559,13947443,4714401,4153491,4754726,4224080,4718057,4293784,10739127,4400421,55604264
10390115,40925692,9687241,7552045,10574229,6301604,5531345,6254763,8278665,5664255,5163224,5631837,4458799,5066418,12092958,5111010,3673028,4698711,7326005,4728222,5900490,4703577,13947463,4714418,4153518,4754754,4224096,4718132,4293794,10739128,4400461,55604299
10390230,40925794,9687341,7552069,10574278,6301621,5531363,6254790,8278679,5664260,5163224,5631862,4458811,5066433,12092975,5111031,3673040,4698712,7326016,4728309,5900504,4703599,13947485,4714455,4153529,4754827,4224135,4718188,4293805,10739144,4400505,55604309
10390293,40925870,9687517,7552130,10574340,6301676,5531403,6254826,8278728,5664269,5163245,5631866,4458822,5066437,12092989,5111099,3673058,4698716,7326032,4728408,5900522,4703602,13947507,4714497,4153563,4754838,4224147,4718191,4293827,10739166,4400507,55604341
10390358,40925989,9687616,7552243,10574363,6301699,5531427,6254865,8278767,5664337,5163261,5631884,4458832,5066501,12092997,5111110,3673067,4698721,7326039,4728419,5900528,4703679,13947535,4714526,4153616,4754851,4224148,4718227,4293845,10739171,4400517,55604351
10390497,40926077,9687654,7552267,10574382,6301773,5531452,6254887,8278778,5664359,5163282,5631918,4458834,5066542,12092998,5111152,3673076,4698785,7326041,4728443,5900560,4703697,13947556,4714601,4153665,4754908,4224184,4718232,4293849,10739207,4400535,55604355
10390607,40926207,9687698,7552281,10574400,6301785,5531463,6254907,8278801,5664389,5163285,5631933,4458842,5066546,12093000,5111203,3673093,4698824,7326043,4728500,5900562,4703722,13947623,4714681,4153712,4754943,4224200,4718271,4293865,10739231,4400577,55604371
10390684,40926294,9687820,7552331,10574428,6301853,5531482,6254916,8278829,5664410,5163357,5631933,4458850,5066559,12093004,5111248,3673108,4698837,7326063,4728546,5900575,4703742,13947628,4714766,4153722,4754990,4224216,4718294,4293883,10739238,4400591,55604401
10390844,40926358,9687854,7552384,10574469,6301885,5531497,6254933,8278852,5664442,5163408,5631948,4458865,5066581,12093018,5111284,3673113,4698850,7326070,4728555,5900579,4703809,13947636,4714838,4153745,4754993,4224258,4718298,4293906,10739298,4400635,55604491
10390987,40926443,9687930,7552427,10574488,6301932,5531544,6254985,8278876,5664458,5163420,5631963,4458880,5066643,12093033,5111299,3673130,4698911,7326079,4728555,5900594,4703850,13947652,4714919,4153754,4755001,4224268,4718298,4293954,10739305,4400653,55604525
10391164,40926497,9687993,7552457,10574505,6301952,5531602,6254999,8278910,5664483,5163470,5631994,4458895,5066678,12093042,5111322,3673141,4698966,7326139,4728563,5900601,4703891,13947701,4714994,4153765,4755036,4224287,4718304,4293977,10739318,4400665,55604537
10391341,40926573,9688042,7552482,10574537,6301980,5531650,6255017,8278931,5664492,5163493,5631996,4458911,5066686,12093058,5111326,3673186,4698969,7326152,4728581,5900616,4703954,13947711,4715062,4153861,4755098,4224316,4718311,4294024,10739350,4400676,55604578
10391469,40926631,9688147,7552585,10574590,6301994,5531661,6255051,8278950,5664517,5163499,5632016,4458915,5066712,12093091,5111340,3673197,4698977,7326167,4728601,5900628,4703993,13947718,4715093,4153882,4755175,4224336,4718322,4294053,10739410,4400690,55604633
10391592,40926733,9688227,7552625,10574619,6302023,5531671,6255056,8278981,5664569,5163505,5632017,4458922,5066727,12093157,5111362,3673200,4699011,7326182,4728635,5900655,4704052,13947740,4715112,4153905,4755214,4224362,4718330,4294089,10739498,4400692,55604646
10391749,40926829,9688312,7552694,10574655,6302052,5531673,6255071,8279005,5664594,5163517,5632068,4458940,5066730,12093183,5111377,3673212,4699049,7326206,4728671,5900669,4704110,13947760,4715131,4153929,4755224,4224382,4718342,4294132,10739508,4400742,55604675
10391952,40926933,9688372,7552764,10574670,6302099,5531699,6255092,8279028,5664634,5163540,5632086,4458951,5066738,12093193,5111383,3673249,4699090,7326224,4728710,5900688,4704125,13947773,4715184,4153996,4755247,4224397,4718361,4294139,10739529,4400793,55604705
10392102,40926995,9688427,7552800,10574689,6302134,5531724,6255134,8279047,5664643,5163599,5632092,4458978,5066750,12093195,5111411,3673276,4699169,7326258,4728771,5900726,4704148,13947803,4715196,4154064,4755261,4224434,4718377,4294161,10739534,4400806,55604731
10392297,40927029,9688469,7552844,10574720,6302153,5531744,6255171,8279097,5664677,5163617,5632137,4458999,5066773,12093208,5111412,3673291,4699179,7326260,4728842,5900732,4704188,13947816,4715253,4154090,4755296,4224439,4718420,4294209,10739565,4400849,55604749
10392410,40927122,9688587,7552895,10574730,6302175,5531751,6255174,8279121,5664700,5163672,5632200,4459028,5066797,12093218,5111425,3673301,4699186,7326277,4728878,5900739,4704192,13947832,4715313,4154127,4755332,4224465,4718479,4294217,10739573,4400884,55605129
10392627,40927198,9688605,7552990,10574739,6302199,5531808,6255184,8279140,5664717,5163689,5632235,4459046,5066859,12093232,5111431,3673306,4699203,7326309,4728893,5900770,4704195,13947881,4715333,4154146,4755339,4224526,4718498,4294245,10739585,4400916,55605160
10392752,40927286,9688722,7553049,10574753,6302208,5531823,6255186,8279196,5664724,5163697,5632304,4459057,5066878,12093283,5111451,3673340,4699237,7326311,4728908,5900777,4704211,13947935,4715366,4154169,4755366,4224560,4718512,4294264,10739588,4400932,55605175
10392869,40927318,9688825,7553119,10574820,6302264,5531866,6255231,8279229,5664771,5163715,5632315,4459079,5066888,12093297,5111460,3673379,4699255,7326320,4728945,5900782,4704231,13947953,4715398,4154202,4755378,4224586,4718529,4294286,10739593,4400963,55605217
10393056,40927353,9688919,7553173,10574850,6302331,5531911,6255291,8279274,5664784,5163725,5632330,4459088,5066894,12093309,5111473,3673396,4699261,7326327,4728978,5900788,4704242,13947981,4715414,4154216,4755386,4224609,4718542,4294348,10739612,4401002,55605237
10393182,40927445,9689034,7553226,10574880,6302346,5531966,6255380,8279309,5664812,5163733,5632358,4459100,5066909,12093326,5111510,3673409,4699288,7326347,4729006,5900825,4704268,13947993,4715424,4154228,4755394,4224620,4718548,4294377,10739635,4401026,55605298
10393317,40927580,9689053,7553249,10574900,6302348,5531983,6255496,8279365,5664819,5163740,5632369,4459144,5066979,12093343,5111590,3673410,4699298,7326352,4729016,5900842,4704308,13948013,4715429,4154243,4755437,4224667,4718552,4294384,10739669,4401072,55605313
10393379,40927744,9689109,7553259,10574948,6302357,5532015,6255557,8279380,5664883,5163767,5632392,4459174,5067016,12093364,5111666,3673426,4699299,7326367,4729034,5900846,4704328,13948025,4715460,4154261,4755480,4224684,4718571,4294404,10739682,4401116,55605329
10393544,40927776,9689227,7553314,10574977,6302360,5532058,6255557,8279390,5664970,5163784,5632408,4459193,5067048,12093376,5111776,3673455,4699301,7326375,4729036,5900854,4704370,13948049,4715478,4154280,4755512,4224721,4718579,4294434,10739703,4401162,55605343
10393670,40927892,9689281,7553342,10574998,6302365,5532141,6255557,8279449,5665052,5163787,5632415,4459204,5067058,12093404,5111806,3673474,4699303,7326393,4729070,5900887,4704438,13948058,4715493,4154324,4755564,4224742,4718585,4294439,10739717,4401225,55605353
10393767,40928040,9689338,7553416,10575018,6302408,5532190,6255578,8279474,5665073,5163823,5632431,4459222,5067149,12093408,5111829,3673497,4699311,7326395,4729090,5900914,4704445,13948062,4715512,4154329,4755625,4224757,4718606,4294481,10739751,4401262,55605388
10393880,40928121,9689484,7553462,10575080,6302444,5532269,6255596,8279499,5665111,5163843,5632433,4459236,5067171,12093432,5111854,3673527,4699397,7326410,4729101,5900927,4704449,13948072,4715527,4154340,4755650,4224771,4718617,4294501,10739759,4401296,55605409
10394038,40928194,9689559,7553507,10575098,6302458,5532288,6255666,8279505,5665160,5163862,5632447,4459247,5067204,12093469,5111887,3673549,4699456,7326423,4729187,5900943,4704457,13948077,4715533,4154357,4755657,4224783,4718678,4294511,10739775,4401341,55605421
10394182,40928271,9689643,7553549,10575122,6302487,5532307,6255700,8279567,5665225,5163873,5632486,4459253,5067209,12093477,5111895,3673587,4699528,7326439,4729344,5900952,4704499,13948101,4715533,4154367,4755662,4224802,4718678,4294553,10739776,4401373,55605425
10394332,40928413,9689662,7553639,10575158,6302520,5532336,6255715,8279589,5665239,5163888,5632497,4459262,5067231,12093496,5111905,3673593,4699550,7326443,4729388,5900969,4704590,13948116,4715598,4154426,4755663,4224821,4718678,4294567,10739777,4401388,55605432
10394481,40928463,9689716,7553726,10575173,6302528,5532369,6255723,8279604,5665254,5163916,5632512,4459276,5067235,12093501,5111911,3673610,4699597,7326462,4729431,5900987,4704639,13948122,4715665,4154431,4755692,4224862,4718746,4294583,10739780,4401417,55605445
10394577,40928490,9689831,7553828,10575195,6302557,5532396,6255813,8279632,5665257,5163939,5632571,4459312,5067241,12093521,5111921,3673646,4699605,7326482,4729468,5901004,4704644,13948156,4715752,4154436,4755749,4224871,4718767,4294599,10739812,4401452,55605488
10394771,40928523,9689871,7553873,10575233,6302641,5532423,6255906,8279646,5665277,5163950,5632599,4459336,5067255,12093538,5111932,3673651,4699621,7326488,4729504,5901015,4704663,13948175,4715808,4154474,4755776,4224875,4718767,4294616,10739839,4401500,55605500
10394867,40928656,9689915,7553905,10575274,6302719,5532451,6255924,8279678,5665351,5163969,5632601,4459367,5067267,12093575,5111944,3673688,4699629,7326496,4729519,5901019,4704687,13948196,4715841,4154484,4755879,4224885,4718769,4294633,10739873,4401510,55605558
10395020,40928733,9689985,7553965,10575292,6302730,5532474,6255933,8279694,5665382,5163979,5632650,4459369,5067310,12093592,5111957,3673689,4699706,7326509,4729538,5901028,4704753,13948200,4715874,4154499,4755954,4224887,4718786,4294665,10739878,4401540,55605571
10395161,40928788,9690103,7554043,10575310,6302752,5532501,6255951,8279704,5665386,5164008,5632695,4459377,5067340,12093625,5111962,3673711,4699719,7326524,4729552,5901038,4704841,13948217,4715919,4154505,4756022,4224915,4718816,4294675,10739929,4401556,55605599
10395340,40928816,9690206,7554124,10575346,6302769,5532516,6255958,8279712,5665396,5164026,5632697,4459393,5067340,12093646,5111984,3673718,4699723,7326539,4729569,5901048,4704943,13948247,4715933,4154526,4756063,4224937,4718894,4294703,10740021,4401581,55605615
10395506,40928915,9690287,7554233,10575383,6302798,5532534,6255987,8279721,5665429,5164028,5632708,4459403,5067351,12093650,5111988,3673739,4699728,7326558,4729574,5901061,4705006,13948260,4715944,4154545,4756103,4224943,4718894,4294711,10740095,4401604,55605687
10395629,40929028,9690369,7554308,10575405,6302921,5532578,6256018,8279723,5665455,5164034,5632727,4459412,5067385,12093674,5112003,3673755,4699737,7326572,4729574,5901071,4705068,13948269,4715962,4154549,4756141,4224965,4718915,4294717,10740095,4401614,55605695
10395748,40929197,9690373,7554406,10575432,6303025,5532623,6256025,8279744,5665462,5164038,5632747,4459416,5067427,12093718,5112012,3673768,4699741,7326588,4729593,5901092,4705124,13948283,4715963,4154556,4756156,4224996,4718945,4294757,10740098,4401627,55605702
10395909,40929279,9690480,7554469,10575446,6303067,5532648,6256095,8279759,5665468,5164055,5632763,4459436,5067471,12093767,5112018,3673788,4699748,7326604,4729598,5901108,4705163,13948297,4715976,4154565,4756188,4225001,4718982,4294765,10740108,4401639,55605708
10396071,40929327,9690592,7554502,10575483,6303140,5532668,6256126,8279785,5665484,5164070,5632767,4459447,5067484,12093772,5112022,3673815,4699749,7326668,4729606,5901152,4705217,13948323,4716048,4154600,4756193,4225025,4719074,4294777,10740116,4401650,55605745
10396218,40929385,9690645,7554520,10575513,6303191,5532687,6256174,8279835,5665525,5164090,5632796,4459451,5067494,12093772,5112034,3673823,4699762,7326713,4729620,5901160,4705225,13948364,4716062,4154618,4756196,4225084,4719168,4294807,10740212,4401680,55605768
10396355,40929429,9690726,7554579,10575531,6303246,5532700,6256278,8279850,5665644,5164102,5632839,4459454,5067537,12093779,5112059,3673836,4699784,7326743,4729632,5901179,4705235,13948432,4716077,4154648,4756202,4225106,4719239,4294812,10740225,4401694,55605799
10396561,40929456,9690772,7554637,10575545,6303264,5532746,6256353,8279888,5665680,5164118,5632897,4459467,5067575,12093795,5112086,3673847,4699794,7326761,4729724,5901195,4705236,13948448,4716087,4154700,4756210,4225112,4719247,4294814,10740289,4401715,55605805
10396682,40929550,9690820,7554665,10575567,6303315,5532782,6256431,8279901,5665713,5164128,5632917,4459482,5067583,12093812,5112113,3673854,4699816,7326769,4729782,5901204,4705261,13948456,4716101,4154707,4756222,4225136,4719315,4294841,10740333,4401743,55605843
10396829,40929569,9690897,7554710,10575611,6303383,5532810,6256472,8279915,5665788,5164136,5632971,4459497,5067598,12093823,5112131,3673874,4699819,7326781,4729882,5901211,4705284,13948463,4716109,4154713,4756293,4225143,4719346,4294880,10740346,4401761,55605851
10396971,40929612,9691014,7554800,10575643,6303440,5532852,6256517,8279933,5665866,5164163,5632994,4459513,5067666,12093829,5112136,3673882,4699845,7326787,4729926,5901237,4705287,13948471,4716131,4154720,4756327,4225145,4719382,4294882,10740385,4401773,55605863
10397157,40929683,9691066,7554846,10575663,6303456,5532896,6256534,8279963,5665924,5164184,5633026,4459534,5067719,12093855,5112212,3673902,4699874,7326793,4729960,5901258,4705296,13948482,4716153,4154723,4756332,4225148,4719430,4294884,10740390,4401776,55605878