257817563,276193383,428814053,276429874,434287671,275578393,377154902,262036938,374488543,268638340,260455722,288504922,270729318,265574307,513832046,283270019,343904192,272618304,230070155,279400905,202601972,273930323,281245909,270914972,270191525,266193486,278228486,275243941,277840545,286721872,286361991,837095579
251081498,270997620,419942924,276945582,408343239,264395805,356917235,265957871,352311916,275415076,244073052,270357669,249839818,270180707,459514492,274262908,334204893,276437054,215643330,281735327,192646352,263481633,265593102,272500734,247999760,266914494,236834649,269962259,261086742,256076232,261606739,325228618
266360052,281841131,402122272,279250981,401360050,271997819,353337059,267901571,325585543,263576155,250934928,271998713,245736317,265900097,465888539,268567443,320514720,270021390,223649752,274183896,205046865,269446556,283624558,265258437,225637724,276894970,268842100,280201558,244471870,276687941,266986945,329563130
259339841,280054052,427590292,276819750,409843322,274323521,353310894,277022842,341115756,283395549,258037983,265282329,248167927,279508740,470379754,297411281,315193143,280971676,210893201,271856826,188286958,272814035,278690577,277734403,266013722,280906544,261641823,280079518,257229058,285167099,262806475,394354909
251261849,287908261,424892884,289326801,412305224,276256919,349047190,280847837,346958958,283460776,245386924,292376146,232739008,285497873,460724014,280743559,317509671,267088444,207146104,285250527,180815601,277555645,262627710,287225439,229595084,289926270,248597552,296155569,257370626,288671026,271447684,383892615
267897342,285617379,410573710,280540655,397797508,286697810,349810427,280094558,333334988,278539957,252087132,281255247,242823099,282484034,454171201,277267392,357333406,274006945,219796317,281067733,194191140,287768476,269181618,282422063,242749796,269836131,211009183,274753493,247640332,278268526,257465198,398517340
259461473,285093748,420116471,273776485,403144121,279608257,346796139,276157819,342136729,270487823,269462888,281525072,233283042,273305145,452445870,283928536,296476725,275937112,217484065,281776417,190369826,273367957,266304200,278504892,228788132,269760810,249263787,279194164,252429774,272704357,269352778,331358442
276868901,289625655,412752414,284374007,419200504,280687629,357138426,278132562,346139833,281993162,263425374,284116681,275749973,281567895,459777957,286441236,368442274,296502063,193862011,294308725,193786831,270997720,268022589,275030817,228490836,293003663,246304129,287464104,261523764,273919372,241354658,306981961
259658176,298335382,431869960,284770574,409461422,287956084,344619485,287309056,331388402,283532879,241771931,285939385,237525837,283454212,467943829,291001689,357848954,293282884,205819576,288166412,192333225,279711437,269170598,310319577,207710890,294319714,237639224,280423202,254888156,294205893,266757613,311239653
266318695,298214008,416002838,292640271,406968258,288130206,336650909,291111260,342899199,285281606,233956577,279815229,195767287,292177331,480938992,297611397,284708424,304483490,197113196,288708621,176292480,284857155,276223753,296349986,202908869,278165435,234279395,299067474,235559235,287261249,258772030,306508747
258071995,297156617,425109775,290910461,409159321,291700292,344008939,288796296,342201369,281039854,245800818,283918113,255333888,283545652,463553984,291417078,365705197,297065394,203645853,270842927,197167333,281033531,273117674,291115116,205050451,288614878,240561895,295979398,230739201,306205453,255569548,322785368
280231907,286553973,419786033,282315748,409073589,277546830,346883248,272521440,324003938,273528449,244401725,268647237,221619458,266693639,442117998,276624699,283241002,266994857,198870493,274106758,179537357,275836226,265803178,270347907,230791921,270639407,246839069,277638824,248577203,276575064,256669146,292408847
252995618,297117062,427574676,281718616,413353337,282721291,342597935,281728674,342220831,275359620,249631546,288626195,227347999,299019741,460415080,284282192,381169290,290022801,213570164,284229904,187852462,284922262,272004139,291480233,221789888,286877645,239140600,288521537,242358002,280326822,273558567,306868975
277053715,273887130,409174737,271336686,412546640,279054589,338933461,274303580,339268926,281264125,235992862,269872005,233381437,276695093,464069863,273932985,295759198,265524928,201053501,271640931,174159023,276713125,256764404,272529180,239001707,273485990,227781085,289625330,267524088,268811956,284256068,297677271
272659299,288978170,402814134,281353587,408786945,284452250,342906410,285300888,344862932,274577915,213872521,284224995,231872120,280083541,451444623,281070991,317547165,277233584,211376756,280575377,189405604,283462212,269455807,277630109,229557132,282256353,251743898,273600377,264837551,269511408,266843424,307622813
266121606,287946160,431347101,280650490,405375789,271847975,336571739,272912972,329777053,266537181,234075375,276635906,231763704,279498419,481848551,279070249,396710129,279541995,203415244,271514907,186651785,280555559,268154466,277793580,250735748,284231368,266196174,256782770,256692260,278338197,280022707,296504278
259729829,296906067,410287804,285909841,416032017,282489302,345440875,276725543,341668109,287140521,237651184,285732274,223610427,288090829,461446032,288614571,286414794,273964144,206959287,282632402,194101759,294421609,272914120,291576080,235604915,278858880,254210067,289757585,253992479,273209254,271421383,319268468
265569004,298898255,419303887,293075629,426298784,296526969,354314305,287859745,350905247,314132626,240758173,293719057,231434343,294842835,482580533,295002721,297275989,291812110,209291045,287654824,179275545,298349331,269498717,287446278,214765878,284005762,257224980,292992979,257226414,291421506,281631062,336806725
232878122,307752543,426588540,306242244,440278339,306715227,361192624,303501180,364163347,307038121,238640105,296438003,214865492,310399383,503891025,296269977,422021726,303901949,204136168,307084029,184309090,311985550,288987820,302361817,203569775,298008385,215031841,302061102,213728569,306091183,233175122,340304865
255977218,275231781,407477430,271368984,407983869,284628109,335832432,277835823,331419793,274324037,238380646,268865142,233239355,266055867,440209652,268044746,304147353,277974554,210050314,285328264,192082989,283402862,248475077,261626925,239519969,270006251,253802821,273011093,267306076,285430662,270612843,295216918
265579194,282940041,418053720,276870679,414050301,281995997,347886680,292314695,335629068,280191424,238606410,286251499,220336721,281977724,457607864,278577563,309546607,288666137,190845168,294593252,167203149,288835518,249226884,285261109,202761565,297103802,238145956,283582452,262886355,285234403,276034353,301143539
242970470,292675906,405028323,279177560,397138755,283850837,349141864,271721343,350999497,277943116,240669725,282128399,239075520,287822664,469730391,281260532,318630521,279270395,196652724,291987255,200550109,289749903,256523699,276485971,211829483,284243085,232980384,286270139,250685583,298336871,262856512,297646149
250535703,302375596,418255077,287464779,411974278,287137783,351167815,287332956,351359893,281671009,243507111,293169775,233263401,277238128,466370052,288403914,465312694,287562905,215645729,290120642,174321863,287794869,254260818,280816068,215714900,284476962,223740481,284811484,232620761,291768400,254292005,309744212
247853313,301144379,424652748,309299009,416157438,272276891,351495443,285052911,347202429,294565833,239195012,289734275,203988727,288347055,481820747,286026875,289350795,279603851,196791490,295915843,183803509,284139858,263930497,283850546,231940461,295656663,251759792,285761644,241704355,278312025,253586982,316123295
240965719,287090652,415527440,295762594,409878638,295605424,343707591,284955317,339369681,287558870,243265391,284076236,208400626,285973121,466517316,280102054,283311642,286284827,198893693,281663776,183422310,268646886,259802270,287443133,239990302,285616572,251115007,295763606,250239756,290616601,266698449,315567128
261268291,287752402,436739375,288159366,419153065,283972100,344384142,287871511,346551275,271835592,252555859,285563506,252836101,270001882,463921923,290607145,308870379,280711576,199444630,296960925,172460701,294452916,260153801,286163580,230837824,276199152,257869414,281706746,246330064,289856278,259111322,311711065
260808661,296437114,422129822,295240844,427180092,296492538,359152250,294167467,347237620,291707922,249993635,289716119,242164757,292817684,472993781,287706330,479546537,290153068,231936572,290593820,185544170,288968698,260953066,302091988,214709181,302544072,235548333,291911006,264547757,299322572,269455739,317165764
270378965,275258794,435492083,279632196,423436875,298389674,344488591,277036701,352843079,292236013,257301059,284726831,248233802,289349135,470977523,308689648,294341507,288312245,210513219,288657667,176927877,282350924,274311681,294252855,256720250,278797927,274859485,299811299,254237041,289803770,271838589,301844884
274329246,296579377,422616272,286219779,415438237,286097829,346814972,300105378,343997600,290871438,264277572,288522568,211527801,279518261,462686615,270535055,299419290,290649654,213433181,282546975,176170878,275655416,253887256,280183251,235023690,290568731,234921166,292612911,258711345,290177450,284219665,293161071
256018368,299874023,416835160,289439024,409332285,281034359,340109012,273322771,333302478,273345442,229438322,286216381,223556710,278900801,459618204,287859794,313192915,283861517,205053766,278077679,170266839,280099143,252816128,292375103,217667898,287923048,266290706,284856530,256451691,284003462,279622355,292203101
265342335,280931071,409467840,290630564,413648987,288430939,342852378,289065315,349459173,282600790,237004132,285219254,239931273,286969310,476351288,280238545,328644262,287663048,195533534,288934569,184826811,289893050,261727125,271863414,186586598,293202352,207752636,278843817,242650617,290467175,261881828,307573512
251208405,288624408,425265696,287279193,433706086,297992894,345364946,295476837,354526069,286978139,232178912,286205887,224257491,288289285,467229589,284023073,291183916,285281066,212529935,293559278,187623405,286911323,269826373,288792306,232294414,289406587,241616495,285912191,255203287,290090878,266411896,303085147
257710029,298103318,417863675,285548068,419664601,286193836,355039837,277527445,347310556,281317983,248466910,274924421,261467533,287797753,472197525,283625847,521206655,273757974,207618152,295478842,173331112,286523028,270726044,277084256,224365173,286655785,240539202,281318491,257755687,293298621,263360875,324494589
255802143,298508096,414036141,297814560,406210362,293343292,335526909,285329736,341637415,294088756,231173700,275790434,239753022,287046947,486109568,298971888,310714707,292590564,188815014,292361920,161631292,292059117,261388360,295191140,222737215,288358258,227322557,284557170,237087779,290822555,261524859,287522544
255901682,285118398,404198250,277191491,399408625,281365463,329851815,271904189,340715386,278367730,241200497,284290548,236244862,283577918,456197008,288719966,318533656,286839922,218507700,290145911,191070984,272978283,266348501,288399401,204495966,295813865,239270012,282938539,239700832,279093579,257028437,293448095
268577377,300984076,413541306,269863167,413587648,273650840,335052074,262853412,346408098,291612551,231664141,272955274,245977961,284032967,458962048,286159627,300468196,279032790,200582123,284215432,196107962,293905584,264228530,289375331,242215533,284341675,249156347,291219805,254499820,291887302,299574424,284184682
250383772,289711540,437300211,282611576,420374869,283980604,344266718,294374523,341197691,288710348,235388988,276824549,218706965,288200197,469574498,290316148,311511608,282436677,193431269,272746239,179280642,284661501,256735098,298145751,229960835,292021204,232791503,283257637,261228504,286885709,258306023,295469672
267822963,285334230,438413565,303444723,429182745,299557422,359215727,284129383,348826872,289911434,248360376,303002957,221177119,295300785,484544628,292672556,333948687,285829594,230207035,288640801,190769306,308573869,269798301,302967069,224536212,302450064,258366634,303734386,246925386,295433339,257917192,307379337
193411003,354612759,482838934,335464981,477349923,337779103,384937779,345132522,389521891,347995633,256809384,341271408,173764707,348164628,568511705,342238608,560585859,339190555,199048695,339726349,190586579,343673124,307993524,353232948,183730350,331211148,182408312,334896391,195654172,350355461,199857079,364571572
265331032,294559114,405151143,283781741,407554814,289972462,343306604,284984986,341032631,279088558,239706838,266733441,247118813,271881893,484207799,276274655,306494136,276554406,208245601,277680436,172604690,279983729,274966795,274489313,235907527,268533855,240058615,269588707,250859086,279223088,281923434,307958449
275477551,283982835,425083364,286885198,399820560,279361984,354893559,278597718,343355491,276064897,244527477,272516684,230252136,283911913,459919550,283720746,319375053,289220927,204082607,277001258,174990889,273823923,270187714,284886769,216604185,278360487,267736133,276260884,250995589,277587725,260926926,302004880
270841565,287566477,427756516,282265231,413775237,280606532,348772482,299835203,339880562,287156847,233086807,290231345,225671310,287330615,480097330,278936763,297201126,273878318,214512888,278057598,175076709,284374475,262199431,279920618,242078888,283760660,256493580,295865102,241779712,287755670,265865115,282431906
243183045,289669036,430438579,289526472,430853465,295341819,349849591,294459533,348781796,312204493,254647741,298142209,229490999,286320567,489632887,303688001,294794214,292936913,198477787,296587183,196611135,286796182,270163168,304422313,181627398,299010889,220105176,305672311,224072130,298245189,262678043,321682641
259145042,296994976,421518083,286508273,419002496,281851086,344890737,279245618,346693779,278976991,238587847,286684806,235447592,284601330,476755421,288304165,309763443,292649918,205820357,282499675,189263298,287822905,282637088,293267997,253815620,278455023,226486985,282220751,244332688,273558985,265029183,283203401
244927498,296851390,419162332,291251480,429317991,282694560,352660063,283881257,351515037,294397117,257080323,295879938,232099991,292465732,467520658,283391107,302591570,285162621,196733759,283214734,181079141,288856749,265476649,282521909,239361782,284552614,237858602,293695795,235377005,298669520,243417451,310301801
257720151,286745549,411144799,267973324,410498697,284758236,353079860,277737440,332799546,272824822,246723393,284275228,237594402,287334200,453355042,280046464,294082905,276048272,185537572,275776976,174438890,277788665,263505346,285953865,226377950,290432982,254387340,276942145,269320703,291237978,254455007,291343780
260100406,308166162,423351873,300596974,422437149,293175012,349682847,290103946,345220141,284444242,244827309,303733563,231013458,295077691,480231870,286584620,628524536,296695413,181488846,300758848,186125788,283888333,258582600,296505561,184696424,297374632,238399951,308912262,259871219,287100511,269010361,296912575
268662783,308950795,433058281,295815333,420107342,289298556,363678294,296689700,349092451,278185799,247011109,290387847,238579700,299573891,474562687,288829104,314125674,292025418,212805865,284288698,186842256,284846891,266726663,283449974,244159688,303568841,250054156,284065611,251131149,289814781,297997403,316714421
272389157,290267598,432333945,287657274,420178168,286524218,338683839,286413079,341275241,289452443,225344702,291088171,220074524,283506406,466780014,278619041,292553747,275359646,211335209,290669956,190360383,284786310,262194230,281829394,215128482,290207533,251278678,292041391,252392998,288582236,242966172,289936335
265478622,286171396,409747453,274528092,414791723,269498584,355832481,275089841,360696011,270407880,245414554,269764546,242361769,277354965,461727052,279988666,312424046,271892258,220667513,262451123,181608164,276758888,264017988,281261732,228626487,265257196,247515948,282192669,260031954,274367320,282024067,292991459
244668117,278110764,404902302,288183491,409428499,278350361,353044981,279640014,347721854,286059773,250459542,276407250,214959686,276971781,458184816,279829298,300111210,281888069,202641859,277433961,190740998,277622440,279298828,271057303,246525430,282915602,255343934,266272817,243627852,276912321,267486730,297836290
261070456,291388483,406013521,271779061,396899280,281271506,336954804,282258969,344281350,280530904,241441755,283359495,227245661,283965563,479525714,271935705,297160652,287999358,197298061,275681518,191613645,271542430,277742571,265972788,227268356,280944401,268828349,297850749,252623341,280977306,256564863,286894879
261550487,282758660,419217139,283629304,416571999,276427207,338717457,283984455,353142213,276952158,255677493,283833018,263863004,279223544,472002963,272822895,304471741,282779256,202503898,258238195,173477758,266547216,266843516,278446540,257142086,276897398,247838357,267697612,259756015,284233343,275670965,301227511
262053225,282415347,410316386,268664493,404591397,271880280,354824842,270127983,342932445,274386816,245259196,289913085,238407649,274350418,464368452,273726315,310101410,274774694,226493680,273987255,173964360,281275664,253436313,266186273,256962256,278679903,268247736,294130313,259267381,296872083,275187801,299831173
254147042,286175945,424310491,278184896,420682515,277202564,346547203,273675284,335722528,270762799,242054181,280505675,256837579,268611450,445969104,272224022,318152552,266686753,204557742,274633285,190748686,263252985,260494776,270152473,272998674,272439479,266577947,277085890,259610671,271253883,273346349,286176955
260506960,288404251,411778062,293398308,422239055,281900216,352782858,291150449,345619653,278661823,240494522,286097042,256801925,284302493,472170499,284329694,477254028,293034138,194124739,285129946,170284228,290978026,269699997,297287727,212904673,293240074,241672218,295758515,246298835,298494116,271995210,299359468
258767471,293207778,406470345,285343155,414350564,282307704,350607585,279293356,344949883,282311339,247440417,270765600,249417325,278601435,468943029,278231495,602865539,278709693,204862725,283346664,188109249,263822722,263211895,281691549,231449098,282119637,266281979,284014385,249099438,275603180,270675812,300190067
275301661,307060878,426242556,289926926,426987733,287098799,355167998,296953027,347356018,302476966,240352829,288329087,247511611,288342157,475615892,294604739,314495240,289666134,225348226,293994150,175666838,278622758,264291249,279627599,220724039,288173611,268838023,289954321,264752448,308653123,294413592,318394952
248654319,286694064,435807697,294092244,407210906,277303241,360177842,279143947,345557918,276063121,232430949,278646788,242717843,268136812,451741942,283393317,316512071,282594544,220189188,281797895,196942656,287543692,264767357,281208274,250039962,301955290,262273945,282479319,248916506,283720170,271469847,301338952
