55510631476,175859210046,375882828336,45044329611,382330460003,47023952815,166081543254,45125974682,275703680104,42393639944,223460048618,43465412236,131005556888,42395394363,446021503907,42557591074,51705935475,95761883972,177703631976,43196895313,200456863729,114525663976,393016994092,44458063703,46489143050,75774804053,114880708162,42313991714,45554381058,67189764405,75253881756,513291342088
55541161015,175876398789,375911674158,45061600849,382363636443,47033945032,166095512959,45135803498,275733470770,42405488640,223482627466,43480013554,131021811715,42412110601,446055116178,42580564356,51736073636,95780620214,177722999087,43214408104,200480783775,114537326492,393035784775,44474003571,46518317099,75790502163,114884785586,42346039270,45577194098,67201806692,75260796508,519746229994
55566679757,175894561466,375947387674,45078414183,382389402845,47055520956,166122740577,45151710643,275745457273,42420578756,223515787725,43493211207,131031941732,42421332830,446080551776,42602600750,51772164989,95790642744,177735670644,43220879289,200509651294,114561210926,393046397600,44487274512,46530647232,75797685471,114905682961,42363535382,45601514375,67226291764,75268963953,522014557116
55583210237,175902252664,375979581210,45095419834,382414276109,47065980202,166146806853,45156567620,275745479424,42421474904,223550637879,43501671631,131033403250,42447298924,446128699377,42613250840,51783520582,95799499559,177749010429,43220938603,200561198680,114582907825,393078077709,44492714979,46560650358,75826421988,114924698180,42383129134,45635022754,67246705144,75294444493,523750052139
55589046860,175916746781,376000849086,45097514993,382457527446,47089273650,166193765631,45156652917,275783297879,42426620418,223571352684,43523307822,131033411825,42450048164,446150517657,42619953261,51817553229,95814768887,177790029277,43226576582,200586298709,114588315594,393082765267,44512186871,46604918369,75846233054,114940576842,42415425303,45643936902,67272658169,75311276170,525515029653
55591339655,175916788011,376028336876,45101979316,382477439949,47101310915,166217333588,45164501626,275819402841,42430417137,223601200008,43524499639,131033440708,42468773066,446173400572,42641691546,51826883628,95822599148,177832036930,43242644485,200607960316,114613395466,393112653719,44531337000,46646880288,75872123143,114990171446,42442642172,45644273146,67284202898,75327049412,526009194293
55625459244,175941989353,376081040822,45104045320,382478014345,47127606811,166237904176,45179508840,275819454733,42446833305,223630096451,43527429660,131033473665,42478867729,446229147295,42670033458,51852909587,95844063249,177844639962,43255293077,200630873798,114623413230,393132045557,44545344685,46672707753,75877444113,115014106239,42456273190,45654933018,67286976689,75379686107,526399376075
55661686325,175956104104,376111312714,45110314963,382499823941,47143265152,166257616396,45200150365,275843084940,42459775586,223660342175,43543344209,131033474701,42479834697,446231867472,42686553844,51887821390,95848430408,177856771805,43266645964,200649099346,114638111439,393160377512,44567663207,46711667877,75886435145,115043303970,42473649243,45685756779,67297629269,75407591953,526741957232
55701888324,175986655226,376129548878,45110381007,382540437709,47144351616,166290790704,45213429038,275883839804,42472502918,223691954952,43573192723,131033505873,42487639466,446251599295,42688779585,51889125205,95850943380,177876585976,43273993634,200673347157,114665014415,393178267010,44584972684,46729550790,75891749820,115066038713,42506047600,45701477610,67305385040,75449535838,527038634242
55721031642,175999249708,376163296817,45116345192,382552864638,47150759643,166318408041,45232069092,275907041190,42489985284,223721767617,43596503944,131033599325,42500142213,446286924001,42711815853,51926304853,95857651737,177890661480,43284434621,200688751847,114681575427,393225407340,44593149090,46738245079,75905332819,115106631505,42525438603,45724526433,67317530345,75475584992,527370380657
55743962334,176004105603,376189194253,45139994481,382564099146,47167934369,166356105922,45232105837,275930284574,42501436710,223742519473,43612058492,131062787236,42518164297,446300126893,42723613598,51926365997,95869580541,177918839717,43291932136,200724604127,114686964756,393248391697,44618387980,46740356059,75917506924,115109647359,42550849660,45784346851,67346648166,75500318580,527680279691
55752102956,176022321304,376220351895,45150117057,382576534964,47189587831,166393909430,45239368844,275946646267,42505304774,223776807257,43631480102,131087506814,42530076484,446321402358,42732536232,51926376483,95887963800,177957708853,43318007896,200761577320,114701637233,393279156038,44641923917,46740455309,75937414090,115140146753,42555828897,45813615660,67356626528,75536511621,528178175386
55757505956,176035273222,376250625648,45151590512,382624233922,47203222372,166430823407,45268942041,276007281730,42517701490,223803289350,43645365715,131111903713,42549134167,446324593784,42737989129,51926421870,95897373273,177991092715,43328650772,200777718444,114720295904,393296294226,44655717620,46780236048,75977361964,115151657511,42563143154,45819745467,67356632098,75551255369,528562057941
55762697317,176041217138,376251150407,45156396554,382669897574,47220801168,166465670585,45269058686,276051159446,42532536654,223850996454,43652833908,131157216028,42565626471,446348595216,42757918466,51926430472,95910615719,178000817421,43348689834,200795080637,114741472401,393337499259,44671662959,46794998117,75993571135,115158092597,42570421257,45857098851,67364858130,75563598244,528887891072
55787451456,176051200728,376261092369,45169756529,382691575462,47227627574,166477993245,45283499895,276054529467,42555562215,223868844474,43653642159,131185112601,42595278557,446380435401,42785193251,51926472642,95939548057,178039018784,43353830752,200822546997,114765134343,393363853264,44678652136,46817075258,76001818044,115205125746,42589471375,45882924898,67368408855,75600908538,529073210983
55803437488,176057704408,376295457709,45193677812,382705039791,47238413661,166514135745,45283526909,276054686071,42576880159,223898570523,43663039155,131206904240,42599840970,446396259524,42785774050,51926481142,95956461759,178070328809,43377405824,200870748537,114791033325,393386286868,44714066139,46848525002,76020272661,115226002112,42609312755,45891195423,67372427729,75639649743,529512750716
55808448774,176066904677,376306270422,45218410309,382745454780,47240668550,166558395684,45293374481,276063303875,42577191619,223916389364,43664411156,131214964865,42621214578,446439557972,42785888264,51934343338,95990329993,178104658360,43379775654,200914545712,114816142997,393407723417,44737003963,46879533408,76040172109,115251600681,42635827277,45891531096,67377905900,75673966680,529694745291
55839154932,176089400804,376317530237,45224123289,382772790918,47251183897,166575273747,45310701384,276064662344,42592821934,223929293340,43665285833,131214973672,42626627162,446467686360,42791343780,51964689157,96013300943,178104658360,43402014568,200942544954,114831891891,393434107422,44765838694,46917777737,76050883705,115288463945,42659805406,45923388445,67387493829,75712692990,529919068684
55863282548,176096458976,376341043752,45238969909,382789580394,47254834043,166586671359,45320304213,276064840629,42618780525,223960901917,43684317566,131247370857,42637416770,446507708170,42816922989,51989813275,96025388173,178104676498,43434370143,200947753053,114842385360,393472395048,44796951889,46961769598,76056175167,115335962591,42663090491,45944100174,67394684525,75730891317,530165999240
55904173853,176109376297,376368893512,45246687834,382797129961,47264881439,166626836338,45334081476,276064875221,42624168099,223990332206,43702228733,131279320566,42646013445,446525840391,42840114396,52019481752,96034163000,178104690412,43462533500,200956606592,114873568709,393500153626,44814163636,46987664533,76074378084,115371970866,42663091963,45979134019,67405641772,75742141213,530530281825
55918940456,176114312523,376401377646,45260995900,382802452611,47301065743,166638648856,45363854754,276089265960,42636870940,224022141558,43720443514,131328623770,42650618766,446554596729,42864189158,52033492267,96034454037,178123837599,43468160952,200958952422,114890082320,393516137793,44844499461,47012200853,76103038997,115391053776,42668029761,45999479804,67418532277,75769267739,530691252141
55942496686,176122781240,376426356149,45263857150,382825978068,47313361724,166655591626,45381563852,276089311933,42661083095,224061993659,43729553191,131357686202,42665080783,446576233343,42879029315,52044610582,96049596761,178164614841,43496649766,200958958960,114893086745,393528324499,44884281205,47046311515,76112197313,115420562795,42688566747,46035878599,67451357311,75793117231,531136063871
55961973786,176136418811,376449804336,45274624148,382854243432,47337407295,166673086936,45392453451,276118278170,42674292125,224074630758,43738365289,131398457621,42681433408,446605074157,42896314714,52072686086,96077152826,178177563333,43517875219,200959007757,114903905152,393534748597,44902687124,47078210515,76115509656,115428591413,42694179315,46076748121,67483398434,75815468272,531363388615
55964990180,176141363721,376484462777,45292130900,382887442015,47363072566,166685403533,45422692113,276142646005,42699044205,224092823947,43738657328,131419236419,42697452700,446624687636,42903364878,52088641866,96089418077,178178461176,43531177265,200959014279,114929615249,393565894177,44932242146,47106535107,76134530117,115458515823,42698030940,46091267109,67505720146,75860057452,531599102408
55988362875,176150573411,376511287987,45320198528,382915383648,47379118315,166699476558,45435083758,276170186563,42719088143,224121719588,43748751644,131449076112,42708541714,446646812469,42925650083,52104907902,96102120958,178202687659,43551806370,200959055704,114954182109,393602982672,44957854937,47109808729,76143071584,115476861052,42698666821,46104287896,67518135193,75888014226,531943034817
56003925416,176155291818,376528792483,45325703694,382946329280,47416101736,166731874785,45462844176,276192233101,42738866499,224153416666,43770110560,131496807527,42725198462,446674116794,42935548668,52116648005,96114737762,178203964482,43568693206,200959055704,114970608931,393636505428,44974577958,47134651654,76161463798,115483857254,42712253321,46120749526,67539271310,75924924787,532126987681
56006095515,176161194575,376579104946,45346772236,382981447651,47421303797,166739428484,45477289081,276214051424,42762275610,224182507670,43778763031,131522567499,42745726383,446694079606,42945843083,52133334912,96139943298,178215860411,43581395278,200959104515,115000675911,393657382712,45000366964,47158088422,76175915736,115535233495,42722711507,46156934323,67546837712,75935354123,532391447277
56043086816,176163698892,376611756910,45353121719,383003017470,47422110012,166781229616,45477318892,276260645458,42790828161,224195529615,43786640851,131541047207,42770173055,446711798622,42946034884,52150141624,96173966782,178216164377,43614094237,200993120260,115032859024,393662560669,45030173296,47158248962,76197048857,115552443093,42733551037,46165993221,67563515970,75972243910,532560964489
56063586522,176180208535,376626658650,45370909062,383029568265,47438608675,166819476424,45481545258,276288960372,42821200264,224233214797,43791298015,131568654268,42790349522,446722184446,42968406245,52171072510,96183818153,178250423614,43619768476,201006952909,115045805764,393691846861,45040689618,47158257279,76220560500,115563164852,42747889927,46195704889,67590063202,75998981887,532818848388
56063696654,176180234975,376667035562,45372803367,383046436162,47448303953,166852498933,45499868881,276321676395,42837053170,224240014577,43806789865,131579690410,42798054424,446731625811,42976450649,52218088137,96198241436,178275105170,43645939843,201040586388,115083665408,393726396686,45058927237,47168012692,76240386760,115584936730,42759141658,46212362064,67592369205,76027120345,533113019643
56104261335,176188317989,376676328913,45407890022,383066918234,47460215139,166862313409,45507269038,276350627857,42861046279,224255987481,43838727639,131615696106,42808386648,446743572720,42976454278,52218999615,96206676139,178304958111,43666133088,201061523518,115084446116,393755566123,45082726610,47181367862,76260226201,115611441328,42790461182,46248932276,67608254833,76050399911,533362219460
56134113615,176193186360,376676858095,45416163937,383082298426,47489221105,166884296701,45521468478,276366224640,42898303799,224273657540,43855585314,131618856121,42831511875,446770719869,42993557168,52243886633,96226130442,178319712355,43692057106,201065953517,115094066565,393794416677,45097659211,47219648652,76270825776,115659799064,42792075303,46278901513,67626502310,76085339612,533508999619
56168881789,176218725668,376680917353,45417038472,383111165476,47504910580,166891608013,45535227584,276379940652,42920676782,224310797232,43882741132,131628965536,42845669841,446775787005,42999736902,52252736927,96253761568,178342756544,43713520118,201088643891,115122597741,393817505691,45113470802,47237149383,76276326518,115678995734,42804823668,46316811467,67644660470,76112347429,533738294726
56169698663,176245059607,376700765939,45434422000,383123244240,47524145608,166891629901,45565485522,276395161540,42948080575,224342451769,43903063412,131631885672,42867053611,446807842037,43013536126,52289407528,96267380317,178369055376,43736168143,201092120655,115157546583,393820237244,45138428755,47239265305,76286280982,115713317579,42835243379,46345729829,67648124466,76140479975,533962130924
56215810311,176270926003,376737493710,45444088925,383137027424,47540012791,166891913356,45577111200,276408853149,42961378210,224356240110,43910042289,131651902638,42879853018,446817435866,43035772596,52323464439,96298103148,178370345551,43747636719,201114704957,115169021969,393820271534,45150523621,47259228539,76308978837,115760597190,42866705918,46373647616,67648144616,76167301613,534135088447
56258705940,176270949878,376765002679,45470608331,383160302711,47560497713,166891935858,45586885016,276423442370,42987690233,224386009200,43919271906,131669448933,42903841301,446832524953,43062321543,52363472695,96326868879,178390792489,43762818109,201135064068,115181545197,393843297127,45162913724,47278781593,76327409908,115773506413,42889380716,46389899765,67664179448,76186723351,534472480561
56271547296,176273451888,376771791518,45470771007,383187968551,47566778563,166891964320,45599686032,276431354666,43000406257,224405938776,43932999009,131701139094,42929131080,446857141525,43095178089,52379752553,96363051808,178426043920,43785314060,201158582264,115195895796,393870438724,45177945024,47295743145,76353837960,115800612404,42897000652,46398331130,67692641269,76226720932,534690858806
56298060332,176299149181,376800188371,45470789859,383202845205,47576477957,166891985036,45600385572,276461225784,43018848269,224414999787,43937098362,131712403542,42956739188,446889580159,43101956527,52406990375,96376770399,178449500890,43808002738,201163232560,115222954925,393903347590,45197039551,47331783361,76366769544,115830378770,42931432926,46412314684,67713824338,76242013040,534929085365
56327351292,176317106202,376807690217,45470860181,383232470443,47594632975,166908711333,45618143597,276482642262,43040072550,224438100718,43945607260,131742406792,42983633045,446890828096,43124221320,52410336210,96405870597,178471534932,43815777329,201183881595,115238133135,393934180277,45205960613,47355440804,76381457208,115852067743,42957159417,46428977572,67733993560,76277463828,535190421378
56359430499,176331694145,376852760371,45487110492,383268861255,47615689564,166926209659,45621960900,276482664627,43064377637,224475473493,43945882036,131769066000,42991727067,446893071963,43154493692,52412865337,96417228464,178492760764,43848556238,201187074603,115243648563,393977443138,45238297398,47376762733,76408804749,115873196609,42960776173,46444707013,67751756674,76298588673,535504813364
56386265631,176356214258,376865190919,45497506983,383297864866,47639425273,166962429058,45632128064,276482707896,43085408112,224505423466,43946185993,131779037106,43022215547,446926330655,43170723907,52417712462,96429052475,178527431920,43875143689,201194108328,115271613622,394006740793,45253048433,47379344620,76416092020,115873215413,42972913822,46478887364,67770771706,76331690494,535714842460
56387350458,176374920628,376894986134,45525317680,383320591840,47642567110,166993250631,45654579259,276482817464,43107031924,224533093897,43975546036,131793964066,43038809105,446937072207,43180412749,52464377777,96432385335,178578863465,43891250092,201194475828,115296142449,394035423839,45277085736,47394410059,76442958326,115873215413,42987978120,46507750548,67786158699,76350878261,536010333960
56423335228,176396823002,376908756516,45538547333,383354705741,47653648255,167026965164,45669052938,276482848047,43107265698,224553223621,44003793471,131794768071,43043001699,446970884056,43219784258,52493985280,96445671510,178603167773,43913137113,201208179473,115327203215,394064440254,45301969609,47403072543,76460845596,115873273967,42988009044,46529735586,67817864656,76366948350,536257408966
56440717307,176415407179,376916550181,45539261290,383377130984,47657404802,167050471311,45669110189,276482872293,43118296509,224558090104,44010757848,131809753409,43066934040,446980941893,43257489771,52512108011,96489311757,178630330542,43956088787,201244467713,115366080338,394113354152,45333396509,47414319259,76477991950,115877008042,42988103385,46566790859,67818638797,76399467316,536519469450
56454698067,176447653651,376949967376,45544746627,383410291585,47679514255,167058621319,45679288074,276495990465,43150772989,224585409832,44019350353,131809764252,43079985836,447011432441,43268910218,52523671540,96520306895,178645009878,43975195841,201271797660,115393215739,394125691177,45355341193,47448214169,76500888606,115898310618,42988103385,46570779876,67826263694,76433153998,536725305951
56454858401,176484114875,376982018971,45548748042,383444128904,47682861127,167080786737,45679332293,276522409630,43157650431,224613998219,44034507270,131809812529,43108896329,447040318113,43312098099,52539521936,96566749970,178664008755,43976289683,201314441410,115394500819,394125691177,45371976459,47460986178,76522031579,115933952678,42988193246,46584551860,67872239544,76450146630,537110575129
56492100194,176502143427,376993149856,45576081107,383477149502,47691239128,167097599148,45684597734,276522717031,43166548288,224648816990,44035845801,131809821550,43141938441,447072786204,43333781778,52563396399,96591024438,178689220167,43987150475,201314485085,115404321773,394169680818,45400796349,47467230076,76548105217,115934261818,42988213683,46634211565,67900730709,76465787687,537298643201
56500651755,176527726272,377009959696,45583918427,383521521782,47722066088,167098705528,45728419787,276527186432,43187795689,224659193919,44043257435,131809828689,43151266113,447072880921,43345102464,52590566136,96610561340,178716669090,44004666076,201354481106,115418850285,394218651714,45413399487,47478249111,76564139476,115968910882,42988222684,46661648445,67917632685,76480878721,537576653220
56510878549,176529597338,377040449522,45593232086,383556614732,47740843631,167113499728,45745435967,276537810141,43230217386,224671458775,44079466805,131809846989,43180672580,447090766399,43354175497,52606646326,96634343848,178732130930,44024543578,201369693927,115433635632,394221659072,45423891285,47509435427,76587893757,116014358373,43003284021,46702947283,67918129793,76502089516,537846254361
56552429833,176529690150,377058331491,45601828099,383557022798,47740867439,167142884228,45753375623,276560287375,43236332776,224704465965,44084476136,131832366135,43199622500,447131628861,43374015551,52631393147,96675475966,178742492271,44060184501,201379337699,115461743771,394237959783,45432016343,47524089856,76604843284,116031136037,43019625260,46706485215,67933154275,76528597969,538081415529
56576287883,176540735763,377091558242,45612938958,383561214772,47740927066,167171175331,45779690060,276580355557,43251390130,224731862586,44087310286,131851932095,43216858441,447138713248,43383882951,52661567939,96692094823,178742500558,44089961921,201382010601,115486361849,394276091625,45470573439,47535897305,76631397822,116043719114,43046271439,46731793819,67954340595,76552165483,538335933523
56596573607,176563893956,377137287261,45632198250,383584122121,47752124912,167207179422,45782016282,276581006141,43259088147,224764376508,44097463480,131853131804,43232956992,447167910011,43398067945,52683464964,96731676013,178768601290,44096675745,201389985204,115500694440,394290669810,45499017466,47537232756,76638495006,116061124602,43074336400,46767215223,67989291714,76579488013,538517784642
56614164203,176572119035,377189155128,45649666611,383626605502,47787716707,167246632936,45782023371,276603933221,43272104355,224780894396,44109114253,131881292274,43263976343,447195430436,43405254353,52687199964,96754336192,178785630998,44115731795,201390030997,115523455414,394293846625,45501036467,47546638114,76665584317,116068054541,43100106971,46786869845,68007828356,76604659038,538797827878
56624394780,176581875348,377206379793,45662319734,383664837447,47794229453,167271583844,45782056782,276619779921,43285499857,224813999470,44120710794,131911866748,43281849762,447221369970,43433674475,52726836958,96754785487,178786057680,44138619175,201390048357,115560997904,394316591239,45502191523,47572725262,76700242587,116068063262,43141572402,46793261755,68020745101,76640981264,538978808349
56640010501,176586357714,377224658310,45665050714,383709491557,47819941823,167300605231,45789283384,276624051339,43289225513,224836833931,44134869579,131931782648,43285711107,447244825043,43446087819,52735349938,96763862811,178816413024,44166831807,201390072323,115598032308,394328018527,45524030568,47589976708,76725271623,116092408503,43166177465,46826034854,68052674066,76667537292,539234085178
56647427969,176615720439,377255330089,45665120852,383759283924,47855007597,167311361568,45793337904,276642809452,43316023333,224875180870,44146848989,131958756449,43303758178,447271551150,43475652825,52759547510,96774077075,178831877370,44198228029,201390080622,115611020540,394341477613,45555563851,47606078549,76740084984,116112157925,43167503331,46830046142,68061239020,76683873644,539541523265
56664002253,176637603467,377294229339,45683629539,383776722015,47872032166,167313243203,45822724370,276650923890,43344005580,224896389540,44170491490,131964097677,43321541610,447305083910,43494719783,52788247497,96790280978,178856136539,44201777618,201390105548,115631699056,394344778244,45577627095,47652024477,76766263017,116139578786,43171848717,46854145965,68066308378,76694434058,539748714886
56681040879,176648879306,377314997901,45700292396,383790142146,47917225312,167345767190,45858736858,276664250252,43381431560,224917715448,44172458733,131964107165,43335372817,447342737463,43500136742,52818193859,96806068264,178894073663,44208802364,201391525281,115639313060,394358169074,45577935173,47665042219,76795679838,116161571466,43195730329,46884230208,68066345201,76713821815,540023867826
56695380772,176670963262,377335920424,45721162100,383826412023,47940254578,167366298164,45873526681,276697754348,43399788630,224939594825,44192502234,131972336506,43349538494,447354921455,43517469012,52819011090,96816577860,178933202679,44235456484,201431403922,115656256000,394358184857,45596380074,47680924630,76812417108,116175364771,43207612385,46907889341,68088484227,76734907221,540249875966
56705536063,176677450485,377365661455,45725541670,383864556662,47954127901,167389165718,45879174044,276718760031,43407727880,224980272247,44212284579,131995344623,43370006972,447375738052,43560176363,52819412760,96819885197,178956535052,44270747492,201431453074,115662733330,394390478330,45628619796,47691266209,76832206845,116189530148,43212458666,46937109194,68114151869,76759534966,540439122574