30529539,17188743,28845822,17271238,33176440,9992217,13969705,9828816,29790666,11848696,22578848,14601318,16254827,16716238,33612271,22973282,30138161,18736242,19367111,17512791,23920046,11662516,18790683,15939868,29174049,15698110,4077424,32047556,22813040,12042287,6914752,6454887906
25518742,18162677,35713516,16813334,25766402,21575924,27227618,15907145,11986503,15090116,33160259,13197653,10130017,9222229,25435598,22036394,36091353,10022530,12671557,6471185,28867519,23884434,10612825,13270941,12330133,7183308,20897375,17496112,24320277,24485072,8167445,2268327122
16530480,7691198,32193536,17005651,24873264,10459246,24066276,4856977,22151,896148,34850154,8460424,1461518,25966094,48147601,10650090,11355593,8856815,13339785,59314,51547386,21696899,31680109,5440467,30003126,28736517,19015219,19593752,33508379,20413380,25480540,1735495023
5836623,14494117,21267876,2095159,43251337,23293448,46958778,85297,37818455,5145514,20714805,21636191,8575,2749240,21818280,6702421,34032647,15269328,41018848,5637979,25100029,5407769,4687558,19471892,44268011,19811066,15878662,32296169,8914148,25953025,16831677,1764977514
2292795,41230,27487790,4464323,19912503,12037265,23567957,7848709,36104962,3796719,29847324,1191817,28883,18724902,22882915,21738285,9330399,7830261,42007653,16067903,21661607,25079872,29888452,19150129,41961919,25890089,49594604,27216869,336244,11544729,15773242,494164640
34119589,25201342,52703946,2066004,574396,26295896,20570588,15007214,51892,16416168,28896443,2930021,32957,10094663,55746723,28341912,26025959,21464101,12603032,12648592,22913482,10017764,19391838,14007685,25827465,5320970,23934793,13631018,10659872,2773791,52636695,390181782
36227081,14114751,30271892,6269643,21809596,15658341,19712220,20641525,23630207,12942281,30245724,15914549,1036,966968,2720177,16520386,34911803,4367159,12131843,11352887,18225548,14698209,28331955,22318522,38960124,8991032,29197731,17376053,30823761,10652580,27905846,342581157
40201999,30551122,18236164,66044,40613768,1086464,33174308,13278673,40754864,12727332,31612777,29848514,31172,7804769,19731823,2225741,1303815,2512972,19814171,7347670,24247811,26902976,17889498,17309477,17882913,5314675,22734743,32398357,15720831,7755771,41943885,296677010
19143318,12594482,33747939,5964185,12426929,6408027,27617337,18640054,23201386,17482366,29812665,23311221,93452,12502747,35324706,23036268,37179648,6708357,14075504,10440987,15404690,16561012,47140330,8176406,8694289,13582999,40592792,19391003,23048823,12145305,26049154,331746415
22930692,4855895,25897436,23649289,11234508,17174726,37697881,36745,23243384,11451426,20751856,15554548,29187911,18022084,13202892,11797745,61144,11928804,28178237,7497515,35852280,5389329,22984357,25238890,2110980,12174105,3015854,25411057,59820418,29117821,24733588,309899034
8140622,18215701,31157642,10122576,12435818,21653462,37803508,7263007,16361693,3868064,34287784,19421610,24719578,11912187,21275465,8922634,10486,18383259,38869136,26075760,36973193,14672477,30764341,23535937,99250,19907166,30499394,4979237,29268809,9978362,36193041,497895695
5403000,12951918,30273753,1473455,47698958,13634541,36913977,29573197,60635463,12396716,26482093,13885613,24396899,19057683,3191426,5452897,45387,9409473,33383862,10642876,16141124,18658671,17138188,13793703,39780739,39947874,11510758,7314257,6129807,5570,14743748,383882555
5191361,5943916,524759,4806042,45663652,17578796,34847178,116645,43877716,14835164,47707104,7468193,45312315,16492304,24001432,19929337,8602,13242446,9724706,20039062,17362193,21176497,41205033,15945339,14762069,16209171,6435086,7278103,37353384,8226032,12342875,325833131
24754139,9983590,9941962,13359975,21677888,6826406,12322660,14441209,3370021,23025561,17848020,808251,27896573,29652086,31840185,27274785,42170,28932338,38201363,5140918,27466360,23661942,26354005,6989177,22077141,8246909,47033149,19050118,25826047,3550725,37310294,185319911
15986032,6503680,34365340,23921283,13464329,10786087,36142500,27014,156604,21317944,29726049,9396996,21791639,4562413,15824123,580799,8500,16913702,31310025,23575072,48201540,25898982,22433604,35414003,31449744,18454617,20876366,19841380,8270525,4018874,38741205,439539733
5011286,9200269,10812713,24732497,40414989,2254889,44259939,9847572,8617804,311460,17818841,1372001,8060625,21373608,43298448,114214,7862196,33868234,34329551,2369830,43797175,25109672,21436549,22937824,31008406,19899448,25598569,26514522,335673,5478171,34316937,181994575
30706158,22496127,11259815,5712980,27336138,10515347,16878063,17326903,1358469,15630315,12903976,874677,8807,5412584,28128388,5455516,30345819,22970950,0,22238914,27999242,15748894,26384005,28834731,38244329,10711596,36863264,23978129,31857349,9587929,38726310,224323393
24127616,7058172,23513515,14846620,16789476,3650146,11397612,9602829,178285,25958591,31608577,19031733,32397185,10789608,40021810,25579209,25124118,12087230,18138,32355575,5208099,10493469,38287626,31113195,43991861,5291462,47498646,3285085,20711729,7190696,18198327,246930556
40891305,12917321,27849760,7717925,7549567,10047396,40164979,13777263,34592,5387574,29430289,17911167,31949709,8596675,18132221,23191407,29668477,8774827,13914,28163357,8853539,31183349,27758578,17211747,25894935,18202917,36008275,1472,35033845,10957247,11249896,364282585
14766603,4936226,32484134,14308066,5322650,36184304,11812518,29773278,24390739,12702841,31809352,18214781,49303204,4605321,28756338,24074762,14010515,291037,19147187,5627452,2345830,16513611,15984167,30335825,24536320,28660913,19082910,4937798,20345785,12890505,27126526,160970316
23556230,8468717,24978503,2861250,23525457,12295981,16942770,17709098,45973,24212155,39852101,9109677,29062432,14462017,21636614,14840157,11118315,15142724,40777242,28488814,6538,3004425,12186706,39781744,34110662,9158316,29509019,20536986,36398795,32825034,23849492,444811730
19477100,13637571,23448187,10766998,28265364,24045571,17495310,10889599,28966237,13209030,12637099,8812098,40771419,16352625,28840814,17285399,28075504,27556065,12948492,21225453,48797,10818407,6424098,18405919,31899000,3312343,8028618,5612568,40869522,32041123,22351041,227324744
3016394,4944910,34658441,17506752,33198583,25665271,12316597,30238662,24367835,24752080,18193189,292039,20778798,16019292,19613479,7050164,15955780,12265251,897843,13302046,6522,25710097,31145580,29555022,28324592,19020461,29924410,3851625,14518988,22321712,44589180,235713793
23372695,9209690,26825210,28067628,27941633,16045749,14073025,12391645,27540558,20043938,28895641,10094316,29839693,11089014,22124833,22285205,16266036,12702881,24226483,20629105,41425,24566860,37088495,25612791,3273622,8541467,18345229,635881,13020787,12415047,27956774,343932409
15562541,4718407,17504496,5505166,30945632,36983421,32398227,27760418,22046538,19778356,31697078,21358916,47731415,16656748,27304325,9898585,11740103,12616804,1276823,16886836,0,16426822,33522756,16723021,24842925,18392214,6996202,13586500,16461630,21136117,36910561,183952864
2170099,5902757,50312463,21068542,35118371,5202061,7553699,14444905,21818323,23409111,29091004,8652471,25759972,20527921,19962812,10294415,16686907,25205536,11895929,12702072,48811,30066980,20877284,25789006,23436768,14451938,51376241,10458186,36184797,7566402,10429336,264459596
36991301,2504317,32651964,6349483,21569819,806215,41801132,29811,46594034,28552551,13021945,7877820,18479708,24446672,17719016,191801,16806712,34023484,303966,32698959,34015745,32183113,5177957,29806332,160540,21133121,17209598,10839530,9058898,16678258,36889787,169517212
20499706,16509643,14901740,17787343,26550795,16498663,38246808,4226366,28314914,30372103,37685182,4657164,27607061,20176467,10385824,22371361,20930886,9851371,34259237,5674239,13832649,12946740,29286192,10516322,8317,23511643,10721759,14338890,29711668,26547232,26737977,257883899
110132,26440,40376912,1894305,16867897,9695278,33022509,18323623,32716023,15852906,6799780,15491850,11036142,7704902,9441365,8044404,47015627,14423283,24681556,26171367,33633479,37859644,34549825,18237619,9755413,19826260,21771878,11251731,16657175,2306003,28138458,294171255
40564681,8083014,9293351,35086655,20482072,11911186,9814476,7400157,28951462,23993109,15972904,31937774,36005696,10332224,11946909,3629,911478,8434703,29852941,20193245,20937130,780708,29169437,23799373,13355170,19839441,26504598,31319524,36570212,15885628,23279566,249199817
29852280,4868371,529182,8273915,15380192,29005966,21983292,14199440,15596783,37257520,17670059,16857675,3160015,23125227,27147149,17102890,24887018,19454303,14754244,25924018,4429999,9620449,38850554,14932601,38280790,10599575,48357736,1614121,29969237,18247477,34939701,146780159
34768174,25539308,4059258,874535,28867050,15689475,7311312,13759106,13716012,22372983,37139692,27155818,10109415,14157966,5067136,6179734,8850294,27631126,23044189,21463012,22690374,28531176,23089014,15811591,17500731,5500742,19196670,12748365,37909954,18158160,27007817,229295107
816874,26333939,19848586,17383528,12078764,19235028,21888,30257938,15220888,27403793,31654537,20322280,2920136,21383770,32055032,13799224,36670601,13618749,26298832,22648025,3476764,34948842,2731553,24957953,2115922,9954464,34321845,30419711,28918362,3463996,28132546,223836198
46111648,25866396,36727771,9666925,13783184,15867183,283455,11625678,13691609,13297635,13788341,6978877,20016966,12799407,9593829,22236470,34056911,30722831,1290175,11468576,22584302,11475386,34290,12094866,19963234,22697855,47279611,31462539,27917787,20150,26821638,172957523
42895629,23875,27508969,26519406,23275287,20484922,22502,9773816,14589221,26312023,29769090,9229617,17546295,23988283,15089087,26548947,40008256,28765731,20446938,15181390,20359111,12523228,23025593,12390103,19553054,18431071,12909223,22674798,16252149,16034832,19421738,337392114
12841356,2502010,6788839,162676,27665840,6280850,28462,12801016,7912296,12716024,19929576,13727103,31690161,25289779,24616572,32856546,16279858,36182929,35251431,22495951,23518196,14350599,27141597,15031300,16961552,26428052,27105991,7619936,8431365,28461821,39997581,218378245
26513036,25697293,28396853,18852,14876654,9699394,20716,699540,29871118,18442012,9061011,4099353,11264448,27608108,32438634,6778438,27237822,13718591,23456970,22688678,4650296,27059129,32908866,19094527,36040216,12931584,29766366,34432274,13983554,21183069,15292108,238226559
29290960,17957021,7501846,70322,29625238,18155018,16726297,17758025,21416478,21224281,23100931,8508898,30003250,26893857,1247937,22264793,3345835,29100198,22034042,7774591,20649035,15178210,30832687,8921062,23657443,14687664,21688973,25726491,16662888,20169222,35450788,261336013
32079207,14587943,45070154,16250311,36390812,21056589,17498326,3817303,22365,24305087,37372775,274776,26659208,8094022,2243867,30272372,2529127,11357867,21225832,32778909,3193008,5515428,43262861,32336785,21321929,27347541,21128866,3616756,15729441,17763114,21124845,314391986
26835132,24520113,12430548,10396491,29003611,23735709,36219399,10167164,43269,21030475,29949973,303957,9971106,30488480,33258692,16230215,4847125,11824011,34671156,26587451,7033725,27965059,29297655,14751035,2581887,7287271,18804,12137649,34180351,19015032,33101821,210029096
1084827,18706370,29795215,27810697,22726974,3141837,30821573,22451195,109568,21623812,27670431,29360043,14926960,16593558,10741552,9688842,46665315,3332860,51431545,16106403,367500,24528827,28683046,24037303,15065439,26866306,0,15064298,28863184,15386993,19187767,295491500
35984770,21902374,13770382,13229653,34113901,11081145,33714533,14473679,30583,233774,20129724,28247435,804005,4192594,33811849,39371509,29607503,13286175,24304308,21887021,13703645,31060766,29016415,24883873,8662484,17887270,58554,30924,21985038,31705957,16070089,247075006
17382079,18584177,7793665,713957,22425243,3756547,23506147,57251,24246,11030811,4866483,6964377,14985338,23932341,10057837,37705513,18122731,43640247,27162769,42951674,36288240,38877123,48913898,31426900,11246716,17146354,3734075,94341,37055273,774141,32518966,262060484
13980760,32246472,33417195,5485337,33160601,22109453,8150008,10177885,13118172,32476480,27319728,8592505,10843,13051796,30490548,11420447,11563529,30995138,14679336,19107054,27329947,27135401,12337025,21944684,33894910,22896656,21302576,0,3989017,7624897,33686682,205836501
160334,36461224,32051595,4001415,33837319,3346872,22165418,44219,26419165,6877442,28588387,15156917,48277,28910493,28885672,43187881,15850396,46443075,18998877,1093842,42643750,1285080,0,16635266,12772009,21142973,35642060,89861,13771984,45975850,16992632,385269178
37241793,18028552,11130885,27333065,33020598,8378001,16812411,5265441,307401,8897857,34818771,1338531,9021,33042112,32468091,21683679,23874463,24274468,25211412,10860792,43675,9820954,43989641,28819890,6243898,26073638,309140,20437,49659705,28491165,15641057,188068072
8551561,25582845,16809840,7837320,44372280,30826960,1106380,43822053,4469401,21247401,10376929,7411634,7139,9327672,94717,11320686,27169737,19536902,27448923,17515601,39996021,14528512,48970896,12603138,11019035,16034259,34649064,9001,27436880,16901976,15091034,278010019
10226794,1871066,30489826,9313659,35092950,18777543,14794200,17016180,10623709,42421697,12264856,36209370,18300,29406467,17885478,9073033,16080190,23782508,15461840,19877502,15212821,14785347,3007358,10491798,31186316,23754281,45447491,15061337,41298838,497108,21210795,269601141
41551284,92812,17881969,8596013,408066,23808,29384500,7939656,22477234,6115390,33007190,5009331,22519146,18949920,40862462,19840054,24746821,41132118,10361341,35640923,9643772,28108139,16300711,8125058,14654429,16949527,16777664,16341239,3537932,15024482,26508453,235161168
23858050,11045613,33226751,11110859,4191974,59627,28291103,26314437,20068182,15057354,27396621,2834150,19565960,17235941,7084387,9867400,30174792,16618857,8287,29777420,2672902,24618078,38131842,38557096,11807449,26554538,12583077,26646179,25308604,21186320,23567514,254517994
20285724,23158193,45729019,19259292,22907349,11197846,36004091,2326222,650584,7698017,32513922,10153194,1199709,16098551,29196763,14184994,21897025,39581190,26100732,6713824,7974603,14332591,14578185,28444027,1335451,7097184,17405488,28064961,35421404,34951119,27322530,181851119
17590596,8225079,51867867,17468361,42483381,35591795,39453514,7089,22927080,13016208,16517888,11650773,28160470,31019351,27520425,7186408,3735000,22660179,17029708,19056050,45793,22760974,3176815,2019001,9405358,27089311,6929939,25770571,19654622,18536642,25171025,280043236
10230577,9756313,17224665,12653123,38231945,6512746,24950908,33411,15846700,13395502,33105074,11596541,30574474,17873419,25939534,28420122,39636994,449295,426682,22887380,17360,37542490,22744614,1155056,26087148,34658270,8721,41465431,6391910,12916745,36322226,180980471
15615721,4482366,18278517,2730980,44654110,25712370,29021387,7226602,4271418,3725656,22834461,14158785,19915900,3861345,23455073,12413344,8512980,9077324,30355344,28212632,23966,37034404,11427288,21839045,17251446,25029036,24345241,24605063,32773099,31928965,26556028,255276829
7417468,29362725,30671779,70138,49792367,35065774,10756337,4054520,18758113,26797820,38346939,11979410,26973801,18047071,26726107,29565006,24197572,10214264,15464346,31396222,8299,12988232,13459086,31533283,16101841,14813361,19749422,1325866,4011288,8564954,16336352,307438087
16574284,21883028,38899250,18508687,17438091,17024569,1881635,29386466,8114438,27982247,21208670,23642501,5341228,17783432,33532760,19066958,28699987,16203903,24259169,3549589,24926,20678516,3300631,22063244,45945928,26178033,27420861,4345386,24099823,5069358,10560414,207191621
17038626,11275839,20768562,16662857,13420131,45193146,32523987,36012488,13326362,37425980,21325908,1967243,9488,13831207,37653553,5416959,29946362,15787286,37937124,7024746,1419733,7614004,13390830,308078,13017742,29416821,21992680,23881612,30084243,36823,19387757,275152940
14339893,22083956,20922523,20869704,36269877,23029266,20530974,14789823,33504096,18357070,21879377,20043501,8229341,14165677,12183992,17332270,817231,10509596,39129016,26654120,39878641,16942940,15783,18444901,15882411,16737270,13793305,11882056,23659133,22139026,21085406,226008140
10155291,6487223,29741031,4379570,38144639,13873323,22867554,5647363,21005683,7939250,40677422,19782345,23008117,20468478,20816597,42707351,401670,3307337,23332373,35291008,49152,6477330,32293473,32239722,10341579,19789737,14165377,4846281,29219853,25667642,24627745,189246608
