1116,7628,25810,8506,26513,8073,13953,6959,20042,7204,9042,9743,1989,8281,31980,8139,3062,7787,4927,6761,4425,6997,14282,6945,793,7432,1068,9245,874,8005,1925,5317
3107,5829,22135,7256,24619,8538,12803,7121,18798,6205,9352,5130,2526,6310,27439,6819,1767,6345,6060,6614,5300,6099,13699,5142,2293,6373,2387,5838,3756,6792,2705,4652
1918,7121,22963,4651,26415,5648,11986,6426,18326,6279,9006,8162,2172,5354,28476,5615,2530,7264,6729,5379,6634,7090,14821,4514,12168,5508,1900,5782,2082,9384,1417,4818
1928,8245,22832,5679,27357,7717,12599,6842,18333,6199,9225,7149,4493,8401,28309,7668,3893,7457,6949,6874,6508,5770,15051,6898,1825,5763,2263,5820,4579,6180,762,5341
1900,8409,24368,7949,26506,8561,13533,6872,19059,7525,10146,6117,858,8277,29652,6918,1990,9260,7178,8588,6764,8874,15057,7376,1827,6922,249,7345,1637,7975,1521,6471
559,7961,23997,7216,27566,7355,13742,8132,19157,7148,10204,7492,646,7944,30669,7696,3855,6844,7216,6112,6947,8998,15191,9693,2543,9372,1325,7488,799,8102,450,5220
1759,7434,23372,8452,26452,8734,11975,5541,17664,7176,10078,6467,1116,6223,28436,5265,2651,7552,6483,8219,6529,6489,13333,9407,510,6381,847,6582,1606,6907,1378,5313
1463,5901,22659,8277,24437,7293,12744,7114,18723,6585,9170,6110,1831,7047,25225,6939,3063,9023,6566,7554,6218,7081,12800,7992,383,6724,468,6916,1241,6993,807,5325
805,7485,23602,8048,23737,7715,12025,7167,18425,6847,8974,5264,2092,8223,26789,6466,2645,7528,6898,9086,6243,7052,13843,7733,3461,7479,175,6023,128,5647,1019,5342
4253,5952,22979,8579,25944,6318,11975,7547,17361,6762,9603,5659,3213,6534,27198,7046,2498,5288,6709,5370,6273,6689,13118,5215,4124,6051,3770,4876,724,5820,4014,4188
2337,8140,21230,6871,24235,5665,12007,6713,16635,4498,9149,5004,4784,6249,25498,6273,3016,5914,6463,4620,6192,7122,13648,4519,2579,7020,2086,6297,2230,6199,2809,5189
2446,7026,22205,6275,26806,7674,12404,8504,17751,5954,9044,6542,1696,6223,29269,7128,1628,7825,6669,5833,6264,6170,13719,6085,7518,7890,289,6557,1590,4629,2012,4782
1898,6698,21705,7285,25977,6416,11527,7089,18369,6828,9878,6812,1951,6988,27046,7042,2174,8000,6775,5621,6529,7399,12881,6866,222,7369,598,6333,102,6137,3667,5558
1313,6899,22213,8058,24270,7312,12466,7078,19047,6147,8243,6181,2960,8735,29368,6978,3436,5435,6875,6251,6174,4103,14262,5924,1982,6717,1964,5965,442,5521,748,4816
2338,6309,22168,7617,25123,6343,11861,6255,17445,7739,9080,5815,1984,6155,27554,6462,3577,5396,6801,5869,6609,5351,13573,7659,1250,5842,1447,4714,6313,5384,4488,4174
3237,6529,23494,7468,26683,6846,12249,5556,17107,5758,8967,6511,1116,8324,27839,6102,2094,5744,6597,7707,6353,5739,13142,5962,1926,5313,3545,6351,3414,7643,2162,4756
2988,7212,22441,6398,24393,7392,12066,6263,17641,6133,8821,5501,1308,6480,27297,6396,1689,6242,6128,5402,6151,5921,12461,4782,1889,6772,3622,4981,1248,5767,2631,4664
2785,6494,22645,7670,24860,7499,12241,5589,17296,5364,8831,5696,2942,7230,26313,5049,1608,5807,6701,7004,6392,5361,12033,6238,3406,6829,1186,4683,3064,6204,2775,4023
3368,8527,22597,6692,23097,6575,11681,5349,16487,4542,8920,4274,2270,4751,27055,4969,4647,4924,6796,5876,6545,4891,12047,6012,4815,6510,2974,6527,3195,6966,2275,4752
2024,7514,23334,6249,26831,7272,12505,6742,18553,6292,9146,7179,3687,7629,28229,7752,1913,8627,6709,6457,6384,6026,13060,6331,1309,6366,7868,6242,617,5529,2466,4925
2820,7700,24022,7735,24884,7457,12705,7821,19229,6934,8896,6863,5244,7434,29224,7506,5271,7870,7099,6440,6580,6939,13943,7643,117,7323,87,6533,108,7491,804,4971
2661,5753,23576,7727,25376,7749,12317,5572,17159,5201,9378,5580,3325,7008,26449,6301,2326,4967,6398,6261,6206,6733,11432,5931,5144,5881,3026,5131,1660,6983,1746,5444
2543,6108,20875,7558,23892,7674,12015,3895,17186,6894,8490,6555,2469,5868,26615,5750,2090,5077,6451,6274,6206,6048,11550,4360,3176,5100,6643,4370,2894,4840,2725,4298
5380,7328,21640,5699,25895,8070,11069,7435,19322,6142,10921,7267,450,6561,28986,6376,3662,5275,6567,7726,6769,7593,12967,6137,1612,6531,2086,6699,1643,5926,2927,5251
1700,7659,22838,7409,25314,7194,12648,6653,17702,6343,9336,6039,2479,4782,28563,6326,2509,6983,6929,8046,6537,5453,12744,5408,5333,6404,1904,6470,2507,6499,1462,5784
935,7154,23806,6964,27346,6465,12910,5788,19095,6116,8663,6373,2735,6145,27980,8144,2794,6447,6863,7850,6221,6185,12746,6465,1837,5899,1593,6094,6884,5477,1908,4885
5415,6630,23656,6327,26263,4440,11792,5057,18152,4925,9882,4550,2244,4761,26433,6574,4398,5079,6978,5566,6774,7490,12820,5729,7371,5284,4440,5445,4261,5328,3456,4208
2597,7314,21676,6718,25634,5656,11253,4123,17404,7233,9134,6353,3641,5497,26575,6334,3316,6459,6607,6191,6452,5188,12324,7155,2074,4692,3857,5353,2079,5050,1743,5362
1860,6130,21516,6292,25616,5508,12400,8161,18592,6273,9467,6391,2450,5371,26344,5181,3591,6126,6682,5514,6171,6103,11753,6213,1928,6907,2070,5478,5462,4931,1551,5009
2485,6852,22648,6711,25113,5648,12463,6833,18384,5337,8137,6276,2098,7021,28613,5998,3091,4318,6968,7599,6542,5814,12547,4938,3418,5522,1377,7404,4923,5304,1461,4606
1541,7349,21337,9550,25098,5693,12378,5500,17475,5848,10188,6688,3955,6085,28453,5885,3428,6815,6375,6107,6718,8533,12761,5307,144,5849,2469,5293,6157,4800,2574,4863
561,8196,22321,6830,26844,8095,13512,6312,18590,7979,9102,6070,397,6900,28274,6708,4074,7217,6821,7433,6454,6206,12496,7345,1360,6488,2628,7571,2909,6747,642,5880
724,7634,22682,7367,23823,6755,12574,6925,17329,6866,8579,6255,1318,5283,25263,7574,1789,7372,6526,7569,6106,6581,11305,6634,90,7877,124,6970,5482,6059,915,4900
2949,6551,21848,7613,24904,6797,12336,5974,17568,6397,8210,6342,1821,5959,27008,6856,3498,6442,6800,5105,6272,6559,13001,6403,2777,5112,5535,6171,3944,6297,1779,4887
1946,7295,22962,5143,24762,6575,13247,5274,18637,5264,10095,6949,3287,7286,27494,7088,2494,5954,6573,5480,6652,6106,13113,6025,2153,5690,2026,4895,3141,7672,2189,5686
1784,7758,23084,5711,24006,8095,12101,5657,18392,5727,9195,7402,2008,5632,26306,5591,4139,4822,6717,5083,6022,6114,12411,5629,2859,5043,1084,7695,2665,6956,1942,5581
2124,7627,22021,7723,26034,7853,12097,8024,18627,8304,9404,7169,871,7043,28123,7212,2610,6785,7018,6137,6423,5556,13990,4589,572,6259,727,6775,523,7522,1760,5192
2943,7072,21681,7482,24336,6758,11909,5531,17437,5659,9025,5209,7378,4993,25985,5805,3477,5812,6612,6331,6019,6329,11943,5779,1378,5640,1556,6415,2589,6717,2315,5397
1787,7889,23804,7131,25806,6704,12591,6260,19712,7253,8900,7701,432,7307,30720,6134,2433,7241,7160,7363,6577,6934,14496,6358,2338,6499,6952,6697,3692,7117,515,6451
3561,7609,23295,8276,26512,7283,13096,6473,18668,7719,8914,6695,1567,6696,28565,8941,2817,6647,6830,6774,6459,7196,12906,6449,979,5575,315,6100,3805,5802,897,5194
1258,5295,22546,6315,26869,5893,12582,7031,18194,6774,9434,6676,3946,6918,28077,6035,1986,6421,6572,6955,6222,5808,12385,7028,1054,6165,7683,6640,2733,5687,1332,4827
2923,7348,23614,7563,24980,6317,13280,6369,19042,7081,9290,6834,1610,6591,28824,7264,2578,6526,7021,6377,6446,7228,12848,7655,1074,7590,168,6553,4375,6208,1829,4734
2397,7259,22092,6501,24480,6403,12272,7258,15836,5367,8954,6359,2623,4279,24988,6460,1850,5076,6405,6484,5989,5466,11089,5698,1253,7322,6296,4718,3834,5644,1518,4813
2628,6511,21588,7858,25358,7136,11957,7121,17288,7108,9262,6512,1497,5488,28859,6841,3009,4672,6596,5609,6519,5217,12769,6927,2155,5164,2207,6716,5511,4457,2094,4692
2554,5946,23206,6656,24413,8140,13397,5564,18876,6702,10255,7360,2577,6118,26043,5897,2408,5572,7065,5770,7028,5525,12407,4840,2804,6973,2826,7730,1760,6311,2820,5255
3107,5739,21130,6314,26891,6417,11423,6534,17790,5481,9251,5628,998,6660,29351,5136,2312,7650,7066,7894,6318,6097,13745,6687,3727,5181,5900,6295,3885,6587,2500,4874
2140,6707,22090,6382,25553,6174,12643,7209,17811,5822,9753,6442,3420,5970,27031,6746,3918,6549,7078,5867,6302,5480,12435,6321,1731,5761,1558,5170,2283,7269,3208,4879
1067,6096,22383,7172,23524,6863,12694,5607,17412,6517,9228,7670,3772,6924,26446,5626,4381,6911,6696,5939,6456,5895,12763,7156,1970,5512,5046,4987,4908,5583,1110,5231
3811,7082,22658,6943,24659,5896,12552,8068,18584,6573,8961,5850,2756,5963,27339,6964,5298,5481,6521,6852,6285,5726,12292,6290,435,6145,888,6308,2539,5217,3163,4862
1717,5687,20824,6825,24838,4252,11275,6125,16954,6146,7967,5246,5967,6264,25907,6352,2743,5489,6718,6176,6096,6090,12770,5734,1689,5782,3259,5499,5745,6014,2215,4800
4070,6222,22327,6082,25419,6178,12097,7521,17548,5389,9240,7555,3392,5779,28557,5355,5784,5549,6760,5625,6598,6076,12312,6778,2372,7296,2697,6117,3263,4886,1469,4198
4010,6242,21243,5615,23763,6908,12253,5983,18432,6122,9530,6288,3135,7583,30230,7316,3518,6825,6957,7273,6516,5014,13666,6372,2217,6664,4303,4275,4712,6529,3522,5003
735,7564,22360,7532,25950,6951,12753,6689,19063,7362,8679,5818,1867,7845,28105,7455,3436,6272,6929,7230,6094,7558,13095,6653,631,6606,1237,6250,2722,8724,582,5411
3482,8034,22009,6912,26540,5416,13994,6401,19340,7186,9242,7178,3919,7868,29550,6281,4315,6197,6784,7570,6189,6616,13863,6354,2549,6361,2698,7248,2309,4646,1922,5845
3580,5861,22109,6138,23600,5586,12897,5380,16356,6939,10829,5787,1960,6276,26139,5654,5511,5908,6328,5957,6391,4342,11091,5244,4357,6176,3439,5402,4933,4057,4122,4881
2815,7178,22660,6722,22975,7050,11336,5605,17754,6478,9415,6090,1974,5806,25621,8440,2076,6941,6390,6571,6350,5885,11244,6829,2084,7060,918,6471,3589,6893,1109,5191
2666,6792,22443,6131,25890,5339,12381,5969,17044,6635,8041,5891,633,6387,27620,6005,1776,5437,6558,5769,5867,7382,11578,6552,673,6233,4333,6236,2540,7161,1284,5005
1588,6407,21582,5513,25404,6151,11911,4604,17211,6023,8521,4938,2263,5845,25768,6758,2573,6743,6424,7372,6209,4850,11797,6442,2201,6949,4748,5770,3553,6533,2652,4814
2321,6082,19236,5121,21513,5853,10844,5798,15521,6652,9146,5855,2917,6862,21949,5784,6212,5913,6517,5538,5945,4919,10791,6003,1577,6527,1859,5711,1648,5301,1903,4734
