3932108466250,9774301986960,5066791339481,8409321699281,4905407613721,6709990062040,4622350080064,6444461805741,4528206388593,5060352462694,4290283458847,4674583542226,3786309729074,4052336786877,4981540630609,4030718556715,5565689075539,3490236183312,4072763948802,3528970574564,4012976042803,3642869272135,4212399372193,3456781402084,3744842665515,3672727450903,3649003006010,3613830009731,3692504149019,4989721560904,4248541008284,7859416180105
3932129580206,9774453121411,5067141641074,8409480235937,4905756084084,6710137227512,4622622920964,6444604276668,4528494835803,5060500386528,4290481134605,4674723223161,3786380321078,4052462958206,4981925866379,4030864418980,5565804760362,3490383549972,4072864963397,3529126975406,4013070985332,3642999412750,4212593383903,3456933678268,3744873850793,3672863862438,3649055849152,3613983214436,3692552851066,4989879632542,4248660391757,7859734934115
3932206715011,9774589346073,5067472860931,8409629101858,4906089346971,6710266020000,4622886694041,6444705590651,4528757668223,5060643919112,4290665125581,4674848458891,3786456856935,4052572691978,4982280652673,4030982243093,5565931773591,3490496617120,4072958679780,3529267128783,4013155776676,3643132594325,4212772270639,3457069586245,3744974359231,3673030782742,3649167564890,3614119515129,3692681660982,4990000344457,4248758502605,7859847655124
3932267078881,9774723613887,5067800154317,8409758754320,4906416659501,6710425235599,4623140251649,6444857612577,4529017270571,5060799837366,4290841247064,4674983996381,3786565776401,4052663073876,4982638657062,4031091972617,5566066931701,3490646638254,4073061200395,3529391023509,4013244396504,3643266045672,4212963666403,3457178937947,3745056798292,3673156693579,3649275434897,3614237703890,3692771999081,4990132526482,4248840802280,7859951780618
3932321913428,9774880433621,5068124929054,8409907305906,4906752264867,6710550754544,4623404555229,6444992114576,4529285160641,5060937643372,4291014530413,4675106512912,3786665994913,4052814465880,4983005638891,4031264766279,5566196002757,3490788697545,4073158141086,3529556265598,4013331012321,3643406791894,4213150833802,3457334213022,3745073411231,3673308744281,3649301692145,3614371408283,3692812238833,4990258440314,4248901521469,7860069030162
3932344935234,9775073383744,5068462381920,8410055857993,4907090544103,6710707819487,4623676852591,6445141246189,4529554457620,5061091872841,4291201556365,4675257142463,3786714419879,4052961070739,4983364129735,4031426417501,5566330738807,3490950880104,4073260153698,3529721740190,4013421374504,3643534800963,4213341642816,3457498704922,3745091140059,3673461034983,3649323471036,3614513912531,3692865450918,4990397142720,4248972882346,7860195541326
3932371778709,9775259418972,5068804877408,8410231954596,4907444815192,6710872386502,4623960694766,6445287298510,4529836990122,5061268889538,4291386956056,4675439491998,3786757429482,4053114897236,4983741262947,4031598970615,5566508465717,3491106785847,4073366146553,3529890627215,4013512913561,3643702212354,4213536266949,3457667489261,3745116490704,3673615648967,3649356854344,3614671464888,3692899792072,4990571429120,4249019201199,7860337292712
3932434467584,9775410599698,5069131743330,8410370355646,4907765217269,6711017841532,4624211275100,6445415178042,4530092341548,5061422188830,4291566994695,4675596329735,3786780524695,4053234690457,4984082628783,4031723279084,5566624232665,3491242241434,4073454364457,3530044521671,4013599406596,3643853780175,4213713042196,3457804602210,3745156684801,3673767434314,3649414961549,3614839534929,3692963630433,4990721589675,4249102132531,7860436607745
3932474328176,9775556333800,5069449356377,8410506397790,4908091650270,6711166807887,4624466022381,6445561946378,4530350873915,5061554902719,4291737341701,4675736605999,3786876302721,4053373951579,4984417292465,4031857689289,5566788284827,3491374396387,4073545364987,3530176551649,4013681627031,3643998368725,4213881350349,3457962013387,3745170651141,3673920923993,3649454888708,3614984687592,3693030711459,4990867543038,4249155988806,7860564571012
3932509754312,9775712858702,5069767929752,8410659173970,4908419411583,6711316200376,4624728116100,6445714015678,4530610997651,5061699176979,4291902759471,4675870312557,3786942216492,4053506806191,4984755861952,4032001771086,5566948042878,3491524453241,4073640671979,3530333861909,4013762462989,3644146654409,4214050125451,3458116201638,3745198524679,3674069727632,3649475115533,3615125875198,3693063026117,4991021477417,4249218464929,7860696126278
3932592378505,9775850551086,5070087884996,8410789058285,4908738919454,6711455134560,4624985333669,6445838119266,4530870372517,5061844287234,4292074929478,4676004911836,3787079855936,4053624053046,4985100408957,4032142849566,5567092072418,3491663338256,4073740371561,3530469139707,4013853198038,3644283305856,4214224803598,3458242948513,3745223723860,3674195173418,3649559267625,3615239807267,3693118591432,4991149936573,4249329857633,7860779505417
3932675871422,9775995295755,5070404887686,8410932047452,4909052931071,6711595166297,4625233010574,6445967775122,4531121020207,5061977961041,4292244026975,4676124459447,3787224945371,4053739872038,4985428403873,4032263538515,5567298496720,3491789266093,4073829710286,3530588171312,4013942086727,3644370111891,4214399233381,3458378462349,3745283350666,3674314058764,3649653237139,3615360726731,3693237099186,4991274287346,4249418426045,7860868011188
3932744400478,9776138816901,5070717569768,8411069659057,4909373277413,6711724987771,4625482862393,6446130144131,4531376192355,5062106165302,4292409102267,4676256534215,3787305131921,4053883176249,4985775455442,4032391925238,5567382503572,3491919104773,4073921842998,3530731578249,4014022789689,3644525039681,4214579522258,3458522968457,3745324507409,3674448106940,3649679495676,3615482405949,3693322148613,4991397117943,4249502575642,7860988665991
3932803665595,9776307353244,5071043977204,8411222388342,4909705402313,6711875991413,4625739175736,6446262687233,4531637925233,5062253213563,4292586634940,4676417590418,3787364765670,4054023479146,4986117196173,4032551534578,5567532903089,3492071070522,4074015526020,3530865307760,4014107798107,3644678736095,4214756510244,3458662332146,3745332854359,3674611837213,3649719772379,3615638757763,3693333073810,4991523350168,4249567872174,7861092515150
3932826738618,9776456554969,5071361223347,8411360082111,4910027566901,6712008337387,4625991260520,6446404501415,4531891930320,5062384967080,4292757801826,4676551927584,3787469540335,4054165280885,4986461972512,4032698117085,5567687637367,3492207009036,4074113306958,3531016278734,4014192995096,3644824531157,4214928427833,3458791899172,3745358830770,3674764318791,3649785518033,3615768970054,3693369860279,4991666050134,4249631449177,7861185286047
3932891149685,9776596885927,5071680265047,8411509494656,4910345520772,6712140393817,4626239709132,6446560685248,4532145331574,5062518448272,4292926920861,4676679802935,3787576219663,4054308793012,4986807385021,4032835250605,5567844254986,3492334426082,4074211703928,3531141670192,4014281421922,3644963271338,4215108785113,3458925189211,3745377689155,3674897261415,3649835834086,3615880884279,3693423384610,4991798637102,4249703317060,7861290800572
3933032975055,9776729259159,5072009613347,8411655206688,4910674453101,6712282590881,4626502838196,6446684113781,4532403191000,5062663146937,4293102759887,4676817760757,3787651883057,4054444409150,4987156002642,4032967781235,5568039668183,3492463389793,4074317282102,3531285097038,4014374809111,3645114557562,4215291870294,3459066566973,3745421108345,3675039276849,3649896167493,3616040651083,3693558114226,4991928869528,4249835676526,7861404048117
3933100473899,9776887565635,5072322002807,8411776571787,4911002666548,6712409645907,4626757257938,6446806658470,4532650581103,5062793068418,4293270890383,4676945138585,3787687121977,4054587548087,4987490933987,4033104697404,5568127326751,3492596360722,4074399659932,3531427053972,4014452147571,3645252565792,4215461325403,3459209748894,3745501651196,3675169336035,3649989399578,3616196296281,3693616446218,4992070191674,4249914988022,7861495949110
3933138372297,9777033580887,5072643233095,8411915153012,4911333927999,6712554429900,4627012892217,6446943209109,4532908183119,5062934653673,4293441986731,4677069276941,3787775187804,4054723757769,4987831484647,4033261989476,5568232824031,3492727760877,4074491224285,3531576514976,4014539023221,3645407480229,4215635321088,3459342534539,3745571750359,3675307537161,3650048030046,3616312664752,3693652732979,4992216753469,4249996768612,7861612037392
3933205428996,9777157415347,5072957711455,8412047060236,4911653598808,6712678442890,4627266013460,6447077587891,4533153519817,5063086401258,4293613172000,4677189172810,3787876789383,4054839050640,4988164508678,4033380521861,5568408458078,3492885297432,4074573883610,3531695477471,4014622946278,3645524401622,4215804071996,3459462657488,3745639979839,3675431790306,3650171468340,3616435853908,3693759573119,4992335426293,4250100623082,7861703792342
3933258858603,9777306582169,5073280556759,8412193002092,4911991376781,6712819582360,4627519893505,6447222164072,4533415880788,5063235078928,4293789118167,4677340233559,3787916707848,4054985420714,4988522569755,4033522343615,5568496030891,3493040757759,4074667030459,3531831352678,4014704693669,3645662759397,4215986346561,3459618684883,3745680799151,3675589703420,3650233168588,3616571229631,3693786000678,4992481198627,4250192813329,7861798352077
3933304267261,9777455053649,5073601067767,8412356179796,4912322206829,6712971355734,4627787152999,6447371588041,4533678931103,5063372538370,4293960674397,4677485338189,3787968108586,4055124680071,4988885371029,4033677305453,5568595995711,3493198422946,4074761581176,3531965533508,4014796134367,3645816357624,4216170420596,3459787675771,3745708218098,3675734701814,3650249118070,3616734484201,3693804435535,4992637007211,4250236752678,7861953882684
3933339586732,9777601471178,5073923188775,8412489089309,4912650895233,6713123149872,4628051501843,6447520290051,4533938733422,5063516340249,4294128624410,4677619403216,3788038767561,4055277546146,4989221160232,4033838043100,5568728777413,3493321211737,4074858300410,3532099627106,4014883798757,3645952940953,4216336977078,3459915695467,3745753074133,3675879701140,3650312478587,3616868066250,3693819544096,4992796652126,4250274256371,7862066079021
3933397095160,9777751669836,5074234930895,8412589832827,4912969757970,6713240414506,4628315013045,6447655529411,4534190559279,5063646601648,4294298499746,4677752588475,3788074106327,4055441093213,4989554043565,4033933825595,5568920460326,3493439712779,4074946426068,3532248001471,4014967147855,3646083026458,4216504556733,3460057076244,3745887563918,3676018947541,3650408229071,3616998031560,3693918012533,4992911403233,4250402793916,7862167404126
3933466146502,9777926812251,5074558344204,8412739186743,4913289617878,6713405400639,4628577857801,6447794697558,4534443788474,5063792678143,4294472122603,4677871027357,3788084892073,4055587332368,4989901982219,4034065217354,5569024042398,3493573014256,4075031148360,3532380916081,4015051366156,3646228711534,4216679135894,3460184416281,3745927035340,3676148185109,3650453266847,3617130637878,3693988763675,4993050694814,4250486248117,7862305061790
3933514022981,9778077188176,5074886023732,8412882608655,4913618749064,6713539531467,4628840400578,6447946315237,4534704244326,5063950893669,4294648692292,4678028993557,3788152360942,4055725917495,4990255859643,4034196521740,5569138083706,3493734232943,4075125678894,3532522218776,4015139673614,3646363737794,4216857054408,3460342990191,3745952931814,3676314837764,3650472649434,3617276472945,3694013569968,4993200177982,4250539153564,7862419798696
3933572612869,9778224648243,5075216709306,8413007577315,4913963686087,6713682975195,4629113381397,6448113127556,4534974422002,5064108006222,4294826176222,4678186278404,3788248519087,4055853584759,4990618150470,4034339388916,5569274929369,3493907224032,4075231423469,3532721621346,4015226963624,3646513556701,4217043890397,3460506404189,3745995854732,3676458185388,3650528497039,3617441915105,3694093440115,4993357796036,4250613790378,7862541866818
3933633207389,9778378667635,5075539189125,8413154408795,4914289127504,6713811823100,4629364418272,6448255226452,4535236083106,5064226632825,4295004421275,4678305485679,3788313854877,4055985969143,4990973172315,4034476412390,5569420331546,3494063448034,4075325491991,3532856170642,4015310430987,3646648558131,4217218714975,3460645043576,3746061976007,3676603586774,3650579347183,3617589415639,3694165098770,4993496284964,4250685929370,7862629570175
3933706098968,9778545789948,5075874697047,8413312558004,4914623166543,6713958657032,4629623552903,6448399494481,4535495170457,5064382251413,4295191257057,4678441340216,3788410781168,4056139461879,4991326663280,4034601854403,5569640836562,3494206295621,4075420645426,3532985496041,4015403403657,3646773359891,4217400118212,3460769009818,3746128806945,3676722727155,3650647280953,3617720179021,3694219422672,4993640067221,4250773642436,7862754000183
3933788732046,9778680911639,5076182506073,8413440359702,4914935886870,6714077177153,4629863920645,6448504552722,4535739010245,5064498709574,4295369598158,4678575629368,3788479999368,4056273099263,4991658234288,4034736800899,5569750813704,3494317462380,4075511602805,3533104142265,4015481592077,3646911357704,4217566432407,3460909281250,3746211839705,3676839104350,3650778588685,3617843208901,3694318894400,4993755321447,4250857102892,7862871821961
3933826330384,9778840722444,5076502649639,8413560034268,4915267214906,6714198242409,4630122168569,6448664505668,4536003262100,5064638626044,4295539233742,4678731985843,3788578976220,4056410663196,4992010114848,4034878875920,5569879622860,3494466266717,4075604565969,3533243443696,4015562049044,3647035823342,4217737663037,3461036568999,3746279430103,3676983250828,3650853124206,3617964466996,3694384737711,4993894928665,4250911860664,7862970295991
3933897902032,9778989878938,5076814330121,8413672177109,4915580682802,6714327190717,4630371351187,6448808626680,4536250935008,5064771728864,4295718873448,4678858649839,3788693656520,4056545879422,4992347524584,4035005080599,5570026424545,3494593410892,4075693798522,3533368599316,4015646727998,3647177468661,4217905593185,3461147964082,3746305347748,3677122006150,3650922133823,3618097432760,3694477321038,4994036116785,4251020429901,7863086321180
3933934302499,9779148228937,5077136101133,8413827347959,4915898034387,6714492947309,4630623184278,6448941368520,4536505880900,5064924141581,4295900421149,4679025987550,3788749967653,4056682530839,4992697755280,4035166756606,5570307079696,3494738544598,4075784156287,3533508282912,4015734332673,3647312057712,4218081034933,3461296339958,3746320468128,3677276423960,3650937272565,3618250485479,3694501610679,4994165134386,4251069210654,7863194439982
3933950013501,9779328215309,5077460004834,8413981417304,4916235058163,6714656359286,4630894941637,6449103936380,4536771706336,5065077638929,4296075320934,4679174626458,3788805931563,4056825392828,4993047298879,4035329180978,5570424078642,3494902901072,4075874647182,3533668075644,4015815077323,3647441982897,4218250777618,3461444762967,3746329179671,3677441439447,3650952305043,3618403005967,3694529074684,4994314084917,4251101767690,7863293889622
3933980438294,9779478441364,5077774573840,8414132167680,4916560427979,6714814493391,4631153875327,6449247089648,4537025892821,5065239385507,4296239979080,4679306048855,3788869802153,4056964710528,4993384524992,4035494908499,5570546089549,3495063092560,4075963592954,3533829855862,4015893928246,3647588727072,4218416462569,3461590553781,3746353387603,3677572839244,3650974933700,3618554830412,3694557689069,4994467806387,4251140950057,7863441885149
3934039649361,9779633389023,5078091749688,8414274822065,4916877157197,6714938164303,4631404208045,6449372053495,4537277921071,5065372799567,4296408526329,4679448793172,3788935729422,4057102476335,4993733196600,4035625599225,5570685035141,3495194880058,4076054368016,3533949454580,4015979404138,3647711707731,4218592185915,3461724132487,3746413453839,3677731710681,3651037363112,3618701182568,3694627949354,4994583881639,4251207722877,7863563947385
3934135306485,9779799187819,5078413671900,8414405111088,4917199581041,6715063981895,4631663173346,6449511519826,4537542716910,5065529963091,4296598882923,4679583565141,3788997180358,4057246878751,4994082799503,4035804547437,5570800279086,3495330613348,4076152626293,3534108961693,4016068961067,3647854440327,4218771696247,3461868968584,3746496512941,3677880870730,3651097079690,3618853412131,3694756126302,4994723732690,4251331695798,7863661415478
3934234329716,9779954232005,5078729944711,8414544839503,4917520987370,6715217419616,4631915111806,6449644125673,4537795245369,5065670814631,4296760978638,4679705598890,3789074630409,4057383045857,4994430354053,4035931486844,5570961478159,3495456519284,4076249422646,3534227637497,4016149802150,3647984723732,4218950331665,3462005904358,3746512346093,3678018198928,3651112434873,3618967201807,3694828422944,4994856691037,4251458391343,7863780101505
3934296491165,9780101468389,5079046090649,8414692393986,4917845915595,6715354279715,4632169371873,6449779145409,4538051529100,5065797762516,4296930822658,4679843154296,3789155363952,4057516124989,4994777109314,4036088865303,5571243548613,3495596873779,4076346079069,3534350490991,4016237198599,3648115832677,4219125992029,3462122136626,3746577380527,3678166466936,3651192328892,3619111146726,3694883035025,4994960836395,4251512681612,7863905779661
3934340721082,9780262488541,5079363519289,8414857724626,4918173224794,6715494667728,4632431376599,6449923601260,4538314945289,5065922003837,4297098017912,4679989826357,3789207153985,4057652966287,4995138179981,4036247880141,5571332239810,3495744730813,4076439844817,3534497739563,4016320737214,3648267033599,4219311274493,3462264343317,3746609520281,3678317998762,3651212227540,3619257411352,3694935296821,4995106265081,4251595325375,7864025446038
3934408020538,9780414513592,5079689529654,8415018609783,4918499758343,6715642995416,4632688285059,6450052814140,4538572196042,5066046872023,4297272612671,4680133594152,3789260527673,4057813902368,4995493678026,4036393749830,5571414428590,3495897177744,4076531736415,3534645740705,4016405410655,3648421619734,4219489935416,3462414739878,3746624512262,3678480641332,3651250276680,3619412269889,3694994220227,4995252296975,4251652830101,7864155809160
3934461571557,9780589625157,5080011229318,8415179774749,4918829001996,6715797550037,4632941073653,6450201088564,4538831927237,5066190079506,4297447591356,4680292734110,3789338986941,4057965393968,4995848794359,4036538174130,5571523419973,3496027068374,4076631300656,3534781045644,4016486323329,3648550503543,4219664957930,3462583735459,3746648020763,3678626605625,3651270562769,3619556946275,3695014625027,4995388842461,4251685390993,7864287762732
3934515890988,9780749111400,5080326913216,8415322508626,4919151239536,6715951464854,4633196868297,6450348692877,4539088584525,5066321738919,4297609752198,4680437498230,3789375649032,4058113445324,4996195829974,4036667464392,5571629311237,3496177732306,4076725572598,3534935277582,4016570022708,3648702652671,4219838912440,3462738973165,3746667878167,3678770537482,3651293920651,3619703256781,3695078464295,4995550390982,4251768160588,7864386438846
3934553916572,9780907898299,5080647201209,8415476502261,4919470949093,6716079454879,4633447593676,6450499181311,4539342008195,5066471077467,4297785098038,4680580131689,3789434361015,4058248585049,4996539113844,4036807105007,5571746267630,3496335153084,4076823950511,3535095472080,4016659120643,3648834098417,4220012638901,3462874861349,3746701805999,3678929548119,3651319694405,3619857038312,3695103799451,4995692181347,4251833714910,7864509829348
3934648585954,9781041643527,5080952454869,8415622957079,4919784507746,6716213102951,4633691940753,6450626319645,4539590914137,5066597977343,4297951688691,4680704142797,3789504642808,4058358661047,4996881778696,4036936931757,5571883888891,3496467753681,4076924388753,3535227762706,4016746095695,3648977347604,4220183391899,3463019791423,3746761869805,3679052940854,3651396713344,3619967369788,3695178353222,4995831401929,4251926202525,7864621387267
3934688104699,9781212344004,5081269566073,8415753254814,4920107243298,6716358885875,4633944907468,6450766404219,4539849392237,5066739138369,4298119321287,4680856874128,3789571137101,4058496627673,4997217492341,4037071251728,5572178510793,3496600931115,4077029211334,3535368006848,4016837631530,3649125492390,4220352077142,3463165833663,3746783741471,3679190899791,3651426878929,3620129754841,3695215557660,4995973021240,4251983899756,7864739218737
3934760818216,9781385142625,5081603677813,8415906007064,4920438106945,6716500005807,4634212117433,6450903113253,4540110184642,5066886136207,4298304070764,4681026064054,3789685620458,4058652194173,4997579068502,4037216506736,5572305994260,3496758792064,4077137793404,3535511174655,4016943549602,3649258814122,4220536771135,3463318140579,3746850485350,3679329316280,3651516322749,3620293974928,3695305798112,4996111740585,4252086952627,7864850000707
3934808162595,9781538892922,5081920676645,8416052394213,4920772930983,6716633562612,4634470880749,6451054941016,4540380775516,5067016414645,4298476191934,4681168352605,3789725398507,4058793772716,4997938368192,4037339987479,5572420192735,3496899610313,4077237106265,3535652007009,4017036142505,3649403448285,4220721744519,3463470616205,3746885996553,3679465783480,3651565429924,3620433949475,3695359692737,4996266428616,4252174025645,7864962139446
3934858269650,9781678524664,5082232704245,8416185143662,4921082721364,6716759559492,4634718522905,6451182908522,4540631120915,5067159719309,4298646761640,4681298065168,3789800950743,4058937868728,4998276222733,4037480468150,5572569733181,3497046724116,4077339735963,3535784771275,4017136222395,3649530633676,4220893575357,3463617403351,3746902292691,3679590874487,3651625638305,3620577769646,3695427355073,4996422757179,4252227332122,7865078452513
3934877833886,9781828029847,5082554208466,8416335080913,4921404484379,6716907863147,4634974946732,6451303947404,4540887774201,5067298788338,4298824106981,4681438220873,3789873817587,4059077440855,4998625057923,4037628375973,5572722185354,3497212942011,4077430891076,3535935525204,4017232343042,3649664693436,4221067293601,3463756872829,3746925139694,3679735541276,3651675995035,3620710762153,3695468543693,4996574016633,4252308439836,7865189326618
3934943277565,9781962028851,5082857184880,8416482918466,4921717267006,6717048681312,4635220244715,6451435646957,4541134940146,5067428964783,4298986994668,4681558389758,3789931796861,4059210857347,4998965277384,4037741664397,5572833681673,3497335292896,4077526040136,3536055330949,4017320184260,3649810124475,4221239762709,3463895255071,3746960360206,3679879257605,3651763322946,3620858100099,3695555579284,4996697415445,4252412676587,7865299913082
3935008846196,9782109801801,5083171701768,8416627439258,4922027849664,6717191947568,4635463472276,6451562034484,4541381116110,5067554218901,4299155500034,4681689791817,3790020944142,4059344200123,4999307908445,4037889225863,5572963113858,3497495107671,4077624861857,3536200176476,4017412863376,3649939853865,4221418601052,3464018950454,3746985126195,3680009787678,3651789166551,3620982601025,3695614389990,4996843845810,4252480839812,7865407750328
3935054104332,9782252950685,5083493005429,8416781338531,4922354168486,6717323976077,4635725055909,6451694476506,4541640027733,5067692236599,4299328178961,4681820875971,3790071832532,4059488223927,4999652284080,4038032129656,5573084039434,3497629086585,4077715484807,3536342105226,4017504492276,3650085334185,4221589763808,3464157762208,3747049101671,3680160787376,3651853093486,3621105645116,3695695043279,4996971572229,4252571808558,7865516331801
3935089817374,9782424303705,5083816712755,8416917934149,4922686991606,6717448109161,4635983800337,6451839818102,4541906600372,5067847145296,4299495569028,4681963818867,3790133269024,4059627271177,5000023052953,4038180204657,5573184979837,3497781397177,4077814581537,3536487240888,4017601837828,3650199287315,4221780043415,3464312416700,3747098018901,3680313804377,3651909062841,3621232350419,3695759364950,4997113717467,4252625744496,7865640227260
3935117694240,9782586597697,5084129152378,8417081678925,4923008903361,6717605807918,4636236421861,6451984893240,4542161677101,5067994929716,4299662898151,4682096285287,3790196397921,4059773212855,5000368537410,4038312828154,5573523237433,3497937970223,4077910842919,3536649029406,4017689834496,3650332533353,4221955765233,3464485410342,3747125029803,3680458826656,3651923114368,3621352989683,3695768268413,4997256156888,4252688572009,7865752475207
3935163037640,9782753762557,5084448522426,8417199329344,4923335985170,6717757438251,4636492697716,6452149314987,4542420352295,5068136717629,4299840215472,4682228102841,3790264869025,4059903911695,5000726458385,4038440853978,5573644728091,3498074141710,4078004039727,3536782477317,4017780363600,3650464275184,4222139426478,3464623040513,3747184856551,3680607480461,3651986981705,3621492188469,3695823057633,4997393750905,4252761311350,7865881979874
3935233381645,9782909791941,5084767138764,8417339012383,4923654112871,6717912941708,4636747681951,6452297361320,4542671460295,5068301101707,4300022234386,4682381262443,3790340432292,4060044678992,5001051381515,4038581975088,5573768838680,3498220542143,4078102866060,3536925245530,4017873179645,3650600212456,4222295049336,3464777041622,3747238173300,3680745691928,3652092749912,3621640131333,3695928638455,4997536614313,4252852641633,7865999318366
3935256336943,9783066701067,5085076023456,8417475238658,4923965703973,6718067983184,4636992995513,6452434067882,4542922423831,5068438577322,4300190532046,4682512039645,3790432597450,4060190883863,5001377479032,4038710670908,5573897779172,3498375710829,4078191329517,3537071485848,4017955779871,3650750094082,4222458987484,3464913632647,3747299637879,3680879920173,3652138686464,3621780710770,3695978498350,4997683344457,4252894387879,7866110765276
3935327629242,9783221881564,5085388524238,8417616548089,4924286642590,6718191350916,4637244121312,6452574516694,4543175620581,5068589047545,4300354666342,4682651697347,3790478545624,4060321416094,5001718085249,4038844284387,5573995557108,3498516821633,4078285973015,3537206077818,4018032939338,3650883459631,4222627258465,3465057914417,3747333925390,3681015542972,3652183055514,3621924841857,3696087523840,4997842689478,4252967935532,7866231029679
3935376704528,9783351813459,5085702030702,8417767788575,4924605417227,6718349256110,4637492387301,6452715451135,4543431735410,5068712493450,4300521675950,4682768932530,3790585534547,4060467968913,5002060645229,4038981635114,5574116257864,3498650794429,4078377278177,3537337851672,4018117018514,3651006038474,4222800837775,3465175071549,3747396314227,3681147035637,3652231405638,3622056469575,3696187772578,4997978120712,4253056438827,7866351432801