69781225,1857897,821811019,14968100,838661634,245616375,538244790,349901275,729054584,260141865,412341002,697064643,42502002,485965406,952153396,233692724,170551292,65928924,453316582,16733009,445387729,2374811,891556056,3007413,36329242,6379863,84882360,2857346,79552946,1268233,235727380,662490651
49383459,2645143,877018205,236709022,908432610,121950178,586580791,326611911,773790063,247935746,460188736,107281862,32066202,949729286,1004386189,10323150,168918786,530344376,539653493,6329180,529002553,169554115,971887226,2831856,11304223,19338970,14509599,2836195,13242691,3620349,84346571,245697516
45081350,2421289,880484219,14856030,911319481,19886660,610016591,233289551,811435113,386346722,473303103,93395635,69031742,964806109,1004892543,339506306,197870657,435866181,549451473,256614878,524445106,7976257,972243827,5648698,10758206,2575900,10241793,18631244,12715842,4074377,80913939,290160972
24624895,2601265,882033282,14150661,898863964,1215372,592032678,222008145,770055865,339651158,466879158,149618713,46631156,948243922,1004654055,10303615,167284490,18997034,530739196,159100948,520960784,394874293,975599276,482544851,11285737,3843357,12089908,19309664,11685284,14051262,100498049,186781110
25196265,3347827,884613345,15117724,914979219,6227426,585186907,1213407,785002137,377030019,453017760,71708165,59774845,955169309,1002714649,218974241,218879058,221040986,555317407,24505957,529093359,395302763,964431264,421624269,18617829,2349881,12552813,2754890,11429678,12296195,103324980,191233098
29378253,3956280,867222669,14559316,893871218,3645975,602445185,15144408,762272895,371648232,447524263,21451030,54724134,954713243,1004769511,231372290,170613435,184780715,519998178,4660017,491173537,363642335,978113813,490804424,12157818,3617618,10242951,5880684,9438130,11342274,117003243,177973102
33061812,38502823,869684043,33229723,917070878,27012954,582635812,24465614,803204032,407086858,476221347,244133581,56809740,957440779,1003780334,242120521,174074279,200662814,570763781,122507960,543550495,28323541,975440601,305109707,20995056,145017573,16113382,123112761,43435026,70843198,122346577,214450209
23812866,4730753,832588225,32505455,892232755,42789676,596395178,14311112,777989446,423324793,440654067,2415695,36942488,961952878,1004617437,7439420,171115077,331683966,528930696,181650406,504216457,2240194,977755898,186844330,10674803,2267093,13134534,204387346,16923661,298452524,71205323,157901662
22717919,3957983,872444781,16320742,920639158,37531725,583581443,13828430,787968160,113562705,444452926,166781438,38540571,946223348,1004820659,185827735,198698086,535848520,534904136,26410505,508985019,2857400,980148077,217678439,11496783,787617,14095367,365023638,12195341,22948956,64680744,113721914
23847652,3960504,874126168,16209370,901291780,71517042,574696738,12686186,777244855,1166806,472566686,3902905,44204559,946493709,1004423364,337533425,140099729,408384108,523460569,197145238,513028144,31794229,983201244,285985329,12332009,4503472,20689046,389583008,11717753,2297178,115330713,126844586
24515251,3931871,855633213,14358273,912602829,18119251,600360746,21631834,784300559,15448914,434734017,2561395,35288620,947719562,1003432627,344948368,208146203,1522235,529647768,330911994,508435372,333902035,974654355,234074795,12564522,20785997,12446493,254224576,10948309,140546259,87935313,119762066
23591339,3897069,873903266,14205737,910367978,2471537,634403169,8893746,805120000,41785359,465249124,11990621,47480530,958268115,1003703963,367436445,158927206,7568263,555292106,338195100,510775704,242468119,970364314,227887731,10935927,2655413,11316992,86772977,10537416,338827035,83020643,127833520
22635865,4505837,879019396,26287992,880348627,27571808,609728792,16660822,782094216,36242459,475566339,8496803,34161565,968128304,1004422309,322658814,277854719,3360314,550277905,490123246,524231630,418908887,973386761,97926347,10922926,2876103,14693347,3164703,11398805,360068551,61473978,117581624
22394943,3964623,876353549,14164541,910968253,11511354,623126917,10774141,777870818,32259497,475269873,3882146,38026830,956968742,1002307035,345385838,143319420,153717511,538929865,521366479,524774254,339045576,979394194,371867803,12099488,4458655,13529532,29124101,13152560,1300505,93012176,142023071
22837932,4371725,877450623,14572604,901831028,15706757,592335187,4777760,777960964,18250902,482306346,4204193,49721469,959639530,1004318381,327676348,258909616,170773222,538618706,184683301,542897919,381624279,973731629,445629673,19905556,2243225,14864032,233909917,14109706,2394430,81978213,84946567
22387255,5427876,869481000,14595317,913553322,3910238,585890795,11081745,773788013,51517796,469832066,2968857,48973369,945085648,1004972235,179065241,136836730,292895625,539778280,147358043,491739648,264563387,972791375,430303763,13088224,2461028,17097406,40053839,16238540,358647617,104052357,123150019
44512497,112849924,852408948,35374750,897109117,46576817,582321096,29776272,772137702,49312446,441102948,48187208,37222927,124276222,1002164144,939225684,137238182,336196013,525490737,140410527,508318225,271771003,964959574,178657488,16968129,132288826,15961584,66201687,18560873,298452860,92599805,127141136
26458230,4115022,862967736,12017001,892375929,237934080,583154896,66929447,786485049,21400269,466862682,14404309,48396967,310892244,1004616801,953955207,160723413,215970291,524352469,11077481,509821724,519961139,969360094,124712879,12171462,3816131,10682982,245916773,22394669,991396,78650055,133775993
21847442,3883445,866552027,12892561,893831094,2368556,600061201,364600513,786801394,0,457199321,1372357,47946058,50227322,1004645157,929517535,282335104,247068028,534148451,150835296,505190253,408926235,966807636,221142372,11494647,12458428,8921674,254796217,16324381,5165575,105573375,104499436
25376540,35677945,868922008,24811640,919843172,3379348,603043575,340764545,810080072,42423704,457477958,3483379,49380342,41669149,1004143290,910217905,141280997,353643928,542955758,5585233,509838307,426421712,972374838,211273881,13306626,11534890,18680008,271543671,17457251,100476364,99524235,111479843
23822936,52086048,853364419,319036199,906262429,19984793,589930571,7026336,783807634,5166583,458383065,2099256,27472999,53669191,1004532185,353640140,124387539,18444642,549824330,1486233,506759964,369129912,973118001,196646463,12183068,32029019,10251678,392901686,14740314,944398123,56067554,96818677
25506389,4801536,858710315,371553666,904350334,15836895,596432199,14902594,797546891,3733630,437698989,2434813,47172435,38889852,1004573779,330808149,310358051,21295329,521232040,2495779,480801543,2459603,971543819,373944494,11513185,167625258,11520880,393004959,15675475,953783983,83623040,118691880
27532734,4876921,883149703,192421430,921969424,15960361,617146198,12051432,795064590,6448335,458771833,6621825,42317275,44451207,1004601177,360401162,136579714,169249083,559681750,15417562,521349660,3275325,969197178,444278757,12427045,213860369,9831870,299828273,13716658,942704937,58640927,139143692
27865628,74881789,889079581,179566371,894072911,16227370,580226683,12085393,789385250,5054464,491456636,5906508,48097240,35870388,1004612709,397311131,137328769,331362041,528129504,32515,550639449,3262140,971318370,442910630,12071597,224198335,9381908,43178154,12784694,978844759,91852603,101054626
27074401,6555721,869645440,372541729,904212049,53762434,632849053,17662597,804383094,15961052,451337900,5808819,59819799,54823730,1004697255,397329551,162182050,314486738,551582260,4332201,541418995,7197394,966281562,406969337,20813776,198229181,16491905,20259178,14573241,952980849,90486967,114659957
23376097,5420586,879284116,2258914,903206938,59846948,586565182,142254417,782317626,150402193,491425787,2190732,42495690,76706829,1004405882,368816678,167115218,341910267,515004829,5506309,528672533,49454368,967444904,493295175,12240745,207038859,14585746,18170548,12406784,972889083,95864123,113356352
26860541,216676628,866813138,33941613,884121161,15186172,594864238,27000509,780530902,282815855,460416033,87574017,40056047,23527598,1004397944,56090901,281903067,281112903,515745084,29170759,511239306,99078732,974961869,372542267,12097870,304652819,14114956,263524811,17342805,805875671,90493302,142699515
28618289,488842656,868662425,466931370,908679037,5137728,615124604,13695129,809266062,368568321,462186916,212421938,30724427,176462926,1004016457,26237378,211506359,1872408,541472413,2520170,503676487,7360063,966588085,277897041,9929315,110101571,11513728,206717050,21428502,433429496,41896630,101800238
21149159,1286376,879695689,945901752,898363407,5331097,604288692,13885052,777705886,322501361,464407703,3873528,40340363,319860388,1003629278,30609199,135171204,17153124,524138353,3935181,555858649,5606706,976224979,1142129,15519529,393606477,13655662,187177744,14570355,410753944,79339577,81162696
21694035,17116996,852888621,959522767,903037272,5304101,602619603,14962587,763090013,277061685,432791273,3065305,34547846,307216353,1004340354,10588223,131255945,26679668,527697298,4080879,513862769,253279,974421038,1289975,16352082,383954420,22103063,250269234,13743363,454630961,83035216,108813007
21189495,491811396,859606785,950320667,886722413,5261608,579406547,19279886,782846148,282351740,472613576,2743126,42594169,358475927,1004599906,13083352,131761441,24887552,530637042,3180186,503237630,5408472,970674730,1240704,16219299,166556163,18918392,246049086,15951450,245031334,87463177,128544659
23040212,229830304,855059521,953886005,909649719,209718856,606092925,18203968,820200739,278584932,466812573,1407844,50183981,362990607,1004465271,73655977,222149245,59705112,554192195,14313627,519778375,3309716,972791240,5260150,14016352,295489835,14710723,197733766,12838183,1214116,127468323,111498959
23505616,2677852,859145171,958189965,916206590,543331915,620543702,18353958,808037782,261667556,473112828,1254464,39270493,404018913,1004708646,1717782,320850742,38466525,553939098,66826270,508141547,125395121,968797861,14012855,15344061,4113927,13521835,392048603,12814649,27605983,83669035,99410612
22646757,1639192,840837604,954011438,889391843,462042659,590112856,15595102,762716615,17723783,451986261,5299503,52473026,314302453,1003892290,290308222,134081574,50126294,514218443,0,504659295,957031,973611176,246131891,15505052,9885554,12066435,93562787,14398841,116373790,71884614,213813216
25845096,5268768,879351077,969102620,911378576,438818599,627677025,17544899,809735447,79804215,480920934,2447197,35029595,413340007,1003908725,342015452,136320023,40860975,566142800,18083344,544993751,1314311,967899020,147774601,21749463,169456239,11937179,13635658,11626538,260287612,74832505,109297470
25223977,2697872,862283339,947684561,902301093,59659511,606931488,13696834,774552927,273880853,443053492,6269369,37128606,361562129,1004797043,351215866,144696419,69934501,524898190,17748402,518335011,1220577,970853062,3746806,16300716,213632548,15401146,9997589,13130905,339923035,82268624,102539139
32778119,12726545,869634654,947394488,881864224,361580406,606431543,78876255,779438304,523050457,461711473,36288364,33229473,263853069,1004855451,278787458,164365524,88576175,546064440,103401975,492199926,33447087,974685594,18641400,25654129,103926743,21819484,16711849,21739229,17639087,79611651,133967767
24338673,2917932,845208253,944254784,923634604,123674666,574106045,128378395,767122665,427698442,466476485,53477256,42209198,123120401,1004853281,22138611,175059008,311085975,520307136,531789707,516837351,27016254,967029334,37079444,14575539,711154,10957630,108850,21049418,67534,90781587,89126515
23845535,2749770,864279382,951569415,898788238,1203097,594148678,1170118,786597576,240856131,443518460,32147528,36971340,395512135,1004770376,202318648,157714939,19134147,544694803,485295628,496725937,48411832,966891236,345116652,15017241,4155424,9204496,3985927,13351768,0,85906045,106722998
23965451,2613569,854291714,910383237,902940735,1602623,585546199,1931273,782991063,201739781,436197045,16151150,51187435,385769254,1004682397,238523118,460977828,18891370,533608046,370924953,492501326,78429081,970030475,366120697,15211857,28863037,21440253,5454180,12216404,3014026,117512506,95348981
21653265,2650186,864510836,986286158,905028531,17131758,613257018,2473129,780192439,324613943,441846306,13524920,39875748,31751005,1004435289,366270514,139580597,3141799,531593688,2685554,493235057,543476318,971804334,334465977,15374312,79446856,13853351,40788464,11506721,3413480,76138162,132544444
27541034,13850728,866973545,941098557,912311025,4522425,578651549,2926242,793113537,222001236,463345449,16243973,48060734,16518434,1003206936,267918789,129815378,131303736,544533786,3627188,540907006,444083152,965854086,363811100,11004602,247382747,9786721,8302010,10959590,58165051,118681630,89410801
25227300,15196260,859064013,955489213,883257343,105636691,570362823,4173982,768191715,328089684,470079401,15846699,41218326,3053696,1004753505,6485122,155206552,67861672,530003126,3948163,494759450,283322534,977592592,286422142,9839719,277218133,10097413,240351602,10808029,81765971,81690713,98656238
23159034,60454076,834384572,940617406,892165913,471179988,590614358,211896333,781898992,207095727,429053551,28144214,37419397,37336463,1004478131,6573487,142783901,4256646,543796709,3492587,496998625,4709022,971028645,4136691,10223473,42440684,8931324,366649256,11993152,347994547,98684058,100183465
23142260,7613662,872020709,955008291,909249683,128225865,593953280,452394626,785921584,337546694,448019961,51221305,41871059,77969061,1004475354,95000612,137030263,13226864,517411765,6664142,512850119,5651951,970887959,6171797,19671259,2111297,9176882,210256446,10977644,380117387,84194389,141398408
24863320,174821241,891679067,954844730,922861049,139212644,619880232,260090884,798488322,314267478,463059441,173800977,37163595,118845528,1004472797,257648927,149974624,56708619,552181172,4727994,534931341,9202267,969168684,4683163,11903750,1422985,12854827,324520,14437285,368283668,75384204,120178766
29713540,203184969,846074464,885925848,902828566,61640317,594088946,76623414,777917573,396628729,440377614,137376675,58334000,319294190,1004748028,232069056,622252725,96523071,539578845,29469508,493358438,34584781,968417070,22693203,18562449,27649174,18326658,65988255,21822228,356777576,91057055,108396272
28301897,958735716,855844496,346466445,901504276,370646295,593704694,244053992,796408137,322039104,449748316,107480880,36151817,123208846,1004067821,205584849,137699680,60432283,544496835,6455201,486286426,14382503,973767401,8734680,13556876,4744542,12670956,22352161,22372784,4787955,75955835,96893756
25488454,959058899,846588688,371050063,906111127,19362670,618536981,391067473,787160975,380901145,432321740,50217568,29658175,237225650,1004003586,113325122,139014567,48906002,551890002,21618233,505715645,5069889,971637673,5658175,10551303,10669922,9178363,2894041,20749775,1635195,86569716,114017608
26070390,880815927,839903487,327505487,914297971,152331849,587245632,386187007,768890541,407984562,464163031,86388368,32530854,271500332,1004645684,3566614,128391216,169543719,512119442,75769580,491699839,10385608,973415602,6755667,10833349,11269982,18104403,1807046,11796855,2062287,80421492,104019481
25707065,1282618,869378509,944531893,895237920,1856980,606463184,270037508,787626244,345228656,461310225,129520250,32426192,328072273,1004158559,278084688,141704370,128719862,553590223,118473600,534061359,237639931,972239938,59419528,11980313,7168922,17242048,1149773,10991662,3234199,57669694,104463369
28175079,3521209,877414336,963896739,909309499,1939580,604727256,1931132,786461670,500943,452349354,177621061,44858281,44191173,1003546071,337258956,157965662,462329666,538810946,360865143,511530343,164287348,972328968,113302155,12141972,36528132,10021283,13509397,10147874,4075130,81808645,86110290
25576640,4865669,873464256,951851120,913576551,11495869,596402367,1930288,786651579,12920,491207212,154686993,28274944,58016745,1004167750,247566803,151425110,42793740,527080905,325297864,507409945,472820237,972920060,196648366,10814912,86455520,9155799,226101038,10483638,17863831,74280378,120933697
23424870,4576869,868966006,968420009,931167154,12671901,629278494,4333404,797553832,2453490,477956167,1199206,60172480,51291973,1003991178,252410151,178708948,151363841,545911600,443156787,508984952,414351840,963535938,8072975,18830042,305268567,9127370,131897840,14112141,98756599,71822455,104184809
26232087,19575044,867737667,610597624,912666393,348837132,586738525,2571504,783959737,16010986,465568014,1298844,44597596,44272048,1004319688,2062187,156308985,394228490,536512144,311330737,525537718,430693261,969218201,9295760,19729167,155100467,10383917,268398392,13461263,175704500,86727223,120316899
23939298,4770137,854718053,19879358,912072988,73913670,603746966,889873009,778688809,2688498,458988776,11617820,33957846,42676098,1004611281,896504,179263833,120390361,519575634,392267281,503474722,432149492,976291905,185001094,11167632,72060447,10750609,269232695,10475404,141964742,53227982,62868068
37207323,43851210,880389183,46817953,919463771,29405228,631083848,455878177,810186056,477529817,487035568,61644668,44296842,87415331,1004832591,30509922,187291127,34355951,549163089,374431784,542942153,416488027,966888875,26442686,11471511,383186903,11734484,290970843,33089675,207059619,112742894,129500500
22925368,227748311,869154516,590227807,909825539,228398243,600477872,257791776,773102404,43111509,471810019,11097058,32716927,55903486,1003397439,2595780,152634006,944765009,538668660,295958,508662328,1124054,969145453,15501765,11364018,139175964,11860175,280686017,18965899,2553159,56540728,117448740
23698938,41202920,861120563,449166024,895450809,273192090,614034450,152702835,766891274,316586434,445551822,14721318,68165528,75678862,1003887355,20219701,735190731,970839351,534584983,1817866,467088623,0,970956968,3411600,11456726,255452510,14421966,194161448,12212178,2429996,90977434,93821241
