951,785,914,756,880,704,725,659,772,820,775,656,748,672,776,692,854,831,737,859,845,887,823,921,940,911,917,964,841,682,887,608
844,881,742,764,785,764,725,799,865,754,873,788,870,838,788,833,810,764,894,797,786,771,747,785,820,803,767,906,797,1118,676,1363
792,882,667,977,653,990,769,874,823,848,789,790,816,756,788,902,783,914,730,746,773,954,670,915,684,799,725,914,866,1214,748,1242
1047,583,1105,594,994,533,1182,637,1150,681,1007,625,1149,536,1106,679,1091,571,1161,584,1038,519,1050,500,989,567,1071,581,1045,1001,1037,900
961,591,913,499,896,452,991,559,987,415,1010,525,933,484,972,489,1033,514,886,513,1046,512,1016,573,936,524,891,529,980,865,875,925
781,704,810,789,873,759,786,717,833,712,852,742,785,807,813,731,887,640,755,690,953,682,905,675,880,644,734,642,809,1028,894,1048
841,700,807,586,928,652,801,649,880,637,867,726,907,683,895,716,855,679,855,718,880,758,942,696,840,747,759,656,782,1085,754,1049
1022,740,930,817,870,691,983,700,853,752,882,788,976,798,842,641,993,863,967,721,926,714,892,767,902,836,857,762,907,1239,1011,1152
916,753,920,688,887,772,708,647,882,756,813,648,834,814,806,771,860,736,875,647,909,740,833,768,771,745,855,726,852,1104,858,1041
946,883,774,919,863,834,864,783,954,928,870,802,889,828,925,783,844,840,767,843,796,925,878,869,855,936,871,854,854,1243,832,1276
1051,840,953,874,921,717,937,787,939,806,912,857,893,765,1034,863,974,764,997,734,921,790,938,763,900,837,911,782,949,1048,910,1136
859,577,828,609,873,616,875,667,871,560,858,647,906,583,831,664,944,541,945,596,856,634,805,641,885,622,877,685,897,1038,860,1155
896,812,826,762,790,867,860,726,831,695,932,730,757,670,897,749,848,768,808,723,841,712,856,755,848,745,883,709,822,1136,924,1166
913,696,989,725,1034,840,924,601,865,728,907,758,876,564,951,683,963,705,962,666,880,712,896,722,952,728,1024,700,949,1076,897,1098
908,377,892,317,886,368,887,413,1024,361,867,345,903,336,988,349,915,352,1044,383,1016,367,963,334,909,376,994,329,999,815,917,819
814,705,973,725,915,761,915,771,778,837,758,796,885,697,751,706,858,653,818,754,844,707,864,683,685,630,793,707,766,1037,856,1144
1258,771,1093,700,1225,770,1306,713,1111,712,1110,774,1115,688,1120,659,1159,651,1166,681,1074,741,1138,717,1105,652,1236,720,1168,1232,1279,1193
1046,980,899,847,1052,907,980,877,1015,899,956,781,905,932,916,862,837,960,957,788,931,925,894,861,985,821,1160,885,917,1336,1066,1373
991,633,860,612,846,615,843,722,893,598,955,600,911,697,893,561,940,617,970,674,982,719,886,594,1105,732,869,636,964,1081,893,1073
953,963,959,817,890,863,905,849,962,779,780,860,821,844,899,837,917,787,1039,732,969,926,883,929,888,849,954,975,856,1460,898,1355
1066,701,1056,651,1136,668,1216,684,1097,556,1051,689,1193,553,1186,645,1210,610,1168,512,1083,576,1075,669,1007,692,1088,648,1118,1232,939,1214
814,766,772,756,778,746,800,750,793,833,781,768,708,695,703,759,729,717,671,804,710,742,688,764,715,705,723,682,789,1037,765,1063
855,630,791,497,792,586,769,561,768,554,785,570,838,508,760,578,838,542,857,603,763,592,795,581,707,535,702,540,766,849,791,966
1013,1072,960,1019,930,905,984,988,1008,950,962,1004,894,825,910,919,968,931,984,891,854,979,912,962,864,961,942,898,939,1563,947,1486
1002,676,1046,792,1019,690,938,740,828,816,989,788,1039,699,1043,764,976,816,1038,792,988,787,959,705,1067,745,962,700,932,1144,934,1046
980,562,892,616,903,744,964,659,836,633,899,673,977,605,933,621,959,675,920,624,978,655,791,683,858,699,858,750,852,1084,880,1198
829,487,784,448,768,510,896,521,726,473,769,494,789,497,753,462,813,507,757,617,852,488,843,517,910,536,891,503,773,802,836,857
674,479,621,449,638,371,625,416,614,432,599,366,708,385,698,437,691,430,699,447,682,428,709,514,703,447,793,435,711,687,651,791
830,517,879,524,862,456,889,455,835,461,850,536,904,510,927,443,827,490,829,436,836,485,933,425,907,471,877,448,786,846,858,872
732,700,789,644,862,625,829,813,943,644,798,695,756,660,786,605,692,582,751,631,797,627,726,607,823,621,735,634,776,999,766,952
836,615,957,516,929,618,832,575,905,596,813,594,789,502,757,558,754,622,801,573,830,615,759,654,875,644,842,655,816,1001,877,923
869,931,938,986,917,937,947,883,919,812,819,833,900,765,977,754,949,920,876,864,843,729,824,866,899,894,878,934,824,1325,902,1220
923,393,906,406,994,414,925,374,930,411,951,382,885,395,1060,332,1074,349,965,351,935,357,1025,327,913,393,938,363,849,825,904,834
998,707,931,737,944,688,1006,753,966,657,977,677,934,793,1040,768,961,811,1016,861,1054,811,1095,793,1050,748,950,832,1007,1214,1048,1069
810,367,971,466,845,329,757,387,869,375,784,343,826,372,863,420,816,395,887,376,923,386,887,339,878,393,806,412,838,781,927,716
800,653,678,562,783,682,809,676,811,658,765,597,802,615,799,611,794,621,865,634,856,573,841,578,834,602,777,620,914,990,783,1074
898,893,805,900,865,793,948,869,910,851,780,822,812,803,863,846,956,880,881,928,929,907,912,811,931,795,804,920,852,1196,841,1184
897,640,859,661,848,507,832,593,877,624,735,589,776,574,876,646,836,552,825,614,926,563,915,695,938,616,823,667,895,1116,878,1072
1116,848,1080,714,1041,801,1047,878,1073,842,1025,937,1071,855,1069,815,1028,891,938,1008,969,898,962,835,1047,823,1131,874,1077,1348,1032,1174
872,653,817,677,789,677,753,614,805,472,796,544,854,561,852,611,771,596,840,505,780,508,866,682,886,663,766,640,823,1144,820,1095
956,594,964,547,970,619,908,570,870,545,906,527,909,509,800,515,854,492,986,566,1031,567,967,516,935,572,1013,600,1062,1044,904,954
725,568,832,547,761,479,860,507,784,653,789,620,751,541,763,515,696,500,782,504,711,542,836,488,715,488,720,521,832,858,771,825
845,665,727,625,895,665,798,679,771,725,737,614,809,605,818,548,770,684,766,633,731,668,848,693,774,768,774,603,772,1096,855,1126
994,540,1106,600,866,621,1054,610,972,507,909,611,758,567,913,603,938,687,804,654,976,633,943,656,930,516,899,539,947,1058,1036,1033
880,597,771,491,856,489,783,535,865,503,776,593,878,565,839,504,891,509,841,515,848,533,888,472,927,520,751,492,819,1016,880,977
1045,483,992,541,1026,475,904,492,864,505,1025,483,901,436,948,524,1028,501,925,442,1052,536,942,511,931,499,956,481,949,842,983,1002
999,605,865,649,849,653,816,660,773,608,763,640,796,606,772,649,847,652,807,685,786,588,946,730,818,626,826,717,802,1005,869,1081
1038,635,917,604,1015,540,979,521,1055,592,940,642,953,646,921,529,921,519,943,598,975,516,973,626,1010,522,1187,566,1008,1024,1040,1096
840,349,1036,293,976,335,988,322,932,323,882,368,991,378,929,380,878,413,952,359,928,334,993,384,993,327,874,339,897,754,927,841
1015,545,953,455,1055,589,900,539,944,569,1025,551,951,519,1100,575,925,610,901,494,820,562,883,595,1044,603,1064,499,937,935,1031,979
853,791,829,766,892,717,1002,709,938,644,811,735,804,744,815,752,803,726,826,805,792,831,773,810,736,736,838,773,797,1220,831,1097
934,737,938,775,950,701,944,722,942,738,801,772,870,825,915,870,951,754,1074,809,906,684,919,697,928,718,908,709,957,1153,862,1130
964,350,965,388,960,406,928,344,834,337,956,341,970,361,908,368,768,328,873,300,898,322,960,324,926,329,1037,317,1051,735,894,732
931,1011,891,1096,907,1012,887,980,802,975,866,932,882,978,876,1001,944,952,894,1096,864,926,901,987,859,929,877,1046,825,1536,803,1440
1033,847,968,787,935,843,889,742,936,856,961,867,1077,885,973,806,997,887,1025,834,941,828,914,749,922,831,891,831,1018,1158,950,1272
996,425,920,431,837,398,840,371,766,343,939,337,856,411,934,399,881,430,866,391,749,462,821,377,887,406,855,414,858,792,809,764
1021,319,974,374,864,334,838,331,914,351,884,328,826,326,935,352,984,342,937,338,920,315,1030,323,924,267,966,303,912,683,917,698
857,321,878,340,932,397,927,387,832,379,933,380,945,404,924,321,885,358,866,341,910,319,923,349,805,296,839,286,846,648,905,668
925,504,1016,528,1007,648,917,572,898,552,966,527,967,547,932,594,976,595,863,576,953,588,1059,539,1041,541,954,528,1002,1115,997,858
