39156034,845723158,646846179,974122952,434167397,287181,67837815,183886,208192279,1242479,537449942,447957,483534682,154186,18077489,215255,75225106,376822125,112545161,794452523,211486951,544428981,406711636,877091137,742859391,368685208,452811335,801195659,849659597,874027,15844855,757407871
46388195,930042559,711489375,990656953,497096197,2138650,78286388,71220,269487634,1054143,592510741,152950,546119890,0,15432961,0,13793447,418844403,16063240,836553484,130456385,573248935,426408472,961320640,818214303,406768937,456740480,890075748,903707343,89083,10574760,498207555
33068264,961011303,711707649,1003202635,501134351,1177649,63758670,1870168,247101361,1220315,607955925,215481,564853781,55775,16323523,35691,12035084,413476852,53794142,843493688,78990368,536715167,422249153,964389832,831077558,429135842,466228872,901329630,930537341,729832,22455709,292773240
51392547,913124582,695126749,1002419383,484692338,22290586,76074033,29629468,231426773,34227939,594204476,11962067,555869169,24370421,39294752,31435513,37869425,396243673,24456160,843203689,128319169,559075259,406563590,935249713,810689483,443902721,461961944,888841508,915474689,19890327,45457457,322815954
32507033,933929064,709781068,998583696,475174815,5658272,52056880,6959657,241157135,4124267,590579882,1348117,552966619,161621,24791007,5692805,21539312,407097495,32402270,825973568,105869786,570608506,448482707,970341063,788055139,407385067,463943091,909130911,908084496,5396326,6503005,351669093
35369421,932950833,715807471,992121183,471839001,59522,53891122,54137,312860523,81477,614214179,1517638,566021632,343621,16511360,0,18836985,416652174,12229851,854760568,139785863,563112349,438801484,938517540,814990777,419310277,459496449,896810551,903370804,42048,9232765,157918979
46478158,929997903,717961960,1015834977,469588764,608601,80285262,267397,212842723,1007690,610378928,2060517,573547001,373909,12593526,98957,25320533,399854826,27154871,857556297,132806095,568963372,430181457,947185723,801161437,418196112,465470073,919448046,933243366,0,8809867,194255309
49613704,944335248,733052749,994459643,512943566,124309,78482419,32173,268129746,244718,605117659,1521067,568850492,453144,16856825,2514218,19238923,412558827,14651488,839635940,120940821,564715198,442809302,938687604,802607487,411226354,454318046,912564893,924646700,135316,10142139,131748600
37175078,932206246,690346719,1015028126,486294365,734044,57263955,415609,312472271,638202,602080639,2349276,568969239,1137209,13912846,1404776,24994528,411130015,17515348,840235169,119792006,570690133,434350907,1038665744,808035838,412225389,470550291,904478136,919663641,244117,9399538,165431376
53893093,972642308,726506795,1000399571,501522529,269528,62878563,30809,210455299,81321,627391271,1847039,586500339,379802,23814387,0,24367617,402885080,12615716,857913001,111174785,569063087,421509157,949113704,831978409,415759010,475571643,893777207,939154268,2551906,9190845,146421724
34573309,936148691,701089950,985488164,467872726,89011,58120634,0,301933210,201441,594016508,1573035,562357195,586319,30037795,234445,28222727,392048133,16307001,828897976,119159097,558285994,430529804,971873362,818168615,407730805,498594425,893837068,915709573,2905436,10640823,142408901
36359196,951930434,722843769,1003389160,499920721,64534,87788805,75798,227042718,117732,605720473,1561162,563677392,381696,24772901,19447,23335188,408284843,10975757,845391920,112006246,575093780,444365273,942250567,805274535,420363719,467527971,906063399,920923521,2805064,42348273,161351176
47389276,921704115,715186286,1005153404,471766691,127024,58677578,699101,404850562,1205835,602734811,2224511,578627552,445373,14859028,129214,12327433,397171287,24650788,848234674,91679313,566886789,438380957,964652789,803068609,420002074,460680797,901568992,931699728,2500509,9934361,127335903
57342840,941307678,734199671,1001493297,445050378,11813588,65820993,11122566,232952673,11655633,606498433,20972421,551153638,9418717,43353203,41574013,25580780,415078035,44675488,838481453,75549893,576644369,440194187,983908238,807353162,414154313,464746404,894918071,919304497,28809230,52864834,165963644
46791782,941331994,711071455,996772652,491651130,3628366,73277613,1365065,395255762,1378130,611934366,3047218,556615772,390903,35299701,130862,13874659,413802034,13665442,837126328,110639364,563948695,431113939,960767545,812229392,412220009,488913622,885830502,917095121,329373,41229327,128252103
39418449,962906738,722443802,1011439651,514568491,2353043,73507552,20434,184321421,82733,621279408,63883,567650976,713162,28315190,495177,20628267,409715531,32818543,839754258,86211510,561392599,425909411,942098146,814965916,415512739,461018110,889727100,925165740,69346,35878540,159489176
36487250,930301396,724962483,1001531249,506395777,3129518,59044723,2196069,246062006,592244,608819396,127658,566947302,59533,17919408,141243,25591960,409826583,23845040,851939946,81741050,569712883,438178432,985216073,807977125,418380135,466247243,931719639,916427400,83804,42041152,105556761
49591866,951912510,726460432,998898551,495922469,1254734,74493578,2977382,443925779,1537488,621576675,1043121,571223583,1396262,23165733,1742566,12995718,415500151,18307831,854026663,121055318,581948556,440443211,993802875,812390779,418779793,460881688,927130570,931169169,990832,43392490,132363350
37334959,928922968,690195247,1015557839,505235343,18725,66469886,2665267,202237358,839738,606567959,391835,582726282,95782,13569850,119510,22111988,405872683,31548918,857851031,88016738,573982374,432883694,948914241,803635394,407742157,463422509,896002327,910989614,233616,10737793,137341748
49070812,951821407,731129040,1001286692,501582808,649161,75631869,3159324,213036757,1453368,615962527,1857368,561318478,1217655,13426351,1107825,28736834,415207349,15835361,852140207,105557427,567863425,422616672,949381365,810826400,407480052,471870262,893119686,939778606,190516,41227892,142096583
47819587,941924611,723678431,1001718328,485534841,14010,64072371,2529030,443330422,131841,597689667,13704,566893392,96874,15884976,128654,21415179,393717164,18333365,831861276,117208203,573198747,436404997,980942466,813724258,407231879,459811103,889227333,914495583,47713,40085712,117390063
48972420,937065537,689414895,1003049083,512813712,160281,55220641,2771547,244382990,82272,586024924,681383,573457516,154287,15455040,781886,22982788,396263514,12132379,844439175,92178661,563853214,436056814,945000312,822896714,407957205,472326699,887164024,920284755,108307,7719827,135934394
42961488,938848770,695560185,993127619,521534124,103927,73881236,2603136,205438621,1071237,602638705,0,568657406,98667,19184788,214048,13938682,392818578,24562708,843355618,90316523,551099259,443724098,912716569,819089298,406677019,462666398,875975232,912554780,35197,48929354,128426077
49341842,937877271,709024447,1005048089,511472564,18999512,89274783,8387264,225323907,12340938,601012061,11886286,577242107,24193002,32880509,22837743,27802992,414285663,47029742,835702529,106049948,556112823,431074676,1004102916,809779776,417161402,469771360,888378157,917926759,32893305,60656690,131358210
38315246,923735046,718651580,1000727636,497109125,13607,73859297,13447,228038570,358459,590039086,1247873,561000491,213585,32910440,106003,14419434,401319490,30010225,842802546,127587293,549243915,422727293,965515287,817945457,415979211,461729168,905574022,924186868,250789,5583940,133391064
39755008,942389748,711358088,1007163551,500722907,1181024,66516366,0,545929606,122600,615463455,2246668,567823641,617462,34575797,195466,22158791,402763066,22699445,848576113,133802550,566549416,435839174,968484578,820930689,422455062,466048974,924875435,919142566,32036,35894618,117857664
38225044,954416190,735320744,1007677948,484763164,2511786,73093095,0,213893766,184973,615992805,2252175,574450119,492545,14562787,199575,17794320,416430761,36967258,860136900,108697266,581610771,425371500,963989207,802413762,422499586,461063920,905815612,950713323,139883,48304696,130182597
35713028,955693953,727544863,1003970217,520134180,2471516,62467070,0,198377817,228088,623889831,2810236,573699761,735589,24973794,334264,12234872,406731160,33089319,861516188,95905413,575931228,434188479,976878971,822508001,424989310,457658299,920532055,933828540,49339,10504729,111309532
38977313,968256480,721096912,1003842763,499466958,2602513,52127129,12823,204039277,202969,614517730,2832144,578374278,782869,31342855,282678,17789690,427829549,17971856,856897617,79302641,584330467,440154871,971124541,823500358,413747429,473497717,919118439,938038673,265767,40570268,118506870
33684705,958209696,745573925,1003533491,509366636,141204,55195777,2525012,250521775,463430,596953715,3132433,569390124,831724,25402677,466220,19892910,414821343,18157859,848115461,77116067,573067207,424332602,960844065,828082295,411588780,498681663,888116080,913615227,275689,55526275,124273046
34157721,929714151,720458341,1006553164,493048226,42136,77768545,2482138,589480330,133952,598522604,2822662,564511976,779028,15363287,500820,33085476,408402273,21574467,838663257,108741589,568298434,452908826,949142914,810675390,412429128,468308834,901920328,923699287,33990,9330293,117092483
49031894,902521042,711597154,1001139648,472081105,0,63564145,2512968,187910633,79616,607458564,2844141,556001815,772999,26053415,451506,15043810,404562150,16332327,851940414,104118217,556331747,423609824,967947703,804116621,400596887,482495929,870001783,923725015,118678,40380292,106971574
35889466,955392644,717533582,1007216928,498474862,117322,83029333,981665,210517402,339462,614097354,1405040,572677574,402555,21654952,452579,13146437,404668159,14735206,841097690,98230491,554854750,440635211,935876165,818263965,420868047,462711872,917755244,933203222,13895,59887091,120744735
58942696,950521475,705520843,997110948,521780574,14183974,74221402,25238294,209329764,17174306,599860557,11926797,568228461,35204321,27642627,34452332,22281539,407746436,27974887,843038396,132557587,578073969,420376812,977721917,817004495,423981568,472129330,911690552,914212478,15213113,48525712,135562436
49246649,956693045,705333882,1006480906,473302521,0,66243356,0,226191364,1056419,622310750,738931,573443121,327045,22674412,2673870,19784851,414185466,13401125,854435501,103427133,555682398,447426971,961527231,823398077,411612940,480622250,887910723,939723257,293564,37899173,114022866
34467493,948869735,711153503,992143963,509808591,0,85770512,0,248063336,84659,605557590,20407,570789931,391103,16385015,2914370,12950931,408281710,20053632,864145834,126388719,566349728,427101512,979785978,823051014,417000506,486476903,923358118,916518560,137829,60097132,134773041
40333992,939053730,729205316,1016197779,482703249,545052,56982062,391251,353148857,470681,607377231,690405,554374057,1082091,28376206,851128,23371026,409573432,28358261,858812381,86300480,562128925,429597789,961016826,807619664,408728106,472759208,905721557,933903678,248865,11026641,105114095
44652936,949639863,731864137,990784982,502169183,104849,78045663,0,750463838,223432,605744011,0,574318444,262757,21472471,117383,13476270,431694783,22596678,831352185,112453908,544390415,452466239,991845326,820443754,403413165,486349098,891092951,910969398,313885,39487024,113727463
35878241,955922513,715417371,1011823325,499995745,168949,63660598,625448,235614546,500445,588302020,567720,571697498,838464,15103206,40281,20657353,408750253,31548992,850843330,71441197,566340528,446105296,939285275,811899135,407634880,476326991,905619660,918223477,646104,9358769,135775988
35849477,943538955,714630372,1003970256,484774974,0,74490053,76095,223774800,369979,621579411,0,559585140,209175,14155255,401069,37217085,408969237,22836398,853053239,85540766,577382790,423429888,994845885,814328041,416641478,478107262,914020070,920734237,2875462,38561175,101336892
40583486,968585478,701442576,1007349060,473282914,1195874,72241169,12733,211209440,126395,604546062,12971,567820735,397483,32464935,3085648,15646857,411634358,17125825,852489866,82399640,583035417,416977654,959309643,819150860,415449077,473481974,902340341,927391803,1529322,35977945,133113995
39066767,959377108,736190909,995967841,489726889,2663707,62714304,89157,205147997,169619,614652430,0,564853438,375020,25361546,2871553,13269034,407789884,22890838,852850897,95200944,562536495,430365672,955759339,805728136,416684821,446834624,916678945,929156061,567120,16951633,122031900
38674997,938642234,727461636,1010898731,501791760,2548727,54899268,735830,214337162,1149369,600600672,616605,577243473,1067115,13769508,3869598,22010959,405241295,21297413,839350603,100410291,564295876,424748049,992108326,813703462,416845929,461968923,892935768,929251467,304458,47265627,111121094
91669218,951231456,705979233,1011008803,493564762,15270093,76032798,13891427,287917699,17809786,620344486,15009040,573801847,14635920,39402125,16079593,28501670,432886885,38286968,846100761,111921884,555946333,421565098,963452662,827130982,418479235,489972926,903128832,907678425,31009781,33330504,147743053
43002935,953508095,706909904,995340349,504452952,3335177,88980777,542202,927652916,1296117,605397147,168658,582227463,265996,27556896,178972,18952871,399622637,36287622,845895555,104788995,573695425,432699834,961345601,807930346,424447801,468935191,920335049,924354522,383860,10363540,142722788
63535749,972085451,721671210,1002545352,495454759,2820750,74950061,0,206058254,80228,604254444,0,587623224,201182,18337783,0,22191308,410545841,36800964,859619241,99766050,566588305,434644743,965622076,815127672,422372128,480793334,913865175,916115983,135180,9796598,88037582
74742474,939830332,717758468,1007186205,476281590,3389943,75976896,668536,212793913,800571,620614940,58396,558122169,218625,19458853,36349,28066326,409931770,32315710,842681443,95815929,559950208,415036003,953882514,822478198,401641349,466729740,872200554,914326068,212764,10789712,114352133
37184131,950646212,725118920,1002364288,487870991,2654272,59648477,39755,217001673,234491,614289724,0,562038654,291871,18087294,76288,23490863,418031562,14901509,847526512,81150354,571622530,410423769,849590164,823140665,409973651,474238444,894384235,910051997,234180,22011989,130286815
68649567,937776517,715160147,999209947,483990098,2967916,53113475,13898,226333530,920531,599536092,571841,568171147,310238,17443177,1948344,18821696,411307516,26764291,841918031,92447522,564531285,431101661,1070193904,821223382,404803647,491407706,891543884,943676221,403952,22838263,113039260
69111741,933946422,712221913,1007925176,495230747,2896098,66283049,491063,234388839,574169,624813627,325920,562579654,380317,17992462,3247669,21109031,416900112,21998795,853944560,89572007,571649608,436075329,978809785,815619477,418296925,453850491,928953876,927197157,355805,27271239,100957603
41438541,962168433,712799310,991552696,493153549,2643650,48141872,0,240899971,122182,636274745,0,564641650,374798,17782337,2843338,21155082,446700108,27911557,859971911,58788763,572491870,423587665,960551078,815918943,426135235,484603063,905516407,924808035,231090,4976933,138191905
65676971,935036325,719647416,1013420842,482466420,2670939,57485066,492834,260701717,262303,606351083,546225,568791165,394942,16331539,3457147,22991057,403532946,30454407,845330711,85216318,565224239,456921094,935977093,807186350,421760721,464901990,924909032,919546301,409711,8830267,117920169
53571610,942457495,685032475,1004429013,492241456,2188513,74322408,188496,235835910,312644,593611713,13261,561905873,468589,18077957,2309568,13465560,410081386,34918466,843158333,83415863,568214756,426208499,1015056836,818958476,407651943,460075105,906560928,910729211,239691,3934146,104646075
26849330,945643224,711335888,991057601,500543457,4714070,65953430,18426420,361643808,5407305,608346600,6525484,562914959,6870770,34231443,6764757,41991103,426872974,35745475,854271682,77836999,560478780,428964902,971282536,822978482,411292681,466983911,893513821,922577504,21610420,8877845,138987918
73291231,946435286,716234756,1008481218,513215739,10393850,65705371,16502449,873639089,20673498,611314378,9010969,565196654,6734304,42576586,21614248,25545547,399499777,48186918,845581598,91623351,573542724,428589316,967652373,822048658,420921996,461364288,905080105,924653210,7894480,31611036,123096854
53772784,964414187,701546417,999007970,499829088,0,52941213,0,195548795,83450,602243516,2609428,577759578,171847,29411393,0,25032251,403893601,17612105,854374568,72055683,561589090,430266222,890721354,819294760,408970258,468101058,895299384,934503283,134554,9336652,131225509
29406056,953328034,703710951,1006660261,499472426,118686,63441681,8459,223552941,347601,595697505,2798248,577711049,244653,24471903,135969,16617807,401571956,32253420,835028061,78815618,562228273,442378910,1005998721,826031674,416556573,475383885,912404429,916756341,159548,25887548,99575052
54170052,937124096,709042981,1011603034,524301073,0,55033554,87004,208150855,219938,611755850,2672327,565809773,227115,24152330,78800,18798527,401631849,33821920,863161278,61932986,540287695,444488917,1009678871,811740078,407487645,472599192,898051028,931552506,231023,22075323,130601148
26949257,950161203,725105032,1002537783,496723548,62591,77061734,0,190842952,3343434,615070794,2640347,559779751,173038,26030279,30758,13983140,415926375,28560672,853550600,90978531,559556771,408098579,974610852,816927853,426462068,479085611,919740842,927754678,306927,44836164,140015257
