47321706,93505849,129695502,48204957,132654746,50148368,71617739,48024091,105015522,45665055,85797281,47409541,66765765,45510644,153923135,46461872,47160859,76712153,85255647,49462870,79788508,100369623,169730550,50838481,47354116,92111939,81575595,48432158,47155989,46184313,47046308,41529505
47334584,93512637,129705758,48210876,132666755,50157751,71628808,48034639,105023212,45670411,85803863,47416967,66776488,45516542,153935066,46472598,47168926,76726709,85265430,49475921,79800702,100382314,169744784,50848244,47365972,92117421,81590829,48438183,47168888,46197210,47055403,41535002
47345619,93525479,129726250,48223524,132673534,50164525,71638123,48046056,105037550,45682262,85815156,47427871,66784153,45526916,153946505,46484792,47179896,76735971,85272714,49486916,79810638,100388947,169756174,50861290,47378079,92124876,81596478,48445330,47181692,46208500,47076334,41540728
47365562,93539944,129745864,48235852,132688705,50175093,71645154,48055820,105045555,45695560,85824716,47438374,66805024,45536044,153954002,46492769,47191108,76748072,85284656,49500122,79821814,100399178,169770249,50869519,47386388,92133666,81609816,48453216,47190950,46216572,47084923,41551327
47385430,93549572,129751192,48246146,132705405,50193395,71659624,48062930,105055548,45704592,85833691,47442583,66812133,45545649,153963556,46505261,47203916,76764034,85303617,49511487,79829514,100417422,169779820,50885238,47398613,92142650,81624446,48465772,47207207,46227367,47100008,41556682
47389496,93559120,129764331,48262063,132724036,50205360,71673300,48075579,105065742,45709264,85849525,47447724,66818352,45552092,153972188,46513511,47212380,76771750,85317244,49515096,79839622,100422999,169801851,50901228,47410324,92152788,81644033,48471615,47226642,46244516,47117750,41571346
47398057,93562937,129782671,48272685,132743597,50214474,71685363,48086922,105082266,45713052,85869665,47456489,66827096,45565124,153991597,46520058,47227946,76780029,85323308,49519634,79856622,100426447,169806510,50916349,47418914,92187461,81650085,48475767,47235748,46263731,47124567,41586546
47400977,93573598,129788369,48305711,132760384,50219073,71690815,48100837,105095204,45724163,85880354,47463718,66867047,45572039,154011248,46526039,47249438,76790729,85334534,49526843,79862683,100445203,169826644,50923767,47431945,92193152,81653906,48480229,47244975,46274596,47131288,41603021
47413616,93585496,129798553,48316793,132768376,50227106,71694553,48107770,105098124,45737727,85889307,47471335,66875972,45584520,154021970,46533156,47261534,76795314,85350490,49537015,79880253,100455065,169848228,50935186,47443491,92197647,81683948,48500149,47263643,46287659,47142326,41617774
47424413,93592495,129802266,48327345,132792753,50234434,71701618,48115031,105121636,45758378,85901115,47477008,66898295,45597582,154036187,46557293,47271975,76808893,85370962,49548981,79891626,100464144,169860143,50942704,47452379,92203292,81689862,48504780,47269574,46304047,47156786,41627422
47427254,93599115,129809055,48346757,132805458,50245016,71709053,48122361,105137892,45766430,85906804,47481136,66911913,45605291,154047860,46567184,47282792,76823369,85382915,49554801,79905088,100469682,169879459,50948365,47472445,92245328,81707993,48520518,47289031,46310243,47163968,41634136
47449175,93617024,129832165,48351651,132812988,50265124,71719621,48135470,105151230,45773136,85911350,47486566,66922472,45609750,154054652,46595258,47288112,76827185,85389635,49559036,79906942,100482107,169907414,50954235,47499267,92256693,81720233,48539759,47295454,46315413,47184687,41642808
47459323,93623491,129840760,48359546,132816152,50268834,71732475,48145723,105165219,45786215,85920414,47510768,66935750,45620641,154062486,46611936,47306656,76835790,85403190,49572774,79920092,100496914,169918592,50962866,47515437,92261350,81734695,48546656,47303906,46319243,47207653,41655924
47484717,93649200,129855072,48389542,132819097,50274178,71739577,48155224,105177354,45792274,85934534,47515911,66949287,45624021,154097586,46620020,47321989,76839979,85421046,49593296,79944668,100503620,169925798,50978190,47517807,92267437,81740003,48557141,47311604,46324532,47217766,41673299
47490363,93654747,129872030,48402209,132824640,50279848,71750675,48162126,105186508,45796665,85945132,47532533,66964868,45639079,154119775,46629076,47338203,76847978,85437110,49615538,79948034,100514663,169931754,51004477,47542818,92274535,81756919,48564992,47319901,46331009,47231750,41678742
47499686,93659865,129898488,48407335,132841461,50285504,71768767,48169305,105198158,45827267,85953996,47542198,66977052,45652151,154128312,46634570,47355919,76853678,85456648,49620896,79961958,100516920,169943582,51019115,47556587,92282074,81766442,48578919,47340673,46341403,47239411,41689377
47504446,93663067,129905619,48415295,132860805,50293351,71781603,48174830,105203472,45850430,85957701,47573286,66995947,45659373,154155710,46658682,47366948,76857332,85468024,49634729,79966226,100522851,169952670,51033790,47568732,92295250,81774439,48583324,47362885,46354830,47263748,41693025
47518645,93672251,129913072,48421339,132874432,50305002,71810271,48185608,105217558,45855520,85975956,47583431,67009602,45674393,154173831,46667630,47378915,76875524,85471700,49652712,79974329,100525673,169957197,51042261,47575162,92309026,81779940,48606241,47369010,46368838,47268436,41705658
47536044,93677487,129926466,48429178,132887890,50320212,71825800,48193868,105230298,45863333,85987615,47586467,67026458,45688218,154187638,46674270,47389709,76883308,85475882,49673325,79986511,100536952,169972604,51051729,47589420,92317944,81794064,48613352,47383722,46374119,47287993,41710746
47547705,93680436,129936543,48433970,132899637,50327302,71840327,48212803,105241351,45889211,85997075,47605745,67046270,45709547,154191582,46687396,47399653,76895834,85483621,49696448,79993564,100548075,169982804,51064049,47595150,92326803,81797864,48628066,47388216,46385017,47297504,41721619
47558803,93690102,129944373,48439707,132906657,50337116,71848153,48219357,105251116,45900922,86017099,47614741,67055640,45713943,154203622,46703076,47421728,76905633,85505820,49710800,80016704,100557887,169989916,51069881,47609000,92331026,81808608,48655094,47394566,46401186,47308809,41736422
47570407,93703722,129954098,48452939,132924009,50345645,71855762,48228731,105266758,45909366,86024479,47629792,67066348,45726113,154213890,46707796,47430316,76914561,85509143,49718857,80024688,100563351,170011952,51079694,47631921,92345611,81828841,48664255,47413545,46429423,47315705,41751301
47578357,93729188,129958650,48462070,132927583,50360956,71869286,48236368,105278178,45914923,86030168,47637172,67080613,45738706,154218346,46715876,47442166,76919724,85532805,49732395,80031432,100572189,170026547,51082805,47651744,92349209,81851789,48676574,47426041,46456191,47331308,41777315
47587232,93741143,129963490,48491144,132936465,50380676,71876179,48252857,105297326,45922221,86054309,47651298,67085658,45757416,154232289,46726804,47460975,76926875,85542036,49744530,80034149,100592396,170043832,51088664,47659884,92361271,81861985,48681131,47430742,46472959,47341318,41783078
47594176,93751494,129973677,48498674,132939612,50392689,71890214,48259858,105305041,45931158,86059824,47663220,67090668,45773867,154245400,46748123,47471588,76945101,85554923,49762349,80048752,100611662,170059672,51096562,47677698,92375964,81870683,48689405,47438394,46486958,47361148,41790666
47606063,93760240,129989269,48519814,132958910,50406058,71902863,48271391,105312085,45939004,86074763,47673720,67101490,45792156,154266607,46758163,47481593,76951071,85570530,49767393,80059222,100617201,170066894,51111835,47682524,92386908,81886776,48702624,47444814,46503109,47370836,41798973
47609617,93771607,129995118,48527812,132970035,50412757,71918214,48286865,105329882,45959211,86096961,47683202,67119982,45802480,154289199,46770408,47494867,76964202,85575961,49781549,80065416,100623630,170078236,51118920,47688926,92406524,81899929,48717718,47452933,46513840,47379243,41808634
47626403,93777731,130001608,48534830,132981296,50428898,71927971,48306884,105339311,45966956,86110003,47690516,67133057,45816489,154305435,46783868,47500054,76977922,85579181,49799145,80075065,100643513,170083260,51145280,47693825,92420590,81904076,48728056,47482979,46528592,47388920,41815628
47629886,93784857,130023692,48549052,132995239,50446607,71937756,48324821,105358177,45976572,86117105,47699455,67153101,45834514,154317072,46799986,47508613,76985088,85585833,49803472,80079856,100653608,170091712,51159729,47699156,92453598,81911203,48735238,47491773,46540404,47401399,41821779
47634069,93799547,130039133,48560300,133010556,50451947,71953470,48330067,105363051,45994601,86124229,47716350,67171527,45853252,154331196,46813470,47518629,77004986,85591180,49814817,80104434,100671232,170106756,51179629,47706417,92468836,81916002,48743485,47502868,46547966,47414179,41828543
47640654,93815973,130049682,48572076,133025401,50467634,71979945,48347107,105375543,46005142,86133344,47724015,67174553,45864620,154349236,46819578,47531682,77012966,85597611,49837115,80109519,100686373,170109528,51192593,47714762,92494839,81919971,48757680,47511101,46567662,47426419,41840744
47644220,93827578,130058451,48579558,133031820,50473762,71996980,48354718,105385740,46018876,86158881,47734076,67177266,45883876,154372647,46834783,47541570,77024843,85601670,49858369,80117429,100700695,170120384,51214869,47718272,92511209,81925909,48773603,47519139,46578800,47437643,41852240
47650660,93838257,130079022,48588166,133043692,50482197,72015199,48358242,105393865,46045341,86163347,47748485,67185880,45894879,154382810,46852300,47544940,77039298,85604481,49866697,80120401,100705716,170132612,51220280,47731968,92523762,81953985,48784778,47540916,46589235,47456600,41872834
47665251,93849154,130084791,48594878,133049517,50490380,72018112,48383168,105416725,46054804,86168811,47768711,67195208,45906498,154402976,46859572,47547929,77050248,85611299,49878775,80125713,100721003,170148953,51242755,47745630,92531335,81970458,48799016,47550323,46602466,47469827,41881086
47679375,93857744,130095136,48613664,133054158,50504205,72022185,48398451,105448140,46062449,86183832,47793836,67201108,45925256,154419180,46871314,47549864,77064422,85621670,49882542,80133283,100753751,170155713,51263222,47753834,92544654,81972763,48807053,47562211,46610365,47491961,41885238
47685819,93872680,130116170,48628348,133058409,50529275,72041792,48405053,105466443,46093280,86189380,47809083,67203544,45934813,154422457,46881942,47555348,77070567,85634996,49892264,80149093,100757546,170161006,51271634,47756550,92554464,81991660,48819894,47577216,46625142,47507263,41900553
47696684,93877909,130120470,48635032,133063768,50543892,72054835,48415476,105490857,46100204,86199423,47823627,67223602,45943248,154432592,46904441,47564323,77079346,85646765,49919197,80156438,100772170,170166846,51291238,47761131,92563085,82000753,48832845,47587687,46632617,47519058,41912631
47716706,93883603,130128356,48643264,133070912,50553090,72062804,48419646,105501372,46121557,86214108,47838985,67230686,45953244,154448975,46923922,47578331,77095772,85650911,49925776,80165312,100786875,170175521,51306726,47785776,92585057,82021003,48842366,47600613,46638368,47528204,41919806
47721227,93890524,130139012,48647861,133090030,50565757,72072333,48431880,105511215,46127871,86233525,47849913,67252951,45963390,154457859,46941694,47585896,77101640,85663426,49950348,80182886,100793840,170192803,51314870,47796907,92599225,82024802,48855965,47607775,46648836,47541151,41928282
47733559,93907782,130150508,48664436,133107754,50573662,72079303,48451179,105524466,46141086,86249603,47855716,67274590,45970149,154469436,46948038,47591528,77127810,85670876,49955057,80190015,100796303,170210568,51330252,47805683,92620701,82049239,48862933,47619303,46655581,47551885,41934006
47745399,93933891,130161235,48669547,133129924,50584312,72096030,48459079,105539468,46153237,86260849,47871968,67285114,45978662,154473467,46967285,47604144,77133368,85674950,49966947,80195583,100800645,170235500,51334576,47834276,92635248,82055886,48867561,47630689,46665426,47560005,41948424
47748050,93939781,130168592,48675187,133134568,50596090,72108398,48470484,105547531,46169344,86271300,47883345,67290462,45990273,154486740,46974025,47623569,77136890,85694867,49973139,80202996,100823420,170248492,51351304,47857989,92648728,82075818,48877651,47656276,46675832,47572692,41958502
47754848,93947545,130176088,48683901,133150254,50609892,72125157,48476816,105575455,46173878,86282858,47897634,67299277,45998367,154494845,46991921,47640176,77142982,85717262,49983563,80206489,100837086,170264125,51359760,47873813,92661424,82084360,48899067,47667798,46684489,47579842,41969348
47760790,93961528,130201439,48692102,133155721,50622053,72136985,48488414,105582647,46182620,86294594,47907663,67302679,46009702,154508145,47004476,47655175,77149197,85731618,49992809,80212902,100844371,170283720,51380992,47883069,92685684,82098811,48911147,47678648,46690945,47600154,41978280
47766772,93967156,130217419,48699462,133161264,50639511,72152228,48499664,105595872,46203858,86307360,47915911,67317612,46016778,154515289,47033459,47689259,77156255,85752661,49996205,80232634,100855111,170290707,51388679,47889287,92691975,82108531,48931286,47684634,46695834,47616247,41989599
47773605,93974449,130230718,48717445,133167056,50652490,72161846,48512275,105607434,46210772,86327899,47940243,67326107,46024134,154536257,47055283,47701236,77177053,85760733,50008842,80249880,100861370,170300485,51397006,47893377,92702344,82117712,48935846,47702513,46705620,47630877,41999102
47779138,93977581,130239689,48737655,133171764,50671402,72177739,48529641,105616429,46219547,86337283,47950427,67341020,46028753,154550007,47064367,47716401,77188410,85780602,50018887,80252760,100875378,170314122,51418141,47896576,92718706,82122825,48944750,47712353,46718867,47658010,42012835
47789205,93981855,130245601,48748456,133182452,50686254,72186067,48551323,105629293,46227811,86342535,47975647,67367532,46050134,154574579,47073936,47723473,77214848,85788155,50031552,80257416,100883440,170325127,51425594,47907484,92739498,82127248,48951319,47719397,46728204,47665622,42019472
47797791,93997604,130256624,48754398,133186213,50709818,72199278,48561199,105632424,46244032,86363120,47991116,67385727,46068054,154582190,47084517,47734471,77219003,85794556,50038204,80268882,100894237,170334857,51431705,47926559,92748068,82150827,48960139,47740897,46735235,47674219,42027426
47804046,94009709,130272702,48777336,133190461,50725466,72205825,48578353,105641635,46260290,86370932,47998665,67395832,46076883,154590989,47092232,47743440,77229573,85811791,50042129,80273922,100901725,170348380,51434797,47948344,92756044,82169933,48969156,47756650,46746160,47692986,42050276
47816718,94016448,130282302,48786302,133199834,50733559,72213782,48596739,105672330,46266401,86391104,48006039,67405098,46121368,154594409,47110936,47753210,77239982,85819404,50052039,80276919,100910872,170351896,51438562,47970308,92767092,82190360,48971877,47779290,46759676,47702103,42053919
47822769,94033385,130290043,48804560,133210662,50747335,72228846,48604922,105681746,46277094,86405448,48016995,67414804,46130430,154606746,47121951,47766430,77244696,85824471,50058981,80294265,100918155,170361782,51456107,47987954,92786755,82208677,48983705,47788400,46777093,47710488,42060330
47839528,94044043,130297282,48811402,133219337,50773425,72233131,48615028,105687286,46284481,86417624,48030342,67423660,46159898,154615136,47134693,47778696,77259861,85832276,50069149,80305654,100933642,170384864,51461448,47999565,92792392,82233725,48989313,47809314,46787820,47720704,42066479
47847614,94050134,130299775,48816281,133225591,50786443,72240268,48628808,105696011,46306539,86434125,48046050,67428861,46172365,154629646,47147638,47787423,77281710,85847970,50080728,80313042,100958439,170396587,51476484,48006897,92805995,82256462,49003981,47823962,46792952,47730111,42073144
47855562,94072970,130311647,48843425,133237585,50804312,72253777,48638956,105703213,46319344,86442678,48052802,67433721,46193565,154633001,47159079,47792656,77289277,85855765,50090023,80316301,100969917,170402460,51492217,48020961,92821978,82265186,49015202,47851181,46801239,47750407,42080147
47861640,94075982,130322925,48852400,133258062,50838011,72262973,48648520,105719248,46340017,86450223,48063016,67436771,46206397,154640392,47186977,47808443,77299645,85877434,50109188,80321015,100972904,170408432,51504069,48027608,92830298,82275442,49019545,47867925,46820653,47763680,42086953
47875999,94092945,130327242,48860558,133266636,50849664,72266528,48662256,105730427,46356816,86452772,48085209,67440198,46217983,154657569,47204148,47823865,77307500,85888158,50121686,80327785,100985517,170417816,51517219,48039124,92842560,82295109,49039569,47878504,46833231,47784558,42094642
47881345,94105394,130330973,48880305,133274403,50862892,72291500,48670037,105738914,46372424,86470251,48099451,67445058,46227839,154659433,47210599,47825172,77317747,85890875,50135449,80329507,100993352,170420746,51522833,48041623,92870162,82316637,49057331,47893478,46848551,47817158,42113383
47893847,94116333,130347359,48886108,133285872,50876198,72305140,48679021,105760664,46387698,86488780,48121774,67462583,46241892,154669119,47221199,47838021,77327964,85906107,50144479,80333704,101014583,170424001,51533116,48046220,92877525,82334995,49064252,47896844,46852808,47829277,42118285
47922885,94120154,130363703,48891902,133292821,50881040,72311112,48686985,105766947,46407303,86499124,48142204,67472820,46250223,154672248,47224769,47851331,77344284,85921841,50151509,80343701,101021325,170428727,51540689,48048834,92889435,82341625,49072879,47919228,46862352,47848264,42122850