13472913,5221278,9881360,5436633,12822355,9357929,9010625,11533632,8373871,6821114,6255478,7204179,11435877,5377500,14071063,9774427,10813319,11180037,9606762,12560733,11381522,11425914,11771392,8075675,9458435,2552681,15776791,4831218,14551645,11089666,17604805,365328257
8907287,11039832,17295468,11210289,5671106,7287201,9282633,10302257,12857360,9335597,10186832,10756370,7894722,8088032,11125102,10009252,11793277,7839315,6117168,10718031,10456787,5166838,11781512,12877920,11770754,6627662,3749667,6146810,11993410,10115153,17566953,76534076
17521154,13494929,18936065,9780135,15704820,9254726,4371537,7729427,7554138,12532528,6356827,9555242,19114809,7756119,6361853,8722739,11347904,10554876,9863901,10006401,9506701,9452079,12261406,7423005,5297207,8958872,12699528,6322334,9011351,7185034,9687884,38679206
17516911,9896660,4121504,9072061,14975209,20197858,14314359,4402078,10604477,8910362,7277955,6141948,5934008,8755893,8703625,9265914,12941621,12548565,14842559,10720846,5482410,15417577,6895847,13192811,11281367,8698751,10682721,10427098,14290164,9299061,15244327,20104161
2412491,11134586,13196280,11694148,14346389,14570693,11802201,12038060,7337655,3063339,16739983,3418022,6490532,4671074,8364888,7570407,9185104,8592985,15268013,256010,10865858,3268356,20187447,14236731,9276881,7164877,17852891,3722948,17513446,12040685,15363281,23946534
3684412,3261252,18451598,8402732,19158448,8753797,15823858,10853832,12573742,1795274,19685613,11147911,6791433,8458425,17647960,10000491,12294202,9770532,2934282,2550487,16524088,42699,3425784,11663993,7460967,24807052,7242798,2438779,6631838,22807397,19562925,34961202
4337653,7780083,5334550,25676756,18007029,217480,3846921,11153671,13689818,7943459,8874571,4552405,34283444,9494765,17119434,6146790,15973122,14023353,8335264,6207197,4794007,16855404,16524042,8235936,13200278,8069605,3151482,1531264,13972879,9436156,2316458,30474188
10403141,13968364,9998191,9923273,9438058,8184053,4773194,9915208,1465148,15600204,5678071,10451437,12153914,17367905,13519006,6565941,14590735,7618747,15206520,9011521,16873606,10763504,17122809,13232159,10430424,3156776,21457877,14210372,28250663,3443294,13159852,32641929
9157049,4965946,3097411,10525105,18239347,7077229,2759155,4577890,16267478,22445742,13277899,4757754,18912823,13426530,9915609,14892652,6770988,11442160,22082050,14026760,10107508,5035222,12570425,6233144,4029870,1203211,10294860,3433173,8407003,18044149,14302199,43953268
1682909,3891200,5664196,13744674,10574853,4244777,11642480,6421844,14121759,10029102,3371905,2867970,13052748,5450673,11030457,14935748,8076173,14161120,14959521,6243156,14591801,4323390,16393029,1767684,22400463,34365030,17666186,12357972,13772579,3786802,4053044,14602377
17830105,11633193,14196617,2626383,5577252,25261925,8294088,15231479,9550828,4124302,3397340,1929177,14012214,5412066,4651099,24192426,9078245,3461611,3074771,6185377,1399303,4007759,23851715,2210476,25532890,9651806,6745584,23306307,5617697,5301162,21803249,31795726
10790362,6149525,12918565,8883678,1915479,35167,25856214,11121167,12097744,8333458,7087943,18471575,13618901,8849690,5941420,12753240,9756635,7213532,16053342,10726367,10908125,20320930,9400086,8312531,7821264,5618218,15227911,6593899,11153659,1724992,20220163,26899030
24489458,26137582,11209547,22175000,144398,4365089,4371414,9322350,10422922,2303532,10584722,8029630,12333028,1418449,25577545,11217028,19912402,2942102,15644315,14750674,16175123,4085083,15807675,11075515,6806734,5785586,7789983,9507158,3204306,3379039,14275746,42202011
3187827,3685451,13443118,17487954,2996620,1697705,18053827,314888,10672099,5924796,13086972,14205407,13312678,11298183,25622419,6804801,15836746,6275392,19147126,25802793,6879691,9762311,9316862,22524566,17250775,6895050,11639889,7225766,1840366,1810866,14054331,26009490
7837917,5035730,15726264,2391729,8978218,5789468,12362420,5739592,12452176,11159918,8916758,4802247,10161660,10673222,10008745,2501913,19419055,4950552,18730249,5528392,9950078,3182097,6640867,18610594,13083269,7415887,15622130,11808745,17909429,17459488,4758895,32568157
3004325,381628,17293452,10966731,23350343,4248386,14538722,8407986,259538,31588609,927582,27632357,16993039,10784221,19715021,16184571,5400694,826773,11389655,4556142,6006488,4502356,11040112,13724018,16495509,5825903,9128819,131401,18055695,3366862,19999045,3920189
8361909,5569383,6570185,5132150,8782250,14657202,27323475,8790212,13026311,6437706,12656827,13743989,9715258,10714476,21685524,11743763,11832214,14256595,1544431,19706163,3858536,128977,3199194,6467302,89603,18814537,1407335,18451958,13855794,10924008,9953210,34420939
14792181,6806215,8171440,1517759,15017734,6821788,14699266,10537702,10086896,3478383,11469978,4151500,15466276,16325945,12414542,4938864,15712439,3783087,6588606,20209431,16217977,12050323,12348729,8555138,19715798,7216114,16497141,2469756,10261098,11264778,15054017,51989891
15431442,80442,13260495,6105182,14673057,14516739,15031068,11678436,11759293,19328442,10529669,10669402,20808377,9669009,3622828,12372133,12166134,10449119,1479948,20052464,3692118,2812183,8128899,10140199,3366209,6402634,2001382,11537959,9582879,7753298,16118658,45489502
6321799,4754264,6313747,3604638,6225693,4207768,9600314,6801730,10159747,7999393,19311731,14527008,10001716,11308572,9206788,15680856,15883000,14530056,18407302,17351787,17893329,16416775,2697878,8492957,4041319,3279241,7562095,23767270,4092285,11387800,10666024,50653840
16791314,17304008,7460423,12281001,12434207,10498020,4535433,7853895,9828173,15516639,6090180,8971184,2255439,7355951,7374488,1408345,12415711,3610133,7676194,3012692,18669236,1969204,19179001,5550051,24402589,8677136,18836367,5877636,14945555,19299844,8904159,26250330
3541811,18396168,1980908,5979759,3779818,9950634,8182795,7434718,14690106,1879608,5559781,6775815,19123198,10900692,6412821,821003,8695863,3574766,19529241,12313721,10343199,3223920,21225864,4411086,18082517,6763319,21385546,14212518,12408584,26851109,6494055,70442699
11732523,12416755,4690336,22639986,5077609,23918746,15846973,14933226,9675670,9657995,17902200,13404082,5256212,18513578,4594009,10314188,12637839,5046865,6540211,9228015,923685,6395263,13657080,1567909,3936711,5236383,12643247,1544373,10499061,16609338,13176636,51845991
1482096,9579047,4945682,8836917,1347093,9218222,739818,6958560,15486328,50882,12274657,13333699,3469910,21452891,21480416,19696534,7899921,16001451,12382609,22846192,9924948,23859133,15658049,6817074,17551636,11598280,6226994,814208,2469994,11069304,9011529,15552312
11621972,11855244,13763600,14996963,9520648,15477008,19156468,10472316,8324240,8180572,8544621,9499583,7577814,4690723,16292848,2485781,15293169,4302944,7260286,899596,9933989,9249384,7182806,12702653,3654309,11189908,8524899,17215142,8354909,14228908,21178699,33011815
6190242,14057001,11405800,5556531,17768120,4673448,11833519,13484960,15168075,14890162,11897495,8695022,9632483,18244035,19571761,15605573,11022982,8783877,12393001,8838782,10199236,3147340,4071502,5415546,5527060,16197639,13019840,10973406,6257729,9743860,3770624,24639389
10851986,6650616,7062915,2841878,12401820,14429516,27803269,21004525,6318286,8342683,20367095,6097784,12514386,10224228,5835114,10156999,3797083,17801085,4493071,14508239,409132,15956260,10687258,13279316,307815,14618810,6996431,9547284,22567424,8409345,10714081,23152147
2276186,6133346,14763011,18240605,12172148,7826098,7880166,17898657,10493629,11489299,10352838,7363447,13936215,20408509,22810821,18617064,9427319,8522790,5566664,8804490,8091380,16774599,6170552,20125800,6036335,14703161,7095261,8419246,10251182,16053484,8449369,30716205
1270404,10937831,9821435,10032156,15650916,9737021,11820025,10082221,5810905,16868559,10203155,16802481,26429662,18166123,11975459,15556935,6758914,5347346,2635907,1637304,16182028,10115423,15474452,17455822,2749979,25502547,5164536,5411688,6351978,7421874,5661425,18280927
1808897,10712899,12889110,11985142,9616278,13230783,23634847,17950185,10788501,4442350,1353353,5332097,1081838,15511444,4252273,3568344,7035844,15247497,4999528,11529450,12807192,18350748,3996473,13931081,9795331,23482297,55740,14110258,15474857,7096891,17981672,28385650
3706876,16363871,15397569,8103215,10942355,6160873,19488902,8015462,6319840,10758759,18819368,3364012,375340,8456445,20916421,10280099,8236974,12584706,3358312,31074279,434387,11688345,3371403,24485474,1048109,15482584,1060365,10915703,794039,16700724,14172401,67944281
4791479,13390693,12701713,6966805,2731079,7948709,17415651,3515221,5447385,16871775,12299154,11168263,2324396,19175774,20069467,13337818,7344929,9968860,8281985,8098162,9585155,4145647,15309935,6395969,5372507,13892584,22532393,13934503,18160871,10428089,10562755,30350373
5134979,8075498,11621842,13723146,13175191,8831730,14921779,15509170,23427801,23156445,8623665,19698082,11577578,8577410,10590436,6875109,1370719,9600771,95173,7548863,273968,4667196,12368090,14534591,12120072,3449670,12256980,4612837,16517280,11577605,14917286,16547426
16268871,11589637,10337145,1373080,3523999,9718747,5380155,14347186,13325474,5599210,9469086,24008497,16449800,15664602,14042843,9653280,128396,17643897,11278783,7445117,9231442,17959283,8387503,20655052,5312433,9448230,11351835,12414324,6432861,11349362,13330652,36056854
10125913,19489341,5612905,23212705,192654,17447971,15172656,9484506,24909107,8046983,11972068,14060802,10903354,10947057,7194389,879648,2580757,9182274,11726575,2057522,11655232,21863259,2202727,16917464,5217750,9196930,7254,8287031,16420935,8529692,27616498,21197177
7887176,2683034,13540081,8240339,37795,14525051,18166888,3857921,18770539,24464550,3200331,22622456,13289931,7035765,3618285,21055350,8470847,8009767,10002346,18074415,6120297,6299676,4481239,7512179,5244299,9036767,18244264,7650136,5309424,10301711,12314289,28050650
18206528,4464752,7640093,7888416,6676022,14171963,17473198,10649434,17616158,4689262,9659419,8083103,10917404,5745663,11036819,18381855,3786756,8072375,6329377,13663067,5881215,14796952,4326179,16409614,12195463,12238752,9402149,20213453,12527321,4378213,5438581,19870707
12616904,12212629,6400441,1617961,6493582,8435708,3171262,8729160,6557329,15570539,22559025,22250490,14948204,11247557,16682564,12229228,13339745,22452469,6014838,12077149,12474310,5568659,19133498,14752156,18338160,18498486,15831845,7214860,10833752,7288507,11712862,35043623
2709459,14090148,11067912,7230830,21118171,13959360,10411374,9949020,11076979,14111595,13295616,5422735,28184120,4491246,7957839,18382952,5629725,5295405,9835566,16112899,16806239,3745010,3742274,5952072,5391009,7135860,11819550,12183148,6841530,8231721,10336538,43632027
15674100,24383112,9054042,8133350,20922999,5162001,4132174,15932822,4252896,2775617,25766220,5613701,3856589,9604698,6688171,4320863,1418331,19229785,5306174,11116417,4356155,357705,24960698,14471661,17798179,17373048,18786334,3331036,7580398,10569907,15181171,25526170
8189007,2878245,10629923,4904427,13246725,10151630,22558099,9738080,14088110,10046057,13065586,13050216,11170584,10499356,719323,19154915,17091652,894289,11918984,8570121,2179345,10753050,19988692,6218772,20097876,11373385,9886699,7310881,9462120,9761091,5174907,30076689
4052529,9930969,8453158,1509873,9797326,12767878,20477958,4310294,10501257,11861477,8125826,12264904,1388991,5323035,19919795,8449648,9862851,1905919,11016908,11311450,5738767,15753257,7462562,13527446,23320460,12008714,14061187,5437383,25476540,6958921,14377378,29932403
3363619,7217224,5767659,11863764,7849885,11869562,12784442,5760948,23229418,5250837,11393138,14973062,6855262,10662495,5597264,12248304,14513625,6012874,20219076,895085,3372525,10634851,22334058,12155336,13266895,16090884,3769700,17220444,12888660,7663681,12400676,34929691
10196508,11630746,21364184,1293961,4608784,18149439,19126987,10551559,2757070,7853883,15363912,8839582,6520146,9786472,11131192,16453931,17298357,2783086,18657915,5376847,8731499,352317,17979191,12421077,3229650,17693001,11929293,17629052,4929929,3012169,8367113,43151460
912039,9109061,19622106,8604755,7659116,7696393,11581166,7249597,14390875,17341930,4643271,13447740,14696067,4025121,4402899,21431065,28475825,16052184,13683808,7385138,22463251,11314763,7329047,9087263,6927121,5494807,10407257,8258892,4873875,60115,11029299,36830510
7248345,1116817,7960666,20026349,3998755,18526037,7387970,17915278,10771041,5894374,20381482,15515529,8948316,5981449,21475155,19802000,8540001,16697804,3334500,7398758,5685326,7306721,7589012,4913412,2644925,8299203,8163196,3525130,21249767,7847065,16032737,29543462
7907745,7270,8971933,22946011,3970843,15500233,14303626,14438260,3874524,8122744,5937769,16621858,10284191,7181272,13223499,11651558,15087501,7314987,19978597,7373270,224670,8990211,11249916,17322069,3061490,14858031,3380429,7815159,3933156,12357832,20473942,39761805
10087506,4041577,5751648,1313842,6178565,6633059,8246873,13010702,12615070,13572700,6254503,23184567,32451899,19103958,14024492,14471096,7586233,23554764,3155658,13775743,4323067,8217661,9058024,10014296,12368125,23799970,2939387,3918064,12880145,11403564,7034134,9337344
12352753,20516068,12788804,17717709,3569990,19414108,13057030,14313094,6093445,3274046,21414479,12101543,10358990,14387972,5671585,5255214,1817018,2321138,4892152,3333041,8593450,6497599,8196873,4918062,23277884,5349135,24437727,6274080,22963085,11151609,15999069,43171702
6090506,6054347,18124159,8858284,6572889,13488762,9372798,13879456,9053764,14511120,8898745,4786666,10135338,13341941,8959005,6456290,7903214,11868023,13387527,4708643,3305323,3537841,14528321,881692,24372314,11887720,15262148,7606070,9348846,10311624,10592324,39732123
9943695,8250583,7126623,5847317,8032335,12875810,4719357,20308096,32777203,5730224,12963643,10971871,10267742,29603561,3719596,16136258,7204932,7097414,7463134,11329151,1467637,10473532,3703910,5417008,12821916,6036763,15760112,4100476,18439444,6798370,6821317,9636331
6467411,11555453,3610136,16958250,4292362,13655334,12868028,2302078,2332133,9144262,17239987,5750729,7977904,14466174,12524869,8334396,13866832,2897751,2181209,6051706,18713849,5281034,9686511,12098971,17016612,22634689,18808477,6971742,16540997,19188765,6416040,44593338
13188615,9744775,3851524,1078530,10592301,17655057,3511329,13568321,4805840,6573370,8034755,11830196,6763126,23338314,5584171,14036204,11958245,18105672,5815688,11049708,10547577,16779204,15563445,3643493,11764076,9012649,23439316,5815786,17036849,5512663,8550811,19503262
6083026,11638768,3377740,8576956,4805322,11551480,8164282,4796987,7053932,21748281,15075405,13575181,6244745,9917748,13396211,11977219,4404868,17950140,13063065,5963810,8879830,27650357,11748049,13713726,2040649,8532126,17517457,11289576,12114231,5038010,10236181,32778481
7335106,12249493,13456985,19091549,14014967,15815793,13699301,10248569,9963060,9555986,7190412,5599115,3586745,20438570,3129898,15644497,2317103,5582473,7360959,8586106,15515916,6733772,3637342,14392642,12021763,15478704,3502161,9906659,19868710,9566111,19988785,41105716
5249568,434917,8694455,5649815,16743175,26148357,4115682,7254054,15219667,20541746,6053919,6353266,1622235,9775904,8953916,23250030,14314137,15257664,18703585,20981950,1832259,5676124,5179864,9511166,3908916,5625838,8532975,5324310,17437643,16075525,11254575,20840019
17036727,16241109,1165635,7197797,8686911,8750122,4019324,10101440,3791398,17044098,2223898,18704316,2704732,7923408,7531472,13864930,14344890,3416748,10125391,12807341,4999525,8051046,8609824,11584586,10987892,16286120,21059064,17455002,8573463,11640470,18210759,19382497
3035399,13692631,1248421,18281268,8058456,13319023,27647206,6722298,11884847,13986102,20638164,15842692,4389584,10718572,1031925,3679054,179442,8538372,1259640,9941350,1809983,7563588,2569364,2703874,41624,25396217,14824421,17301748,11729681,11504843,26867844,52158425
14144403,10371671,15398718,4054605,12581443,10277919,13842726,9761390,14337302,16171818,15756114,17790203,19696688,14269138,9836423,7878122,11596413,8438843,13723940,9043738,11835973,17925131,3029736,12029816,3440782,7605643,17734472,4078208,5059852,1889092,14129339,35492477
