108196119882,152406693510,135659213790,139765543166,134544697166,124313757995,106834046011,146851591406,125774392420,131691807529,128279919215,135137963610,112617809774,110817958586,109066142833,113924983310,102163966209,108418182570,169790823954,118792478222,116526364158,117028582274,110535921856,122057262924,106689613865,114373672654,100904232173,112894424306,121655132243,117251804957,110159526159,100983301771
108444316084,152976124097,135864783118,139891572612,134759039525,125074742346,107395580751,147035639287,126595458431,131892685493,128537878847,135242748198,112780224162,111050441213,109238127694,114057135534,102366822847,108625889144,170257544764,119140228833,117084961348,117298232808,110764558201,122470936657,106990182099,114551996102,101098198672,113212399374,121898792037,117948397959,110421338479,101573330976
108682716801,154280180232,136033739429,140361562509,134934111354,125634704578,107635382809,147309768590,127025282348,132593381196,128966732483,135400921233,113212603760,111226738149,109594554662,114380401630,102738312131,108904861491,170714268311,119264714657,117717960043,117435072014,110976439603,122587748711,107520911047,114688051950,101387440851,113473252995,122118117720,118246332441,110580578993,101770380728
108855508102,155025361081,136557241626,140611040502,135238151749,126028177506,107768890046,147830268447,127382985790,133009167067,129223030281,135513461855,113411203422,111504321119,109840364012,114683320181,102835299255,109261530165,170988269585,119457720831,118607784542,117555587057,111255161400,122707100229,108214412877,114803833996,101761503026,113791796724,122462722301,118521399664,110902784652,102059881903
109090739133,155604565275,136699224302,141224148964,135796051635,126375401759,108121181647,148112001294,127665386170,134261491364,129450985880,135589579958,113701730228,111714135155,110122731932,115507716615,103046474451,109361475125,171243055771,119721812106,118914156283,117615572133,111672845645,122938803352,108759708298,114912216082,101873109422,114028554626,123144091643,118690543125,111306469093,102296713692
109370967137,156247465901,137367484353,141499152111,136044080644,126834844389,108348823351,148183856307,128065893465,134662027975,129797785492,135812300986,113821588785,112202831584,110220155437,116367646297,103287009853,109504807742,171515611630,120345020491,119392274703,117675298167,111798998406,123173640093,109202932678,114946714859,102189369813,114151947842,123331003287,118849790559,111781152725,102455361976
109562498244,157009074117,138273852652,141865220245,136275074328,127052422415,108600069901,148544594371,128304516809,136001356070,130028807628,136014847101,114032970223,112333096211,110315895612,117224068588,103466629817,109662452089,171743760649,120557411903,119689535404,117948952068,111916033656,123773227687,109404370313,115447242853,102540578762,114214208463,124074501056,119029612529,111994016359,102583983894
109882800487,157725628158,139175198975,141992510764,136629544856,127290584350,109033050765,148682149182,128818672611,137514024358,130225816261,136361844260,114109171931,112592558770,110585394413,118091313113,103630486109,110219227382,171877005722,120694694094,119953849096,118139432475,112091852679,123884587857,109841588129,116223913813,102757847133,114327511291,124237685165,119119484720,112052251952,102687050997
110060283059,158269609505,139388653293,142298052344,137408692209,127897957281,109161914380,148897337324,129012731586,137548530194,130527361572,136557883115,114810401865,113062826937,110850584055,118930879423,103930612441,110801888839,172029349307,120832424575,120385466603,118261939624,112443253594,124024647102,110064713634,116306216552,102865797714,114856062365,124339973853,119355350556,112280454927,102773740947
110164043395,159375955488,139592130660,142403414039,137904371248,128173814486,109444795028,149123529735,129785150578,138212723836,130745961105,136828126899,115025595412,113191427036,111190474053,119778918980,104139948132,111365695357,172231054402,120979197725,120827359639,118403440273,112672661222,124248928031,110321544317,116584707973,103069844519,114955785809,124535797499,119773121479,112400882864,102906726379
110549966050,160692809344,139870613402,142600752013,138065099540,128449363719,109635226781,149271190953,130075342151,138939625877,130976765243,137010792182,115237267403,113854216985,111688111835,120624903253,104469464529,111861269303,172426327088,121423167983,121020168281,118541292639,113040087529,124328998019,110572952061,116727614112,103745377361,115014015352,124843212912,119852851140,112509992776,102978807763
110736427919,161332790860,140154049860,142795163492,138297916782,128928736973,110484687651,149432081096,130293216912,139524038349,131312473208,137388562475,115743388775,114025851394,112011681407,121459891910,104771363714,111990834449,172542128801,121975778667,121223114869,119012565418,113158180056,124391194145,110662565994,116949998140,103973389848,115127957260,125078242669,120001450651,112607958989,103091083570
110886939570,162707362483,140435401441,143196160020,138578880479,129363801640,110793507884,149628397798,130614290074,140024762084,131914794546,137671424458,115918322589,114510836572,112514187426,121741601892,105102511105,112409883107,172810470966,122482400200,121414487238,119418997940,113260211012,124596745245,110856248259,117204310759,104114971875,115249978790,125517021717,120117697153,112808607620,103199448006
111220929801,163315331025,140754775605,143320438949,138721664651,129721734185,110924155039,149715057893,131352131934,140301399084,132393229902,137857793774,116174844494,115042419249,112649627144,122191926702,105427200071,113025558264,172919325425,122633903692,122078356839,119706985608,113471756578,124897943972,111011167379,117441025095,104297798489,115353170526,125729737947,120367012035,113255499323,103437140025
111494396278,164531281995,140981372429,143489189179,138749496869,130272647508,110964507722,150080111977,131525482693,140589010154,132757963956,138546670840,116445883889,115702910698,112784075565,122322803618,105653436205,113195675388,173217442521,122868790342,122923236294,119969264748,114009237423,125260563789,111373324365,117808729654,104545175142,115439442655,125798089975,120485909070,113492024046,103573766839
111615928292,165332854134,141052050383,143810564102,138853165157,130560850489,111139928188,150394201453,131779636410,140831627876,132856622793,139241562975,116730657546,115821700261,113022570865,123122412254,105848034166,113730590863,173362498674,122970047129,123714473653,120129728134,114900726935,125402187379,111577217259,118178425519,104727022499,115916479757,126148806156,120614608036,113714908543,103663055087
111998109857,166739261477,141122152697,144065693703,139119585733,131016763374,111236163137,150465373041,131881482618,141013695359,132961320447,139532087798,116860053437,115895293171,113268340270,123960198026,106207233133,114125892295,173530561297,123272295326,123947138818,120451356276,115765473301,125523839019,112314854032,118775211623,104912864264,116151364468,126285211911,120877131270,114087528731,103796808577
112150794273,167360803802,141264393574,144698462786,139296922872,131154739276,111626188340,150568252265,131976131548,141264570275,133160426464,139756295378,116964509626,116125454144,113394021618,124647741352,106363260652,114367492375,173673552395,123618902025,124108759557,120885854949,116677644481,125670222865,112879366951,119096746981,105086402225,116436839871,126462558384,121109561757,114599812142,104492043163
112841518886,168530782534,141490346845,145108076334,139853871339,131780189144,111840758229,150798160140,132058565153,141936694520,133286896218,139970367178,117160320300,116259562570,113628186570,125036359363,106496701956,114628954730,173791763081,124050728602,124348800302,121475844145,116875133648,125776349672,113151702360,119251981131,105209251594,116713557758,126911554000,121315402666,114846218015,104602035934
113002972452,168924264253,141763008147,145314075837,140588871919,132549276167,112178734383,150957164294,132860631924,142390804336,133358629955,140292053919,117303529644,116972102041,113875419955,125214767217,106644375312,114879412851,173883980039,124289646024,124571660745,121686540579,117004054301,125995625771,113274613396,119811895491,105433068132,116985128884,127067077813,121495334436,115026178428,104731231578
113215247744,170740381264,141902835420,145433519480,141011685817,132811507494,112421745912,151171441833,133734988690,142776361742,133621628937,140480624803,117505032263,117472931413,114529831813,125928692395,106872803926,115093679829,174138099143,124811933113,124873230203,121795108732,117096586978,126274696588,113413760266,120303288682,105485759420,117141048607,127256856223,121865086887,115172422014,104863730000
113327260629,170922943050,142001087429,145794310849,141136465415,133243187796,112630525026,151445288782,134593800928,143124026762,133770671776,140550341204,117572586502,117815086063,114939204688,126265577484,107290262452,115339098294,174558828641,125060355172,125095829213,122031261460,117352599797,126461150872,113606664905,121023781001,105643898527,117841407705,127445735086,122106258370,115314318449,104996953647
113430668038,172554832343,142309403538,146332639419,141330611399,133645266220,112802530347,151644359242,135169480820,143558146538,133983599473,141118825265,117704776627,118081490108,115055699560,126454590183,107618865517,115433542252,175084791587,125328032572,125641925483,122183618207,117679603421,126742204424,113848726612,121310703215,105880332537,118662610261,127600012904,122428823456,115430551486,105118649587
113768617005,172906798525,142576911563,146603081139,141908145272,134018487693,113164568192,151836141601,135533651142,143921271808,134292741802,141820851992,117735270115,118422956791,115217145718,127042711405,107836719867,115479787472,175224999813,125454680284,126040544516,122458347418,117796249618,126991255232,114094686846,121521337697,106000084419,119119485920,127745067752,122865917013,115656009373,105307889628
114016276307,174410661389,142723421960,147121031503,142328599141,134264040823,113373346762,152266478274,136415878867,144498857209,134875963348,142536489313,118199888083,118598138038,115451544556,127478863841,107929734847,115646250450,175363214856,125812765767,126112513276,122630154669,117886241935,127279645449,114464572577,121655313173,106083397984,119231603103,127944432407,123088367342,115799505764,105434017674
114259216800,175425961155,142950262270,147350733995,142657517318,134677091686,113562314141,152703165438,136932222915,145213394907,135304055345,143115845353,118579297618,119010707275,116050321714,127802206736,108257357549,115681432189,175569250020,125993180089,126308536701,122784328943,117952436256,127606333099,114545358080,121975218736,106162214349,119451869517,128135753953,123333475201,116115945199,105567389233
114484925671,176519977025,143188446917,147446612722,142890831248,135336702317,113783595939,152896764330,137322538766,146049958260,135644822918,143292235556,118997270160,119159264431,116294033559,128310091830,108954241089,116097217811,175650453415,126234456216,127131446885,122809638413,118039704660,127951765286,114754117678,122266998914,106290054224,119722719081,128325433635,123452546998,116239687197,105666933677
114676687766,176905294606,143561984514,147529948814,143096561836,135455160794,114095671794,153325648484,138197533452,146629302867,135804899089,143866056810,119191415776,119570549218,116544763684,128486013584,109352133677,116254001422,175782399655,126976089413,127915770640,122893228239,118080180172,128014424874,114853136861,122609423375,106387317758,120146715109,128633225262,123613416527,116392242090,105767627576
114817574526,178729241906,143674300780,147868348401,143251418920,135631188096,114301491065,153360976221,139079983776,146760963701,135913894810,144084268869,119563778197,119911069706,116902976289,129256565288,109654921612,116658557231,175951526117,127702609203,128433251372,123423363027,118662927023,128091619089,115213746477,122707881064,106511058553,120476830208,128693601035,123744236312,116606815719,105846694804
114990870310,179636419834,143808235755,148113884841,143577831952,136036489142,114626357221,153609464260,139951421139,146933596027,136154405809,144288553148,119742700177,120098108773,117066354727,129633164339,109906392671,117213062911,176392575068,128323723887,128742879231,124133013776,119452280288,128350341861,115377682730,122829243552,106584871768,120652849737,128903576897,123956925127,116716389124,105959996178
115119579424,180423902164,144107865254,148434012562,143696709988,136407870080,114788998863,153993762003,140831817103,147017894367,136319718296,144558464921,119889571097,120251862812,117149110920,129923607700,110061143170,118034194405,176667420628,128486010338,129146653840,124488340723,119907837729,128570312420,116046121122,123306423358,106730040865,120870985413,129114983743,124121705542,117033344270,106081994757
115262443149,181733494228,144229467322,148600949370,143935296535,136796153271,114997340416,154718134647,141410330218,147199436278,136517286896,144647978361,120034639366,120293641239,117530827845,130311563386,110252938222,118707458994,176928578937,129017644079,129387615411,124648485450,120130117021,128663847277,116830008617,123983287463,107026836483,121023569145,129418422354,124248208455,117322283470,106181512896
115660588466,182723733810,144498564433,148828269057,144169692692,137205176819,115376684574,155244007014,141513759712,147721387350,136637894003,145057777201,120175000581,120420327431,118069592506,130606433014,110474506912,118871193487,177040444362,129673627762,129609472127,124790252613,120645801124,128895142013,117064691819,124145299385,107465262281,121247013046,129731081388,124338364311,117558616329,106575688212
115873453449,183747577864,144749082199,148997850219,144343589825,137448808828,115623456432,155987175623,141952336133,147992942772,137094877226,145155106104,120526539453,120623819991,118258104747,130832629148,110696637669,119112808717,177157310533,130295863918,129838659117,124997422140,121520553016,129126815871,117197081216,124319335883,107631572399,121701036105,130015178412,124735104840,117725877371,106733002191
115983738914,184387545721,145008934535,149703909526,144471532899,137718946222,115979940795,156185045633,142190594504,148319267176,137360828391,145758141970,120730032160,120861777063,118433007774,131159002255,110846706270,119273726667,177355876232,130689579014,130168793584,125076536442,122389330829,129445578283,117795360577,124811256107,107818182091,121842567567,130420313836,124892938320,117902983752,106883425425
116243364532,185763488712,145234984369,149987694944,144907891655,137921926908,116229435073,156509573006,142447205277,148632683442,137506168948,146351978187,121015519846,121696555302,118730526834,131510915858,111074456862,119394557457,177549770279,130935137630,130355381040,125171637737,122728615689,129552576099,118043499356,124972477963,108219719771,122402208003,131004698511,125060737677,118111874183,107137406399
116597546396,186721498457,145365779453,150191148038,145781839028,138313102382,116460570242,156625027804,142572164940,148843666269,137574347593,146480564124,121093009771,121921356611,118961955704,131986112234,111357522940,119990728269,177715441890,131237097477,130658135660,125268934982,123071889371,130119817977,118235803573,125204268246,108463078245,122572785791,131805224784,125175589765,118410157804,107599150555
116742044598,187238938931,145808005929,150956559312,146617565029,138732184038,116913546177,156867601345,142981073257,149088093412,137858103276,146613852459,121145692882,122135631639,119125187475,132196721531,111447522909,120070247668,177860215440,131969402139,130962635845,125388243892,123352283396,130474718184,118495041851,125557356117,108797206958,122699756319,131928586957,125395508011,118665259563,107769929692
116907015342,188481399997,145978057570,151131451688,147400143040,139569802791,117186374782,157263682915,143621884122,149523598361,138537197705,147031042969,121311028328,122241122808,119259777379,132728108581,111600654383,120128483686,178023571899,132680954574,131103280477,125541592141,123508796813,130763904216,118646671016,125637617100,109058328635,122761750428,132193426723,125488093250,118882495705,107857431009
117122282429,189845647448,146235218946,151396472363,147882370270,140139628880,117470077694,157902031156,144102479834,149753205902,138871471045,147573193412,121862818728,122428986356,119540968475,132971181564,111887603251,120344494397,178222520965,133412681672,131240269302,125674294150,123736580034,130903470793,118762808967,125761943295,109279047836,123071909011,132273860300,125637086834,118961409878,107942494558
117243649770,190720364457,146484453101,151477889553,148133396437,140452059382,117711687315,158725656630,144250586459,149880399383,139226942303,147766932720,122254964415,122706788867,119760057457,133229321514,112353026931,120824912020,178489932143,133807030467,131481754486,125795679459,123852870057,131571235423,119616080887,126223456435,109480292777,123197900042,132514307523,125733539543,119138586453,108020977253
117392487389,191781737728,146736597905,151617099625,148354145543,140649060634,117893433393,158891599732,144420018429,150145017362,139371243880,148374875659,122376087932,122899261590,120064713810,133489018894,112577900786,121067561603,178822077205,134301689547,131914118803,126006599260,124053524459,132190903958,120497584051,126734096268,109611596314,123469964347,132829367399,125918864519,119311503535,108230033519
117566523899,192378453427,147879404211,151799806129,148490652378,140899151383,118198973138,158998634780,144756070681,150521178165,139603142902,149204633329,122601771011,123704299755,120372895988,133887060202,112875032050,121268288573,179111416942,134531258002,132263236165,126126114057,124266134733,132570050453,121419632117,127333172207,109767462199,123749317286,133017082729,126104552033,119531704702,108367357444
117676054207,192845689496,148179958611,152060629012,148803617073,141048261197,118363533823,159130987794,145100845039,150742065345,139959460225,149542500446,122780368815,124167717147,120882052399,134926792647,112965236715,121801297070,179444539085,135076355887,132991661147,126328561577,124383315101,132936463113,122144008352,127607968910,110135003884,124046080590,133190944839,126548001563,119633887169,108543644768
117850685236,193162308011,148392646506,152416118150,149107116786,141459385550,118730355430,159533502901,145286696382,151042281328,140457629836,149723477136,122934981326,124449388004,121188278801,135870392636,113033207714,121973432222,179630030371,135501063754,133180946068,126747344364,124576182720,133210524271,122927339982,127842080344,110386981172,124395060808,133914515321,126652329488,119804355181,108802010849
117984712274,193349857174,148620946464,152530519116,149197373218,141725862381,119440021479,159689803497,145496275637,151327252054,141383839828,150274442586,123142842469,124889971418,121704311099,136894355123,113169793850,122499713273,179883228477,135698001206,133283945480,127175492988,124822760150,133493495913,123115724312,128067838143,110507880583,124517896675,134738692612,126871978254,120075438702,109000825693
118208042267,194060903035,148748584587,152629981206,149242260273,141813153632,119524767323,159853473727,145615654206,151593017701,141628655998,150497694217,123282858564,125605343224,122040059326,137886327377,113790829232,122883109499,180101906856,136383862074,133372853716,127442634484,125297223225,133694528506,123471441363,128370354577,110836402782,124721799026,135436589289,127322480411,120334688390,109127929965
118921710216,194567492862,148810757991,153044195415,149310669903,142134353014,119655090548,160383265859,145690245847,151887710332,141644643981,150688797749,123341654912,125818946091,122277254983,138877604760,114164169584,123224502126,180264067510,137132625690,133603836589,127767006779,125571211219,134015751439,124362950494,128779632122,111212882030,124980312053,135737508174,127479952746,120535238932,109315546338
119086672941,194809011953,149005730566,153155902619,149631527036,142370800085,119774860097,161001351830,145888619229,152173484202,142089983005,150853216634,123837005187,126156495658,122826977237,139869334497,114462895848,123487469007,180337085944,137987849874,133752519289,128073074462,125879506391,134597553119,125253853780,128857705889,111378342075,125163172588,135928217506,127574754029,120872426135,109386838585
119303881723,195129593333,149257798811,153428758642,149986602953,142604257831,120012310140,161150760572,145961211926,152807606916,142157493057,150905811822,124120240077,126470455899,123287701497,140893302872,114661555486,123642919762,180755937275,138794072145,134116494661,128333018540,126295148839,135343572541,126169639130,128993333429,111680694055,125283417743,136037606868,127740913348,121174050235,109506542194
119442360402,195343124389,150014951039,154201438971,150254987388,142892954379,120453535302,161325933215,146489746555,153070477110,142483622938,151060404853,124336170110,127019506659,123545081602,141739965325,114890262249,123941907325,180792673183,139078919243,134316993310,129175529254,126415215776,136041206543,127047624461,129045624665,111848974451,125364416206,136200500265,127923307718,121522994051,109588923888
119545929482,195525358792,150281885121,155007480311,150632327037,143406513145,120965551746,161483917355,146761834085,153208522745,142867752108,151296130681,124452501882,127316486126,123787466984,141925511320,115624697411,124149825416,180969088397,139604479129,134366215360,129404739648,126502825859,136529466736,127702424735,129350201752,112358630312,126149537317,136323899657,128091835145,121750605290,109706937007
119635925696,195879509611,150349661327,155197565787,150892860386,144051699326,121208719040,161929001621,146971706781,153678383520,143059988733,151633358759,124613185605,128465253235,123932416487,142300214245,116004852115,124350618752,181626757298,139818397468,134854072673,129774761183,126825993355,136766091082,128070507752,129643909744,112928724653,126573936947,136423281171,128427623529,121945624110,109886490800
119765546436,196036079891,150483866243,155248822107,151089635440,144685178791,121891007834,162235846364,147373204622,153800615445,143266983163,152111142544,124690755179,129296878481,124183091382,142464122637,116180683818,124414344528,181842212840,140129937826,135426556535,130533710278,127166347761,137035227884,128452160343,130018987101,113192357206,126759152161,136821553491,129258921041,122025627526,109992694967
120025341861,196290891057,150934443411,155730061206,151205074062,145100884918,121950653419,162736229788,148264884585,154124093969,143388162928,152268347677,124777870870,130175268070,124271321035,142752087143,116480421106,124535120637,181928862436,140264761523,135871879906,131074389021,127436662700,137265773799,128688744205,130564581630,113443738915,126955724753,137167456193,129742217307,122604961438,110102051800
120453335862,196534005424,151744328534,155793102145,151574116864,145268200494,122177233730,163576636707,149173612176,154712637456,143479271966,152642643251,124993320577,131312554145,124312465728,143025862383,117187713959,125088393883,182115488980,140343208911,136024270818,131247216660,127597113944,137454124629,129010327003,130832920098,113687855874,127048545432,137369916782,129859859635,122818386438,110253513313
120653617947,196677572443,152015487060,155977388065,152386491615,145327979647,122485221949,164156158854,150052810860,155424963603,143624345004,152871189503,125210311613,132304502188,124383816513,143403892661,117262768435,125571826092,182417562544,140804798762,136302246401,131661590708,127754454442,137797032083,129209038821,131000433594,113900669872,127245596168,137505041064,129954898789,123265165193,110382413381
120898284571,197163910200,152355210542,156070605751,153066932406,145454957182,122884807095,164392102719,150235925169,156077143952,144387162751,153062630924,125583220966,133295730765,124626264374,144071900416,117462375874,125684181309,182680539240,141565131682,136417650036,131915449903,127986896698,138043879552,129416231484,131133348564,113995557157,127505474872,137680106619,130072222940,123599383986,110699898917
121137367310,197909426479,152556189048,156119875804,153241099343,145684636547,123043230830,164665569010,150670840963,156157040077,144830457460,153198401260,126409161759,133894181598,124930858285,144802520303,117878414664,125940536282,182973902251,142327964041,136639798790,132075368620,128724417781,138262524092,129648801831,131433077566,114260419314,128107221168,137932557589,130167994932,123713279549,110821408293
121358993056,198279906938,152696390612,156375474674,153662208548,145928362711,123151078786,165045529587,150894225336,156375713419,145659965473,153480686501,126587612078,134299005049,125091749620,144876783824,118164937603,126563803582,183294979683,142920094034,137548329420,132535714305,128991381299,138529535507,129938468856,131731602880,114378834987,128220888248,138095797690,130304368123,123856798588,111823497475