76138527,539962476,156566024,97572378,188074373,106538095,126934341,99176338,165391300,105941778,129089579,103681885,89689937,95662952,171790035,92963822,105407466,84296050,112045125,80037188,98625949,93534682,138953786,86693128,70661463,78092341,81378679,76869413,73410433,173953990,71349583,451417531
76138995,540005722,156597293,97574300,188109208,106538098,126945860,99176407,165416442,105941848,129097855,103681950,89690497,95663017,171838160,92963824,105407704,84296113,112056967,80037251,98637429,93534809,138986551,86693319,70661661,78092352,81379637,76869431,73412007,173954506,71354606,451417944
76139329,540052530,156635189,97576092,188153230,106538098,126960246,99176471,165447604,105941914,129107402,103682014,89691040,95663084,171895461,92963825,105407901,84296176,112074225,80037314,98651509,93534914,139029214,86693451,70661785,78092362,81379842,76869434,73412095,173955096,71355626,451418381
76139671,540097477,156671861,97577798,188197623,106538099,126975065,99176541,165478606,105941984,129116871,103682080,89691277,95663157,171954525,92963829,105408088,84296238,112091179,80037376,98665233,93535034,139074864,86693642,70661908,78092386,81379962,76869448,73412174,173955550,71355872,451418951
76140006,540142085,156708016,97579574,188242722,106538100,126989831,99176613,165509317,105942054,129125842,103682156,89691939,95663228,172013726,92963830,105408271,84296307,112107302,80037440,98679237,93535159,139120038,86693646,70662030,78092521,81380053,76869458,73412265,173956043,71356554,451419472
76140353,540185499,156744235,97581432,188286068,106538130,127004168,99176814,165538919,105942182,129134650,103682236,89692363,95663364,172073221,92963889,105408487,84296448,112122916,80037521,98694063,93535240,139166478,86693738,70662197,78092802,81380177,76869541,73412333,173956509,71357009,451420036
76140699,540228877,156781004,97583278,188325949,106538135,127017094,99176881,165567868,105942246,129144386,103682301,89692942,95663451,172130940,92963892,105408668,84296512,112139252,80037584,98709120,93535303,139211878,86693791,70662320,78093065,81380269,76869548,73412395,173956942,71357910,451420597
76141084,540274403,156819324,97584992,188368711,106538150,127031222,99176951,165597078,105942315,129155357,103682370,89693550,95663519,172186468,92963895,105408850,84296575,112155038,80037648,98723852,93535366,139253944,86693998,70662447,78093504,81380352,76869565,73412475,173957442,71358479,451421169
76141445,540319256,156856732,97586636,188411455,106538153,127045302,99177021,165626060,105942384,129165768,103682435,89693963,95663598,172243144,92963901,105409075,84296641,112170691,80037712,98738162,93535430,139296988,86694167,70662565,78094097,81380455,76869575,73412582,173958032,71359212,451421622
76141790,540365412,156895319,97588269,188457017,106538159,127060305,99177086,165656417,105942451,129176112,103682500,89694417,95663679,172298870,92963901,105409271,84296703,112186224,80037774,98752996,93535493,139338473,86694237,70662686,78094640,81380556,76869578,73412650,173958529,71359671,451422194
76142134,540410894,156932737,97590029,188501187,106538161,127074906,99177151,165685802,105942516,129185721,103682568,89695012,95663734,172354074,92963902,105409488,84296777,112201553,80037838,98767675,93535555,139379364,86694514,70662818,78095182,81380675,76869587,73412714,173959093,71360494,451422674
76142488,540455285,156969104,97591821,188545828,106538167,127089702,99177221,165716804,105942583,129194908,103682636,89695587,95663812,172413504,92963906,105409677,84296844,112218454,80037901,98781627,93535618,139424649,86694570,70662952,78095407,81380786,76869597,73412783,173959658,71361432,451423129
76142842,540502216,157007599,97593468,188592199,106538170,127105027,99177291,165747386,105942649,129204734,103682714,89696151,95663897,172469736,92963912,105409882,84296909,112234071,80037965,98796286,93535682,139465886,86694669,70663070,78095887,81380871,76869610,73412851,173960284,71362085,451423596
76143217,540546168,157045110,97595161,188635350,106538179,127119344,99177361,165778012,105942714,129214012,103682781,89696615,95663977,172526292,92963919,105410087,84296973,112251227,80038029,98811625,93535745,139508866,86694740,70663187,78096319,81380974,76869624,73412946,173960865,71362638,451424053
76143692,540591959,157083786,97596825,188681748,106538184,127134787,99177426,165811205,105942776,129223492,103682846,89697025,95664048,172584613,92963919,105410277,84297036,112269941,80038091,98826811,93535808,139552681,86694862,70663314,78096847,81381053,76869646,73413155,173961412,71363323,451424569
76144069,540636777,157121159,97598520,188725422,106538203,127149476,99177567,165840198,105942869,129233596,103682963,89697611,95664136,172637827,92963949,105410499,84297127,112285193,80038167,98841255,93535902,139591856,86694945,70663492,78097185,81381146,76869675,73413238,173962072,71364024,451425018
76144439,540680033,157156125,97600278,188769197,106538222,127163832,99177634,165870885,105942936,129242227,103683026,89698146,95664214,172697122,92963954,105410697,84297194,112301929,80038231,98854214,93535968,139637416,86694998,70663648,78097607,81381282,76869691,73413375,173962636,71364729,451425476
76144846,540726629,157194346,97601949,188815387,106538233,127179126,99177703,165900803,105943002,129252517,103683092,89698627,95664278,172755320,92963955,105410868,84297257,112316923,80038294,98868247,93536031,139681119,86695206,70663766,78098105,81381335,76869702,73413455,173963240,71365215,451425969
76145257,540771816,157231859,97603608,188859166,106538301,127193877,99177807,165929568,105943075,129262754,103683160,89699099,95664301,172810022,92963963,105411084,84297382,112331627,80038362,98882803,93536096,139721792,86695263,70663886,78098532,81381394,76869728,73413544,173963832,71365927,451426491
76145630,540816880,157269620,97605469,188902304,106538321,127208201,99177878,165959560,105943140,129272736,103683224,89699539,95664303,172869784,92963964,105411273,84297518,112348205,80038425,98897836,93536159,139768189,86695329,70664000,78098715,81381457,76869739,73413625,173964335,71366522,451427011
76145986,540864754,157306989,97607274,188947187,106538346,127222917,99177962,165990406,105943211,129282369,103683290,89700229,95664308,172927782,92963970,105411478,84297662,112364672,80038535,98912146,93536224,139811689,86695446,70664149,78099120,81381565,76869788,73413712,173964936,71367391,451427467
76146355,540911360,157345646,97608929,188991750,106538366,127237659,99178035,166021939,105943277,129292829,103683358,89700673,95664309,172985806,92963970,105411700,84297812,112381933,80038599,98927302,93536287,139855702,86695513,70664276,78099294,81381656,76869802,73413804,173965489,71367901,451427971
76146714,540958046,157385258,97610438,189036346,106538387,127252166,99178105,166051623,105943343,129303887,103683423,89701142,95664316,173040732,92963973,105411898,84297953,112397265,80038662,98943103,93536350,139895785,86695664,70664415,78099769,81381726,76869815,73413901,173965976,71368669,451428576
76147097,541002703,157422813,97612131,189081188,106538432,127267053,99178208,166081520,105943414,129313348,103683491,89701608,95664319,173101044,92963980,105412107,84298073,112412773,80038726,98957714,93536415,139941902,86695772,70664532,78100098,81381777,76869846,73414009,173966599,71369125,451429029
76147466,541046521,157459658,97613911,189125025,106538450,127281695,99178279,166111001,105943479,129322560,103683557,89702053,95664323,173165516,92963980,105412299,84298212,112428309,80038789,98972169,93536478,139992984,86695855,70664668,78100524,81381849,76869858,73414114,173967140,71369736,451429502
76147851,541091768,157496823,97615568,189168995,106538470,127296275,99178358,166141601,105943607,129332246,103683652,89702355,95664354,173220613,92963999,105412488,84298361,112445081,80038866,98986543,93536559,140034019,86695940,70664820,78100615,81381935,76869893,73414212,173967845,71370098,451429856
76148216,541137447,157535457,97617344,189212371,106538476,127310844,99178426,166172082,105943670,129343141,103683715,89702964,95664359,173279210,92964005,105412699,84298509,112461937,80038931,99001586,93536623,140079546,86695999,70664943,78100863,81382021,76869906,73414298,173968377,71370474,451430395
76148612,541181143,157572182,97619166,189256283,106538484,127325355,99178497,166201719,105943737,129352271,103683784,89703379,95664362,173339609,92964032,105412886,84298647,112477525,80038996,99016119,93536688,140126681,86696102,70665062,78101268,81382074,76869925,73414415,173969027,71370962,451430746
76149005,541230847,157610719,97621007,189301240,106538491,127340232,99178567,166233075,105943802,129362470,103683850,89703887,95664367,173399630,92964035,105413077,84298799,112494692,80039059,99031042,93536753,140172665,86696223,70665187,78101735,81382130,76869938,73414477,173969618,71371550,451431229
76149393,541275452,157647252,97622674,189346255,106538496,127355075,99178637,166264525,105943872,129371417,103683915,89704232,95664371,173460449,92964038,105413274,84298938,112511868,80039122,99044775,93536824,140219259,86696290,70665307,78102024,81382176,76869952,73414530,173970046,71371833,451431822
76149783,541320019,157684177,97624389,189391552,106538505,127369983,99178706,166296638,105943936,129380560,103683977,89704692,95664376,173517422,92964042,105413473,84299081,112529701,80039184,99058779,93536888,140262061,86696356,70665457,78102330,81382246,76869965,73414586,173970648,71372280,451432265
76150156,541363956,157721617,97626280,189434115,106538513,127384077,99178777,166325524,105944005,129390573,103684043,89705169,95664378,173574206,92964046,105413669,84299223,112544940,80039248,99073582,93536954,140304921,86696429,70665577,78102617,81382338,76869979,73414732,173971091,71373019,451432862
76150524,541409179,157761021,97627948,189477250,106538518,127398438,99178853,166355298,105944069,129401187,103684116,89705598,95664381,173631316,92964047,105413868,84299349,112561031,80039311,99089833,93537018,140348657,86696514,70665695,78102624,81382392,76870116,73414813,173971547,71373457,451433461
76150897,541454880,157797768,97629699,189521848,106538526,127413033,99178948,166386124,105944135,129410556,103684179,89706084,95664389,173690917,92964050,105414051,84299485,112577686,80039374,99103796,93537081,140394231,86696576,70665816,78102628,81382438,76870192,73414909,173972054,71373924,451433969
76151256,541499489,157834513,97631463,189565980,106538533,127427702,99179018,166416982,105944200,129420152,103684247,89706645,95664394,173746052,92964050,105414236,84299628,112594313,80039437,99117597,93537145,140434721,86696640,70665944,78102628,81382507,76870272,73414968,173972514,71374633,451434552
76151625,541542913,157871604,97633104,189608646,106538687,127441864,99179101,166445531,105944286,129430056,103684329,89707303,95664419,173803315,92964080,105414430,84299774,112609133,80039518,99132326,93537284,140478304,86696762,70666076,78102691,81382610,76870334,73415061,173973091,71375468,451435059
76151963,541590754,157911112,97634674,189654297,106538768,127457149,99179686,166476641,105944351,129440397,103684455,89707926,95664423,173861278,92964085,105414601,84299836,112625575,80039581,99147849,93537347,140521267,86697074,70666190,78102693,81382713,76870343,73415118,173973571,71376131,451435667
76152339,541635607,157949186,97636439,189698386,106538792,127471819,99179840,166506556,105944990,129450005,103684593,89708224,95664427,173920186,92964088,105414799,84299899,112641419,80039644,99163276,93537409,140566324,86697339,70666310,78102697,81382798,76870365,73415179,173974098,71376569,451436154
76152692,541680855,157986537,97638039,189744578,106538812,127487008,99179924,166538316,105945296,129459758,103684724,89708682,95664433,173977012,92964093,105414982,84299963,112658165,80039707,99176931,93537472,140608306,86697405,70666428,78102700,81382880,76870375,73415252,173974474,71376992,451436833
76153039,541729879,158025590,97639765,189789210,106538833,127501929,99180006,166569836,105945702,129469904,103684864,89709159,95664438,174036767,92964097,105415177,84300028,112675883,80039771,99192140,93537542,140654390,86697494,70666545,78102706,81382927,76870384,73415315,173975096,71377304,451437267
76153408,541775295,158062320,97641471,189832708,106538856,127516277,99180105,166599951,105945818,129479714,103685173,89709474,95664443,174092333,92964100,105415359,84300104,112692103,80039834,99206798,93537606,140695686,86697562,70666683,78102707,81383016,76870391,73415384,173975499,71377722,451437882
76153792,541823119,158101010,97642944,189879449,106538874,127531741,99180226,166629631,105945890,129490486,103685374,89710038,95664451,174145953,92964100,105415550,84300170,112706491,80039904,99220953,93537669,140734033,86697631,70666801,78102710,81383088,76870402,73415435,173976059,71378249,451438435
76154227,541870766,158139334,97644502,189925189,106538898,127547053,99180310,166660154,105945958,129500524,103685484,89710547,95664510,174202360,92964107,105415774,84300233,112722141,80039971,99235428,93537732,140774999,86697683,70666915,78102886,81383152,76870412,73415505,173976490,71378950,451439082
76154593,541916544,158177437,97646322,189970113,106538923,127562094,99180399,166691967,105946028,129510420,103685562,89710922,95664579,174261581,92964116,105416004,84300300,112739886,80040035,99250226,93537795,140819950,86697745,70667045,78103129,81383210,76870428,73415581,173976973,71379454,451439646
76154959,541961660,158215840,97648125,190013459,106538931,127576337,99180476,166723467,105946096,129519916,103685692,89711418,95664586,174318687,92964118,105416269,84300364,112757869,80040098,99266232,93537858,140863135,86697816,70667186,78103343,81383262,76870442,73415643,173977542,71380042,451440098
76155385,542007577,158255153,97649778,190057486,106538954,127590928,99180567,166752560,105946198,129530387,103685816,89712001,95664650,174373754,92964161,105416590,84300458,112772749,80040174,99281728,93537941,140903523,86697874,70667338,78103472,81383355,76870709,73415719,173978117,71380710,451440640
76155725,542054710,158295111,97651496,190102809,106538959,127606175,99180644,166782925,105946267,129541325,103685882,89712361,95664739,174428909,92964166,105416788,84300523,112788683,80040236,99297931,93538005,140944326,86697877,70667462,78103523,81383477,76870954,73415872,173978784,71381133,451441066
76156163,542100513,158332306,97653245,190146535,106538964,127620652,99180722,166813430,105946336,129551218,103685948,89712819,95664826,174485665,92964185,105416976,84300593,112805518,80040300,99312153,93538070,140986865,86697880,70667580,78103735,81383539,76871424,73415943,173979382,71381624,451441518
76156522,542147254,158372898,97654879,190189987,106538969,127635012,99180799,166843007,105946418,129562203,103686018,89713378,95664926,174540220,92964208,105417168,84300661,112821263,80040363,99328799,93538137,141027380,86697883,70667706,78103788,81383600,76871642,73416055,173979862,71382094,451442125
76156890,542193765,158410613,97656627,190232883,106538972,127649270,99180880,166872762,105946488,129572680,103686085,89713913,95665003,174598327,92964231,105417377,84300730,112837450,80040428,99343592,93538200,141071696,86697883,70667828,78103858,81383659,76871900,73416258,173980382,71382768,451442644
76157321,542237785,158446171,97658450,190276719,106538980,127663820,99180952,166902970,105946561,129581449,103686149,89714327,95665078,174658461,92964251,105417572,84300797,112853787,80040493,99357171,93538263,141117492,86697889,70667968,78103909,81383718,76872169,73416331,173980939,71383492,451443094
76157679,542283453,158484568,97660218,190318808,106538983,127677558,99181023,166932506,105946631,129592515,103686219,89714685,95665150,174714901,92964266,105417767,84300866,112870069,80040556,99372069,93538330,141160372,86697891,70668096,78104220,81383886,76872184,73416402,173982151,71383991,451443589
76158071,542329319,158521877,97662117,190363592,106538991,127692239,99181115,166962698,105946699,129602014,103686283,89715336,95665201,174773208,92964283,105417965,84300935,112886164,80040620,99386102,93538392,141204198,86697894,70668221,78104274,81383972,76872198,73416459,173982663,71384830,451444317
76158442,542374875,158559253,97663921,190408223,106538993,127707112,99181189,166993808,105946773,129611712,103686349,89715692,95665203,174830044,92964301,105418163,84301005,112903240,80040683,99400347,93538455,141246981,86697895,70668437,78104280,81384035,76872255,73416518,173983211,71385167,451445017
76158821,542420892,158596682,97665716,190452191,106538999,127721628,99181308,167025301,105946843,129621617,103686416,89716035,95665206,174887852,92964316,105418379,84301074,112920642,80040746,99414622,93538518,141290415,86697897,70668572,78104280,81384096,76872315,73416593,173983939,71385459,451445606
76159202,542465530,158633561,97667563,190493612,106539035,127735174,99181467,167054333,105946936,129631311,103686490,89716342,95665230,174944839,92964346,105418582,84301167,112936444,80040827,99429521,93538602,141334018,86697924,70668757,78104313,81384172,76872449,73416659,173984639,71385842,451446110
76159566,542511553,158672001,97669358,190539191,106539042,127750481,99181765,167085816,105947003,129640859,103686554,89716723,95665234,175002954,92964359,105418812,84301235,112953600,80040889,99444513,93538665,141377668,86697927,70668871,78104313,81384232,76872472,73416768,173985222,71386376,451446744
76160010,542558570,158713289,97670996,190584006,106539049,127765381,99182142,167116285,105947097,129651817,103686617,89717092,95665238,175059892,92964362,105419003,84301299,112969876,80040952,99461576,93538728,141420373,86697928,70668993,78104317,81384318,76872480,73416818,173985722,71386814,451447436
76160373,542604976,158751929,97672696,190629675,106539068,127780449,99182502,167146995,105947629,129662038,103686699,89717812,95665244,175116435,92964368,105419224,84301364,112985752,80041015,99476500,93538791,141461789,86697931,70669123,78104320,81384392,76872491,73416873,173986218,71387372,451448024
76160756,542650387,158789248,97674414,190674818,106539075,127795392,99182576,167179154,105947821,129671360,103687152,89718394,95665251,175172877,92964374,105419412,84301428,113003742,80041080,99491139,93538856,141503626,86697932,70669284,78104322,81384464,76872498,73416951,173986693,71387800,451448581