829,54658,33279,3892,37114,5,12829,137,26945,141,9142,132,700,130,50107,4,301,126,12995,126,12753,226,34772,260,342,22,1171,35,1764,1032,5655,829
650,61210,39869,3634,45988,0,15680,128,32658,132,10371,130,658,136,58519,2,261,128,19335,128,15565,248,44532,139,256,20,290,6,153,1176,1244,878
663,59393,38675,3494,46599,2,16196,144,32866,146,10342,136,341,147,61782,10,245,130,19307,126,15701,252,48646,296,234,150,206,28,166,892,413,1179
657,59826,38941,3467,47606,2,16269,142,32267,138,10213,145,802,147,59433,0,265,136,18063,130,16431,158,45773,106,241,272,156,26,145,1024,850,1052
673,57251,38262,3886,44940,66,15504,400,31014,254,9681,161,618,267,62505,116,272,282,17913,158,16924,161,49832,157,323,536,243,163,142,956,882,1119
668,57022,38565,3676,42468,6,14328,136,30691,130,10567,136,666,177,58132,6,235,128,18569,128,16985,128,46151,128,242,551,151,12,127,833,918,1162
747,60447,40198,3488,45180,26,15558,144,30937,140,11942,138,734,144,58287,8,239,130,18062,130,16797,130,44911,416,245,880,152,36,150,963,735,1190
691,59928,40009,3339,44833,12,15370,141,31157,141,11679,129,558,156,58313,9,347,132,18273,128,16598,126,45156,336,234,1184,183,18,178,1284,963,836
658,61859,41046,3261,48637,4,16718,130,31969,134,11232,132,532,168,56696,0,258,128,17163,128,17115,128,42546,140,238,1084,181,8,133,921,692,1252
670,60319,39309,3593,45646,8,15764,132,30785,132,10814,142,792,114,56609,2,292,148,17540,128,16754,128,42748,530,257,1058,206,18,122,1155,1076,960
678,60037,38916,3612,47433,6,16339,145,32867,136,10017,131,592,158,60776,8,255,138,19048,130,16376,128,46846,138,261,478,217,22,138,1225,981,848
713,61282,40321,3340,48132,17,16672,136,32203,132,10743,160,709,176,57647,11,268,130,17740,130,16687,128,43391,198,232,966,185,24,137,1259,823,921
704,59108,40276,3371,46165,7,16068,142,32887,132,10221,140,671,152,57449,13,265,128,19906,126,17447,128,43580,112,246,824,185,32,182,1181,979,931
872,60812,41469,3418,47811,11,16613,138,33992,128,11005,128,458,141,60562,0,265,130,20268,128,17896,126,46872,260,235,1073,152,43,331,1023,884,1148
710,58715,38579,3428,46201,52,16155,278,31381,181,10640,224,822,188,56288,61,309,185,17973,151,16088,187,42455,154,347,665,194,60,233,1429,770,775
720,57722,37258,3674,45816,26,15720,135,32153,134,9788,128,602,152,61716,6,263,132,18563,128,14831,132,48472,130,260,870,174,24,124,1153,1080,888
820,61005,39452,3469,47687,28,16571,146,30780,136,10787,142,580,120,57839,8,255,143,16672,134,15703,130,43403,399,249,980,116,26,162,1141,512,1047
736,61519,40506,3289,47287,105,16532,194,31243,144,11629,127,591,6,59231,8,271,272,17272,130,17351,130,45461,130,229,870,104,50,143,1040,743,1227
695,59900,40410,3661,46111,45,16064,172,32412,142,11101,130,686,12,58937,11,288,261,19244,140,17174,130,45461,114,246,344,182,24,167,1085,892,1018
689,61841,39619,3656,46342,45,15787,144,32569,132,10843,137,693,2,60796,2,259,272,18919,211,16640,128,46530,252,259,836,182,96,139,1359,1088,732
696,63046,42090,3223,46585,42,15984,146,31854,134,12119,133,641,9,56885,0,307,276,17933,128,18283,128,42642,139,253,344,166,30,192,956,834,1241
683,60015,40175,3261,46864,80,15920,169,31664,140,10875,133,511,5,59946,14,239,226,17987,128,17512,128,45734,357,258,1002,112,55,183,1012,702,1159
720,61104,40521,3387,47961,44,16818,176,32687,138,11222,133,662,14,61254,6,299,248,18359,128,16388,132,47398,144,257,592,114,32,210,1223,644,924
711,58737,39786,3493,45517,27,15569,144,30353,132,10679,139,461,1,64580,0,245,261,17210,128,17237,126,50813,154,252,840,134,20,178,1323,917,756
728,58985,38562,3491,45756,38,15796,154,32511,252,10125,181,598,57,57255,40,274,296,19390,155,16084,161,43610,168,295,176,167,70,190,1208,519,890
721,59893,39720,3658,45511,10,15898,140,31532,128,11425,127,654,7,62079,8,253,285,18551,134,16672,132,49613,126,232,512,116,26,160,1116,647,990
756,61942,40831,3628,48212,18,16580,144,33152,136,10701,139,455,16,60208,60,269,275,18950,128,17439,136,46398,212,249,816,117,42,184,1364,598,766
741,61396,39882,3603,46330,10,16030,140,32169,138,10731,131,718,3,62819,2,242,283,18719,128,16666,126,48768,236,242,928,94,22,124,1004,767,1091
728,60089,39006,3327,47929,14,16536,144,34222,138,9945,130,487,8,59549,9,239,273,20428,128,15792,144,45383,130,240,568,100,32,100,1056,501,1058
727,57578,38827,3715,46330,16,15798,138,32358,129,10159,128,549,5,59790,8,257,269,18914,126,15923,134,46249,138,256,626,163,24,180,972,743,1104
737,60410,41429,3610,45187,14,15681,160,31009,137,11809,138,542,4,59490,2,246,245,17721,130,18231,132,45788,184,238,472,122,132,145,1031,921,1105
715,58732,39710,3464,45054,14,15400,138,31486,128,11151,137,508,13,59527,8,255,278,18438,128,17332,128,46077,130,239,14,98,276,139,899,605,1176
731,59100,38016,3760,45452,12,15487,190,31901,137,10007,129,660,13,59055,0,243,263,18623,126,15859,128,45280,128,254,0,107,154,168,927,834,1107
685,61479,40238,3259,48355,112,16871,144,32921,132,10999,138,717,15,59046,0,234,255,18618,128,16399,136,44075,130,243,4,140,54,92,1068,948,1120
718,58838,40042,3255,45140,290,15649,175,30605,167,11360,180,904,38,57681,68,261,222,17252,166,17227,269,43932,242,250,125,244,122,205,1139,974,1081
661,60695,40673,3494,46547,104,16194,1248,32585,150,10566,268,518,6,61056,2,274,126,18934,126,17572,128,46985,618,236,2,171,36,100,944,655,1124
732,60745,40467,3328,48060,40,16628,236,32685,1337,10673,249,536,10,59001,16,209,130,18458,128,16934,128,44749,539,241,12,174,28,143,978,758,1151
675,59509,39385,3290,48803,42,16889,163,33466,624,10140,247,440,6,59020,2,251,128,19464,128,15727,126,44327,124,230,2,123,12,141,863,305,1234
718,63276,40561,3551,45649,42,15920,168,32209,799,11646,260,643,5,60272,10,285,134,18812,130,17546,144,46244,164,242,10,131,20,128,1122,785,984
690,61949,40683,3180,48009,44,16299,273,31444,165,11586,628,493,20,55882,2,264,158,16929,126,16995,128,40661,154,259,8,140,16,112,969,497,1224
869,62673,40493,3112,47580,38,16649,168,31422,146,11504,413,755,48,56390,8,265,128,17364,146,16126,126,41284,112,232,28,116,24,139,1098,1034,1110
691,61873,40861,3452,47948,50,16858,170,33618,138,10648,134,453,173,60301,18,309,132,19152,134,17486,128,45357,120,232,430,120,20,108,812,654,1325
739,60829,40814,3621,46642,27,16148,169,33198,139,11150,215,615,47,56877,5,393,132,19953,128,17565,130,42679,134,286,490,115,42,151,1274,780,864
713,59029,40178,3497,44670,48,15179,178,31357,198,10661,295,652,68,59658,81,373,188,18810,154,17685,166,45968,149,279,548,172,115,146,991,815,1139
747,62628,41926,3494,47801,6,16789,158,31609,139,12068,129,615,180,57094,7,400,132,17350,126,17727,130,42238,8,247,104,200,520,208,1383,493,840
758,60778,40445,3455,46907,12,16157,154,32317,142,10760,135,456,179,56202,21,242,133,18576,128,17629,126,41503,4,229,108,136,492,151,1093,681,1036
761,62357,42704,3350,45032,10,15603,162,31623,162,12512,135,626,172,56435,49,252,139,18760,130,18743,139,43055,8,248,422,116,936,144,1113,572,1099
693,61533,39984,3400,46741,8,16159,143,31460,145,11185,138,598,178,60244,44,241,138,17504,126,16618,129,45752,0,240,130,107,458,317,1029,884,1106
817,59583,39976,3612,46298,6,16110,170,32199,145,10796,130,588,160,60618,42,282,140,19095,136,17368,126,46395,12,272,112,132,488,169,1154,921,932
691,58816,38650,3834,43206,11,14772,142,30694,145,11142,137,613,144,58113,34,236,138,18317,128,15984,132,44436,2,258,130,220,468,140,1232,897,952
740,60120,39422,3665,46187,10,15705,145,31649,140,10610,133,671,147,61515,38,273,141,18357,130,16255,132,47836,8,257,598,152,34,123,2229,920,1110
693,60717,40299,3654,47195,10,16406,191,33058,147,11128,131,559,7,58071,36,267,136,19716,128,16827,126,43669,2,232,38,130,92,118,1124,719,1464
694,60636,38584,3703,46857,4,16079,188,32744,138,10070,137,487,2,58987,30,282,142,19211,126,15658,128,44709,4,368,0,108,128,138,1169,407,1421
773,59631,39710,3795,43654,74,14984,296,31623,184,11100,147,513,42,60307,56,294,180,18685,162,17238,163,46527,52,328,63,143,275,125,1785,611,983
712,59383,39664,3600,46408,14,16071,533,31524,138,10498,134,545,12,57557,35,319,138,18241,130,16592,130,43809,8,249,2,124,55,206,1138,740,1288
816,61621,43298,3388,47434,14,16503,779,32898,144,11746,128,433,8,58916,6,253,129,19295,126,19809,130,44742,2,239,8,151,16,102,867,463,1513
740,63454,42616,3288,48583,36,16761,714,32653,1075,11830,129,777,10,56902,12,278,132,18138,128,17769,126,41391,5,250,6,140,20,104,1062,804,1192
681,59422,38305,3643,46853,12,16261,172,33631,344,9723,854,818,14,60617,11,253,129,19936,132,16168,132,46256,0,282,2,143,14,133,903,672,1140
838,56082,37300,3465,42929,43,14767,150,29400,268,10196,773,899,106,53462,11,346,128,16941,130,15403,138,40966,16,431,4,222,18,320,1000,711,914
