31984771,71295392,112914407,32862971,115788915,34395425,55758328,32676290,89111661,30700364,69105979,32101030,51193138,30949268,139132852,31684083,32585375,54752592,67922689,33346604,62468559,73404318,146842511,34576331,32161128,66405754,58817779,32678385,32068446,30877388,32608259,26521463
31989491,71301645,112918911,32869046,115794391,34401560,55761674,32682825,89116222,30708496,69110906,32105870,51198085,30958965,139139844,31693525,32588919,54762756,67933410,33355183,62476115,73411384,146847437,34588011,32169769,66413035,58824606,32686099,32078803,30886121,32614801,26524853
31995935,71311728,112923612,32877295,115801002,34410835,55772311,32688349,89120922,30715084,69116816,32117003,51205986,30968188,139143764,31700844,32596702,54768462,67938982,33362362,62482989,73422023,146856171,34598851,32177963,66425246,58834560,32690335,32088320,30888362,32623186,26531489
32006065,71323103,112931873,32885677,115808912,34419929,55773841,32697473,89125731,30726260,69123936,32126103,51216642,30973907,139151549,31714110,32602781,54775701,67941516,33367947,62492764,73429269,146866457,34608307,32183726,66437152,58839141,32699850,32100746,30894934,32628282,26539393
32010124,71328782,112942150,32894988,115823906,34425390,55784989,32709081,89135136,30731706,69140330,32131680,51229892,30980237,139162503,31717997,32613807,54783954,67945759,33372297,62501790,73434207,146870957,34614862,32196289,66442160,58841235,32705829,32103895,30902852,32642941,26545689
32015637,71335190,112944191,32901241,115828662,34430417,55788549,32722742,89142447,30741040,69149657,32137051,51240300,30984228,139172402,31722190,32640185,54787505,67962282,33378090,62518870,73439589,146874083,34625315,32207294,66446189,58859686,32713720,32112168,30910107,32650439,26548784
32034969,71345085,112954158,32913429,115831639,34438903,55799334,32727827,89151567,30751245,69161785,32141779,51246545,30990976,139175996,31725886,32643257,54794043,67967228,33384235,62526105,73444445,146884959,34628416,32215021,66452353,58871328,32716745,32126201,30915585,32670783,26551599
32039952,71355240,112963353,32918893,115838441,34446018,55806979,32733344,89153874,30759693,69165802,32145013,51258528,30997445,139188004,31732291,32650388,54804525,67977985,33392564,62534096,73452919,146902339,34633128,32230886,66454445,58885435,32720797,32133317,30919410,32688969,26554772
32049820,71359286,112971344,32925349,115853533,34464464,55812362,32754725,89159311,30770082,69169440,32154667,51263707,31001188,139190518,31749258,32652767,54812522,67979573,33396951,62535956,73466492,146905503,34641004,32233002,66463276,58889444,32735153,32150740,30928756,32703958,26558892
32051618,71371268,112976939,32935876,115855855,34467533,55824329,32764135,89163122,30784805,69182050,32166402,51273633,31012026,139192296,31758645,32663562,54815635,67993256,33399260,62539577,73477319,146907976,34648529,32236888,66473726,58890860,32741084,32162851,30942270,32707557,26578344
32053571,71390954,112991098,32956340,115865809,34473962,55826154,32770347,89170934,30787718,69183595,32176061,51279265,31020494,139194053,31763457,32667986,54836275,68001109,33417025,62553051,73485341,146922948,34660188,32248716,66482563,58896601,32747005,32165954,30945040,32710390,26581118
32074983,71394165,112999756,32960750,115871527,34478276,55831173,32784563,89173550,30793346,69184987,32182911,51282393,31042092,139210761,31778928,32680376,54841118,68018029,33429279,62554685,73494421,146932414,34664584,32255673,66487377,58907573,32750334,32171993,30953921,32718080,26584527
32081076,71404338,113007335,32973098,115875650,34486664,55835353,32787470,89179896,30812120,69195673,32194224,51291487,31049626,139216112,31786197,32692028,54850690,68041126,33436857,62557935,73499663,146949404,34670023,32261161,66494770,58917361,32755358,32179309,30959363,32724517,26589917
32087283,71410040,113017217,32980693,115876752,34494556,55849123,32793453,89192784,30817670,69204423,32201980,51303168,31053117,139220584,31791006,32699884,54857952,68051743,33441208,62574657,73506345,146956773,34679420,32274598,66513116,58924785,32758945,32201135,30962810,32733039,26592542
32090282,71420064,113023155,32988492,115890852,34500628,55866553,32797257,89205134,30824518,69206012,32206810,51314901,31056626,139232215,31794252,32716105,54881024,68071486,33448250,62585522,73514419,146965910,34682663,32279062,66515626,58928024,32761124,32212667,30969634,32735502,26595219
32097963,71423813,113025633,33001581,115901154,34507308,55873459,32807864,89219414,30833227,69220598,32214478,51326305,31061904,139245145,31798308,32723651,54897552,68095083,33453964,62599720,73516859,146975659,34688922,32287825,66519024,58934920,32765238,32218164,30972388,32742328,26598533
32112884,71429926,113033115,33007556,115916855,34509901,55887732,32812186,89229514,30840458,69228414,32220493,51333840,31066167,139246933,31816015,32726373,54907359,68098650,33460968,62607516,73532960,146981284,34694491,32298714,66522326,58942704,32771519,32230062,30976259,32766248,26600707
32116504,71435467,113049771,33022511,115926931,34514757,55904359,32823444,89249249,30846348,69247277,32223094,51344398,31076037,139249801,31821546,32735839,54917751,68104300,33467675,62613726,73539494,146999611,34698620,32310853,66524647,58947039,32774480,32234495,30981532,32770802,26603488
32120913,71450252,113068333,33044959,115928847,34528059,55909555,32832834,89252852,30861381,69253090,32235488,51346257,31083729,139254911,31824306,32739559,54923494,68106488,33472724,62619173,73545376,147005544,34703829,32316023,66529023,58967985,32782517,32246797,30989234,32783295,26610748
32128136,71457672,113076547,33061740,115939408,34544261,55918774,32841489,89254933,30871363,69266834,32242280,51349929,31094096,139263130,31834120,32744262,54930081,68110477,33475179,62624430,73555271,147014393,34716026,32324370,66535423,58974313,32790397,32252814,30999439,32790709,26616965
32131606,71463332,113080358,33066081,115942682,34548801,55922458,32852071,89262311,30886342,69272087,32249019,51360898,31101601,139271528,31842176,32763647,54943168,68130606,33487976,62634823,73566928,147025917,34731488,32333281,66542935,58977209,32793977,32257486,31003359,32802765,26620536
32142322,71476204,113094265,33075940,115946804,34559949,55927861,32857653,89266466,30888928,69277776,32251951,51371899,31107130,139279677,31844025,32770350,54945787,68146254,33495323,62643137,73574965,147035169,34747658,32342745,66553176,58983277,32811704,32267171,31009184,32813772,26623729
32149060,71479501,113108561,33077682,115958948,34568743,55934515,32867711,89272090,30898032,69288887,32258542,51374315,31111077,139286813,31857031,32773533,54951252,68156496,33498216,62654398,73582425,147058622,34758673,32350709,66558780,58997472,32814964,32275839,31014295,32826096,26626205
32159384,71485918,113117001,33081135,115974067,34584279,55938938,32876186,89279825,30903332,69309419,32263272,51381694,31117207,139300937,31863285,32785311,54960070,68166289,33501883,62663208,73590321,147065246,34764612,32354993,66563847,59000940,32820214,32294157,31021718,32834227,26628933
32168510,71492467,113132090,33090022,115979728,34588564,55947658,32879524,89288697,30909335,69311345,32269461,51403593,31118504,139306267,31865311,32799245,54961535,68168082,33512830,62687887,73599626,147072003,34780287,32365364,66575340,59009701,32831266,32302379,31026191,32844694,26631387
32181559,71494428,113137368,33097919,115994564,34608843,55961571,32886834,89300640,30913845,69321435,32278779,51410978,31121626,139312911,31869846,32808630,54964324,68173950,33515372,62703926,73607508,147080754,34793398,32372444,66583698,59015068,32836543,32315206,31029751,32854529,26633901
32197609,71498387,113151754,33102790,116003567,34612327,55970113,32897739,89303353,30917841,69325957,32282379,51419652,31127995,139332439,31874721,32831691,54968552,68175573,33524110,62707622,73622703,147093175,34801687,32381982,66586647,59034496,32847061,32327866,31032361,32856450,26635914
32205264,71500437,113168367,33108901,116016830,34619493,55979726,32906262,89312012,30930674,69341455,32286942,51430989,31134324,139339816,31877572,32835565,54980370,68181073,33527750,62718914,73629251,147100102,34803951,32387025,66588098,59042559,32857377,32333516,31040979,32884964,26638696
32223605,71507739,113180071,33116059,116027196,34628259,55990285,32914428,89316126,30944050,69360523,32295411,51445326,31143376,139344140,31879424,32844741,54981413,68185499,33530077,62722858,73636704,147106005,34810907,32394340,66589425,59057540,32865209,32346070,31051328,32894185,26642662
32236949,71516371,113190914,33123508,116038672,34635455,56004431,32926621,89334801,30958141,69379622,32300169,51461417,31149162,139352592,31883550,32850449,54984634,68195303,33534506,62729031,73642486,147112143,34823488,32398200,66593784,59061521,32868589,32349232,31055269,32898978,26645657
32241612,71538243,113204751,33132626,116041671,34642535,56013046,32933232,89338229,30964328,69387879,32304654,51477134,31155581,139360425,31887726,32856623,54990285,68208220,33540582,62737749,73646314,147124289,34826987,32414729,66596449,59073165,32876375,32361424,31059732,32913671,26650611
32255652,71549508,113215175,33137456,116047473,34647954,56028051,32939243,89347130,30971521,69401411,32307284,51481417,31168751,139363233,31894560,32864506,54997345,68218660,33544650,62757721,73648626,147125664,34839965,32434624,66602101,59081162,32881246,32370317,31061952,32929717,26652889
32273007,71554332,113227080,33142176,116064677,34651186,56038712,32948084,89359767,30975497,69411556,32318808,51493599,31170490,139370530,31899975,32875775,55001351,68229550,33556324,62766592,73655562,147135725,34844894,32439834,66608136,59086923,32888772,32373040,31065591,32943560,26656790
32279646,71558318,113229350,33149437,116072658,34653261,56048345,32952701,89373970,30983565,69432125,32332215,51506478,31175980,139376475,31906642,32887811,55005635,68249961,33561353,62776281,73662122,147153177,34848871,32445965,66612094,59091154,32898269,32383020,31080424,32946315,26659305
32284684,71563295,113245411,33165931,116082258,34665125,56059817,32955888,89376851,30986010,69448806,32340186,51511729,31182072,139385484,31912120,32894025,55008003,68259810,33565897,62781586,73664145,147171566,34852775,32462372,66619411,59102613,32902395,32398407,31090384,32960744,26660963
32295426,71570774,113254404,33175533,116085139,34668474,56065926,32959296,89385004,31006154,69450483,32346033,51522344,31187507,139402217,31918865,32906365,55009566,68267678,33572756,62803223,73667282,147183255,34855562,32471166,66632060,59123785,32911751,32402331,31091805,32975044,26662684
32312376,71575406,113262583,33186004,116099931,34671575,56073647,32966182,89390277,31011342,69459244,32350786,51533216,31193894,139416557,31922237,32910794,55018798,68276445,33579227,62809622,73672563,147194950,34859563,32477360,66638122,59134493,32921186,32408052,31112787,32985007,26666687
32325007,71593133,113270490,33193863,116110296,34678006,56079838,32974099,89395247,31015094,69467189,32357724,51537341,31198936,139433751,31927080,32916467,55021516,68291165,33583870,62821388,73676913,147204875,34864566,32488562,66642390,59144672,32923293,32422154,31122049,32994225,26672591
32327666,71604268,113286112,33204259,116123195,34689723,56086373,32992566,89399198,31018465,69478168,32361008,51542312,31201504,139440706,31933397,32927405,55024786,68303767,33587504,62829223,73682494,147215119,34868440,32503618,66650880,59161621,32925837,32436389,31125550,33005273,26674322
32330261,71610818,113291900,33207266,116137448,34693862,56099229,33000828,89410822,31029935,69490945,32371128,51549642,31217158,139448680,31941526,32938688,55028500,68315896,33599777,62839378,73685306,147230945,34873368,32514388,66653521,59169059,32928479,32448434,31128666,33013923,26676825
32337651,71617038,113300693,33216373,116150319,34695505,56112105,33007150,89414707,31033129,69498283,32374108,51551479,31221803,139458612,31951991,32946487,55037298,68322893,33612427,62841127,73698158,147242449,34876914,32530133,66668630,59185474,32935947,32461937,31139069,33023297,26680419
32344920,71630907,113309109,33227575,116157329,34713452,56121300,33016795,89428258,31040934,69516870,32376602,51564057,31228058,139471919,31955183,32955710,55046479,68329839,33617997,62842666,73705737,147247394,34878562,32537946,66671919,59193509,32939105,32476545,31141022,33044978,26682325
32348502,71633975,113315731,33233046,116159403,34717647,56124606,33030860,89438760,31049349,69519863,32384066,51572590,31233547,139478257,31967400,32960608,55057171,68341634,33632019,62850039,73718933,147251101,34893171,32555287,66674391,59200486,32946927,32488499,31150343,33056554,26687334
32360300,71644040,113322480,33244860,116165054,34722349,56136898,33034247,89445364,31053817,69533611,32390226,51574765,31245818,139484615,31979708,32977233,55075175,68344350,33653271,62855198,73732746,147255585,34896769,32557945,66686982,59207696,32950606,32498669,31154719,33064101,26690718
32370046,71653870,113325767,33260016,116166207,34726404,56155440,33057005,89460997,31068090,69537550,32407854,51576468,31256194,139493535,31988935,32978867,55078370,68348681,33657235,62856303,73737713,147272011,34908260,32564568,66693209,59214358,32965077,32501768,31164423,33065801,26694454
32375703,71665784,113328641,33270230,116169959,34739551,56159969,33067523,89470553,31079154,69546390,32418299,51589455,31271097,139501401,31997603,32983946,55085874,68351855,33670813,62857482,73755320,147275781,34913837,32573255,66698289,59216187,32976944,32520998,31172017,33068122,26697890
32381837,71669583,113343175,33288117,116172383,34741886,56167352,33083135,89481349,31082882,69549278,32426679,51596729,31284137,139504672,32021519,32987893,55092690,68353812,33678960,62858739,73768731,147281965,34918876,32585183,66708231,59219454,32983509,32537513,31181781,33085735,26701988
32391844,71675894,113351935,33292677,116195974,34746041,56178364,33091742,89497204,31087082,69552830,32435662,51604244,31292384,139523891,32028273,32991612,55104239,68358251,33692103,62865013,73774280,147283871,34927863,32591790,66717517,59223820,32990330,32544721,31185807,33101876,26705425
32400378,71683998,113358613,33302044,116205239,34757241,56184118,33098967,89504928,31093938,69562485,32441347,51618710,31303021,139532254,32030455,33006417,55110948,68364606,33700265,62871409,73782555,147286191,34935607,32594339,66730780,59235753,33005658,32548897,31199541,33114360,26708528
32404872,71687212,113365898,33311959,116218493,34761887,56199621,33101569,89522377,31104527,69565769,32448579,51635972,31308736,139544791,32031840,33013282,55112495,68370703,33709508,62881022,73786630,147296529,34943443,32597347,66738868,59240297,33029256,32561530,31212429,33117696,26712835
32411600,71689048,113371922,33324075,116231104,34771640,56202689,33106549,89528780,31113427,69568425,32455124,51637290,31312565,139554099,32036818,33021855,55122423,68380105,33713764,62894786,73804502,147307133,34955158,32609223,66749791,59248977,33035297,32573913,31219646,33137242,26715863
32415762,71699372,113379808,33333381,116241455,34776468,56211731,33109607,89535482,31124091,69576483,32467447,51644314,31318083,139560617,32049544,33029297,55125415,68389746,33724200,62916874,73813231,147315591,34962152,32612353,66752529,59259573,33039770,32579847,31227905,33153678,26720532
32417917,71712181,113380942,33343569,116258327,34783183,56226746,33114154,89550610,31132582,69584976,32473413,51658681,31322504,139576532,32057455,33044684,55129665,68398811,33727607,62923867,73815636,147318934,34968418,32615470,66764594,59267872,33045362,32586490,31243114,33157174,26723967
32420061,71719535,113386389,33348621,116261646,34790518,56232903,33117898,89562717,31143491,69596341,32489721,51672212,31330016,139591803,32063453,33051038,55136470,68410265,33729990,62933709,73819919,147332263,34971831,32628273,66770718,59276969,33055910,32600052,31251977,33159636,26727579
32430804,71727401,113392744,33354686,116264260,34795010,56234105,33124939,89566984,31147768,69604867,32495561,51675560,31335324,139604650,32068416,33056646,55147135,68421827,33743870,62945418,73825131,147354662,34976245,32640050,66785377,59291173,33073897,32607425,31260086,33169416,26730605
32435462,71737927,113395009,33362227,116266336,34804251,56236739,33132458,89573232,31151596,69617660,32501935,51698003,31347012,139611578,32078637,33067788,55149894,68427742,33752449,62959892,73833547,147357181,34984882,32669765,66793270,59296729,33082538,32619011,31267464,33176051,26732981
32442758,71741167,113401607,33366077,116277237,34810211,56239924,33144040,89580866,31164164,69627477,32510583,51712109,31365559,139619318,32089099,33083881,55159693,68436957,33755904,62979809,73837026,147369400,34987924,32677050,66795477,59306577,33086786,32624333,31279653,33180344,26734935
32455938,71744996,113412147,33373296,116285728,34826264,56245028,33159208,89588304,31166971,69635611,32523729,51715914,31367419,139627457,32096565,33090605,55167602,68438234,33760718,62982335,73844098,147380841,34991087,32685342,66802896,59328241,33091558,32637880,31292671,33195903,26738168
32470506,71767342,113423843,33381779,116291745,34832889,56256820,33175764,89594898,31176649,69639611,32527446,51719918,31369476,139631723,32102292,33095865,55172089,68464541,33762076,62985943,73846225,147392215,34994758,32701807,66820005,59334368,33101243,32652023,31295941,33200489,26740041
32476427,71770976,113438416,33383365,116293456,34838378,56273921,33183832,89611219,31180735,69647648,32535984,51728694,31377370,139639364,32108685,33107243,55190253,68475121,33776747,62996001,73851613,147396727,35004202,32714762,66825181,59339599,33111920,32657212,31301531,33207414,26742289