421,63415,61840,738,64467,808,21750,833,56175,470,18094,163,941,132,105031,63,448,42,34592,2,30129,1,91081,65,138,0,1959,136,1798,11,6919,1746
366,60424,65767,839,71596,733,24280,707,61163,422,18585,335,1106,163,113851,63,417,54,40188,2,32132,2,102948,62,74,0,170,55,90,1,1348,2362
342,64603,70012,783,75010,541,25456,462,61524,785,21501,366,804,158,114386,64,465,62,39174,1,35958,3,102991,66,59,5,147,82,85,5,689,2565
356,61749,67194,888,72658,790,24570,597,60953,631,20493,239,843,153,114473,62,425,55,39673,0,34428,0,103532,65,64,0,138,53,74,1,842,2495
341,61432,66535,1022,71817,664,24154,496,60379,797,19764,213,1087,172,113030,64,441,66,38726,4,33132,5,101576,65,68,0,117,150,134,68,1156,2463
356,59660,62292,1069,70976,776,24046,491,58924,661,17362,245,900,162,114854,63,367,69,37632,2,29765,1,104010,63,72,0,140,197,75,1,970,2327
341,62985,69083,783,73612,750,24884,584,60549,522,20819,288,606,156,115303,75,428,319,38312,6,35100,1,104609,80,74,1,127,583,68,3,480,2453
376,61537,66789,815,70210,690,23366,640,58813,702,20290,164,662,160,114665,64,419,262,37550,0,33196,1,104545,63,78,6,142,515,73,5,599,2338
367,60069,63509,942,71275,897,24193,616,60481,374,18662,134,929,323,114612,151,404,96,38781,48,31243,49,104040,94,79,90,143,216,86,32,888,2250
490,64601,70184,660,76046,781,25692,576,63671,602,21707,149,956,80,113545,164,451,145,40289,1,36163,6,101871,64,77,1,183,121,68,4,1096,2524
491,66259,70567,718,75884,745,25464,703,62333,421,21697,141,948,66,113640,123,440,113,39710,4,36365,1,102140,65,81,4,192,2,78,3,1037,2474
356,64687,69750,824,74651,800,25463,633,59996,472,21179,311,848,68,113964,159,440,66,36876,57,35193,0,103557,63,109,14,158,2,107,0,908,2459
357,62530,67926,934,73422,723,24674,522,60956,516,20291,300,933,66,114440,161,437,53,38252,58,34061,4,103506,64,80,8,149,13,62,2,798,2358
361,62208,67519,833,73078,725,24480,609,60920,557,20441,154,978,65,114756,161,421,56,38544,82,33422,0,103740,64,83,2,151,0,66,0,870,2370
363,63013,68353,873,73100,561,24589,531,62123,811,21088,251,834,66,114283,153,437,52,40075,134,34396,53,102946,109,121,19,131,39,149,8,1142,2403
385,63766,68797,770,75551,834,25601,495,62690,464,20618,170,1062,65,113878,166,477,57,39732,55,34248,1,102069,65,93,4,291,1,215,0,1315,2418
367,61468,65957,1009,72212,989,24612,608,59892,386,18833,288,786,71,113971,162,377,73,38272,150,32406,2,103867,67,71,5,128,8,118,2,1184,2200
390,63067,68254,862,74820,869,25427,630,61980,201,20848,216,835,65,113005,78,456,91,39138,191,34206,4,101595,67,152,9,131,4,124,9,920,2544
366,62482,67093,841,75220,742,24994,451,64181,677,20307,248,719,144,114426,161,433,87,41860,83,33499,22,103887,83,89,20,124,19,85,14,617,2363
396,60049,66707,863,71286,738,24165,654,61316,487,19532,274,1121,72,114458,161,452,140,40050,440,34695,1,103908,66,85,9,137,6,82,2,1125,2276
425,60657,66560,705,72707,653,24773,466,60871,660,20328,288,910,66,113539,161,478,61,38837,57,34202,1,102454,64,102,4,173,1,64,0,1510,2359
378,63419,67153,833,73436,695,24874,312,58879,735,20961,277,1067,72,114040,168,414,337,36194,555,33594,4,103162,67,95,1,147,3,102,0,1161,2387
398,63740,67797,781,74322,734,25066,695,61155,517,20430,275,1109,64,114407,162,405,58,38731,84,34162,3,103355,66,81,8,142,2,68,2,973,2406
354,64083,69130,739,73979,800,24783,671,62344,479,20541,124,889,66,114301,162,446,74,40088,89,34132,0,102890,65,84,1,133,0,78,0,1140,2400
376,63294,68842,761,72975,829,24767,603,61796,441,20734,154,1119,65,113469,125,402,86,40026,49,35275,3,102637,64,103,4,190,46,79,0,992,2376
365,63302,67073,868,75026,784,25485,449,61008,636,20541,245,1259,65,112799,63,447,105,38258,54,32718,94,101873,63,145,4,188,1,71,0,1276,2332
415,60315,65546,987,72393,871,24416,441,59540,487,19200,168,1049,70,114585,65,411,66,37121,70,32334,111,103872,197,102,1,130,1,80,1,1274,2219
424,61359,66891,818,72323,907,24099,452,60153,436,20260,284,1168,65,113674,64,455,4,37908,135,33693,90,102719,562,91,8,120,2,69,1,1442,2338
389,61741,65036,1006,73344,824,24941,641,60755,437,19098,187,1145,130,114323,398,493,92,38398,173,32559,167,103326,576,88,92,140,104,75,51,1133,2326
369,61270,63508,881,73303,818,24974,626,57994,532,19136,259,942,66,114105,165,439,33,35835,49,30807,20,103370,251,106,59,144,36,146,20,978,2336
352,64666,68892,821,73683,713,24670,714,63413,535,20455,194,991,65,113081,64,393,1,41710,75,34241,1,102134,65,111,212,378,2,255,1,1321,2377
361,62364,64845,825,73198,676,24705,745,61614,496,18102,289,682,69,114489,64,419,10,39700,43,30902,29,103729,63,85,224,129,6,195,0,845,2230
370,63219,68453,754,74027,825,24523,435,59810,519,20923,162,911,142,114492,65,466,5,36625,0,34197,74,103548,65,112,242,138,6,125,1,846,2384
350,62798,68281,763,73842,657,24937,379,61752,715,20683,189,806,166,114148,63,452,3,39315,0,34843,219,103477,62,83,451,142,1,73,1,509,2365
368,61758,66913,842,73838,657,24909,682,60972,623,19439,270,968,157,113843,64,448,1,38507,5,32757,51,102462,68,112,52,120,4,67,1,1233,2333
412,62894,65309,834,72484,864,24012,812,60698,401,19216,129,1133,150,112689,62,409,1,38885,0,31848,206,102117,63,85,418,158,4,77,0,991,2325
390,64842,69464,727,75355,714,25344,567,62068,576,21223,213,770,169,113432,64,434,4,39450,3,35163,178,102206,77,84,475,141,9,88,0,883,2468
335,64386,69185,762,75029,786,25437,562,63535,460,20537,279,927,166,113824,64,467,1,41256,0,35616,156,102469,64,64,463,144,5,78,1,913,2439
419,63724,68642,777,73509,911,25072,623,62512,576,20409,338,1146,193,113706,137,460,97,40778,83,34672,232,102821,83,85,542,172,20,137,109,763,2431
418,63396,68000,814,76768,809,26136,642,61490,647,20592,405,875,240,113655,125,480,85,37533,1,33935,145,102589,85,98,528,161,6,85,89,723,2467
369,60557,64376,884,72731,658,24358,566,59306,608,18796,427,736,65,114557,62,481,1,37040,0,31154,221,103610,163,110,400,170,6,102,1,1018,2325
371,63777,67510,849,73928,777,24801,423,60978,653,20589,176,995,68,113724,65,479,2,38711,4,32754,50,103246,164,87,139,119,6,111,0,756,2342
373,61090,64508,973,72095,776,24062,503,58541,729,17799,221,897,65,114721,65,425,1,36108,1,31750,55,104083,159,84,82,167,119,91,11,750,2233
357,65895,69818,688,77048,584,25842,643,65448,422,21980,288,1009,64,113408,63,444,1,42070,0,34924,67,101953,166,106,1,145,286,76,6,1078,2491
379,62058,66256,863,72854,631,24512,420,61324,729,19776,176,731,67,114507,63,478,4,39326,5,32893,61,103504,134,99,14,160,103,71,7,1013,2320
346,62027,65706,845,71213,719,23922,563,59387,801,19821,257,1096,63,114713,63,432,1,37419,0,31919,68,104762,222,89,6,272,104,279,0,1138,2246
424,61146,66002,971,70891,656,23544,572,58367,669,19636,129,815,73,114808,77,429,4,36908,3,32881,59,104696,213,73,12,138,55,142,56,887,2288
372,61761,64938,927,73530,835,24705,473,60444,660,19300,226,842,64,115086,67,412,13,37880,0,31612,52,105013,350,49,8,119,2,124,113,691,2255
381,64065,69970,715,75239,703,25808,426,62646,686,21195,331,1030,103,112539,123,454,49,40072,101,36274,80,100897,302,93,20,169,65,220,119,1284,2456
360,63595,68598,779,73705,653,25153,597,61173,528,20904,265,858,72,114106,64,436,2,38987,2,35232,64,103615,400,67,12,145,2,76,94,794,2374
370,63416,64852,834,74547,719,25214,560,62099,531,19226,252,1279,66,113292,66,434,2,39423,3,30794,68,102333,271,108,7,274,4,85,57,1413,2327
403,62054,64854,954,73501,704,24675,512,61145,444,17642,107,972,96,114106,81,429,49,39082,8,31356,98,103512,485,61,5,128,2,61,0,1102,2231
378,60877,68361,819,72830,655,24758,411,58664,629,20311,264,1340,64,113915,64,440,96,36225,4,35327,49,102615,77,154,52,131,4,67,1,1159,2399
355,64874,71066,792,75808,669,25664,629,61623,472,21662,227,875,63,114481,63,455,102,38412,4,36116,65,103533,64,73,72,127,3,97,3,583,2526
373,61323,67723,826,71778,661,24539,558,61367,704,20579,240,1015,63,115325,64,409,44,39814,65,34891,41,104798,66,88,47,159,5,82,1,732,2354
378,62481,68713,767,73417,748,24680,734,61077,349,20826,241,1029,63,114454,63,469,1,38468,111,34611,63,103565,62,119,70,136,2,124,0,978,2426
409,63703,69070,736,73427,721,24329,526,60264,466,21232,154,826,69,114583,63,402,3,37760,63,34357,78,103759,99,56,65,155,1,98,0,790,2385
362,62385,66430,792,73410,687,24791,559,60947,725,19882,208,963,64,114421,64,439,1,38776,0,32846,62,104161,165,54,73,135,2,67,1,901,2335
390,60934,63836,724,73077,664,24847,363,59929,757,19183,299,1063,95,114346,89,401,45,37524,159,30469,98,103925,102,108,129,187,70,177,17,1097,2205
