1089683834435,3293704038774,1132203022266,1511491008055,1164251447533,1522131964778,1055619352877,1449028243351,1140044176346,1287377449031,1121935540062,1281836632279,1159960295979,1252840520708,1123645952595,1260155392452,1025003094787,1193148177901,1052590119893,1195400133769,1011571602191,1258935354980,1011017224418,1235679087300,1088256025199,1182885639489,1156338731952,1192866167197,1133904938988,1788370217412,1964346290684,7460891534428
1089685525533,3293903954975,1132324385380,1511491041637,1164391437559,1522132081574,1055691532543,1449028425058,1140157876323,1287377449031,1121988566273,1281836632279,1159963783849,1252840551972,1123835312664,1260155392452,1025006410617,1193148285794,1052668851831,1195400315743,1011644310207,1258935500584,1011143409673,1235679177970,1088256698568,1182885664875,1156347412780,1192866167197,1133914314278,1788382617588,1964397355470,7460894996676
1089685952872,3294131875599,1132458823143,1511491052756,1164545446418,1522132126272,1055772159975,1449028430652,1140282416067,1287377449031,1122046506350,1281836632279,1159968913917,1252840581569,1124019843738,1260155392452,1025008330424,1193148298039,1052746328779,1195400384790,1011727462122,1258935561180,1011275124748,1235679198907,1088256698568,1182885664875,1156360158323,1192866167197,1133914760078,1788384754285,1964415846349,7460895401316
1089687060363,3294359369572,1132591592773,1511491096197,1164702454901,1522132176643,1055851899881,1449028460020,1140407718058,1287377451591,1122105010137,1281836632279,1159974953768,1252840766494,1124215317668,1260155392452,1025009786368,1193148341139,1052818922962,1195400448159,1011798916006,1258935599029,1011414342578,1235679205038,1088256769608,1182885664875,1156361072053,1192866401042,1133917477424,1788384911013,1964451605766,7460895574778
1089688245113,3294589622259,1132726696519,1511491113615,1164861173658,1522132182319,1055932710200,1449028516880,1140532583169,1287377451591,1122164542887,1281836632279,1159979479124,1252840896880,1124406952515,1260155392452,1025011062390,1193148397288,1052892757192,1195400455181,1011874063229,1258935648925,1011550549829,1235679245378,1088256769608,1182885664875,1156361378675,1192866401042,1133917477424,1788385016569,1964463796816,7460895838017
1089689708732,3294821179721,1132860387129,1511491154658,1165021057885,1522132270339,1056012700986,1449028544176,1140654741589,1287377451591,1122225228342,1281836632279,1159985842928,1252840985409,1124595681668,1260155392452,1025012635936,1193148397288,1052964618407,1195400636316,1011949811569,1258935671648,1011689361231,1235679376595,1088264364252,1182885664875,1156363041607,1192866401042,1133919499501,1788385154633,1964477583689,7460896244098
1089690279713,3295047997881,1132993662520,1511491181391,1165173682176,1522132736576,1056091523891,1449028555068,1140779540014,1287377451591,1122285203667,1281836632279,1159989918239,1252841034081,1124783074800,1260155392452,1025014051786,1193148412028,1053039169120,1195400641857,1012023562438,1258935682600,1011822274755,1235679616966,1088264471704,1182885664875,1156365497145,1192866401042,1133932168161,1788385175608,1964494409405,7460896813462
1089691355141,3295269468205,1133125238572,1511491181391,1165323414594,1522133519523,1056167437083,1449028604145,1140901659653,1287377468785,1122345806169,1281836650799,1159992901095,1252841123291,1124972488668,1260155392452,1025015339746,1193148465019,1053112603277,1195400675358,1012097191151,1258935723079,1011961048874,1235679748527,1088264510427,1182885664875,1156365852020,1192866401042,1133932518975,1788385241087,1964507974172,7460897305215
1089705670401,3295495383428,1133259829735,1511491998285,1165483074074,1522133936738,1056248114382,1449029617345,1141027679627,1287377476805,1122402123607,1281836650799,1159996904619,1252841263379,1125168177708,1260155392452,1025016660546,1193148553016,1053190577926,1195400855457,1012172262181,1258936282811,1012098413994,1235680536321,1088264525027,1182885749090,1156366663712,1192866401042,1133933143484,1788386232021,1964521946336,7460897905414
1089706493548,3295720860920,1133387985774,1511492410748,1165638557613,1522133992677,1056328023955,1449030020343,1141155756688,1287377491057,1122458296809,1281836658594,1159999568776,1252841308552,1125372311086,1260155392452,1025017995612,1193148624490,1053269099126,1195401036107,1012244995490,1258936333309,1012247823683,1235680555801,1088264569880,1182885759534,1156367066107,1192866513035,1133933481445,1788386328397,1964535542587,7460898912772
1089707927074,3295950945222,1133519232265,1511492458769,1165796904184,1522134275403,1056408042383,1449030030050,1141277249996,1287377491057,1122517220989,1281836658594,1160003006106,1252841351671,1125571750999,1260155392452,1025019172381,1193148690981,1053337454553,1195401077824,1012315907040,1258936459861,1012386440913,1235680607101,1088264621097,1182885759534,1156367599339,1192866539381,1133933568136,1788386513677,1964546423693,7460900148864
1089708633658,3296179588828,1133650596095,1511492458769,1165954990516,1522134713627,1056487105687,1449030082657,1141402585630,1287377535471,1122573509951,1281836658594,1160006653011,1252841383034,1125766527691,1260155392452,1025020450919,1193148705147,1053411478843,1195401201091,1012388217609,1258936481310,1012524590568,1235680643962,1088275568318,1182885759534,1156368214881,1192866539381,1133933781734,1788386710113,1964571109948,7460900275919
1089714081332,3296408654871,1133782574833,1511492458769,1166113530507,1522134814178,1056566158326,1449030218404,1141525243422,1287377656685,1122630602516,1281836673248,1160010369595,1252841437007,1125960797500,1260155392452,1025021846177,1193148760350,1053483592764,1195401223049,1012459756962,1258936547553,1012661560667,1235680741813,1088291880443,1182885759534,1156368621433,1192866539381,1133934347587,1788386922392,1964586559548,7460900638728
1089714910586,3296639355481,1133917055215,1511492465440,1166272247462,1522134952040,1056646315283,1449030287739,1141647201510,1287377818230,1122689677251,1281836673248,1160014564543,1252841533345,1126151086876,1260155392452,1025023481178,1193148823298,1053555389986,1195401319868,1012535885044,1258936626237,1012791597873,1235680831932,1088308505438,1182885759534,1156368764721,1192866539381,1133934422039,1788386938310,1964613896434,7460901029762
1089716601961,3296870041804,1134051988803,1511492465440,1166430026507,1522134978199,1056725518862,1449030483371,1141770467122,1287377998809,1122750503464,1281836673248,1160018996854,1252841585933,1126343877660,1260155392452,1025024832120,1193148881509,1053627340494,1195401390471,1012609167222,1258936659653,1012929312939,1235681152189,1088312384462,1182885759534,1156369047286,1192866539381,1133938663375,1788387060632,1964635890693,7460901413412
1089717351779,3297091930661,1134186035806,1511492465440,1166583589125,1522135150286,1056802974516,1449030620013,1141897329494,1287378168346,1122804416706,1281836673248,1160024567667,1252841623371,1126535657018,1260155643160,1025026066719,1193148966062,1053701791379,1195401537897,1012684307588,1258936754116,1013068726379,1235681172500,1088322112999,1182885759534,1156369204628,1192866539381,1133938734604,1788387165096,1964653970570,7460901783866
1089719728336,3297314159221,1134315921090,1511492465440,1166738817194,1522135348144,1056881469201,1449030715181,1142020136976,1287378290834,1122861266267,1281836673248,1160028315844,1252841665784,1126738577317,1260155643160,1025027490752,1193149084892,1053776196632,1195401632769,1012756913417,1258936904505,1013209562725,1235681334293,1088336192059,1182885759534,1156370484121,1192866539381,1133942256773,1788387283388,1964671079801,7460902167775
1089720785908,3297540916057,1134451435223,1511492465440,1166889829290,1522135418048,1056960754874,1449030797715,1142146926220,1287378400715,1122920299645,1281836673248,1160031775691,1252841681595,1126936628413,1260155643160,1025028754240,1193149136643,1053850027514,1195401705885,1012831486975,1258936980236,1013350580082,1235681368397,1088337626678,1182885759534,1156370629193,1192866539381,1133942638465,1788387369631,1964687260860,7460902491117
1089724007972,3297767789429,1134585821404,1511499084283,1167044100707,1522135956029,1057038849830,1449030895686,1142277439873,1287378417122,1122981189705,1281836753827,1160036171697,1252842135690,1127136639751,1260155643160,1025029966440,1193149934415,1053928271454,1195401828998,1012905765674,1258937105034,1013493464590,1235682127015,1088338521229,1182886331362,1156379119308,1192867201103,1133945705029,1788388958256,1964711313805,7460906962624
1089724751250,3297996574896,1134714731468,1511499084283,1167200955995,1522136067521,1057117440250,1449030934101,1142402751921,1287378595831,1123038293259,1281836753827,1160042281423,1252842177078,1127327745917,1260155643160,1025031432870,1193149969029,1054001447789,1195401957098,1012976270621,1258937111599,1013631296110,1235682141648,1088338561025,1182886331362,1156380040498,1192867201103,1133945709686,1788389067548,1964723151068,7460907328083
1089727284014,3298226397768,1134849111129,1511499084283,1167356098367,1522136120304,1057197190418,1449030945651,1142525201101,1287378704942,1123097862705,1281836753827,1160046727752,1252842199336,1127514667614,1260155643160,1025032962127,1193150120878,1054073934765,1195402030643,1013050907215,1258937122043,1013761358741,1235682343606,1088338691573,1182886331362,1156381692419,1192867201103,1133945856318,1788389195502,1964749308793,7460908201580
1089729202418,3298455340539,1134982300762,1511499084283,1167506232362,1522136148981,1057274530121,1449031186598,1142650810231,1287378995144,1123156243745,1281836788212,1160049534367,1252842409351,1127713561033,1260155655517,1025034509186,1193150186379,1054146797849,1195402065602,1013122521079,1258937167982,1013902361433,1235682376356,1088338969303,1182886331362,1156381792045,1192867201103,1133947302794,1788389302581,1964792543369,7460908545350
1089745227645,3298684888950,1135120240238,1511499084283,1167657297326,1522136194973,1057352113645,1449031199870,1142773809953,1287379144181,1123218757207,1281836788212,1160067513101,1252842414787,1127911265354,1260155655517,1025050016985,1193150297506,1054216285242,1195402108552,1013195508556,1258937211755,1014043363285,1235682390683,1088339066908,1182886331362,1156381963770,1192867201103,1133955269084,1788389510875,1964825468265,7460912863500
1089746423333,3298910388400,1135250709076,1511499084283,1167808458353,1522136262713,1057430076461,1449031291631,1142902857997,1287379232380,1123278345889,1281836790749,1160072924963,1252842489017,1128111328685,1260155655517,1025051535835,1193150342953,1054290213587,1195402168850,1013268629329,1258937368171,1014184549561,1235682602181,1088339158443,1182886626308,1156382470408,1192867201103,1133955608853,1788389617903,1964839766240,7460913244899
1089751960971,3299140360335,1135381889729,1511499084283,1167972906195,1522136293202,1057512856269,1449031329625,1143033492081,1287379428234,1123334569617,1281836790749,1160075534328,1252842504312,1128311335993,1260155655517,1025055484257,1193150383276,1054367953965,1195402262439,1013339057886,1258937490081,1014319857055,1235682607775,1088339203604,1182886626308,1156382988871,1192867201103,1133955885588,1788389715465,1964875872570,7460913567944
1089754043865,3299371102431,1135512762888,1511499089484,1168132458698,1522136392149,1057595507546,1449031387022,1143161036586,1287379604685,1123395349072,1281836790749,1160081873187,1252842514381,1128504437757,1260155678223,1025056886476,1193150420121,1054441652571,1195402319637,1013412074042,1258937540424,1014457835181,1235682659665,1088349252433,1182886626308,1156384731750,1192867201103,1133959072982,1788389846405,1964894040023,7460914008484
1089761810936,3299603988047,1135648448403,1511499089484,1168290721193,1522136497631,1057674315622,1449031462156,1143286991452,1287379739005,1123457723437,1281836790749,1160085541450,1252842519767,1128687372810,1260155678223,1025058465609,1193150481590,1054513670163,1195402370993,1013488970414,1258937611987,1014589916453,1235682736157,1088358064634,1182886626308,1156384999170,1192867201103,1133959184220,1788390010834,1964916016732,7460914350846
1089762708048,3299829316413,1135780402351,1511499089484,1168445116191,1522136655410,1057754795688,1449031610920,1143411580358,1287379834822,1123514210071,1281836790749,1160088550469,1252842583137,1128880545890,1260155678223,1025059961103,1193150486992,1054589984925,1195402412595,1013559935639,1258937711910,1014727386262,1235682897569,1088369229244,1182886626308,1156385334939,1192867201103,1133959415212,1788390024818,1964930361026,7460914610585
1089764941069,3300051907165,1135905730349,1511499690034,1168598723453,1522137081603,1057831516241,1449033171768,1143536693240,1287380197326,1123572115610,1281836907928,1160093096819,1252843583893,1129080134478,1260156328725,1025061276348,1193150571750,1054664286471,1195402526424,1013634377448,1258938281353,1014867060445,1235683108103,1088379462814,1182887568351,1156385633846,1192867334474,1133961351135,1788393194326,1964950525853,7460918496065
1089766126716,3300287618991,1136041911780,1511499690034,1168756857983,1522137172350,1057912942350,1449033182772,1143664479736,1287380197326,1123633262884,1281836907928,1160098459631,1252843672577,1129259931215,1260156328725,1025062976396,1193150951283,1054738991347,1195402533021,1013709375929,1258938613416,1014997656094,1235683225705,1088379660605,1182887568351,1156385883629,1192867334474,1133961616830,1788393344017,1964963051115,7460918600899
1089766597597,3300515638091,1136174424488,1511499690034,1168911648299,1522137233795,1057992933767,1449033220819,1143792007767,1287380197326,1123690732809,1281836915626,1160104259855,1252843716571,1129457382015,1260156328725,1025065551488,1193150986586,1054814966061,1195402592952,1013782732091,1258938626798,1015142525297,1235683437350,1088380034593,1182887568351,1156386265486,1192867334474,1133961633010,1788393436494,1964994911309,7460918795796
1089767892583,3300741323280,1136307101885,1511499690034,1169069080897,1522137445108,1058071826146,1449033368965,1143924062203,1287380197326,1123747770831,1281836917912,1160107247462,1252843899889,1129638402215,1260156328725,1025083236160,1193150986586,1054892658577,1195402784245,1013857308503,1258938691474,1015274469124,1235683543816,1088380562535,1182887568351,1156386961059,1192867334474,1133966231358,1788393605167,1965009704375,7460919213643
1089769638241,3300964825988,1136441021331,1511499690034,1169220832826,1522137503357,1058149480473,1449033431736,1144047814736,1287380197326,1123806744144,1281836917912,1160111669404,1252843942784,1129827755368,1260156328725,1025084753475,1193151202153,1054967411529,1195402992264,1013930830996,1258938740400,1015412729195,1235683562756,1088385568455,1182887568351,1156387519263,1192867334474,1133966672609,1788393678871,1965034475970,7460919731375
1089770550660,3301187229871,1136569914491,1511499690034,1169370252767,1522137573322,1058225187955,1449033449210,1144173935942,1287380197326,1123866042735,1281836917912,1160116579140,1252843970549,1130019940781,1260156328725,1025088453111,1193151797825,1055041017578,1195403004475,1014005176360,1258938907765,1015546494249,1235683649799,1088385627841,1182887568351,1156387708597,1192867334474,1133967064708,1788393792131,1965059511770,7460920120381
1089772873855,3301409162967,1136702381138,1511499690034,1169526041358,1522137605297,1058303551231,1449033470476,1144297106248,1287380197326,1123923868090,1281836917912,1160120324678,1252844020632,1130229073110,1260156328725,1025105159173,1193152533402,1055114901240,1195403108451,1014078123964,1258939058065,1015695457974,1235683774100,1088386038115,1182887568351,1156387792131,1192867334474,1133967153573,1788393796916,1965072767245,7460920337974
1089773406605,3301631714119,1136834556621,1511499690034,1169675873873,1522137667298,1058381292208,1449033537698,1144421053973,1287380197326,1123985002510,1281836924044,1160124315791,1252844049494,1130422508099,1260156328725,1025106741308,1193153164967,1055186597393,1195403146395,1014151947754,1258939108291,1015833704632,1235683894870,1088388561171,1182887568351,1156388076111,1192867334474,1133967217018,1788393927983,1965145063635,7460920590122
1089773965260,3301857737003,1136965869114,1511499690034,1169832010599,1522137706402,1058459969332,1449033556030,1144542532542,1287380197326,1124047269456,1281836924044,1160126650276,1252844094704,1130611600612,1260156328725,1025108215990,1193153942205,1055258770762,1195403151481,1014226098756,1258939131855,1015971572695,1235683915507,1088388573756,1182887568351,1156388615514,1192867334474,1133968645451,1788394021670,1965162651919,7460920859495
1089774994446,3302082463111,1137097302631,1511499719328,1169982836845,1522137765404,1058536907905,1449033866937,1144665107867,1287380197326,1124108290827,1281836924044,1160131531194,1252844264799,1130808302486,1260156328725,1025125576203,1193154339091,1055333734527,1195403296065,1014298840375,1258939447323,1016114010253,1235684001452,1088388605071,1182887568351,1156389075364,1192867346743,1133968947465,1788394098534,1965176157509,7460921285752
1089776946665,3302308545259,1137224250875,1511500432444,1170144380168,1522137862403,1058617184722,1449034438982,1144791953973,1287380965762,1124162711323,1281836924044,1160137257323,1252844313409,1131015072127,1260156328725,1025126784641,1193156162232,1055407714277,1195403372433,1014370413718,1258940390753,1016257880075,1235684183174,1088397828097,1182888080686,1156389758144,1192867346743,1133970472093,1788395424639,1965193449667,7460922789051
1089777614006,3302537213330,1137361470172,1511500552589,1170298044834,1522137986092,1058697571562,1449034478336,1144916189564,1287380965762,1124221516158,1281836924044,1160142210938,1252844379095,1131204339076,1260156328725,1025129869529,1193156287071,1055482661473,1195403402336,1014446074488,1258941034249,1016395821144,1235684514822,1088398023683,1182888080686,1156390056311,1192867346743,1133971214394,1788395493378,1965206947140,7460923258122
1089778018666,3302764451557,1137495113311,1511500552589,1170452428815,1522138028229,1058776397939,1449034598573,1145043959379,1287380965762,1124277972090,1281836924044,1160146555597,1252844441240,1131404549823,1260156328725,1025131227265,1193156355120,1055557945888,1195403496793,1014519172344,1258941116355,1016541543032,1235685007276,1088398144646,1182888080686,1156390554534,1192867346743,1133971230969,1788395636988,1965279122324,7460923527584
1089779035059,3302994819615,1137631623699,1511500584290,1170606734771,1522138079659,1058855353067,1449034619440,1145165614754,1287380965762,1124338467308,1281836924044,1160151356642,1252844462629,1131580190468,1260156328725,1025133406445,1193156412855,1055628609778,1195403578208,1014592555698,1258941200627,1016674214507,1235685403286,1088399135178,1182888080686,1156390885164,1192867346743,1133971251787,1788395702443,1965293172087,7460923964786
1089780404947,3303221790524,1137761500583,1511500584290,1170761560679,1522138182375,1058933571703,1449034641485,1145291041179,1287380965762,1124398264847,1281836924044,1160155409992,1252844512655,1131778064261,1260156328725,1025135156299,1193156424850,1055700364547,1195403628350,1014664937029,1258941329385,1016814468610,1235685750592,1088399348761,1182888080686,1156391109731,1192867346743,1133971694069,1788395844381,1965354252223,7460924531758
1089781072405,3303456433216,1137897072194,1511500584290,1170921989857,1522138264875,1059013131347,1449034786455,1145413989104,1287380965762,1124460108144,1281836924044,1160162859724,1252844529165,1131964478300,1260156328725,1025139643915,1193156522281,1055771233823,1195403699684,1014738719860,1258941439605,1016950357338,1235686150942,1088399545699,1182888201067,1156391681875,1192867346743,1133971990157,1788395976195,1965368319838,7460924902161
1089782623264,3303698435612,1138035377236,1511500584290,1171084653650,1522138334687,1059095168379,1449034837013,1145535483247,1287380965762,1124526298467,1281836924044,1160170018450,1252844545008,1132146554875,1260156328725,1025141259507,1193156585044,1055841865080,1195403715586,1014814268285,1258941532025,1017078667146,1235686232875,1088408554085,1182890578644,1156392102759,1192867346743,1133972017781,1788400890540,1965382348198,7460928271486
1089787102759,3303928423683,1138162785911,1511500584290,1171248995472,1522138424865,1059177117379,1449034886426,1145663038689,1287380965762,1124583229203,1281836924044,1160172762663,1252844597128,1132344168205,1260156328725,1025144385327,1193156721680,1055918895717,1195403769516,1014886346180,1258941600792,1017220055774,1235686346340,1088409000460,1182890734004,1156392439704,1192867346743,1133972017781,1788400940308,1965392656967,7460929272945
1089788078845,3304155889131,1138296654283,1511500584290,1171402843016,1522138495027,1059255556249,1449035014928,1145786113076,1287380965762,1124642165131,1281836924044,1160174676001,1252844633503,1132535315711,1260156328725,1025145800477,1193156783383,1055991196543,1195403796922,1014961816870,1258941674603,1017359097952,1235686436806,1088409268301,1182890753407,1156393187325,1192867346743,1133972668286,1788400940308,1965428689095,7460929809910
1089788885669,3304392244764,1138430513941,1511500584290,1171567470941,1522138635644,1059337776425,1449035122549,1145914707838,1287380965762,1124701460220,1281836924044,1160177822713,1252844737217,1132723025223,1260156328725,1025148555631,1193156835777,1056065273555,1195404168756,1015036904065,1258941835092,1017493659425,1235686571701,1088409495595,1182890924188,1156394432611,1192867346743,1133973279637,1788401104090,1965450900813,7460930058011
1089790864971,3304614489236,1138559817915,1511500646663,1171719025603,1522139706579,1059416047161,1449035225841,1146038161785,1287382653048,1124763577705,1281836939312,1160180810072,1252844852135,1132906976000,1260156328725,1025161089022,1193157313514,1056138186645,1195404510967,1015110202915,1258942506411,1017629859230,1235686741162,1088417134321,1182891247937,1156395507971,1192867346743,1133973808208,1788404035200,1965471021527,7460931982350
1089792102252,3304839997417,1138691750050,1511500646663,1171874662021,1522139729957,1059495833465,1449035269838,1146167499740,1287382653048,1124821773342,1281836939312,1160188228232,1252844852135,1133096981498,1260156328725,1025162991201,1193157325510,1056212547580,1195404510967,1015182063105,1258942605007,1017771386187,1235686761438,1088417562804,1182891247937,1156395636269,1192867353062,1133975630219,1788404165129,1965482726660,7460932264726
1089793975560,3305068148593,1138825280533,1511500646663,1172028324576,1522139783088,1059574863395,1449035366341,1146291475986,1287382653048,1124883097383,1281836939312,1160193273162,1252844923987,1133292309308,1260156328725,1025164232918,1193157357080,1056287291901,1195404689530,1015257693289,1258942756611,1017908364403,1235686852336,1088418077995,1182891247937,1156402855151,1192867353062,1133979126986,1788404189079,1965510761563,7460932626319
1089794953490,3305293079215,1138954788545,1511500662584,1172185825330,1522139873431,1059655865868,1449035471189,1146424259209,1287382653048,1124939579118,1281836939312,1160197590677,1252844928651,1133490175810,1260156328725,1025165590912,1193157589126,1056365106571,1195405206284,1015329476602,1258942822822,1018048394918,1235686923556,1088418188888,1182891247937,1156405305416,1192867353062,1133980557329,1788404257980,1965522684238,7460932839379
1089795854790,3305526236825,1139084240130,1511500662584,1172344249745,1522139895566,1059738007927,1449035526611,1146548155314,1287382653048,1124999145438,1281836939312,1160203107953,1252845006355,1133683931998,1260156328725,1025167158512,1193157672118,1056438334054,1195405633382,1015400965796,1258943208950,1018189249429,1235686935954,1088418299852,1182891247937,1156405673863,1192867353062,1133980566043,1788404310590,1965544413890,7460933335214
1089800163224,3305760048204,1139219507756,1511500688761,1172501794489,1522140006954,1059817339691,1449035526611,1146673096182,1287382653048,1125060444306,1281836939312,1160211121992,1252845026081,1133881502307,1260156328725,1025168564461,1193157766075,1056514227035,1195405645043,1015476028123,1258943771706,1018332219345,1235686973077,1088418599169,1182891247937,1156406075552,1192867353062,1133980566043,1788404409790,1965578838301,7460933826865
1089801587051,3305985451450,1139348965996,1511500688761,1172659021871,1522140096737,1059895970257,1449035576323,1146801905128,1287382653048,1125116095613,1281836939312,1160214405105,1252845063870,1134069590883,1260156328725,1025169933924,1193157842620,1056588393961,1195405706326,1015547315467,1258944277641,1018468803113,1235687029413,1088435536320,1182891247937,1156406354265,1192867353062,1133980849496,1788404536759,1965588914314,7460933978810
1089802547721,3306213045920,1139482180133,1511500693464,1172815013204,1522140203052,1059974676305,1449035632384,1146925930794,1287382653048,1125176688719,1281836939312,1160220060775,1252845068360,1134253491865,1260156328725,1025171226937,1193157904658,1056660951612,1195405807960,1015621341089,1258944435329,1018602444298,1235687179649,1088435613281,1182891247937,1156406862656,1192867353062,1133981892309,1788404725451,1965602642485,7460934320842
1089803124127,3306446144638,1139616130718,1511500693464,1172972770834,1522140321364,1060055354291,1449035828486,1147051831584,1287382653048,1125238400210,1281836939312,1160224895775,1252845206988,1134438417106,1260156352790,1025173678735,1193157980668,1056733093442,1195405807960,1015695899259,1258944635279,1018740975023,1235687747574,1088451621351,1182891247937,1156407626962,1192867353062,1133981952040,1788404778184,1965613134698,7460934524097
1089804867421,3306676811818,1139747703996,1511500693464,1173131467164,1522140417457,1060135683242,1449035838601,1147179524499,1287382653048,1125297587515,1281836939312,1160230049728,1252845231710,1134631392077,1260156352790,1025186240757,1193157980668,1056807209230,1195405819608,1015768884738,1258944997501,1018879898162,1235688087569,1088451804038,1182891247937,1156408104480,1192867353062,1133982126150,1788404898333,1965626874770,7460934742790
1089805625974,3306910055038,1139882240241,1511500755013,1173291657598,1522145892092,1060215732365,1449035992826,1147308004639,1287382653048,1125359321155,1281836952609,1160235699272,1252845348588,1134827735240,1260156352790,1025190109340,1193158039391,1056885440974,1195405894601,1015843772497,1258945121359,1019015317993,1235689574111,1088451873567,1182891274915,1156411594838,1192867353062,1133985907842,1788406748578,1965635888973,7460935957319
1089806268199,3307140460421,1140011534887,1511500758233,1173453233082,1522146859009,1060296035229,1449036100705,1147441732387,1287382674648,1125415184435,1281836952609,1160239350707,1252845417819,1135026488044,1260156352790,1025191786044,1193158078652,1056964167606,1195405970604,1015914961544,1258945165419,1019154007898,1235690030747,1088466990895,1182891426223,1156411727859,1192867353062,1133985907842,1788406958683,1965646909331,7460936303879