75920218,533481482,152277134,97256585,182872830,106326561,125097611,98932398,161777136,105647263,127826401,103400372,89497866,95403296,165201531,92699756,105254229,84026497,110024338,79768208,96871189,93297677,133961034,86417281,70506678,77855056,81205084,76624528,73273667,173674553,71146993,451100555
75920665,533530711,152304430,97256664,182904797,106326881,125108366,98932463,161800341,105647265,127833283,103400375,89498282,95403360,165248551,92699757,105254459,84026597,110035428,79768272,96881589,93297740,133995373,86417344,70506817,77855087,81206097,76624540,73275035,173674977,71151067,451100949
75921014,533590558,152337572,97256726,182944921,106327001,125121685,98932527,161828103,105647266,127841981,103400376,89498838,95403424,165298192,92699762,105254632,84026664,110050090,79768337,96894173,93297804,134032075,86417411,70506879,77855087,81206359,76624545,73275138,173675346,71152133,451101520
75921370,533650110,152370034,97256908,182985115,106327439,125135017,98932758,161855603,105647280,127850496,103400381,89499458,95403490,165350286,92699766,105254803,84026729,110065030,79768404,96907055,93297872,134071478,86417475,70506946,77855110,81206556,76624577,73275229,173675837,71153289,451101989
75921721,533710352,152403182,97256980,183026193,106327503,125148950,98932897,161883460,105647282,127859363,103400382,89499949,95403558,165400992,92699768,105254970,84026792,110080162,79768468,96920429,93297935,134110504,86417540,70507004,77855111,81206688,76624579,73275281,173676557,71153686,451102247
75922072,533770899,152436714,97257066,183067411,106327589,125162980,98933031,161910843,105647284,127868407,103400387,89500516,95403623,165450544,92699771,105255166,84026855,110094455,79768533,96934163,93297998,134147572,86417603,70507061,77855115,81206821,76624582,73275336,173677047,71154200,451102735
75922435,533829820,152469372,97257137,183106708,106327721,125175984,98933204,161938272,105647287,127877291,103400389,89500976,95403686,165499082,92699771,105255343,84026936,110109703,79768598,96947349,93298061,134184354,86417669,70507134,77855116,81206969,76624586,73275433,173677554,71154591,451103182
75922810,533887313,152501762,97257212,183144574,106327863,125188676,98933422,161964142,105647293,127886434,103400395,89501284,95403753,165548948,92699776,105255526,84027006,110123827,79768664,96961052,93298126,134222688,86417733,70507192,77855118,81207108,76624590,73275504,173677998,71155207,451103664
75923218,533945521,152533749,97257392,183185275,106328011,125202495,98933652,161991969,105647364,127894495,103400414,89501735,95404021,165599181,92699799,105255767,84027083,110139033,79768747,96974326,93298214,134261096,86417815,70507290,77855163,81207265,76624605,73275592,173678487,71155773,451104223
75923586,534004172,152565726,97257552,183225070,106328179,125215778,98934075,162020549,105647381,127902929,103400417,89502058,95404098,165653552,92699800,105255945,84027146,110155169,79768811,96986817,93298278,134303725,86417878,70507351,77855178,81207402,76624676,73275687,173678890,71156357,451104817
75923934,534063732,152597940,97257631,183266435,106328274,125229591,98934248,162046796,105647382,127911250,103400424,89502371,95404165,165706005,92699816,105256117,84027212,110168106,79768882,96999607,93298343,134344082,86417943,70507410,77855178,81207552,76624701,73275778,173679409,71156763,451105287
75924303,534123327,152630435,97257717,183307405,106328417,125243442,98934399,162074658,105647400,127919411,103400428,89502798,95404230,165758037,92699818,105256290,84027295,110182969,79768950,97012270,93298407,134383635,86418007,70507487,77855180,81207705,76624704,73275886,173680105,71157157,451105521
75924670,534182909,152662337,97257800,183348384,106328488,125257116,98934585,162101373,105647489,127927747,103400434,89503223,95404304,165809163,92699821,105256478,84027363,110196617,79769015,97024798,93298474,134422393,86418071,70507547,77855181,81207828,76624710,73275995,173680683,71157656,451105901
75925055,534243202,152695880,97257873,183389222,106328562,125270889,98934748,162127897,105647582,127936436,103400437,89503699,95404374,165858171,92699825,105256665,84027426,110210138,79769080,97038610,93298545,134459467,86418134,70507601,77855182,81207947,76624714,73276083,173680943,71158246,451106612
75925427,534303738,152729238,97257873,183429645,106328631,125284506,98934907,162155171,105647662,127945489,103400439,89504191,95404446,165909498,92699825,105256839,84027492,110224895,79769145,97052212,93298609,134497999,86418201,70507672,77855182,81208093,76624715,73276235,173681520,71158915,451107005
75925786,534361238,152761375,97257876,183469375,106328706,125297930,98935090,162182978,105647746,127953332,103400441,89504786,95404513,165959581,92699830,105257001,84027557,110240249,79769210,97065691,93298673,134535913,86418266,70507762,77855184,81208222,76624719,73276347,173682012,71159541,451107426
75926170,534418822,152793024,97257882,183509058,106328784,125311424,98935231,162210370,105647829,127961181,103400443,89505233,95404576,166012118,92699830,105257187,84027635,110255141,79769274,97078467,93298735,134577070,86418333,70507859,77855184,81208466,76624721,73276496,173682335,71160018,451108007
75926562,534478424,152826360,97257885,183548167,106328855,125324531,98935339,162238507,105647962,127970345,103400444,89505613,95404639,166064228,92699833,105257380,84027707,110271211,79769339,97092093,93298799,134617734,86418396,70507920,77855185,81208594,76624725,73276612,173682971,71160502,451108315
75926975,534536663,152858844,97257917,183587628,106328941,125337769,98935433,162266950,105648117,127978972,103400502,89506090,95404795,166116419,92699851,105257605,84027797,110287243,79769442,97105630,93298897,134658066,86418481,70507992,77855215,81208794,76624744,73276750,173683319,71160960,451108915
75927339,534596152,152890381,97257920,183628379,106329013,125351485,98935502,162294909,105648206,127987256,103400661,89506738,95404860,166166300,92699852,105257786,84027863,110302420,79769507,97117921,93298962,134695524,86418545,70508055,77855219,81208984,76624746,73276858,173683851,71161404,451109323
75927713,534655761,152923895,97257927,183668331,106329089,125364949,98935571,162321783,105648294,127996246,103400753,89507241,95404924,166213971,92699854,105257982,84027932,110316894,79769583,97131969,93299025,134731167,86418609,70508120,77855219,81209182,76624749,73276970,173684167,71162083,451109972
75928103,534714165,152955867,97257928,183707028,106329221,125377910,98935662,162348976,105648409,128005356,103401081,89507579,95405016,166266417,92699869,105258177,84028015,110332194,79769646,97145084,93299087,134772007,86418671,70508192,77855220,81209305,76624751,73277117,173684606,71162594,451110457
75928534,534774471,152989043,97257932,183746111,106329293,125390869,98935726,162375505,105648501,128014777,103401168,89508438,95405079,166318232,92699875,105258365,84028088,110346601,79769714,97158218,93299153,134811696,86418735,70508249,77855221,81209449,76624754,73277234,173685230,71163357,451110798
75928921,534833203,153021351,97257936,183785333,106329367,125403994,98935797,162403114,105648587,128023417,103401342,89509000,95405145,166370527,92699877,105258573,84028153,110362307,79769781,97171297,93299229,134852339,86418801,70508305,77855226,81209566,76624758,73277356,173685765,71163956,451111198
75929298,534893845,153053435,97257937,183828276,106329440,125418433,98935868,162432835,105648675,128031512,103401522,89509314,95405210,166422776,92699877,105258768,84028218,110378415,79769845,97183794,93299292,134892032,86418864,70508376,77855227,81209704,76624759,73277452,173686375,71164327,451111525
75929663,534954231,153086099,97257939,183869810,106329515,125432476,98935933,162460599,105648759,128040137,103401716,89509989,95405275,166473980,92699881,105258969,84028282,110393216,79769909,97196902,93299355,134930736,86418927,70508452,77855228,81209864,76624762,73277543,173686939,71165055,451111911
75930042,535015159,153120329,97257941,183910377,106329585,125446148,98936004,162488192,105648840,128049534,103401813,89510422,95405338,166522242,92699881,105259172,84028346,110408268,79769973,97210946,93299417,134966028,86418990,70508525,77855229,81209994,76624764,73277682,173687405,71165864,451112427
75930455,535073629,153152124,97257945,183950026,106329672,125459451,98936069,162515951,105648918,128057785,103402342,89510804,95405402,166573124,92699885,105259332,84028423,110423601,79770038,97223837,93299483,135004943,86419054,70508599,77855231,81210130,76624769,73277788,173687836,71166432,451112915
75930865,535130482,153182862,97258096,183988851,106329830,125472539,98936193,162542969,105649036,128065798,103402495,89511325,95405485,166624656,92699918,105259502,84028569,110438350,79770159,97235832,93299607,135044731,86419159,70508708,77855570,81210353,76624851,73277971,173688380,71167325,451113382
75931282,535192213,153216979,97258098,184030196,106329903,125486426,98936259,162571304,105649038,128075406,103402711,89511907,95405550,166672878,92699918,105259699,84028633,110453688,79770223,97249587,93299672,135079902,86419223,70508835,77855573,81210511,76624854,73278039,173689112,71167757,451113645
75931627,535251007,153249134,97258100,184070329,106329975,125499896,98936325,162599763,105649039,128084075,103402848,89512537,95405614,166724900,92699920,105259894,84028697,110469607,79770288,97262666,93299735,135119687,86419288,70508949,77855577,81210697,76624856,73278135,173689670,71168442,451114019
75932060,535309270,153281449,97258102,184111144,106330049,125513715,98936397,162628826,105649043,128091977,103403004,89512863,95405685,166772215,92699921,105260088,84028761,110486136,79770352,97275993,93299798,135154357,86419351,70509026,77855579,81210875,76624859,73278275,173690243,71168789,451114358
75932429,535367360,153314155,97258105,184149637,106330136,125526670,98936462,162655593,105649043,128100782,103403118,89513255,95405747,166820908,92699924,105260315,84028857,110500956,79770417,97289804,93299862,135191442,86419414,70509130,77855600,81211005,76624864,73278380,173690717,71169263,451114816
75932827,535424983,153346119,97258107,184187736,106330211,125539344,98936527,162682312,105649045,128109425,103403301,89513819,95405811,166870454,92699925,105260500,84029008,110515910,79770481,97302780,93299930,135229155,86419478,70509187,77855602,81211124,76624869,73278483,173691079,71169881,451115363
75933195,535482705,153377969,97258109,184228158,106330281,125552874,98936594,162709660,105649047,128117365,103403431,89514249,95405881,166926038,92699925,105260680,84029144,110530442,79770545,97315988,93299993,135272905,86419543,70509279,77855606,81211236,76624869,73278556,173691509,71170429,451115845
75933583,535540781,153410435,97258113,184266452,106330367,125565655,98936660,162735751,105649049,128126325,103403703,89514725,95405948,166975962,92699932,105260866,84029291,110544686,79770610,97329280,93300059,135310890,86419607,70509345,77855609,81211494,76624874,73278634,173691900,71171266,451116379
75933980,535599950,153443048,97258115,184306693,106330436,125579202,98936725,162762207,105649051,128134951,103404037,89514991,95406011,167025980,92699932,105261063,84029433,110558258,79770674,97342612,93300122,135348786,86419669,70509401,77855609,81211646,76624875,73278720,173692276,71171544,451116942
75934364,535658224,153475414,97258121,184345019,106330513,125591922,98936791,162789098,105649054,128144030,103404342,89515547,95406076,167078258,92699935,105261291,84029537,110572987,79770749,97355910,93300210,135389218,86419734,70509471,77855610,81211845,76624879,73278814,173692687,71172061,451117454
75934711,535717366,153506687,97258149,184386927,106330592,125606107,98936881,162817362,105649072,128151628,103404387,89516221,95406158,167133095,92699951,105261484,84029625,110588066,79770826,97368050,93300364,135431412,86419817,70509541,77855699,81212006,76624898,73278904,173693223,71172661,451117876
75935079,535776807,153540116,97258154,184426432,106330663,125619310,98936948,162843743,105649074,128160632,103404388,89516750,95406230,167183155,92699952,105261681,84029688,110601982,79770890,97382154,93300484,135469376,86419906,70509631,77855703,81212390,76624901,73278999,173693805,71173041,451118234
75935439,535835704,153572875,97258159,184466526,106330735,125632789,98937013,162871865,105649074,128168972,103404391,89517231,95406295,167235926,92699965,105261862,84029753,110617812,79770958,97395565,93300550,135509816,86420043,70509742,77855703,81212596,76624914,73279318,173694378,71173543,451118603
75935900,535895804,153606346,97258176,184506086,106330809,125645989,98937080,162897953,105649078,128178195,103404393,89517755,95406358,167281280,92699966,105262066,84029817,110631298,79771023,97409395,93300612,135541996,86420180,70509831,77855704,81212812,76624917,73279384,173694630,71174271,451119309
75936337,535954846,153638763,97258189,184546365,106330893,125659473,98937146,162924931,105649078,128186573,103404398,89518226,95406431,167333260,92699969,105262295,84029885,110645507,79771087,97422475,93300677,135581274,86420312,70509944,77855708,81213013,76624922,73279665,173695051,71174914,451119843
75936791,536016262,153672239,97258199,184587789,106330979,125673506,98937219,162952001,105649147,128195557,103404402,89518736,95406500,167382238,92699973,105262497,84029950,110659395,79771153,97435929,93300750,135617055,86420425,70510094,77855741,81213302,76624928,73279820,173695602,71175820,451120278
75937190,536079603,153707235,97258204,184630454,106331053,125688182,98937290,162979065,105649151,128205705,103404404,89519223,95406569,167429654,92699974,105262686,84030015,110672840,79771221,97450012,93300821,135651077,86420490,70510170,77855826,81213457,76624931,73279943,173696075,71176484,451120824
75937574,536140006,153739379,97258215,184672736,106331128,125702558,98937360,163008207,105649153,128213971,103404406,89519636,95406633,167482166,92699976,105262883,84030078,110688738,79771287,97462094,93300885,135691064,86420556,70510320,77855914,81213586,76624936,73280037,173696701,71176768,451121147
75937909,536198911,153772558,97258221,184712758,106331197,125715918,98937432,163034928,105649155,128222782,103404408,89519892,95406695,167532356,92699977,105263206,84030142,110702589,79771352,97475850,93300947,135728998,86420618,70510484,77855992,81213928,76624937,73280742,173697108,71177126,451121685
75938330,536261020,153806251,97258228,184756436,106331269,125730645,98937500,163064215,105649161,128231273,103404411,89520261,95406770,167582073,92699983,105263470,84030212,110718121,79771423,97489116,93301012,135765186,86420687,70510797,77856091,81214218,76624943,73280867,173697434,71177597,451122329
75938693,536317746,153838125,97258259,184794459,106331365,125743207,98937623,163090275,105649188,128239385,103404485,89520615,95406904,167630089,92699999,105263649,84030337,110732313,79771512,97502169,93301092,135801209,86420768,70510994,77856360,81214468,76624957,73281012,173697979,71178220,451122804
75939097,536376451,153869803,97258266,184835272,106331439,125756794,98937695,163118813,105649192,128247686,103404488,89521190,95406967,167680041,92699999,105264059,84030400,110748077,79771575,97514857,93301155,135838739,86420832,70511145,77856360,81214602,76624960,73281210,173698248,71178602,451123473
75939481,536436106,153902879,97258273,184874710,106331513,125769993,98937762,163146513,105649198,128256800,103404490,89521642,95407031,167732301,92700001,105264248,84030466,110763317,79771651,97528328,93301218,135878817,86420895,70511436,77856366,81214925,76624962,73281274,173698644,71179041,451124030
75939856,536494344,153934340,97258278,184915423,106331587,125783491,98937835,163175781,105649204,128264808,103404492,89521998,95407094,167785595,92700002,105264644,84030552,110779980,79771756,97540825,93301282,135919633,86420959,70511564,77856367,81215173,76624966,73281332,173699023,71179562,451124561
75940259,536554415,153966687,97258282,184956775,106331661,125797390,98937905,163203554,105649217,128273640,103404493,89522611,95407158,167837613,92700007,105264843,84030618,110794886,79771861,97553498,93301385,135958880,86421022,70511654,77856370,81215336,76624968,73281597,173699449,71180302,451125084
75940635,536615805,154000509,97258287,184997736,106331741,125811097,98937990,163231804,105649222,128283064,103404495,89523254,95407223,167890539,92700008,105265003,84030682,110810275,79771925,97566968,93301531,135999085,86421086,70511730,77856374,81215461,76624972,73281966,173699881,71180768,451125623
75941008,536674179,154031941,97258288,185038438,106331811,125824808,98938063,163259989,105649224,128290842,103404496,89523577,95407290,167939450,92700008,105265206,84030746,110825817,79771989,97579233,93301666,136035433,86421149,70511881,77856383,81215592,76624972,73282173,173700448,71181073,451125981
75941392,536733481,154065256,97258293,185078436,106331886,125838168,98938130,163286985,105649228,128299646,103404498,89524024,95407355,167987552,92700011,105266011,84030810,110840242,79772054,97593161,93301761,136070902,86421254,70511949,77856386,81215750,76624977,73282254,173701198,71181681,451126187
75941756,536794597,154099048,97258336,185119258,106331963,125851917,98938203,163314729,105649231,128308812,103404499,89524502,95407418,168036621,92700013,105266450,84030872,110855195,79772118,97606437,93301824,136106815,86421391,70512009,77856387,81215934,76624978,73282354,173701749,71182062,451126607
75942164,536855417,154132021,97258341,185160063,106332042,125865746,98938270,163343273,105649234,128317896,103404500,89525078,95407481,168087487,92700058,105266676,84030938,110870993,79772183,97619519,93301888,136145074,86421529,70512096,77856389,81216128,76624983,73282740,173702459,71182516,451126861
75942766,536916037,154165659,97258400,185201106,106332185,125879543,98938361,163371640,105649248,128326910,103404518,89525559,95407559,168138440,92700071,105266877,84031070,110886621,79772264,97633149,93301998,136183944,86421741,70512254,77856464,81216292,76625178,73282840,173703073,71182873,451127264
75943196,536976491,154197749,97258405,185243688,106332270,125894073,98938535,163402021,105649327,128335066,103404519,89525992,95407623,168191805,92700072,105267097,84031134,110903687,79772328,97645367,93302062,136224629,86421844,70512382,77856512,81216419,76625183,73282901,173703738,71183244,451127546