60200070,479428426,107531040,74550137,122924961,72743339,99379759,73347947,115991537,76852201,91206847,70743818,64360247,67072176,110323050,64240616,79333464,66639322,80820826,63308391,78941764,63179693,104663428,58470006,58790154,61571955,56898557,59190132,59769366,156433812,56933685,419293939
60201325,479433094,107556171,74555027,122951841,72747565,99393404,73351718,116011180,76856107,91216756,70748419,64362597,67076430,110351478,64245375,79337156,66644449,80823949,63313199,78944756,63183923,104672032,58475752,58791431,61575783,56899655,59194430,59771180,156436762,56934958,419297120
60204339,479438815,107581753,74560672,122980047,72752821,99407452,73355678,116030019,76860736,91226553,70753296,64363606,67081380,110381533,64249497,79339074,66649123,80827953,63318101,78948640,63187766,104682196,58479757,58792147,61579631,56900399,59198885,59773155,156440794,56936931,419301323
60206331,479443674,107607049,74565633,123008796,72756835,99422004,73361371,116050733,76865444,91237442,70757790,64365248,67085854,110412303,64254214,79342106,66654236,80833025,63322105,78953285,63192325,104693464,58483347,58794289,61582925,56903823,59201860,59775043,156444807,56938757,419304702
60208037,479448332,107631875,74569535,123036309,72761604,99436462,73365092,116070167,76870991,91246912,70762320,64367647,67090392,110441752,64258795,79345108,66658433,80837807,63328029,78957806,63196927,104704104,58488774,58794977,61587751,56904493,59205564,59777103,156448262,56940488,419308395
60209109,479453745,107658049,74574932,123064919,72766084,99449899,73369870,116090519,76875647,91257349,70767064,64369319,67094960,110470733,64264180,79347244,66663119,80842548,63333429,78962511,63201159,104714121,58493368,58795364,61591889,56904711,59210220,59782515,156452983,56941769,419312673
60211256,479458037,107682618,74579996,123092755,72770964,99464540,73373875,116110768,76880482,91266399,70771950,64371014,67099134,110500395,64268655,79350184,66667276,80847411,63338467,78966870,63205671,104725368,58497801,58801304,61596243,56906840,59214990,59784046,156456965,56943463,419316598
60212390,479462909,107708428,74584750,123120912,72775616,99479044,73378328,116130365,76884636,91276759,70776293,64373793,67103305,110528291,64274491,79353213,66672518,80852256,63343357,78971547,63210116,104735762,58502762,58802027,61600670,56910366,59219367,59786045,156461144,56944425,419321436
60214198,479467241,107733749,74588907,123149648,72779994,99493417,73382258,116150727,76889392,91286735,70780629,64375232,67108474,110559435,64279668,79355657,66676786,80857028,63347389,78976171,63215307,104746776,58507617,58804076,61605140,56913954,59223746,59787592,156463973,56947364,419324747
60216042,479472280,107759249,74593872,123177641,72784845,99507160,73387323,116171555,76893698,91298112,70785876,64376761,67113141,110588941,64284403,79358558,66680779,80861932,63351960,78980858,63218988,104757341,58512546,58805814,61610287,56915293,59227652,59789739,156467456,56948851,419328564
60217846,479478543,107784023,74598713,123205758,72789994,99521461,73392778,116191278,76898117,91307224,70790341,64378425,67117908,110618058,64288206,79360496,66685062,80866709,63355847,78985248,63222141,104767775,58516980,58807687,61614341,56920192,59232087,59792139,156470459,56949799,419332106
60220020,479483340,107809152,74604017,123234185,72794967,99536807,73396657,116211187,76902682,91317220,70794731,64380725,67121723,110647246,64292375,79363085,66688966,80871470,63360361,78989699,63226327,104778293,58521728,58808682,61619522,56923305,59236698,59796384,156474172,56951827,419336085
60221428,479488776,107834161,74608991,123262128,72799710,99551539,73401441,116230846,76907389,91326905,70799517,64381821,67126327,110676756,64296736,79366535,66693400,80876255,63364668,78994239,63231071,104788894,58526556,58811935,61624259,56924996,59240676,59799393,156477577,56953150,419341207
60224606,479494392,107859440,74613569,123289470,72805000,99564202,73406201,116250536,76912022,91337197,70805172,64383721,67130572,110706412,64301648,79369996,66698467,80881150,63369750,78998876,63235214,104798968,58530855,58811987,61628616,56925268,59245355,59799926,156481654,56956302,419344546
60225854,479500309,107884446,74619100,123317955,72809391,99578005,73411796,116271422,76917018,91347437,70810546,64385511,67135432,110736371,64306806,79374155,66702779,80886102,63374359,79003450,63239816,104809820,58535928,58815663,61633630,56927201,59249830,59801280,156485602,56956833,419348817
60229032,479505323,107909321,74623999,123346176,72814197,99591186,73417614,116290817,76920763,91357714,70815675,64387168,67140075,110765745,64310831,79377242,66706739,80890622,63378603,79007884,63245203,104819811,58540738,58816651,61638470,56929338,59254542,59802340,156489491,56959033,419352978
60233651,479509593,107933861,74628947,123374192,72818542,99605816,73422650,116310722,76925658,91367504,70820499,64389166,67144229,110795693,64316218,79380587,66711648,80895527,63382507,79012297,63249643,104830823,58544932,58822463,61642146,56931426,59259266,59803467,156493231,56960461,419356279
60235339,479514465,107959115,74633977,123402292,72824277,99619835,73427836,116329600,76928652,91377535,70823867,64390520,67149210,110824832,64320132,79383790,66715383,80900444,63386320,79016845,63253689,104841186,58549133,58824753,61646188,56937038,59263351,59807315,156497120,56961696,419360127
60237110,479518837,107983845,74639169,123430573,72829308,99632703,73432073,116349580,76933798,91386741,70829421,64391567,67154175,110854714,64324797,79385724,66719905,80905226,63391486,79021143,63257952,104851468,58553069,58826314,61650632,56938406,59267457,59810931,156500993,56963454,419364310
60239669,479523791,108009675,74643870,123459228,72833669,99647575,73437057,116370278,76938819,91397124,70833904,64393212,67158640,110884821,64329237,79389246,66723784,80910016,63396898,79025729,63263447,104861965,58558342,58828229,61655556,56940512,59271899,59811688,156504363,56965684,419368226
60240463,479530463,108035532,74650704,123486997,72838325,99661801,73441798,116391174,76943985,91407251,70838909,64394262,67163628,110915297,64334721,79391281,66729246,80914975,63402610,79030168,63268611,104871970,58564230,58828492,61661403,56941383,59276658,59812588,156508012,56966332,419373296
60242541,479536190,108060401,74656435,123516065,72843123,99675068,73446018,116411756,76949450,91416852,70843889,64397226,67168744,110944759,64339355,79394421,66734350,80919806,63406448,79034555,63273700,104881362,58568474,58829806,61666115,56943045,59280571,59815298,156511193,56967396,419377561
60243711,479541906,108086256,74662146,123544612,72847892,99688922,73450093,116432653,76955113,91426883,70849333,64398575,67172936,110974656,64343577,79397270,66738452,80924809,63411660,79039093,63278069,104892036,58573237,58834325,61670795,56944559,59285184,59818923,156514809,56968435,419381916
60245593,479546941,108110872,74666976,123573034,72852121,99703461,73454968,116452897,76960036,91436133,70854016,64400169,67177620,111004237,64348209,79400591,66743265,80929514,63416109,79043444,63282321,104901921,58577497,58837223,61674976,56947832,59289921,59819685,156518949,56969784,419386047
60247123,479552394,108135828,74671637,123601467,72857092,99718071,73460197,116473325,76965337,91445724,70858262,64402211,67182483,111033872,64353379,79404142,66749564,80934308,63420523,79047812,63287338,104912141,58581525,58838388,61679789,56949469,59295437,59820298,156522961,56971203,419390100
60248285,479557217,108160868,74676578,123629948,72863279,99732907,73464557,116493824,76970010,91455635,70862633,64403192,67187270,111063069,64359055,79406040,66755021,80939077,63425224,79052240,63292522,104921500,58585960,58839657,61684851,56953460,59301011,59821393,156526970,56972080,419394507
60251394,479561831,108185993,74680689,123657627,72866737,99746150,73468742,116513581,76973941,91465061,70867431,64406236,67192021,111091408,64364337,79409215,66759303,80943921,63429650,79056744,63296156,104930626,58589563,58842710,61689236,56956171,59304798,59824154,156530168,56975963,419398859
60252859,479568124,108210410,74685750,123685655,72871695,99760384,73473925,116534089,76979217,91474417,70871846,64407261,67197317,111120527,64369855,79411455,66763743,80948957,63435099,79061110,63301283,104940796,58594118,58843472,61694279,56957268,59309085,59825180,156534585,56977279,419402784
60254597,479573787,108235675,74690833,123714165,72876147,99775746,73478236,116554482,76984262,91484684,70876349,64408481,67201780,111150142,64375704,79413867,66768204,80953836,63439388,79065630,63305730,104950330,58598770,58847078,61698450,56957725,59313881,59826196,156538554,56979023,419406901
60256002,479579391,108261121,74696620,123741814,72881034,99789035,73483175,116574215,76988664,91494997,70880942,64409752,67206407,111178935,64380000,79415994,66772712,80958673,63444563,79070184,63310500,104959419,58602883,58847727,61702449,56958924,59319512,59827902,156543581,56980213,419411386
60257920,479584208,108284250,74701755,123769729,72885860,99803008,73487632,116592883,76993884,91504481,70885714,64410437,67210055,111208281,64385184,79417796,66778215,80963452,63449035,79074470,63315868,104969015,58608237,58848258,61707018,56959908,59324182,59829873,156547269,56982115,419415597
60258934,479589911,108309310,74707396,123798269,72890592,99816529,73493614,116612754,76998835,91514283,70890994,64411542,67215159,111239043,64390886,79420570,66782764,80968363,63453749,79078960,63320774,104978914,58612538,58848573,61712041,56960432,59329147,59830624,156551101,56982949,419420422
60260659,479594316,108334112,74712245,123826040,72895028,99830105,73497521,116633042,77003406,91524487,70896267,64412856,67219795,111268792,64395415,79422495,66787806,80973215,63458060,79083506,63325313,104988693,58618117,58850176,61716164,56963578,59332868,59832743,156555198,56985141,419424262
60262647,479599152,108359517,74717842,123854294,72900265,99844724,73502345,116653026,77007445,91535443,70900155,64414417,67224324,111297815,64400315,79426141,66792405,80978121,63463338,79088102,63329294,104998266,58621676,58852256,61720041,56965456,59337166,59835926,156558901,56986881,419427672
60263881,479604161,108384850,74723080,123882272,72905853,99859375,73507301,116673577,77012324,91546126,70904892,64415322,67230108,111326635,64405452,79428107,66797641,80982898,63468184,79092526,63334838,105007454,58627115,58852328,61725097,56965627,59342649,59836007,156564129,56987657,419432298
60264927,479609558,108410030,74728882,123910445,72910608,99872886,73512805,116692441,77017305,91556460,70910127,64416315,67234820,111356776,64410889,79431425,66802765,80987591,63473104,79096930,63339365,105017274,58632305,58852532,61730693,56965852,59347253,59836120,156567766,56989446,419436566
60266211,479614191,108435217,74734420,123938590,72915436,99886302,73517778,116711940,77021816,91565896,70914899,64417203,67239792,111386223,64415648,79434532,66807240,80992584,63477356,79101412,63343471,105027019,58637117,58855210,61735625,56967775,59352138,59837282,156572042,56990547,419440887
60267273,479618693,108460225,74738962,123966411,72920556,99901372,73523039,116731600,77025828,91575106,70919844,64418703,67244349,111414846,64420351,79437123,66811704,80997320,63481592,79105861,63348534,105036463,58641434,58855702,61739782,56972499,59356081,59838404,156575755,56992184,419445242
60269393,479623418,108485386,74743567,123994617,72925109,99915336,73526678,116751894,77031231,91585141,70924511,64419639,67247922,111445628,64425478,79439899,66816098,81002083,63487026,79110298,63353164,105046755,58645850,58858635,61744665,56975928,59360841,59839849,156579418,56993449,419449053
60269869,479628548,108510252,74748466,124022677,72929863,99929193,73531225,116772192,77035350,91595622,70929259,64421649,67252301,111474511,64429566,79442659,66820488,81006795,63491426,79114884,63357168,105055986,58650635,58860019,61748690,56978036,59365099,59843588,156582381,56994653,419453039
60272559,479633557,108535026,74752522,124050934,72933772,99943442,73536069,116792356,77039199,91605612,70933907,64424555,67256840,111503494,64433860,79444623,66824840,81011557,63495042,79119304,63361755,105065923,58655274,58862039,61753159,56979079,59369850,59850754,156586174,56996030,419456443
60273003,479639175,108560714,74757264,124079128,72938577,99956975,73540356,116811766,77043877,91616634,70939640,64426352,67261579,111532924,64438858,79447183,66829482,81016078,63499684,79123792,63365749,105075017,58660195,58868817,61757763,56980005,59375637,59851049,156590195,56996386,419460557
60273906,479644444,108585400,74762955,124107319,72943689,99971257,73545345,116831454,77049004,91626566,70944631,64427628,67265893,111561153,64443594,79450173,66834225,81020750,63503660,79128318,63370445,105084007,58665301,58870009,61762872,56981750,59380385,59851927,156594726,56997222,419464890
60276006,479649034,108610565,74767589,124135484,72947761,99986345,73550026,116851428,77052818,91638175,70948916,64431224,67270269,111589522,64449433,79453223,66838638,81025492,63508599,79132955,63375220,105092881,58669769,58871817,61768026,56983256,59384509,59853040,156597875,56998866,419468563
60277349,479655760,108635508,74773116,124163160,72952996,99999734,73555407,116871881,77057533,91648299,70953579,64431702,67274418,111618982,64454727,79455485,66843348,81030180,63513492,79137248,63379508,105102245,58675495,58872924,61773160,56984436,59389946,59854572,156602047,56999944,419472789
60278608,479661311,108660823,74777757,124191968,72957774,100015067,73560278,116892259,77063002,91658870,70958959,64433031,67279478,111646807,64459778,79457456,66848110,81034856,63518419,79141761,63384433,105111539,58680252,58873619,61778214,56984900,59395322,59855031,156606288,57000737,419477194
60279973,479666202,108686302,74783278,124220392,72963354,100028941,73565458,116910895,77067444,91669182,70963278,64434172,67283898,111675201,64465005,79459301,66853174,81039538,63523460,79146257,63390357,105120404,58685646,58877272,61783589,56986903,59399835,59857879,156610253,57001938,419481140
60281305,479670347,108711204,74788566,124248490,72967712,100042896,73569653,116930562,77072259,91679248,70967662,64435881,67288152,111705265,64469408,79461084,66857947,81044247,63527830,79150657,63395877,105130387,58691421,58879440,61787863,56989424,59404620,59860906,156613547,57003265,419484892
60283142,479676521,108735967,74793733,124275807,72972875,100057006,73574588,116949496,77077176,91688354,70972861,64437009,67293498,111733552,64474723,79462869,66862546,81048870,63533007,79155053,63400519,105139636,58695473,58880293,61792177,56991050,59408463,59862628,156617458,57005236,419489567
60284152,479681882,108761115,74800095,124303707,72977749,100070395,73579450,116969603,77081951,91698704,70978581,64438385,67298427,111762878,64479730,79465340,66866870,81053776,63538467,79159551,63405104,105149219,58699796,58885011,61796368,56993588,59413641,59864039,156621679,57006153,419493968
60286555,479687357,108785657,74804889,124331377,72982808,100083915,73584657,116987865,77087362,91708149,70983372,64439888,67303437,111790536,64484554,79467304,66871299,81058311,63543628,79163840,63408683,105157788,58704090,58886326,61800355,56994819,59417688,59865724,156625769,57007760,419497532
60288180,479692732,108810723,74810271,124359799,72987284,100097849,73589048,117008069,77092401,91717578,70988303,64442169,67308564,111819776,64489109,79468704,66876482,81063129,63549684,79168209,63413059,105167132,58708693,58887639,61804626,56996092,59421873,59866941,156629620,57009096,419502034
60290193,479697470,108835211,74814284,124387561,72991242,100111956,73593871,117028536,77096133,91726872,70992765,64443830,67313059,111850019,64493313,79471026,66881945,81068059,63554392,79172514,63417682,105177206,58713163,58889165,61808416,56998124,59426353,59869629,156632593,57010227,419506060
60291652,479702654,108860289,74819786,124416278,72996250,100126720,73599916,117048906,77101691,91737457,70997514,64445130,67317527,111879661,64498532,79473398,66885998,81072615,63558987,79176967,63422965,105186566,58718062,58890247,61812035,57000794,59431044,59871442,156636519,57011835,419510558
60292058,479708477,108885782,74824440,124444659,73001379,100141345,73605501,117069152,77106646,91747598,71002486,64446556,67322607,111909847,64503590,79476748,66891404,81077408,63563892,79181500,63428375,105196673,58723196,58891601,61817329,57001569,59435598,59872530,156640506,57012656,419515439
60293867,479714432,108908559,74829305,124472474,73006095,100154773,73610740,117086847,77110974,91757273,71006847,64447558,67326866,111938821,64508348,79482213,66896033,81082190,63568751,79185796,63432943,105206244,58728274,58895268,61822930,57002533,59439605,59873880,156644112,57013820,419519520
60295493,479719148,108932693,74833438,124499917,73011184,100168770,73615123,117106297,77114938,91766040,71010100,64449769,67330914,111966753,64513429,79485375,66901311,81086992,63572530,79190167,63437011,105215289,58733008,58896748,61827138,57005128,59444515,59876977,156647582,57017022,419523077
60297530,479724568,108956710,74838086,124527596,73016279,100182068,73621013,117124566,77118567,91776050,71014428,64451270,67335586,111995505,64517917,79487186,66905930,81091559,63575860,79194571,63440922,105224249,58737734,58898214,61831566,57006913,59449387,59879021,156651324,57018406,419527348
60299422,479729080,108981983,74843121,124555355,73020931,100196323,73625132,117143952,77124148,91785862,71018977,64452196,67340450,112024432,64523371,79488931,66910670,81096089,63580566,79199190,63445211,105233266,58743244,58901374,61836509,57009116,59453467,59880882,156654669,57019580,419531751
60300560,479734931,109007680,74848238,124584096,73026715,100210115,73630313,117164257,77129853,91794895,71023855,64453931,67345857,112054021,64527317,79492183,66915798,81100894,63584784,79203672,63449902,105243081,58747170,58904165,61841627,57012186,59458186,59882432,156658219,57020671,419535833