3950653719925,9810150866234,5135861139840,8443307332535,4975190310026,6742502871666,4678592519175,6477188940856,4584327014254,5093839604597,4329420764175,4706987520962,3805378685627,4084933096239,5054746538970,4063309308620,5599366172051,3523011001117,4096419535180,3562108663579,4035078232090,3675538848882,4252323713769,3489959022930,3760455641657,3705096604450,3667030774385,3646422019357,3712965674536,5021629389333,4277398646838,7888417263799
3950697684745,9810363505007,5136287768577,8443484261651,4975612632597,6742694593286,4678939121950,6477357423959,4584669890897,5094026677482,4329652852232,4707159871953,3805511828587,4085116074210,5055194880081,4063459068043,5599538509775,3523167551919,4096536469178,3562278689388,4035198920711,3675731137759,4252547521030,3490136013194,3760493686253,3705277292517,3667097268649,3646595519795,3713030924845,5021925681564,4277505576077,7888657443880
3950845399932,9810543878283,5136715022002,8443666303116,4976047908288,6742870353717,4679284761656,6477528258201,4585011511911,5094208177204,4329883788766,4707315031192,3805575864087,4085289791421,5055655898613,4063654371017,5599728263828,3523354200142,4096656821886,3562459685464,4035314094235,3675917457919,4252784024364,3490293900156,3760561382079,3705461568297,3667170745371,3646783308287,3713169335217,5022074928674,4277667202063,7888837800597
3950920907030,9810734884793,5137138520226,8443843150509,4976486199790,6743046091449,4679635558945,6477712489742,4585355712331,5094388497819,4330116561920,4707499590430,3805674261515,4085474827754,5056117332238,4063838917937,5599913830603,3523527613479,4096791330906,3562645548626,4035431385725,3676088601738,4253028803832,3490466636492,3760671746574,3705644819858,3667309327537,3646947514757,3713236175931,5022213168528,4277760026407,7888986809521
3951051143647,9810938878874,5137559992182,8444005587493,4976917482322,6743221441847,4679980040667,6477899488040,4585699028282,5094538046361,4330340212702,4707656086950,3805828463138,4085656926319,5056572534686,4064017618403,5600155245124,3523710408620,4096927097448,3562812929595,4035554672148,3676280276475,4253266183181,3490626879355,3760747237867,3705816632138,3667371972930,3647101725389,3713388822602,5022364204367,4277901792128,7889157273904
3951122854675,9811175533300,5137998335414,8444209800744,4977352831442,6743414507275,4680328626485,6478092587330,4586047635421,5094747871104,4330583589223,4707858928519,3805909730456,4085851112921,5057014737105,4064222784802,5600331717415,3523918214848,4097055289516,3563043597400,4035678117597,3676485280868,4253498728532,3490814288847,3760782318125,3705981652399,3667398629144,3647290185366,3713443967734,5022539988941,4277992113305,7889365473056
3951264023847,9811374141558,5138419139669,8444407237443,4977782724946,6743601508229,4680673063387,6478268296766,4586394838865,5094931815211,4330811968376,4708021844341,3806039687781,4086039066753,5057481458962,4064395831026,5600546195195,3524080825850,4097181997551,3563222303947,4035791828861,3676684887131,4253746085732,3490983034318,3760858465362,3706199422126,3667528823542,3647491283205,3713580969316,5022701448385,4278142914886,7889525986866
3951343211250,9811571550163,5138847225772,8444590316978,4978211631362,6743800690512,4681012489513,6478463728921,4586736786040,5095127252076,4331051973017,4708176701782,3806126438275,4086208843638,5057932018325,4064594200560,5600763296185,3524266410130,4097309084793,3563419952475,4035906971997,3676879952720,4253979372076,3491184696140,3760903718228,3706395602547,3667582519780,3647695298524,3713694034953,5022866236720,4278234990938,7889707470521
3951455844123,9811773170986,5139271761094,8444788408932,4978643099002,6743991285931,4681355581646,6478637893798,4587079866838,5095323974095,4331285963832,4708349783194,3806235817311,4086401070877,5058396328676,4064752115476,5600934284752,3524410273723,4097432054965,3563613249394,4036022152143,3677066417338,4254220730744,3491350233806,3761014732731,3706594792225,3667672174451,3647865456172,3713798562647,5023012254987,4278417076202,7889866729773
3951589235259,9811972511890,5139699948750,8444980261845,4979076395745,6744191722083,4681696966712,6478833997163,4587428852505,5095497229428,4331527639692,4708523108370,3806341328003,4086599595187,5058853752865,4064951585529,5601139680267,3524603495439,4097561511094,3563798893754,4036142318031,3677259797133,4254459598769,3491557978712,3761073057116,3706805431510,3667738994032,3648054137499,3713886779222,5023162228561,4278531862640,7890025848848
3951697888287,9812149426493,5140125371865,8445183483565,4979509971256,6744358201642,4682043965307,6479018777855,4587774100145,5095680308740,4331755043989,4708709931508,3806452847432,4086790820271,5059304438708,4065134924857,5601350060848,3524775844263,4097684153775,3563987081964,4036252632278,3677436348184,4254693958017,3491746023425,3761169327887,3706972845211,3667832015411,3648225525026,3714017739996,5023300381848,4278653951786,7890210549462
3951836417678,9812365896758,5140551423529,8445363561220,4979944214796,6744546184119,4682392639789,6479189649390,4588120348088,5095842448710,4331988288325,4708913761683,3806570000146,4086977180082,5059763607502,4065339205608,5601511673868,3524972304521,4097804992731,3564190836031,4036362336752,3677605624133,4254928359642,3491929990988,3761218911847,3707155831441,3667920126920,3648396203268,3714111368833,5023476039232,4278754305209,7890393594437
3951919150391,9812557076423,5140976976638,8445541118267,4980378604844,6744750019177,4682740534061,6479370789052,4588471359134,5096044445726,4332217352867,4709096495657,3806625264933,4087170243246,5060219886084,4065526314261,5601756614737,3525156456230,4097933817169,3564399239137,4036475218884,3677788963173,4255162948000,3492131159799,3761251554664,3707361264127,3667974165949,3648597005028,3714207945564,5023635348515,4278836103747,7890570291329
3952014434997,9812760186875,5141405386815,8445753983337,4980804496281,6744948249551,4683075972098,6479557533056,4588810121144,5096227701991,4332456513755,4709283241714,3806747034322,4087377184962,5060666983895,4065716401391,5601922367464,3525342353040,4098058689004,3564616057620,4036592343839,3677988511485,4255395196852,3492310147654,3761266710896,3707540731358,3668019819635,3648800219865,3714254692484,5023801519731,4278974124732,7890719451835
3952070143442,9812942328457,5141824209701,8445947452905,4981238082422,6745123161596,4683421783557,6479767918547,4589160618802,5096439859874,4332685134466,4709481377965,3806856574602,4087587349738,5061128958904,4065930558700,5602172260664,3525529828112,4098184716177,3564810883714,4036705903720,3678174485733,4255638368836,3492509917551,3761338732581,3707719691146,3668080774596,3648995226433,3714303676332,5023969135847,4279033506910,7890912399209
3952151776680,9813146432800,5142247180025,8446130402182,4981673254271,6745305776110,4683766412900,6479959086877,4589503870397,5096639528719,4332913629393,4709700725667,3806952161029,4087783407015,5061578949662,4066123245394,5602338971247,3525725743563,4098315753671,3564993233154,4036816073412,3678393152390,4255869099009,3492683588585,3761406909984,3707919689324,3668154942151,3649166644571,3714386659099,5024127285956,4279165495364,7891080895712
3952230599020,9813360674849,5142663516445,8446334791456,4982104909672,6745500510085,4684110472862,6480153350016,4589847460452,5096836677533,4333143782286,4709906705349,3807051832262,4087983069393,5062043042889,4066327198108,5602480461119,3525915749594,4098453647490,3565181003816,4036936239900,3678605987393,4256119681201,3492885492040,3761508164614,3708104670555,3668263826558,3649348727724,3714457344040,5024357993095,4279282782673,7891262088257
3952310050779,9813556087643,5143085099229,8446542472382,4982535152900,6745687845836,4684449926861,6480314264860,4590189843545,5097001081856,4333375400371,4710090652250,3807093531927,4088158958305,5062494984484,4066508025801,5602647630898,3526088589342,4098580262679,3565382931007,4037050994991,3678773586203,4256355710919,3493060310987,3761597482097,3708300440655,3668362435195,3649541739097,3714568469312,5024551661511,4279390482869,7891413458094
3952386205684,9813759464470,5143502163042,8446731693107,4982968217305,6745886347323,4684794451412,6480493358301,4590532665167,5097188840307,4333596369802,4710263899674,3807170511326,4088352838863,5062953432454,4066684776526,5602881156675,3526267688792,4098704070317,3565564517451,4037158061862,3678982521380,4256593599427,3493243651146,3761720835431,3708496678536,3668451928063,3649719492677,3714672961424,5024770425661,4279487447050,7891605692619
3952436869658,9813956320247,5143928561621,8446914455105,4983402157840,6746091819670,4685139917348,6480695849140,4590880576813,5097386383430,4333827910074,4710460747597,3807224003885,4088559475250,5063416732855,4066873940470,5603046139959,3526448144539,4098822907695,3565779007582,4037271916387,3679191064787,4256830736443,3493478979026,3761769280592,3708694706384,3668499075020,3649907417945,3714709652670,5024944621838,4279559258257,7891805511095
3952511592372,9814167896201,5144358774272,8447127529781,4983838349352,6746300975115,4685488082970,6480910273866,4591232037599,5097587133100,4334058141121,4710676797358,3807284652424,4088757040663,5063871887024,4067095497511,5603178485420,3526674685277,4098949151414,3565983708372,4037381301108,3679369946746,4257065975388,3493682484472,3761781014763,3708905894751,3668519553776,3650104454626,3714728870638,5025120635455,4279617700239,7891997192500
3952625275246,9814364868298,5144781608711,8447314502209,4984278315533,6746494267363,4685843132953,6481094538820,4591582150328,5097790829512,4334286310682,4710876454146,3807409440522,4088955521942,5064322681371,4067296481277,5603469365423,3526854400415,4099075213088,3566168529722,4037489521142,3679555541235,4257295588784,3493872821778,3761861782281,3709092249830,3668593433624,3650279661529,3714820228683,5025296775353,4279698379104,7892155912203
3952661971870,9814606201691,5145206887532,8447509810193,4984708834241,6746684325708,4686184888813,6481300079077,4591934388447,5097974531208,4334510538835,4711082702769,3807500272564,4089151536620,5064787558048,4067480695504,5603629704378,3527025118520,4099200821254,3566373145906,4037604710742,3679724699752,4257541587830,3494076581554,3761912232732,3709294040123,3668631516557,3650479895232,3714873531252,5025485359596,4279770449373,7892336771621
3952742480265,9814808261410,5145618561106,8447697010182,4985139375114,6746866981455,4686528470420,6481481555600,4592280058172,5098163056239,4334731284641,4711274568187,3807587523540,4089344952521,5065253017624,4067689155196,5603784644642,3527210693901,4099322053876,3566560093633,4037714582996,3679921842540,4257777185998,3494271730610,3761970485974,3709489361600,3668721110666,3650678130554,3714935229796,5025644445440,4279899209333,7892520192867
3952804422371,9815039441564,5146034575023,8447891915977,4985573773532,6747059047852,4686872709543,6481686405839,4592627374172,5098346407615,4334953733636,4711453905528,3807663229211,4089534959320,5065713400746,4067900163003,5603963494881,3527419841067,4099446368139,3566762228750,4037822978855,3680107679552,4258015746003,3494469271271,3762005974978,3709693270911,3668753165171,3650873196951,3714975125477,5025797813865,4279973259173,7892694826454
3952875908389,9815275264092,5146461309939,8448095484508,4986011615503,6747266440742,4687222415900,6481883625069,4592978305964,5098551712147,4335183340954,4711662449644,3807745375464,4089722713071,5066166936684,4068124175885,5604273870545,3527636109888,4099570127125,3566968454284,4037934884499,3680304564624,4258245991950,3494661857934,3762030153881,3709895864201,3668795273614,3651068655599,3714999961338,5025977368477,4280035141868,7892871393933
3952968806762,9815481145406,5146888452183,8448289765131,4986444989596,6747427914296,4687565543200,6482070618781,4593329835888,5098744019716,4335416566885,4711849312800,3807842895231,4089910772546,5066619863004,4068302620039,5604438928973,3527832150857,4099704077364,3567155109780,4038057564306,3680515633518,4258485546242,3494874317469,3762131255781,3710076767153,3668915416195,3651262681896,3715129006484,5026158862769,4280177774728,7893056471870
3953073841038,9815702021614,5147303292119,8448477733818,4986877029952,6747617666398,4687907393383,6482274347319,4593681359698,5098931000379,4335635452962,4712055784661,3807905750313,4090084409302,5067083639927,4068507426350,5604563337609,3528024209442,4099833111306,3567334486039,4038166353034,3680713051100,4258727500006,3495058836627,3762189763867,3710251093004,3669016817982,3651444582007,3715229157558,5026329377450,4280291283868,7893223245082
3953144199675,9815938541737,5147727894926,8448678839260,4987313458746,6747823874121,4688256195655,6482476024470,4594025837670,5099120461907,4335865096208,4712232770907,3807980672602,4090269865502,5067538036691,4068696263326,5604729520169,3528204373380,4099961364810,3567537440127,4038279422611,3680899125835,4258960744601,3495252723659,3762254410685,3710440619963,3669053624566,3651651922258,3715294509673,5026522297834,4280403922884,7893413771605
3953230588407,9816132950961,5148155032830,8448879393772,4987740221050,6748016138101,4688596598613,6482672923563,4594369774070,5099303876338,4336100481193,4712428341750,3808087412238,4090491478067,5067985899901,4068874168808,5605073327122,3528399690285,4100092545849,3567718620905,4038396033576,3681092677127,4259191246565,3495450487937,3762330450866,3710624834891,3669133570622,3651839162653,3715377092173,5026681385373,4280528030423,7893569016853
3953362294336,9816319543160,5148565535870,8449061165584,4988167480820,6748200799475,4688939598412,6482853623898,4594717225771,5099465714150,4336323630211,4712625120422,3808154623519,4090672654381,5068439262110,4069055556027,5605192415038,3528588813258,4100215161207,3567908468993,4038504526994,3681275713039,4259423775971,3495623876007,3762392868791,3710801108523,3669221255793,3652024548577,3715506784344,5026877406321,4280680693366,7893740580246
3953443348470,9816513457437,5148989852269,8449278553498,4988600184483,6748396635809,4689279631745,6483050266065,4595067541825,5099669691436,4336547850058,4712844964353,3808242133861,4090870036257,5068904152880,4069253604895,5605365257998,3528775712569,4100340172409,3568109115203,4038620004949,3681455571973,4259661574483,3495804955190,3762417211573,3710996145171,3669264768793,3652214092619,3715572145484,5027056902000,4280774925872,7893909421641
3953510153430,9816719488751,5149415379457,8449466217878,4989028777236,6748598674855,4689617624303,6483227820847,4595414429465,5099857987392,4336778048684,4713021947244,3808312761125,4091066618796,5069360847489,4069421419966,5605491805433,3528959564425,4100461546392,3568304191790,4038735702751,3681630427192,4259895941645,3495983699958,3762480078237,3711171107981,3669366478753,3652390185290,3715680362728,5027262808332,4280892306318,7894084213776
3953596668759,9816935929856,5149840050785,8449662095469,4989459449651,6748795085227,4689957093005,6483421352165,4595758584010,5100036157745,4337017264158,4713211202615,3808388955237,4091242222976,5069812123816,4069621461059,5605661251259,3529149561481,4100586158248,3568513948833,4038849141237,3681799935300,4260129696240,3496173493500,3762557261348,3711357708575,3669430223261,3652586816685,3715786863774,5027447908471,4281018592759,7894224850914
3953654194422,9817140507095,5150264869737,8449853555857,4989893273346,6749019393489,4690304864947,6483621491825,4596105126106,5100254386192,4337248394737,4713426534986,3808469569915,4091450409131,5070262882424,4069815983940,5605938241921,3529355421482,4100711328335,3568712911621,4038963235112,3682002101715,4260355999888,3496375140840,3762572738561,3711550726366,3669450669040,3652779917686,3715799097143,5027648920051,4281073446149,7894416603956
3953692137706,9817357018381,5150685706141,8450057633773,4990320887425,6749232228605,4690643833860,6483832197857,4596447123777,5100475884975,4337477817163,4713635902138,3808541908953,4091666788611,5070721424222,4070021536772,5606135504644,3529566578806,4100832965139,3568909271712,4039075974141,3682187713831,4260593272283,3496568219244,3762617741294,3711744738617,3669476667041,3652968665492,3715822582737,5027812272391,4281127517395,7894586604080
3953760162190,9817568728028,5151103801670,8450245587638,4990753956623,6749427642172,4690987027326,6484024451867,4596794768171,5100654491436,4337711933976,4713851839787,3808632980643,4091866531811,5071176001316,4070209644047,5606310753634,3529794686601,4100980994465,3569102765714,4039200824644,3682380796565,4260833301951,3496789869570,3762720109690,3711935116876,3669564770465,3653181716411,3715905502856,5028005535635,4281225281878,7894805298281
3953856815283,9817777184495,5151522443464,8450450672642,4991181078736,6749609329224,4691330699751,6484204584648,4597133445340,5100814503722,4337935797487,4714039793818,3808755091534,4092049665814,5071631474281,4070395906872,5606482813296,3529976038554,4101103342835,3569306259405,4039314827277,3682566946462,4261062176915,3496975487778,3762763388836,3712129631945,3669650670061,3653361655727,3716005167522,5028160139737,4281325043268,7894978498192
3953954451356,9818004639585,5151946383834,8450640173087,4991611885639,6749799885752,4691670846961,6484383129391,4597475836237,5100998565351,4338163932055,4714254183146,3808806931861,4092226412424,5072097465728,4070601293223,5606621122730,3530155846218,4101224869131,3569485134876,4039424833585,3682715109869,4261307498507,3497176050312,3762851905512,3712326557660,3669798636208,3653538543451,3716088242940,5028333609613,4281417531918,7895156841332
3953989414410,9818195085784,5152371406691,8450854360885,4992042692141,6750013779289,4692014467993,6484559599555,4597820638539,5101204594506,4338402294103,4714442614307,3808905823729,4092421290631,5072542662051,4070799996038,5606768856524,3530343992110,4101347951370,3569675281796,4039541211426,3682904743103,4261533488465,3497381439685,3762913563791,3712532248728,3669842374440,3653719945569,3716202756156,5028495706093,4281492351804,7895333620466
3954068364518,9818418505790,5152792450362,8451049471906,4992478038507,6750214113628,4692356616586,6484727532197,4598171171046,5101397071804,4338629627525,4714649146644,3808986944812,4092632699312,5073000285226,4071006694560,5606909098606,3530526080736,4101468379907,3569870911703,4039648864210,3683094209664,4261768014404,3497566251789,3762945353863,3712737235535,3669881711774,3653918945618,3716298438502,5028683223339,4281561107456,7895499166220
3954089164321,9818647354877,5153216196237,8451248625558,4992909834626,6750429394824,4692699795407,6484914911105,4598509578521,5101602454327,4338864871317,4714831216305,3809112730168,4092836143279,5073447420594,4071211253203,5607377542463,3530724680736,4101587324471,3570084398115,4039761688987,3683280020918,4261992927648,3497746553697,3763025500453,3712947824519,3669918501005,3654110480533,3716349447875,5028855706275,4281604021438,7895700762622
3954137368471,9818846813031,5153636557888,8451459253173,4993338695663,6750607722320,4693043455078,6485092263047,4598848643038,5101792040511,4339092635657,4715045098485,3809221309472,4093031375368,5073897789434,4071427690953,5607583561644,3530914171751,4101711391654,3570269649274,4039874811075,3683484088231,4262216826935,3497937592071,3763078367552,3713134504969,3669982282055,3654298576433,3716418880807,5029053650826,4281685366729,7895867794870
3954211255027,9819062956966,5154062669795,8451671453444,4993767784705,6750823791198,4693390344161,6485289549849,4599187846531,5101982718411,4339331343136,4715234179352,3809339397783,4093202375388,5074348515567,4071611592865,5607762354969,3531108251644,4101833915132,3570453601270,4039992616758,3683674346957,4262440153029,3498117886616,3763114580686,3713327980470,3670053390851,3654492576402,3716498596253,5029217171528,4281773411932,7896043871137
3954314324127,9819252653076,5154481632185,8451871443036,4994201176021,6751013483987,4693729993580,6485473106876,4599529756822,5102169808994,4339557381447,4715422452498,3809367413420,4093403668280,5074802465177,4071801354834,5607918798626,3531303120482,4101965101029,3570675119946,4040102969965,3683844880301,4262673095523,3498312780148,3763209327591,3713506937856,3670152177601,3654706358070,3716610497458,5029400078685,4281867937544,7896203297154
3954407079180,9819450960972,5154903757156,8452061037294,4994634248963,6751209728460,4694075186074,6485649731368,4599872187374,5102380337622,4339788536081,4715613290573,3809462405556,4093616292863,5075255501787,4071991114162,5608078081065,3531501214514,4102088548016,3570878885506,4040215179299,3684031320307,4262901368995,3498499340623,3763289355715,3713698413252,3670202557377,3654899789332,3716653528665,5029572878985,4281964320156,7896382241692
3954491960463,9819669168074,5155331149300,8452284294804,4995071587934,6751422824415,4694421657274,6485869196806,4600215821087,5102583129968,4340026371931,4715799235473,3809529618073,4093812092807,5075705857126,4072210018040,5608240447053,3531695089469,4102216581440,3571085284808,4040338849475,3684234296195,4263132161678,3498732621584,3763363609008,3713896171330,3670302977623,3655110845803,3716755292004,5029788832318,4282088079510,7896586624528
3954573074758,9819888365223,5155749217116,8452475226923,4995499653776,6751589419028,4694765675270,6486068774654,4600554450820,5102784928650,4340257313170,4715965735645,3809625558400,4094002618158,5076164116338,4072397057364,5608385371496,3531864258586,4102336859015,3571280107275,4040454826863,3684409044398,4263369680636,3498932558206,3763436987147,3714085318780,3670377363849,3655308974376,3716876618285,5029964635798,4282214216561,7896749073099
3954702842003,9820067695257,5156168784567,8452677290315,4995921870388,6751772909998,4695101510211,6486249125803,4600890775022,5102989195663,4340484688245,4716154814207,3809702715688,4094199002613,5076610641125,4072556344934,5608530652434,3532042886789,4102456273579,3571448497265,4040563882060,3684581084115,4263596906145,3499136887902,3763529916143,3714275526834,3670507883580,3655508278086,3716998853559,5030156299311,4282366975732,7896941051976
3954767356154,9820284787807,5156590573516,8452878314545,4996354935318,6751966392552,4695443405224,6486430979687,4601234246640,5103161751039,4340712870341,4716340849267,3809795621268,4094391343165,5077067732246,4072769011151,5608705175785,3532239430807,4102588383258,3571642924506,4040680122119,3684771385059,4263829273526,3499347399265,3763649432756,3714473647716,3670591418081,3655734025581,3717082754282,5030343039095,4282445804576,7897095234928
3954940787414,9820478972811,5157008968577,8453065331231,4996781458646,6752139965893,4695785275273,6486617804300,4601571069146,5103340334257,4340940342306,4716531599927,3809919620927,4094553590621,5077503231156,4072967393904,5608875283229,3532434476570,4102706624410,3571836518391,4040787171407,3684954767057,4264048346900,3499544855317,3763754145029,3714653067727,3670697417927,3655899274660,3717233886615,5030506782265,4282590428708,7897254625339
3955052640745,9820689620470,5157431828654,8453246333227,4997217043439,6752332305525,4696128745770,6486806632957,4601918065406,5103532287406,4341171466635,4716722472592,3810008692629,4094726360147,5077957808839,4073147722870,5609364537678,3532616865723,4102835834707,3572026352834,4040900084421,3685148544621,4264279965332,3499743437323,3763869836787,3714821667466,3670813780036,3656094607849,3717328156516,5030671976321,4282709266929,7897433736546
3955157181121,9820893697769,5157848396095,8453398459123,4997641583523,6752500700780,4696467511608,6486983460626,4602260322004,5103723923534,4341392386243,4716896335704,3810133973325,4094904071423,5078426532348,4073319833172,5609533183327,3532815466979,4102973130006,3572223271879,4041009407805,3685351960628,4264521676554,3499919444595,3763992923124,3714988656700,3670970801289,3656239587313,3717482337827,5030827077439,4282820227912,7897585232850
3955252220181,9821111036875,5158272297556,8453592438304,4998076087670,6752695487432,4696814692646,6487162790579,4602600087704,5103918136654,4341622935856,4717067679431,3810216358727,4095096681183,5078878620716,4073518217413,5609722155781,3533019450983,4103089874835,3572418708850,4041120504938,3685525194388,4264752206764,3500096514892,3764113812722,3715145256832,3671081161565,3656406928334,3717597497299,5031000132594,4282936600926,7897767672090
3955267594506,9821329669962,5158695852363,8453801024958,4998503095344,6752881808622,4697155469275,6487375771801,4602943263623,5104107161256,4341856300140,4717264391791,3810322133529,4095295356100,5079342792470,4073737355515,5609887180339,3533228124167,4103213750650,3572616643238,4041232957804,3685741846024,4264995547751,3500299803141,3764133234943,3715354331316,3671100092218,3656612394441,3717615148055,5031177845209,4282983766847,7897962069242
3955410839014,9821532499551,5159111615616,8454018897151,4998933534664,6753070640641,4697493709937,6487561907416,4603284105140,5104284531444,4342084249586,4717462042650,3810409259561,4095469789624,5079794393519,4073910761034,5610048664872,3533411405434,4103340066056,3572814547741,4041337452206,3685948985698,4265227352496,3500485638737,3764200880032,3715531764628,3671189699816,3656807096704,3717724277972,5031347835998,4283108743414,7898130023566
3955518632360,9821735178155,5159534929271,8454222978157,4999361712132,6753272215069,4697833863303,6487757468806,4603627181299,5104469866230,4342308355113,4717643322993,3810496522123,4095662616461,5080238828153,4074126767034,5610209264472,3533617658545,4103487653291,3573000353432,4041454523793,3686172925354,4265457587610,3500677869282,3764268193858,3715716788398,3671297084969,3657004619373,3718011466436,5031534769601,4283252226439,7898305339553
3955643138391,9821931330182,5159951141139,8454408560041,4999789626220,6753454964212,4698175290010,6487934924051,4603966731988,5104628040232,4342537033809,4717823339977,3810620425003,4095829146836,5080681098635,4074321346041,5610359887742,3533778977073,4103611200862,3573171173343,4041578106802,3686345579070,4265684338970,3500871924551,3764406817948,3715906492256,3671447488402,3657177344055,3718174915732,5031673765691,4283376275259,7898464502801
3955742836589,9822150890852,5160378863724,8454613571598,5000211862652,6753644480691,4698515032002,6488129893556,4604299302814,5104796955345,4342768676432,4718010140065,3810653006383,4095986462693,5081124623426,4074539609628,5610490409391,3533968825995,4103730434018,3573382795176,4041696473198,3686537202378,4265907177907,3501084987195,3764535426961,3716099736418,3671552379422,3657359813650,3718284204054,5031868328945,4283476700260,7898634646384
3955798785151,9822383717685,5160805049071,8454815166264,5000648811928,6753831614163,4698858712826,6488325261242,4604648350730,5104973796344,4342997662821,4718211112262,3810764498156,4096185429028,5081580545223,4074725641785,5610674732543,3534165715813,4103856808675,3573597961099,4041810615702,3686744469901,4266143763087,3501265510776,3764592760847,3716312674533,3671605651558,3657573548814,3718330822789,5032023841743,4283583708626,7898821574475