540766,739142,44892595,871430,45373264,996963,31688677,1004044,42927528,786072,36966194,916464,8121927,1662821,48612585,933384,8361247,1153808,4773412,1435319,6618829,835430,15144004,1516387,177502,1175576,14284129,513511,16809677,39871653,37660437,42712267
1434444,502633,48683971,769885,47036348,428284,33803896,648765,38218688,986631,30696883,592196,2635195,1278656,46442003,935566,5327264,391064,4510287,540961,2901529,553512,13634638,542190,67216,293410,3527172,612467,2962245,6148279,15176138,10689524
1176536,1061765,45417272,755661,42251052,455760,32620814,1379934,39755777,311532,29536729,385174,1402843,716813,45270927,408212,3189621,440483,9045497,439136,8361267,1365243,16673430,129393,210209,193732,280445,764465,532663,8589516,21037316,1562785
3134258,1062308,48254227,1236302,52949662,379839,34450649,373883,38133150,992000,28135291,488990,3321127,568826,44634011,443632,4227630,665839,12021569,1209921,14756610,537209,18274153,614437,1404666,457886,48514,414318,217888,1619570,20958297,7467787
652727,2072416,49344496,2500621,45896020,1347195,32586964,2123103,39597991,1323275,36084786,1995714,2919781,2035425,44274545,1969263,4637124,2114683,11053697,15775362,26464893,1452214,22484397,2832500,301175,1666782,58697,2249440,1886591,4582043,20865299,8329693
4575918,2119279,50167245,2310420,45803066,1739657,35684367,1819543,44103984,1072349,32867679,1230467,4809648,2199586,48920384,506375,11979799,1736318,9308498,795786,12081389,1564050,16655592,2022071,2976659,2034129,370456,1164031,2549771,4904134,34204552,2276737
14986740,1331817,42629049,817627,44356121,1082319,32602465,866739,39842806,1457055,32491026,1019454,3160283,1194566,48309535,1325063,11411023,1830111,7897625,1128031,4973136,1264954,13987091,1911962,202658,1096555,4151732,458738,1676421,2938799,20398665,2849487
1008849,3402961,46867701,206512,45068604,1120539,27889434,346614,39752716,706174,37479421,924514,2149102,538209,46260730,416345,3833051,1330624,6034060,1135562,4429262,896417,12046379,290029,2393564,235878,2303861,640114,687573,1586476,21406417,1962660
1626209,802772,46090917,1140238,49565216,1896421,27621125,1966634,39149378,646453,35124310,913049,2347214,903213,49135179,913928,3705275,775525,6262222,471961,6011173,814532,14006997,1255523,594989,1561855,234497,1023742,6955529,1972061,35077867,12993533
1689008,725517,50211016,1061962,50833390,989979,28431895,570728,39385534,1542947,31178197,527913,2326953,759399,47050151,1149901,3533284,1422466,6760370,529902,3669342,148930,15165586,787447,303248,750557,2862154,1087055,3745829,2133260,16704870,2244676
1698549,724982,47804041,768335,45663934,761327,30674625,816955,38176045,1606954,29263389,2145360,2096793,1207533,44711451,826877,3145890,1261344,7475679,283605,4425542,1233618,17154111,1046546,3275252,418281,1136690,913917,3801277,2472624,16839825,4228884
1221498,827717,43900635,1774889,51181799,1282114,30846068,2028918,36591389,660916,31509555,1616750,1429510,529537,47458029,618175,5375778,1346068,8527929,872822,3762260,1076626,13040296,842440,3792413,755131,229084,488485,8725995,2599764,15668257,3166419
6098280,2804001,44046782,1588260,48258123,1164923,29691189,1461627,40142284,2285289,34517140,1346137,6451617,1522702,46757494,2207971,5846135,2476870,8473187,824272,5535566,701200,14332218,1793335,82936,769199,120439,935773,326893,3156660,18033930,11225457
36022372,1389743,45396833,2415997,44079764,644014,26255758,1880393,40867426,1499789,32177242,1772973,2335913,2541477,45229288,1920134,5368786,1261181,6807034,1852058,5507685,1736014,13790405,2758360,821848,1355335,2228834,1991796,1706157,2625063,9711178,24799815
1584041,1806191,45189642,1542567,49280379,3138352,28942408,2907550,38007932,1007091,28302277,2178732,1750409,2236057,45375144,1538988,3648008,711241,70259056,2383573,4219345,1421870,15016164,1628426,145018,2995170,708753,765812,181214,3646966,16928164,2917469
1657277,3415467,48146463,2311537,47411244,698266,33453817,1963466,48212340,1407673,32170821,1623002,26819608,2433141,51212157,3231327,3892035,2846256,21115510,1250597,17576746,3758365,22426993,4580972,5151268,4410999,2593349,3511180,4438903,27740197,24648062,7155665
875752,1617268,41914345,1520849,44049013,1597104,27389420,1146950,37387872,771051,32720872,481547,18561919,1407468,43984883,1291067,14734331,1148552,6727828,814364,4805173,1315907,14607977,990163,384800,873874,1358108,668053,466185,1623126,10524009,3017578
1741345,1954565,42978001,2064187,43567046,1227323,32399713,1328509,39883933,870204,30865945,1879558,2468011,1672391,44374535,1394771,3594945,1639053,6429693,986284,3733920,1069805,17118439,1461317,318241,1971072,946504,1325203,898696,29593663,16448507,5428226
1088871,2521332,42480383,1679129,41595333,1512808,32528726,1891369,39441244,1672151,29005088,1911832,1523085,2496668,44278187,2116476,4207258,1367786,5488465,1615296,4189394,1886437,13067044,1226201,218163,1256097,909659,1645124,2271499,3241269,42488918,2945079
23936957,3518101,46123482,2717187,52411462,2398264,34412552,3590295,40002661,6036881,27770086,2749974,1991991,2534122,43934000,1433663,3904435,1904512,6651764,1081313,3563781,2226745,13603978,2410789,42206,1565289,181797,1891895,101564,13448773,14727514,3794234
1292727,1098653,47392937,1081822,45077422,924883,30415752,996993,39953208,1348394,31269770,1167697,1047826,1018231,45104382,1756051,4088792,2101671,7327379,1149313,4737338,979691,16171745,1199367,266359,1272880,403427,987937,344791,12730655,14470851,3084074
512393,1141149,42212877,1912214,44301734,1748904,32101633,1123546,42644098,1894666,28730868,2143639,1815455,702982,44923560,2574070,3289504,1586430,6087972,954647,4803632,1722844,13447148,1014331,1522328,1121137,254505,1637427,490030,3472640,25889360,4525081
1518988,837066,45887347,1126738,42151050,1186872,29037828,1722408,39987188,2600405,30300375,2297034,4671177,1168057,49208848,447695,3417042,1335018,6451830,1550045,4342733,2107642,10993750,1410487,644863,1046583,624453,1410149,470346,3260778,15705191,23741804
18408297,3483268,42629585,1884642,43199363,2201023,31811716,2419856,38590180,1759169,28459572,2813017,8045421,2081397,44191573,1376810,3916781,1759592,9275517,617052,3366370,1193332,14789367,1895443,825829,1866843,1048845,2161857,225392,3839017,15739954,4062154
16659312,2896264,43900564,1281414,44063596,3181745,29790779,6464145,50127400,3049455,31441110,4605377,1409945,1389196,45606856,1691225,3650811,2682250,8307898,1455244,5413599,1810399,10129349,1574374,90259,2077422,573203,2908201,73519,7580705,11998457,4331819
17438626,1593459,47625943,2468788,52590017,927775,25665069,2071759,45977008,1100360,44028889,3227893,1594608,4201350,49885360,5355650,5450291,5085138,14882442,3043936,14606330,1090399,42340573,1524200,1656868,1772738,154644,2563437,15194507,4334076,29957975,4038786
14885880,7540298,49972800,1083316,45190790,1894942,33326516,1831871,41379768,4847796,31607539,1601979,2058025,1295018,47240873,1868695,4096543,445938,7334113,731236,4035448,2462002,13615684,2317466,4463109,816188,791647,1184223,602766,3165853,13691909,3202923
16047468,2826838,42745255,2611157,45701366,1510976,29708873,1723130,42721901,2315930,34254017,1339147,1923281,1720623,47272978,1534792,3554388,1829291,10893370,1791641,4622377,869248,15406654,3207716,965556,837035,5000672,1746409,3736122,10556313,30872364,3202842
15796380,1465454,44707274,1912618,45938137,1322060,31120678,2055555,40313296,1898290,30739743,1378393,5005293,1818041,44193232,2344874,4647001,1811861,9115423,2063172,5143484,1131964,10985272,807316,551569,2261190,286232,4065078,330532,3408404,48176097,3475644
936762,1910289,45114211,737846,41983527,652457,32077452,954013,48886603,1539559,32654523,978689,1305425,1026300,46496258,1573548,4074567,1312943,6509088,922013,5732534,1073886,12789438,1613784,3424475,822621,647449,607212,751941,1960966,21818097,10115235
707140,2189235,43489812,1185051,44171484,2554643,26439310,2163229,57171177,2670601,26679548,2929231,1808523,4410673,44469647,2459428,5114365,1652446,6117322,730382,13898623,1023611,8805888,1805255,34515,2032211,578504,1010502,279367,9127459,16432846,3451123
1018397,3046881,45121305,1570580,44439985,774410,28470134,761358,53203112,2006931,28333623,2636749,4856720,950935,47266012,1125072,3418366,2857649,5773291,1624662,4526199,2263026,9081365,2416815,444502,969781,629706,1128458,349383,22678118,15209781,4052554
992449,1422246,42147793,2260912,45895583,2140933,31815641,2068209,42307979,1034721,33160563,1099506,18192518,2080722,43874341,1581455,3808591,2043772,6564044,1769694,3398854,1438551,8898151,1327113,567308,1427980,873199,539824,701846,12127098,17575874,2381624
1167185,2045200,49445096,1887594,46391800,2644806,32696549,1823517,39309475,1333748,35332593,3245016,1271478,3009573,42208577,2386711,2980524,1522735,7546076,2088235,6763138,1901745,8408372,2469266,48471,2179779,46690,1526961,61659,9205076,31507412,4342791
1531960,1988275,45851453,2713618,47122880,3158894,30023878,3235838,36795353,2085034,30489484,1756432,12294269,3248823,45970184,1786624,7666557,1809051,7862119,1820475,4999100,2269136,10528937,4081216,17483168,1176886,190642,2293966,60238,4682360,17315402,4249964
6201684,2126977,46888887,4604942,46050910,3978852,31514667,3783133,41557834,1786701,33048174,2350287,10122552,3320185,48412370,3722825,4700622,3874325,51009196,1702758,15238277,1963830,15261011,1743830,2561979,4440070,337004,4273856,1433035,7233300,30032283,5803329
11486892,2013590,46932803,447814,44836513,1220882,32889143,2613641,37833589,1309953,28220849,669530,1548013,710763,45794144,1056802,3717649,1062107,7082855,1068823,4479240,559296,8782426,1720709,394937,443848,1243667,769894,624793,2908664,24562709,2370575
993643,1243851,47350264,809282,41657618,394949,28494118,467171,40333583,1861345,32536885,750726,1574132,1197077,45301840,847516,3925217,1090198,5810958,776421,4143292,818635,13822309,733161,4178295,2172579,16232580,1259090,540291,2873623,16507851,21611663
5916243,1697685,40875209,2263052,47191769,1471851,33823858,1990613,38953550,1635929,29184596,2852800,3306547,1772922,46496809,1152970,3678451,1073184,6631972,1368665,4317855,712831,13275419,1797119,28758,893097,277233,939501,10466251,17614738,55109967,4499403
1160629,1570835,46098827,859101,47675417,1238227,28733712,1999831,39403833,2118563,31891969,1953159,1271572,1432851,46711151,613980,5554103,1728636,6109427,1404162,3392520,1838585,13894187,1114321,165223,1303772,5888794,692919,93950,2789883,16626356,9759833
1501052,1309591,41036051,2847429,44858771,3465667,30817669,1086960,38913660,1538410,36788745,1193860,1581129,3328501,46773127,1819643,4792769,1574315,7513139,2204515,5173990,980713,15923102,982611,4163941,892207,107275,1173336,630094,15935750,14908437,9819220
2816424,1739972,48485960,2712358,47227922,2606959,27542497,1437735,38916256,1580803,28241443,1781526,2163482,2275992,48820291,2318997,14028827,2812455,13293602,2307637,6998539,1728455,10398192,817125,567242,1843469,501249,2019735,2846041,3911670,13480990,3570996
11624909,1175085,44656716,1972431,48049472,1610158,34287982,1682806,41921455,601989,33788913,803561,1563033,1619433,61449232,1009146,3603945,1570182,9440113,1445965,4978496,995206,9813313,1627821,169588,731279,292153,530085,490165,3766379,18825719,2950258
930116,4217301,48586657,1111076,53512327,2404826,26113065,2061079,39150718,1731328,29025102,2202759,1853569,1907837,44253116,2805516,2979161,2745666,26856132,1434571,6433340,1161087,9090415,1266618,177110,1627533,1671295,1039683,751588,3315744,14670507,2824686
7878997,2754056,44126299,1664080,42861410,1212414,28985760,1867603,40205112,1710327,32689102,3580843,5017047,1878217,41896912,2203020,3224525,1522900,8041680,1297188,3200888,1930071,6736671,1437926,2251762,1400593,37207,2022144,35608,3454227,28648046,3816288
7733865,8150193,49673600,6251296,50626698,4155891,29395545,3384567,43843447,3493204,33887778,2255130,2969608,4123511,59285120,1907998,4676608,2194106,14267722,3007545,33441166,5041416,19343623,5047220,5859993,2127723,9407321,2917497,197496,37073766,15887669,32294951
873102,1559560,43959512,1620793,43747704,1766318,31548454,1867065,43583799,3099219,33546681,2041482,1963276,2553870,44536767,1413177,19222295,2304972,6723831,2124059,27464098,1628895,11905955,3350847,214232,1182647,302223,1166286,939636,3592177,26489088,3667546
2506300,1728729,45566911,1293950,50117550,915999,28439043,1483799,41559153,2383676,29582851,2483713,7156575,1377587,44770703,2329599,3123999,1112599,6946131,1387692,4952898,606073,10999426,992863,341556,337996,2839815,630581,3357172,4292843,16482220,3660431
608597,1171391,42784832,1920813,50410915,1612332,30261844,2022181,42470207,2594524,29906775,1500420,1126031,1664729,49452765,1212511,4445697,1619526,7417708,2808159,6882192,2711742,10517430,1139163,1152147,1990611,571500,1620067,408845,2508193,67689843,7135948
1584195,1865783,48888199,714236,47683626,287976,31300582,2678948,36334396,1122087,26940787,1179194,1661520,900238,45866438,1809117,3515545,2149086,31076450,1974952,4792778,2449629,15265337,698683,175266,1598845,279724,917533,2525050,23886046,19439501,2289264
1119145,2115601,47222669,3470565,42801215,1416148,31763153,2440453,43325445,2132963,29367098,1418485,1993071,3159887,48121915,1749845,2651396,1437085,7245465,2173627,6334198,947693,12376011,650439,279672,1167751,155272,1062887,326488,2809629,17096992,3206380
949152,1133091,47432647,989710,44298113,1745525,32718963,457967,40256754,529032,30727873,832733,2781851,835149,48645473,974060,4722012,952399,16618058,774910,4157218,1165179,10245463,498869,4449155,1641686,352998,1198292,451930,1919959,13131510,2616795
739158,3396363,47864762,1598834,44176160,1648636,32093658,2194852,39337470,2531149,34187015,1476930,2858565,2155499,45053465,3723304,4602313,1124371,8436603,1160997,4589841,985123,12014849,752993,174394,1237436,1133383,909450,362893,4138240,12263581,3196715
322097,4009122,43976132,1868446,44341323,1756141,28209732,1895584,38782853,1834948,28549787,4592816,21466528,1850298,44536820,2559035,3881979,2437417,6743599,2557142,3720960,2302209,16799913,3974820,86135,2362984,41421,2126616,35155,16654945,14184426,17407098
1483169,2118898,47129149,2457195,50385157,1324029,32108732,3590642,35412292,853296,32414238,2068853,2272042,1197655,48762438,1525438,7856581,2247754,24787309,3018213,3280685,1683839,15074931,1607796,274256,2398837,137944,453765,650354,3970179,15206553,3536944
35401014,3161646,61707106,2547053,50121110,5423183,33005435,2118464,44330530,2077462,29558565,1831293,2554745,4974223,46851936,3772399,4027553,2291148,103790624,5563056,12385475,4154374,11273865,4006736,160241,1734435,1324478,1404023,13821329,3704377,35206615,6294246
1000632,864473,48266870,1294489,49848667,901007,31229584,1403948,37573528,900080,29253218,1197237,5504247,785725,44668375,1563838,18646519,780728,9375144,1806877,21851854,361090,11560979,684716,26125745,363338,328700,537006,752144,2279327,18461262,2981354
1695067,1382597,45569784,1604717,43708570,2139918,27536461,545620,42515765,1211626,30200050,2687792,4160961,2186218,44766453,1237579,3097867,2238268,9200122,2896732,7672901,3166650,8875593,3188033,1428702,1834978,406222,1575023,319445,17795774,31219845,4674529
9316713,2258742,44475361,2830929,49386455,3663880,31203643,2349020,42539972,5944898,29764704,3253300,3775538,2806482,44755167,3016464,3660836,1833108,7193514,1945556,4944512,1561688,8713300,1937172,204479,2270565,117519,1661178,104932,3548498,51971789,3450536
