43964820,212638773,426628737,176929116,422322571,191721620,346602775,168483103,342876643,187072885,232088057,172350991,133142960,182977971,448341111,149759423,172337724,156550802,116933998,170025809,120688621,192288877,223807261,176990264,38044596,180688067,66494264,173500438,65250309,296292231,106929239,240180081
147715187,180373276,427253425,182041465,435275691,175760431,345639706,170834242,341621014,181499722,230936534,155159239,64035500,173717211,461018532,195302974,189754053,186648223,120352708,180996076,115173524,186320160,236503334,157886962,67695826,184275780,73476722,187788492,138410372,149247110,161625986,180356717
75507098,191006510,423498224,176847393,438291502,175737732,350797289,184231541,344200420,180320615,232773154,184559238,98397428,185036333,461433625,184546920,185566775,173413337,134509020,185863162,117291490,171143819,244779468,172736336,110364495,183251561,138582166,164206470,66840714,138239854,92824344,149008924
130236617,203994081,421471956,162436984,431282532,175350398,344481722,186998298,343315951,149548542,223650782,156496520,154201623,182098565,455202448,178700466,241414521,182795141,135766542,167380969,123286423,191674737,237379349,160242863,75491293,171812280,62645393,154210632,152646671,151035839,141765721,170464383
71711028,236654426,438343232,204213251,435349120,193065428,348585818,193099290,348607139,209824743,243376521,202841569,81267318,194186602,442202419,205166399,176472291,207806228,128192068,230667805,123445449,205004393,232545351,187409492,35080258,165020261,26656214,188459977,55145132,175784574,90321177,208199152
141169172,198608258,420804255,197436699,429893504,187000954,344436902,175709436,347203444,183944107,228379153,162915822,129957325,187953832,466721857,173046224,214477780,162611002,126708035,178706547,113711264,199606263,247357200,168745471,76147237,217769727,130194398,201097839,137001582,161459444,150801581,160513810
79187403,197408605,428086103,183079535,428906416,199182283,339426126,195432155,341947175,195436865,240004641,154857441,86750494,169776885,450559363,198369534,217100990,185584280,127087242,197648528,115143136,195065589,233286344,201661822,45252866,196180421,53696238,204015319,113065637,164788335,92076052,181483655
112632873,201620823,424535322,198091954,431467640,190595419,343092133,174164877,343080798,196722019,233990815,173081412,109379036,192227239,464310351,157914916,170988567,143863593,122970172,193296919,115180146,186464618,241358668,165537666,111014503,199189678,89654671,170157648,104527694,146018267,182085264,159259252
133391136,199340904,428187656,191852913,433296743,200436152,341385066,196103365,348985667,173255333,241675860,173325176,105510692,198524310,457424189,199470053,205395515,193221716,129456129,185644360,120165888,193379795,238868025,207744906,58324385,210639285,66819581,188681327,88216575,149973574,114786438,159119075
108653028,176914603,425423115,203221720,433575511,166479559,346998595,184780692,345247640,183079312,227404297,186823138,111519429,191225084,450685843,183339328,210380581,172348824,122642681,188188210,110314247,176551051,234359248,188044713,96270771,167413701,93021379,171387527,130960774,138153287,122089146,184700614
138529391,216470265,426051664,180077655,434243540,187982477,348674482,170871535,346247943,162139970,233244336,203830175,117152714,186359811,459168794,204280751,161613020,196460258,120838956,203754067,109704474,169275949,234401625,183967563,49583960,182986230,88111509,170678242,93628837,175657384,100353423,183044975
82732713,191179665,425553109,177557047,434390048,203835058,347894272,181139662,351011046,201997016,229064542,182733974,55264787,193063164,456278582,187108653,244940869,184151709,128824438,208403106,112882132,183339040,234588358,201168811,32642817,205432686,54039029,200801760,96576731,159309283,81798538,176696892
95284606,203110452,428410177,212865070,425891437,198230374,335438037,186744004,338762010,183256265,239160888,186746057,121769389,206941716,447097811,190087130,165752727,185896810,124871835,216818483,117124955,199548312,232248852,178987855,15156232,179467231,45653686,203214837,46746920,166171216,138020985,149160506
55708445,182141582,418822886,193469568,433586141,174912045,345811459,210385491,350497658,212157883,228620711,198136251,109540280,210164776,461975009,214157309,249893200,187475072,126027173,194826094,113559881,185974248,243171984,199769897,72021685,178959788,60954961,195006568,48983848,167616116,59382178,192947374
81633238,204104343,422970324,182949277,435171849,182614514,344629343,191168330,343251595,199668845,228494927,219347702,95586427,196057277,449990758,192686694,166710583,195915451,131037494,182349440,110169692,218666657,230730173,173671034,68177403,199998178,74167555,171418138,82982767,158150109,131988454,168496503
78822340,214242049,416336420,204389274,431655401,194733975,344059962,194263139,343590055,197148814,230152893,205979682,99671233,199662378,464093227,203952714,141489872,190006031,137893819,187770662,120166488,212835003,250582192,201903455,101254630,184981231,108884407,182083153,70684941,230707139,117287309,181192545
79451759,195412794,421582784,207680926,430243228,187335751,339453999,160914844,342383093,164404323,231618085,183946901,41699665,175888912,451941595,180827693,167169779,172839748,126615189,201927191,114755091,167598810,236029718,174818947,89317483,195770100,98608637,193011373,111125272,193668416,107700196,151369837
76154905,203376827,417063813,189220725,433064405,198501487,344524551,179093441,342821622,187758451,220969431,173247424,76979399,193880558,458447970,176750725,233525777,179099450,123807638,181586444,107066871,208935177,237888508,183340159,123353334,196237881,89492868,177753580,104492112,218764150,96964181,192234525
50663974,196855777,426398579,182761998,433940535,205472347,345465936,202490839,347911646,197543123,231540272,196847923,53492559,206636387,463300401,189163944,164983284,180455747,118837378,214490131,113854525,208543407,237137016,235327880,48445161,198027848,47146957,187925268,36691246,174196177,71811207,199818476
74722714,211575954,430212651,213074676,436191512,209155445,348165622,214424726,351460786,200749670,230231047,216049761,60648539,197565413,455154169,221557041,132345461,226540738,126243719,204700790,109384721,178881959,235238945,203505446,11734171,211188367,20478756,197036681,19217968,176013617,58441982,191681405
113682874,196972097,422834439,186972428,439966181,193292248,355049983,184264954,350112729,203696412,228169561,199656788,124788098,198481279,450794347,200983766,290880003,179715138,126061674,184821350,108220034,185594489,229613396,190337306,80767518,186355079,73879848,175206903,91358045,176139898,80678865,158719703
36696624,241333393,425278821,195307984,430518708,190058345,341755860,205540257,352238119,183701696,224228153,206248623,90832042,196014678,464876677,184214227,160338955,170718105,125608166,204616184,115189600,169158517,245999046,203759776,50450451,201790293,38082933,200233703,53302569,188584243,72070269,180859418
80508395,202059719,411673574,187199989,430540873,182655747,343581607,181476523,345669725,188525031,220745806,191865418,87250976,193415901,465459576,208459692,154940264,185575381,121232622,186947727,109872254,197142788,235598168,195149056,58253242,195321477,89594109,198235322,61698544,159085844,128759960,183421246
61942106,231180154,416013917,194905795,434398418,192066397,344239123,204850239,347316000,183351376,222448995,179337341,75705671,190006799,460383122,211007807,178850239,209147166,124314263,202135117,108395859,185837012,238560005,197540661,35489004,203909311,32054505,195066397,39895681,153368425,74049840,174633587
71486018,235822528,426734916,203568531,437841971,207392890,349706357,197219230,350931792,205304532,229607318,208544116,82146253,187753751,453535938,224012882,310375664,216268821,123758986,206225534,111905644,196885072,230245947,192586663,24178903,202593290,42108443,195458648,24835861,179554612,61882695,176567479
92898373,205881314,427142244,194280623,433374093,161473554,343127300,186993712,351529924,192307569,233225931,186863156,97519767,188059475,452926320,178444154,165058428,196040969,133950239,186655496,122679807,211068894,239554292,212459535,101101900,180902952,120142581,194026297,129045146,181494292,142632860,185077937
105034276,220876208,414839936,187968687,432040356,189752102,341850183,203728538,351523810,186980663,218886077,206471861,62855082,173636756,463776923,204806311,124408636,192058585,129033942,179376259,108788728,197417582,241953764,184519158,58508086,174325851,101401787,181900111,100151074,170514681,113509140,166773212
70358637,236520123,424602807,201105442,436428794,206207723,348802272,201677151,344477972,189461528,229643246,176986246,74922289,185456200,454396764,188836976,166182560,180163938,128253504,202954088,113069577,186074735,233244595,193887032,64646818,189526959,36806584,207340251,65352115,192920384,112639016,190526523
86388732,194409224,427137904,200554512,426762304,192263980,340402958,196899093,343936400,183414431,235384985,195570843,106739636,221612565,447863210,177905482,343806953,195316905,131181039,181180778,116610965,193551292,230501964,197764278,76040181,184214928,79946056,187240395,82582500,159087539,124107539,155245248
131705929,186592199,410503040,181771812,427259770,184661374,342999799,180700335,347451701,161837812,223149018,196778672,67211281,181176314,453362209,181387219,119087916,189122973,122615358,189848088,108493418,183035912,232529406,173388070,62417925,176273632,87685171,185385924,129692171,196020948,152662943,171563393
81054134,193914277,424316399,217387914,432703663,195836334,340033333,196642167,350316054,203977286,224219847,219843931,87510342,197381876,464890770,198048868,172842960,186899311,125011202,200646210,115477955,179858934,237798512,181079183,24342782,195036648,43513000,189544042,65361140,179495679,94232506,168841395
66804960,206031314,425527188,187664380,428592753,202039046,337992558,177554782,346887640,188295956,230198626,176982891,70627264,196582539,456694609,167815071,126547435,183851856,121373983,195076587,115697802,174855219,234367162,178744768,62866664,174962810,101709960,176092671,108217244,205906332,117380446,174792135
86515329,216441105,424671328,195877591,430672415,196410372,339468702,193531318,344154545,178170353,239215474,189255371,76194112,175604180,451276327,200041093,169445826,189997056,124611856,209757043,113438486,169508108,233754595,189793542,77183111,186600594,63744508,196631395,106501046,185100139,126286441,140637138
57525663,204577239,424818952,191460388,433823695,224308262,347771942,200139660,346542096,218228447,231130579,215332371,80614678,208186155,450758608,194522881,276990662,205860001,125170087,198962788,114093875,202166415,226303648,201647340,15477213,193017791,20445779,193101001,12233369,201011580,54853390,191753042
37943284,216511286,420836404,204077916,427614079,212835116,338968913,210706032,341997671,221498783,229422426,209367152,72339038,216379480,458541798,205552832,197262723,211157324,121636804,196360091,112739029,185612116,237272395,193078404,45002733,194012251,25998001,188747806,23485594,163352340,54071246,170000124
68024484,211709647,418095529,187953865,433069198,195413567,343193466,192254010,347644394,178606461,234116813,215937649,91071690,199743200,454577094,188107275,175248990,228107795,148029326,193494002,124850503,193082734,240029668,221650326,102368396,190378259,88103424,213050919,82920119,193263244,97764483,218694201
96653093,208456467,418641794,205085004,427122113,181687052,343672425,180132781,338677169,160012286,223863511,187954031,122110891,183134003,455472965,186262825,172059662,181351953,122348370,203493691,114002633,186149897,228874964,185618208,43279146,194515069,85899596,179939316,99664666,154604102,99761390,173199911
97636073,227455090,423940370,189500445,430806903,190556528,340147210,178544743,342390897,184061629,228134568,214389328,51840327,176746610,465991447,205386351,138309434,179807664,121526296,178875471,110006308,148163407,245321592,200562534,88516676,196925715,147966147,176887724,83075418,173469876,92488650,178343140
34963054,190446199,425022857,214187798,430806502,213893537,343621032,176470164,344802302,206029155,238362048,188431161,98891868,194878207,445196323,198702815,147733794,188145892,123082239,190146920,116377841,189633234,225989958,205389373,61658279,205691068,43738232,181402118,114513216,162096480,74819886,176779134
78950108,223420006,421043671,195111021,435346366,200334339,342148593,167932642,350532507,192477298,227333422,206532337,81121083,211408681,457623175,206698522,140242082,182088626,120428537,195629907,107652784,189466561,234525939,184812104,31790072,204986807,39337334,199000049,95682346,187517246,68755652,165545754
20799803,228849087,423745875,199153652,431796119,215281196,343178821,187378908,338407475,205382523,235243792,182069661,125785356,203443967,447135368,204558643,468443857,198600000,118944564,213486412,112824777,185811254,224913244,180301908,80146590,210588984,36789231,191534915,51009373,172482936,42913982,201596402
48204150,199458154,420361651,210627615,428861037,178327496,343659671,177351942,339064517,189586184,227764340,213882180,108579304,195232089,450368840,216437750,206019181,189491015,124067183,185251159,113122088,204067313,223899287,191038374,52867099,186680450,63781050,188095900,69432932,197944551,81345291,167032248
73886556,216143935,426111907,212200271,429089042,216068878,346889083,197286802,339203493,190677900,238707479,189080867,118088311,171000020,450726133,183901912,178793325,194079893,122523478,183951996,117805683,190258726,223326094,180294545,36213134,193475501,71108796,193999969,79715446,163520702,88045203,176076267
103069100,189696110,418962390,199989592,433391316,189692789,339649419,183557027,341910291,187090583,226038311,188273146,28015637,201292892,453949610,189761969,156443657,194868838,131185897,221518676,110353207,170533344,232942494,194893532,94746905,178957386,98786750,213781668,111901205,182907157,94525612,159426017
92755053,198307896,422124971,189594258,433072942,196244473,345192494,176624492,342430552,210528628,231154634,190838075,94992136,212624583,453036610,189759328,159282439,198094032,123446987,203765560,112209334,186440006,228273472,186560475,80028124,191475396,50379776,193431262,43031207,172800300,96382612,178944538
84881283,218207102,427392144,223257510,437338971,213095955,346471200,219465438,343633713,202792346,237835850,185944900,67212517,195799944,450355339,218903878,162365988,193874955,128033424,206399302,123670176,202975888,230792683,233280961,74253293,197758078,100420246,211056471,101763339,215953333,123759354,204382836
81114295,219197149,418067816,190932119,428065842,166594613,344017996,199577848,338629733,201798682,230941239,166500172,95940327,190525351,458259212,187039324,144924443,169169117,120277575,194822467,115977388,174748203,237518958,199936622,73378139,189147450,74386226,198128573,121326281,175803480,126137051,162448571
129767245,179330034,419567451,202063392,422216612,183490970,335834941,180351149,336324202,204267013,227375075,189078562,77157288,196384455,446524787,159287570,145280938,178628203,119414564,168389990,109055197,172039717,227225509,204329696,92928996,190208054,130519731,199303710,122235274,191663513,152759171,191978877
64514151,217092550,421788949,201024230,433064930,193482554,341895013,181853884,343471618,172555376,228182096,186035060,92905580,192340552,457091121,212666217,174523351,196544018,132109679,194427241,116240059,190300944,232367381,210511363,119516613,198120882,83534501,225747495,83900723,186739784,78828844,154182952
173431260,194185004,418395061,187016686,426523328,173573341,341870049,186824613,336822506,178583218,227471965,190750660,123999659,162247456,435498910,198382753,170107444,195045763,118241152,193593885,107049288,183381998,219073374,197456052,104712273,179420011,105999846,165249079,151132333,163743170,144624132,159390411
111853331,210647659,422860077,181001996,435584793,192339632,343470497,188828657,346996260,191953149,231124329,190872665,89071702,172769526,454577683,180328966,489254449,182389153,129210297,189834443,112913014,193777564,231618432,198582006,115691758,168599739,116362109,195333189,94269901,165194056,118838221,179111207
104540376,204077299,416567441,152125896,424540084,168395255,338765838,176827669,342256598,191636128,220919608,173863112,125280696,177711276,468723509,172110302,168645649,198601256,137295299,196919045,109323384,203416007,241711222,176007272,123086337,166989234,157021253,144979464,154181311,155101118,110960983,151496304
95039060,217339106,423901461,193979181,434504147,194786652,347181038,179329953,339765700,194213120,230549613,171343727,82385402,192609760,452088368,198384241,188972454,203984004,116744829,195436971,111097133,173233760,230530210,177070297,120889598,156600132,110360276,167341021,115159472,173055155,116373014,182439240
15374325,218633087,423554807,208586654,427007674,186321190,340776629,212981222,343175919,189024602,233364284,196712360,105774802,198674917,464171754,219138102,165024558,208673184,123875815,197934388,112452866,216651636,243340987,203288249,19422221,209074484,18930653,205466107,17650756,177712615,47165921,194397152
143244508,202829589,415763253,217872193,430439320,188832019,338240662,186135615,340841517,177370188,227949446,197650859,87126032,174433524,451601049,173405519,161484533,183281267,126315406,197904503,104494402,207139674,231804745,185835596,67645089,177433312,89607598,194702263,109129917,169990789,124976567,167954324
107793346,202678604,423313655,204081006,428177468,201574428,340153366,195561390,343076159,185334786,224105527,181280343,87262562,192826837,444434634,216006000,160599600,206253111,147587235,185805691,117071587,223939656,230235114,192230545,67313826,185023770,107385153,197522669,287188464,186933603,143483025,175315987
124506031,196152027,416211868,185581884,427914088,182749143,341426707,177455245,339550689,158174002,228678696,180016984,123902880,166530375,442270482,194579007,150623270,161318528,123547571,170819911,123583009,172653716,226751360,194055269,138624090,189703858,150403433,172724682,163449296,138996090,124048820,159163248
99698198,219560670,427722585,205011557,422236432,189516479,339741992,194969505,332570826,168915113,231642623,186800088,32581380,157315857,443524791,218263587,130521649,189848922,119233156,211621833,118366396,191623308,222838937,213062644,128609013,193244162,104891020,182469595,109288322,194563254,100425001,170143583
55948562,232826833,426185347,201594666,436949276,187133472,343680824,195367686,349047916,176840999,228986389,200972197,111491773,198966335,455921797,186032157,184323152,196889818,126374657,215165923,114142504,207267523,236585180,180523581,57333886,212938115,53272136,213735164,46618735,155512798,107008366,186928091
