6359140,34800249,3451338,5367699,3193732,4354831,2976017,4273378,3095883,3676615,3110187,3633202,2957702,3221180,3189982,3253879,2404180,2841683,3345066,2865632,3138490,2845614,3496409,2862664,2840378,2890726,2815382,2860936,2795242,7520176,2836708,42403860
6359464,34800443,3451572,5367883,3193946,4355000,2976244,4273538,3096139,3676795,3110394,3633347,2957902,3221383,3190198,3254091,2404358,2841880,3345251,2865795,3138727,2845789,3496639,2862873,2840562,2890936,2815575,2861152,2795427,7520379,2836930,42403994
6359621,34800622,3451710,5368073,3194033,4355161,2976382,4273740,3096280,3677000,3110491,3633516,2957997,3221553,3190303,3254280,2404450,2842089,3345389,2865987,3138856,2845943,3496760,2863066,2840698,2891151,2815724,2861313,2795538,7520561,2837071,42404386
6359819,34800792,3451932,5368242,3194259,4355288,2976598,4273871,3096477,3677183,3110676,3633656,2958180,3221688,3190457,3254405,2404610,2842190,3345574,2866137,3139012,2846108,3496917,2863243,2840872,2891361,2815923,2861432,2795738,7520690,2837267,42404666
6360029,34800922,3452076,5368340,3194407,4355403,2976791,4273957,3096640,3677360,3110915,3633788,2958359,3221826,3190641,3254530,2404813,2842369,3345726,2866271,3139169,2846242,3497086,2863390,2841062,2891479,2816086,2861558,2795877,7520816,2837388,42404863
6360245,34801081,3452234,5368424,3194615,4355519,2976943,4274084,3096838,3677510,3111105,3633919,2958561,3221930,3190779,3254670,2405007,2842457,3345905,2866386,3139379,2846338,3497268,2863522,2841260,2891588,2816259,2861647,2796085,7520904,2837581,42405083
6360395,34801227,3452363,5368562,3194732,4355643,2977039,4274244,3096970,3677703,3111205,3634098,2958666,3222095,3190925,3254828,2405144,2842647,3346012,2866525,3139458,2846497,3497359,2863693,2841413,2891742,2816360,2861826,2796217,7521067,2837681,42405352
6360564,34801408,3452551,5368743,3194836,4355766,2977209,4274423,3097096,3677920,3111338,3634235,2958823,3222240,3191045,3254988,2405264,2842799,3346172,2866653,3139606,2846681,3497517,2863855,2841590,2891887,2816537,2862025,2796361,7521219,2837820,42405650
6360755,34801605,3452659,5368962,3194959,4355988,2977309,4274620,3097225,3678128,3111437,3634418,2958912,3222438,3191134,3255197,2405364,2842965,3346286,2866808,3139725,2846870,3497634,2864044,2841707,2892041,2816608,2862171,2796461,7521391,2837950,42405932
6360970,34801812,3452813,5369104,3195109,4356128,2977467,4274751,3097397,3678320,3111615,3634564,2959045,3222569,3191283,3255359,2405491,2843084,3346464,2866938,3139887,2847004,3497807,2864229,2841848,2892200,2816749,2862350,2796598,7521519,2838097,42406238
6361120,34802044,3452969,5369285,3195252,4356315,2977628,4274948,3097505,3678518,3111703,3634737,2959147,3222759,3191404,3255566,2405584,2843252,3346594,2867155,3140017,2847211,3497950,2864393,2841953,2892404,2816902,2862551,2796731,7521676,2838194,42406590
6361370,34802170,3453210,5369388,3195451,4356425,2977793,4275080,3097712,3678677,3111917,3634891,2959370,3222917,3191618,3255759,2405787,2843362,3346751,2867336,3140224,2847373,3498121,2864587,2842129,2892564,2817078,2862704,2796905,7521821,2838345,42406872
6361593,34802325,3453376,5369551,3195603,4356529,2977978,4275205,3097909,3678828,3112073,3635054,2959581,3223060,3191787,3255874,2405949,2843520,3346972,2867468,3140365,2847491,3498304,2864756,2842273,2892696,2817249,2862817,2797106,7521985,2838509,42407185
6361779,34802483,3453511,5369687,3195769,4356668,2978129,4275365,3098049,3678991,3112208,3635168,2959713,3223226,3191917,3255998,2406091,2843636,3347114,2867564,3140503,2847605,3498487,2864904,2842443,2892834,2817416,2862937,2797249,7522146,2838648,42407470
6362008,34802623,3453702,5369791,3195938,4356771,2978292,4275538,3098204,3679148,3112387,3635314,2959900,3223344,3192097,3256117,2406292,2843765,3347283,2867691,3140686,2847736,3498724,2865020,2842643,2892926,2817598,2863086,2797435,7522250,2838841,42407761
6362207,34802783,3453876,5369934,3196141,4356868,2978496,4275634,3098375,3679256,3112579,3635446,2960069,3223459,3192286,3256222,2406530,2843915,3347465,2867775,3140894,2847812,3498910,2865110,2842812,2893021,2817792,2863187,2797653,7522383,2838996,42408034
6362446,34802941,3454056,5370045,3196294,4356992,2978718,4275745,3098579,3679349,3112799,3635582,2960247,3223555,3192471,3256322,2406684,2844089,3347628,2867889,3141079,2847954,3499100,2865256,2843040,2893156,2817984,2863325,2797864,7522533,2839207,42408363
6362645,34803128,3454196,5370228,3196398,4357141,2978803,4275887,3098687,3679523,3112897,3635754,2960369,3223767,3192595,3256529,2406793,2844280,3347700,2868093,3141163,2848135,3499195,2865444,2843149,2893336,2818070,2863516,2797953,7522751,2839318,42408645
6362821,34803384,3454291,5370446,3196527,4357351,2978899,4276125,3098784,3679744,3112979,3636004,2960480,3223963,3192716,3256779,2406885,2844538,3347799,2868344,3141272,2848352,3499292,2865647,2843246,2893551,2818155,2863712,2798063,7522992,2839425,42409004
6363027,34803556,3454428,5370625,3196672,4357508,2979024,4276295,3098918,3679939,3113102,3636140,2960645,3224093,3192816,3256918,2406994,2844677,3347892,2868501,3141382,2848507,3499430,2865824,2843370,2893723,2818304,2863872,2798189,7523180,2839562,42409290
6363213,34803657,3454552,5370756,3196794,4357668,2979171,4276433,3099067,3680080,3113258,3636288,2960765,3224213,3192942,3257072,2407148,2844804,3348043,2868649,3141520,2848649,3499550,2865971,2843518,2893834,2818462,2864010,2798325,7523350,2839716,42409572
6363468,34803802,3454715,5370902,3196982,4357786,2979343,4276552,3099271,3680209,3113402,3636383,2960934,3224346,3193078,3257200,2407355,2844910,3348212,2868756,3141723,2848770,3499766,2866069,2843663,2893940,2818663,2864154,2798556,7523489,2839953,42409825
6363684,34803938,3454861,5371062,3197163,4357903,2979497,4276679,3099442,3680344,3113549,3636502,2961106,3224467,3193230,3257349,2407494,2845041,3348406,2868890,3141888,2848915,3499967,2866219,2843812,2894068,2818820,2864319,2798729,7523617,2840108,42410053
6364043,34804074,3455135,5371189,3197445,4358019,2979749,4276808,3099678,3680445,3113819,3636621,2961366,3224562,3193483,3257453,2407756,2845145,3348685,2868964,3142162,2849017,3500222,2866329,2844134,2894214,2819061,2864419,2798994,7523703,2840299,42410400
6364295,34804182,3455268,5371307,3197582,4358161,2979913,4276927,3099848,3680606,3113976,3636732,2961500,3224689,3193639,3257598,2407918,2845295,3348842,2869093,3142323,2849120,3500387,2866432,2844308,2894313,2819226,2864529,2799171,7523793,2840462,42410676
6364484,34804399,3455444,5371496,3197733,4358358,2980041,4277098,3099978,3680770,3114071,3636910,2961610,3224860,3193771,3257821,2408013,2845547,3348972,2869334,3142479,2849353,3500548,2866656,2844486,2894515,2819352,2864734,2799320,7523997,2840599,42411036
6364666,34804545,3455587,5371622,3197852,4358503,2980161,4277247,3100111,3680909,3114245,3637054,2961723,3224982,3193916,3257961,2408197,2845678,3349110,2869469,3142615,2849567,3500662,2866859,2844610,2894681,2819453,2864904,2799436,7524190,2840722,42411323
6364830,34804670,3455768,5371729,3198018,4358600,2980311,4277372,3100256,3680980,3114422,3637162,2961877,3225075,3194054,3258095,2408362,2845790,3349258,2869612,3142751,2849729,3500814,2867006,2844781,2894842,2819605,2865050,2799580,7524286,2840848,42411571
6365026,34804841,3455962,5371858,3198175,4358759,2980429,4277504,3100378,3681125,3114575,3637323,2962022,3225259,3194187,3258259,2408506,2845996,3349469,2869843,3142943,2849917,3500956,2867218,2844923,2895021,2819762,2865237,2799737,7524446,2840997,42411938
6365223,34804964,3456170,5371983,3198338,4358893,2980560,4277648,3100567,3681248,3114798,3637452,2962200,3225369,3194372,3258371,2408707,2846146,3349619,2869966,3143127,2850030,3501119,2867374,2845064,2895158,2819905,2865362,2799913,7524610,2841127,42412206
6365465,34805131,3456340,5372110,3198526,4359020,2980709,4277754,3100740,3681385,3114979,3637603,2962409,3225506,3194508,3258497,2408838,2846310,3349764,2870117,3143290,2850219,3501267,2867544,2845239,2895270,2820085,2865517,2800046,7524725,2841265,42412511
6365685,34805319,3456511,5372247,3198730,4359161,2980865,4277898,3100902,3681512,3115132,3637729,2962538,3225634,3194627,3258609,2408945,2846443,3349898,2870250,3143442,2850381,3501402,2867677,2845371,2895396,2820244,2865680,2800202,7524827,2841439,42412797
6365870,34805489,3456609,5372406,3198830,4359344,2980971,4278076,3101003,3681709,3115224,3637895,2962668,3225827,3194763,3258731,2409092,2846570,3350020,2870374,3143568,2850495,3501487,2867820,2845492,2895556,2820384,2865813,2800330,7524989,2841535,42413122
6366041,34805725,3456777,5372646,3198964,4359566,2981096,4278309,3101165,3681916,3115370,3638109,2962822,3226009,3194901,3258983,2409227,2846763,3350105,2870560,3143675,2850704,3501639,2868050,2845619,2895694,2820516,2865994,2800455,7525203,2841669,42413486
6366210,34805949,3456941,5372791,3199109,4359714,2981175,4278482,3101303,3682108,3115514,3638267,2962928,3226186,3195006,3259156,2409352,2846954,3350226,2870713,3143782,2850939,3501726,2868260,2845778,2895884,2820675,2866162,2800577,7525395,2841817,42413782
6366365,34806081,3457058,5372910,3199274,4359834,2981296,4278628,3101442,3682240,3115673,3638391,2963151,3226316,3195128,3259292,2409523,2847074,3350388,2870856,3143916,2851069,3501890,2868404,2845936,2896050,2820852,2866293,2800715,7525520,2841970,42414051
6366527,34806338,3457174,5373162,3199399,4360038,2981427,4278843,3101575,3682457,3115795,3638617,2963288,3226523,3195221,3259503,2409601,2847302,3350500,2871127,3144067,2851304,3501990,2868645,2846051,2896303,2820969,2866558,2800787,7525780,2842078,42414405
6366683,34806536,3457267,5373365,3199530,4360234,2981550,4279017,3101733,3682602,3115940,3638787,2963434,3226710,3195315,3259660,2409737,2847446,3350585,2871314,3144161,2851490,3502103,2868796,2846192,2896493,2821087,2866723,2800911,7525946,2842211,42414699
6366839,34806741,3457406,5373573,3199670,4360464,2981669,4279176,3101852,3682809,3116104,3638951,2963540,3226885,3195428,3259805,2409804,2847608,3350670,2871506,3144285,2851663,3502237,2868996,2846307,2896706,2821225,2866939,2801022,7526153,2842320,42415070
6366952,34806987,3457499,5373789,3199773,4360665,2981766,4279393,3101952,3683022,3116170,3639201,2963607,3227128,3195541,3260005,2409924,2847784,3350754,2871731,3144404,2851903,3502352,2869196,2846430,2896884,2821346,2867149,2801088,7526339,2842393,42415459
6367075,34807281,3457604,5374061,3199875,4360940,2981842,4279639,3102008,3683282,3116254,3639477,2963697,3227393,3195608,3260260,2410013,2848032,3350899,2871989,3144482,2852161,3502443,2869469,2846508,2897147,2821445,2867432,2801169,7526591,2842499,42415808
6367259,34807512,3457772,5374262,3200038,4361106,2982004,4279845,3102179,3683449,3116469,3639668,2963871,3227628,3195746,3260516,2410193,2848275,3351071,2872194,3144631,2852412,3502603,2869726,2846658,2897402,2821607,2867610,2801297,7526807,2842635,42416202
6367379,34807771,3457866,5374469,3200147,4361343,2982110,4280109,3102256,3683690,3116597,3639887,2963975,3227875,3195822,3260754,2410276,2848564,3351177,2872436,3144734,2852682,3502706,2869963,2846780,2897671,2821704,2867868,2801393,7527036,2842721,42416585
6367534,34808057,3458000,5374676,3200298,4361561,2982244,4280311,3102403,3683925,3116709,3640130,2964075,3228107,3195924,3260932,2410360,2848753,3351321,2872671,3144819,2852947,3502821,2870222,2846879,2897933,2821823,2868103,2801499,7527268,2842809,42416996
6367663,34808379,3458131,5374928,3200372,4361774,2982415,4280551,3102509,3684183,3116806,3640349,2964163,3228353,3196035,3261181,2410453,2848953,3351421,2872894,3144939,2853190,3502940,2870498,2846979,2898197,2821963,2868400,2801582,7527559,2842918,42417439
6367812,34808620,3458256,5375195,3200533,4361999,2982533,4280761,3102617,3684384,3116902,3640545,2964245,3228571,3196136,3261426,2410541,2849148,3351538,2873100,3145027,2853396,3503027,2870731,2847088,2898423,2822097,2868605,2801695,7527751,2843052,42417827
6367997,34808819,3458364,5375322,3200661,4362156,2982681,4280895,3102721,3684564,3117003,3640728,2964351,3228764,3196247,3261622,2410655,2849353,3351644,2873305,3145125,2853551,3503115,2870921,2847177,2898571,2822211,2868787,2801786,7527953,2843173,42418125
6368150,34809056,3458487,5375501,3200763,4362352,2982764,4281085,3102842,3684723,3117083,3640915,2964468,3228980,3196332,3261830,2410762,2849539,3351737,2873506,3145232,2853736,3503247,2871114,2847386,2898802,2822356,2869026,2801891,7528182,2843298,42418406
6368290,34809319,3458640,5375697,3200912,4362576,2982905,4281314,3102984,3684961,3117228,3641130,2964544,3229214,3196448,3262059,2410831,2849770,3351844,2873701,3145325,2853961,3503356,2871336,2847485,2898993,2822449,2869216,2801999,7528383,2843410,42418810
6368448,34809566,3458763,5375900,3201039,4362795,2983014,4281599,3103101,3685194,3117329,3641332,2964674,3229433,3196546,3262296,2410933,2850024,3351971,2873945,3145445,2854219,3503480,2871536,2847585,2899194,2822563,2869437,2802147,7528620,2843515,42419182
6368577,34809793,3458868,5376097,3201144,4362989,2983131,4281837,3103168,3685453,3117439,3641568,2964772,3229623,3196667,3262510,2411080,2850200,3352054,2874136,3145561,2854443,3503559,2871755,2847679,2899408,2822673,2869677,2802260,7528811,2843617,42419533
6368769,34809991,3458999,5376331,3201231,4363171,2983260,4282016,3103285,3685623,3117540,3641750,2964872,3229822,3196774,3262701,2411184,2850397,3352199,2874324,3145679,2854680,3503654,2871950,2847833,2899617,2822808,2869839,2802406,7529079,2843773,42419874
6368926,34810166,3459118,5376538,3201363,4363358,2983377,4282209,3103416,3685798,3117657,3641926,2965018,3229988,3196906,3262864,2411329,2850620,3352342,2874498,3145795,2854902,3503764,2872171,2847947,2899839,2822916,2870102,2802526,7529286,2843880,42420241
6369142,34810324,3459268,5376785,3201534,4363539,2983506,4282383,3103579,3686014,3117810,3642146,2965104,3230219,3197003,3263038,2411420,2850842,3352459,2874679,3145951,2855105,3503885,2872350,2848089,2900036,2823051,2870280,2802722,7529466,2844055,42420624
6369296,34810667,3459389,5377059,3201609,4363822,2983578,4282644,3103659,3686309,3117893,3642488,2965179,3230529,3197072,3263387,2411509,2851142,3352574,2874976,3146033,2855373,3503988,2872614,2848174,2900336,2823132,2870580,2802826,7529812,2844144,42421157
6369451,34810856,3459548,5377241,3201746,4364031,2983701,4282867,3103747,3686477,3117996,3642687,2965274,3230713,3197195,3263571,2411638,2851343,3352651,2875140,3146200,2855566,3504087,2872788,2848304,2900529,2823228,2870752,2802943,7530019,2844262,42421408
6369607,34811146,3459670,5377526,3201838,4364288,2983818,4283119,3103855,3686717,3118081,3642907,2965351,3230987,3197274,3263798,2411723,2851539,3352800,2875346,3146306,2855810,3504181,2873049,2848474,2900785,2823322,2871007,2803028,7530282,2844332,42421848
6369786,34811362,3459834,5377689,3201969,4364479,2983921,4283279,3103964,3686899,3118184,3643106,2965504,3231181,3197406,3263995,2411883,2851709,3352924,2875507,3146476,2855966,3504327,2873221,2848622,2900951,2823468,2871179,2803150,7530427,2844456,42422183
6369972,34811569,3460020,5377884,3202136,4364646,2984063,4283474,3104073,3687095,3118329,3643300,2965632,3231389,3197525,3264143,2412014,2851882,3353047,2875664,3146618,2856110,3504432,2873412,2848766,2901201,2823593,2871353,2803297,7530616,2844628,42422556
6370131,34811942,3460143,5378144,3202245,4364911,2984137,4283711,3104192,3687389,3118412,3643575,2965721,3231660,3197639,3264403,2412135,2852148,3353131,2875959,3146724,2856308,3504530,2873695,2848853,2901454,2823673,2871647,2803382,7530948,2844718,42423070