44337060,459876606,70004929,54344629,80857553,54351373,66992117,53990473,78384053,56031086,63260603,52282036,44883577,49125109,66341605,46919282,57306004,48861296,56959943,48682860,53506451,46935463,72350062,44330202,40707525,44552743,40336059,45027690,42415064,125959946,42031154,360804752
44339010,459878231,70006820,54346595,80859628,54353043,66994605,53992259,78386210,56033141,63262419,52283855,44885453,49127028,66343515,46921020,57307948,48863472,56961733,48684934,53508739,46937318,72352127,44332089,40709486,44554906,40338068,45029513,42416898,125961759,42032835,360805553
44340102,459879183,70008160,54347568,80860926,54354466,66995962,53993569,78387211,56034312,63263737,52285133,44886759,49128630,66344615,46922355,57309239,48864805,56962942,48685966,53509689,46938741,72353236,44333350,40710891,44556081,40339785,45030725,42418231,125962854,42033964,360806858
44341500,459880763,70009263,54349153,80862140,54355983,66997097,53994798,78388328,56035590,63265061,52286765,44887769,49130212,66345806,46923793,57310386,48866475,56964616,48687396,53511017,46940231,72354369,44334573,40711835,44557427,40340803,45032243,42419137,125964332,42035050,360808454
44342576,459882070,70010538,54350305,80863376,54357200,66998606,53995971,78389704,56036818,63266041,52287764,44888599,49131737,66347136,46925464,57311376,48867821,56965757,48688601,53512227,46941398,72355387,44335581,40713801,44558442,40342068,45033513,42420225,125965638,42036127,360809825
44343650,459883265,70011757,54351982,80864539,54358891,66999972,53997584,78391074,56038514,63267220,52289013,44889792,49133165,66348265,46926926,57312462,48869120,56967056,48690439,53513781,46942650,72357095,44336896,40715098,44559795,40343648,45034593,42421497,125966963,42036985,360811453
44344869,459884720,70013216,54353399,80865776,54360216,67001153,53998709,78392715,56039931,63268385,52289881,44891104,49134276,66349558,46928007,57313667,48870274,56968245,48691467,53515027,46943845,72358126,44337961,40716159,44561284,40344996,45035521,42422744,125968085,42038127,360812732
44346117,459885985,70014268,54354867,80866900,54361756,67001978,54000109,78393952,56041333,63269589,52291365,44892348,49135777,66350924,46929288,57314830,48871974,56969321,48692719,53516221,46945294,72358908,44339336,40717117,44562623,40346088,45036754,42423917,125969283,42039013,360814182
44347123,459887298,70015296,54355910,80867731,54363109,67003080,54001098,78395194,56042276,63270732,52292639,44893578,49136795,66352141,46930602,57316251,48873141,56970712,48693504,53517594,46946449,72359897,44340538,40718383,44563927,40347236,45038070,42425075,125970347,42040327,360815770
44348920,459888783,70016447,54357060,80868892,54364601,67004042,54002624,78396650,56043585,63271779,52293802,44894629,49137950,66353261,46931697,57317324,48874340,56972134,48694738,53518678,46947341,72360827,44341701,40719422,44565174,40348129,45039125,42426161,125971835,42041838,360817080
44350571,459889717,70018137,54358102,80870284,54365772,67005519,54003641,78398560,56044690,63273385,52294740,44896291,49139661,66354780,46932759,57318693,48875647,56973584,48696129,53520072,46949024,72362034,44342585,40720770,44566710,40349534,45040577,42427582,125973439,42043656,360818466
44351959,459890941,70019431,54359248,80871691,54367453,67006782,54004884,78399948,56045878,63274865,52295940,44897788,49141604,66356174,46934407,57320069,48877073,56974923,48697532,53521131,46950401,72363273,44343905,40721894,44568356,40350600,45042025,42428888,125974911,42045030,360820030
44353402,459892095,70020730,54360500,80872801,54368390,67008195,54005991,78401300,56047060,63276314,52297326,44899263,49143340,66357386,46935866,57321550,48878366,56976103,48698873,53522910,46951791,72364470,44345036,40723430,44569472,40352074,45043305,42430864,125976225,42046354,360821474
44354526,459893202,70021705,54361482,80873880,54369176,67009440,54006984,78402281,56048149,63277740,52298780,44900776,49144460,66358810,46936980,57322472,48879232,56977117,48699864,53524220,46953206,72365676,44346299,40724299,44570601,40353201,45044392,42432370,125977498,42047622,360822806
44355886,459894352,70023069,54362699,80875379,54370425,67010520,54008280,78403312,56049333,63279036,52300225,44901995,49145617,66360165,46938359,57323808,48880567,56978702,48701417,53525699,46954746,72367331,44347659,40725739,44571906,40354285,45046152,42433774,125978754,42048707,360824206
44357134,459895663,70024410,54364169,80876528,54371814,67011481,54009453,78404423,56050358,63279936,52301503,44903204,49146896,66361285,46939471,57324714,48881751,56979903,48702842,53526688,46956114,72368971,44349026,40726730,44573402,40355177,45047684,42435380,125980292,42049657,360825761
44358773,459896984,70025711,54365571,80877673,54373468,67012695,54011167,78405954,56051909,63281154,52302757,44904486,49148744,66362407,46940946,57326013,48883178,56981278,48704212,53528273,46957777,72370862,44350606,40728141,44575185,40356305,45049374,42436646,125981634,42050891,360827602
44360519,459898155,70027398,54366417,80879305,54374659,67014077,54012134,78407454,56053016,63282594,52304405,44905715,49149671,66363775,46941904,57327316,48884313,56982535,48705470,53530230,46959012,72372025,44351607,40729769,44576352,40357619,45050629,42438064,125983023,42052358,360829074
44362305,459899471,70028608,54367621,80881266,54375794,67015810,54013421,78408996,56054187,63284191,52305675,44907413,49151190,66365482,46943304,57329141,48885765,56984250,48706903,53532183,46960107,72373689,44352810,40731118,44577571,40359167,45051870,42439530,125984259,42053833,360830473
44363474,459900451,70029711,54368758,80882172,54377321,67017049,54014565,78410128,56055401,63285380,52307224,44908462,49152823,66366654,46945045,57330219,48887387,56985391,48708424,53533442,46961496,72374937,44354345,40732209,44579136,40360507,45053094,42440688,125985474,42055118,360831641
44364510,459901469,70030927,54370027,80883388,54378494,67018212,54015609,78411317,56056618,63286172,52308116,44909601,49153887,66368006,46946423,57331464,48888635,56986481,48709430,53534631,46962519,72376356,44355355,40733614,44580210,40361578,45054219,42441977,125986722,42056650,360833360
44365474,459903090,70032065,54371456,80884497,54379857,67019279,54016877,78412921,56057986,63287272,52309540,44910666,49155291,66369505,46948080,57332747,48889852,56987820,48710835,53535869,46963815,72377433,44356721,40734622,44581506,40362659,45055716,42443275,125988572,42057748,360834957
44367269,459904241,70033575,54372631,80885656,54381365,67020358,54017893,78414227,56059025,63288386,52310952,44911787,49156428,66370585,46949255,57333697,48890890,56989447,48711940,53536975,46965113,72378393,44358270,40735636,44582721,40363977,45057034,42444587,125989883,42059006,360836228
44368860,459905783,70034866,54374317,80887159,54382799,67021577,54019639,78415787,56060522,63290127,52312994,44913018,49157967,66371630,46950690,57335181,48892593,56990940,48713567,53538545,46966482,72379555,44359516,40737169,44584436,40365340,45058635,42445822,125991421,42060906,360837987
44369937,459906924,70035773,54375700,80888016,54384054,67022473,54021480,78417056,56062013,63291334,52314402,44914200,49159155,66372718,46951903,57336155,48894002,56992123,48715159,53539671,46967933,72380557,44361338,40738607,44585705,40366247,45060194,42446696,125992725,42062029,360839478
44371400,459908312,70037097,54377318,80889456,54385498,67023725,54023564,78418232,56063369,63292659,52315634,44915468,49160478,66373759,46953300,57337441,48895463,56993125,48716746,53540990,46969526,72381915,44362630,40740006,44587265,40367551,45061625,42447736,125994198,42063213,360841271
44372543,459909573,70038231,54378547,80890671,54386519,67024698,54025125,78419423,56064755,63294025,52316728,44916736,49161460,66374928,46954432,57338737,48896711,56994056,48717807,53542068,46970868,72383165,44364018,40741003,44588624,40368669,45062955,42448838,125995400,42064486,360842514
44374002,459910842,70039101,54379750,80891601,54387737,67025469,54026358,78420422,56066250,63294890,52317988,44917716,49162686,66375763,46955807,57339760,48897729,56994914,48719515,53542972,46971871,72384359,44365230,40742019,44590126,40369938,45064276,42450108,125997125,42065662,360843834
44375522,459912113,70040542,54380973,80893160,54389128,67026963,54027535,78421854,56067490,63296972,52319345,44919207,49163994,66377324,46957019,57341335,48899437,56996611,48720947,53544417,46972986,72385876,44366360,40743189,44591573,40371122,45065641,42451531,125998113,42067231,360845763
44376590,459912974,70041256,54381852,80894209,54390158,67027848,54028686,78422913,56068616,63297862,52320589,44920160,49165107,66378316,46958237,57342753,48900621,56997474,48722408,53545695,46974276,72386830,44367869,40744047,44592873,40372141,45066928,42452744,125999427,42068027,360847475
44377721,459914126,70042249,54383005,80895258,54391220,67029003,54030454,78423856,56069720,63298876,52321791,44921269,49166185,66379407,46959323,57343632,48901812,56998472,48723585,53546815,46975449,72387987,44369147,40745419,44594315,40373209,45068330,42453802,126000475,42069151,360848759
44379422,459915705,70043482,54384060,80896581,54392539,67030186,54031803,78425354,56071128,63300037,52323245,44922480,49167759,66380572,46960824,57344899,48903257,56999856,48725101,53548181,46976536,72389500,44370428,40746833,44595452,40374686,45069461,42455127,126001827,42070674,360850217
44380311,459916925,70044720,54385353,80897840,54393529,67031591,54033342,78426501,56072369,63301052,52324671,44923759,49168720,66381544,46962015,57345951,48904392,57001054,48726126,53549145,46977642,72390629,44371426,40747709,44596353,40375980,45070711,42456348,126002958,42071897,360851372
44381982,459918441,70046364,54386647,80899491,54394729,67033566,54034419,78427870,56073961,63302464,52325859,44925207,49170039,66383023,46963391,57347538,48905506,57002456,48727379,53550516,46978845,72392043,44372497,40749113,44597830,40377546,45071889,42457874,126004571,42073507,360853429
44383232,459920046,70047514,54387913,80900786,54396068,67034993,54035839,78429014,56075845,63303901,52327280,44926984,49171531,66384304,46964542,57348798,48906666,57003725,48728642,53551742,46980104,72393289,44373878,40750346,44599483,40378778,45073220,42458987,126005754,42074776,360855398
44384264,459921453,70048702,54389006,80901863,54397393,67036182,54037204,78430209,56077256,63304881,52328503,44927762,49172627,66385378,46965930,57350091,48907842,57004767,48729727,53552768,46981478,72394624,44375189,40751569,44600972,40380097,45074720,42460047,126007124,42075679,360856923
44385759,459922841,70050368,54390194,80903979,54398824,67037981,54038503,78431752,56078521,63306583,52329722,44929489,49173692,66386867,46967267,57351825,48909127,57006612,48731276,53554703,46982841,72396307,44376396,40753303,44602434,40381644,45075908,42461598,126008358,42077317,360858376
44387105,459924018,70052250,54391496,80905624,54399780,67039685,54039656,78433428,56080135,63308918,52331176,44931219,49174927,66388265,46968654,57353578,48910553,57008284,48732538,53556360,46984223,72397986,44377532,40754987,44603676,40383132,45077533,42462935,126009807,42078639,360859853
44388302,459925252,70053533,54392955,80906691,54400902,67041201,54040577,78435153,56081214,63310441,52332366,44932851,49175989,66389925,46969901,57355001,48911786,57009483,48733671,53557828,46985487,72399345,44378964,40755997,44604841,40384286,45078600,42464128,126011014,42079825,360861440
44389685,459926387,70054801,54394106,80907930,54402053,67042369,54041505,78436497,56082377,63311649,52333171,44934295,49177095,66391247,46971071,57356317,48912910,57010887,48734508,53559294,46986513,72400779,44380541,40757083,44606107,40385542,45080088,42465350,126012480,42081244,360862984
44391012,459928035,70056434,54395468,80909261,54403833,67044145,54043005,78438181,56083423,63313158,52334341,44935683,49178543,66392909,46972242,57357992,48914268,57012175,48735959,53560864,46988143,72402432,44382044,40758938,44607604,40387499,45081216,42466888,126014022,42083003,360864719
44392432,459929626,70057909,54396988,80910714,54405433,67045829,54044271,78439714,56084668,63314595,52335683,44937558,49180278,66394540,46973776,57359990,48915675,57013923,48737498,53562793,46989695,72404249,44383703,40760580,44608828,40389070,45082991,42468814,126015430,42084641,360866605
44394065,459930842,70059624,54398473,80912285,54406599,67047342,54045863,78441379,56086475,63316373,52336877,44939335,49181814,66396440,46975083,57361912,48916847,57015964,48738961,53564791,46990730,72405708,44384778,40762249,44610186,40390571,45084150,42470645,126016780,42086199,360868221
44395580,459932056,70061134,54400187,80913699,54407984,67048829,54047219,78442999,56087870,63317704,52338379,44941055,49183092,66397804,46976550,57363481,48918682,57017434,48740355,53566385,46991921,72407379,44386277,40763836,44611305,40392045,45085609,42472154,126018573,42087678,360869926
44397241,459933351,70062716,54402592,80915660,54409075,67050420,54048457,78444786,56089070,63319555,52339490,44942861,49184470,66399547,46977918,57365285,48920327,57019226,48741992,53568392,46992971,72408886,44387516,40765311,44612781,40393459,45086660,42473540,126019878,42089422,360871576
44398911,459934857,70064092,54403961,80917217,54410069,67051946,54049751,78446238,56090144,63321243,52340551,44944257,49185464,66401062,46978936,57366853,48921529,57020612,48743236,53569693,46993793,72410359,44388809,40766706,44613854,40395182,45087638,42475108,126021125,42090974,360872950
44400104,459936267,70065181,54405252,80918434,54411243,67052997,54051122,78447445,56091185,63322241,52342711,44945451,49186786,66402049,46980226,57368150,48922381,57021760,48744569,53570867,46995055,72411499,44390075,40767799,44614898,40396165,45088658,42476185,126021967,42092193,360874425
44401434,459937276,70066586,54406441,80919643,54412503,67054410,54052821,78448960,56092508,63323676,52343924,44946856,49188004,66403327,46981330,57369302,48923350,57023127,48745844,53572360,46996291,72412722,44391642,40769223,44615974,40397445,45089661,42477411,126022981,42093531,360876121
44403261,459938356,70068290,54407550,80921140,54413787,67055810,54054232,78450526,56093732,63325041,52344943,44948617,49189511,66404629,46982527,57370585,48924476,57024647,48746725,53573670,46997294,72414108,44392851,40770607,44617327,40399063,45090812,42479064,126023973,42095177,360878327
44404783,459939595,70069722,54408754,80922564,54415040,67057408,54055462,78451792,56094977,63326404,52346427,44950174,49191039,66405982,46983710,57372075,48925918,57025940,48748119,53575093,46998718,72415649,44394514,40772299,44618555,40400812,45092426,42480645,126025423,42096891,360880048
44406235,459940781,70071014,54409872,80924075,54416039,67058727,54056644,78453110,56096310,63327544,52347840,44951541,49192420,66407243,46984858,57373697,48927406,57027317,48749195,53576665,46999808,72417196,44395925,40773700,44620050,40401993,45093772,42482280,126027241,42098424,360881607
44407604,459942049,70072273,54410975,80925546,54417065,67059985,54057867,78454474,56097696,63328932,52349153,44952946,49193562,66408537,46985846,57375152,48928820,57028736,48750401,53577782,47001067,72418701,44397235,40774918,44620935,40403392,45095113,42483686,126028472,42099771,360883420
44409191,459943400,70073636,54412567,80926790,54418453,67061562,54059068,78456394,56099093,63330643,52350567,44954338,49194808,66410137,46986847,57376681,48930296,57030154,48751771,53579027,47002705,72419728,44398765,40776164,44622348,40404964,45096644,42485256,126029860,42101194,360885197
44410567,459944968,70074773,54413708,80928022,54419775,67063141,54060411,78457855,56100207,63332040,52352068,44955461,49196031,66411365,46987997,57377756,48931209,57031462,48752693,53580245,47003624,72420905,44399919,40777585,44623458,40406176,45098261,42486642,126031110,42102524,360886820
44412177,459946991,70076456,54415521,80929869,54421317,67064733,54062411,78459733,56102296,63333732,52353991,44957002,49197901,66413069,46989699,57379512,48933015,57033133,48754125,53582222,47005350,72422684,44401505,40779313,44624885,40407830,45100273,42488288,126033530,42104165,360889146
44413554,459948003,70077812,54416714,80931135,54422627,67066046,54063870,78461049,56103805,63335017,52355058,44958292,49199068,66414423,46990851,57380889,48933848,57034421,48755348,53583609,47006469,72423730,44402767,40780413,44626278,40408781,45101430,42489252,126034747,42105416,360890595
44415296,459949271,70079642,54417729,80932674,54424144,67067836,54065362,78462571,56104977,63336730,52356474,44960213,49200447,66416087,46992029,57382597,48935382,57036136,48756812,53585215,47007835,72425292,44404259,40782021,44627645,40410326,45102688,42490580,126036138,42107021,360892689
44416486,459950430,70081102,54418908,80933988,54425483,67068933,54066858,78463799,56106552,63337921,52357887,44962055,49201648,66417479,46993206,57384125,48936315,57037571,48757876,53586828,47008844,72426647,44405363,40783317,44629013,40411707,45103868,42491776,126038020,42108150,360894330
44417576,459951703,70082254,54420603,80935287,54426733,67070531,54068339,78465127,56107863,63339301,52359053,44963351,49202736,66418787,46994419,57385336,48938267,57038787,48759219,53588223,47010096,72427644,44406669,40784439,44630111,40413181,45105187,42493034,126039273,42109643,360896173
44419324,459953720,70083973,54422067,80937067,54428092,67072302,54070044,78466856,56109358,63340839,52360801,44964920,49204636,66420371,46995934,57387104,48940105,57040459,48760645,53589913,47011571,72429352,44408191,40785975,44631873,40414832,45106944,42494698,126041080,42111305,360898393