202765710,27092551,187152676,204732491,130057679,11571338,69405217,19732208,313240579,13205531,267816900,54780403,192402913,177707939,190781296,277528389,195633764,17349743,81571127,479305568,263342457,415857009,188237481,103920534,25519958,18940934,18835623,281636860,100196348,12286857,491814511,4831022961
99547152,435676476,83912292,93261812,41271951,180474592,9368836,106176370,9924132,15046568,183812313,84529140,90596106,357930525,8943679,187599972,90068846,272241534,98951120,456420727,182628619,256838764,176999609,270093198,179939807,148968714,209045767,79391854,187982026,94632951,12390392,255538123
132156116,100342912,183470494,184742635,99329150,143670501,306349064,96157326,331136252,257874747,160165161,425761078,268217703,185064436,8439597,521998162,100148907,432473641,9192780,508022929,9987338,186560309,8499148,249101220,177892871,187982786,177884457,188056306,97289744,445790822,99596395,93809036
98730687,10381883,320152006,96033823,190420483,191455979,261636972,97137043,125026447,8586713,222867885,95931793,272510730,8190359,187805011,128401545,275177869,186589422,11496843,183941204,423332199,46785266,135982987,277854391,688419450,108609157,185254683,278987118,203286228,184899743,10013872,279067439
57533778,267578881,334012234,174042795,452772985,93535550,350719764,14985853,112816193,97763911,363056762,273711719,903606016,12125881,9254111,119948933,10001662,11642563,8062069,269135225,378251503,11747633,255213477,65715634,493741595,8567868,756423282,15176727,279495366,99459796,99177894,198801698
281877471,184504983,94587245,104684558,255900081,88883992,185144765,447617613,426551966,451285614,181650251,364502865,82301135,265991507,101586227,450485043,11786019,814074809,181305770,534851871,6636959,96800283,183042163,425128452,606335061,910143545,189021697,537956308,248758052,183017709,181891182,204262071
97191610,163193078,192874838,14124884,369866660,527894934,509944555,154950727,193921499,198296696,549491801,269878547,98402234,192047616,271734522,90659448,434707920,273964645,272091889,347436372,452188519,549882565,352268465,111952538,282853623,446038984,282290334,585897063,103623846,260505990,100278307,200459556
427192316,229428146,184238688,122146437,81814426,21950479,356857877,713079829,5619149,281478642,265737092,7958325,92974240,265752739,12601818,353928697,89957346,189535946,7119488,170590820,76905594,610633935,224199670,514657975,6884082,316621338,10370629,10432279,98210059,419385025,283155930,550179433
187362706,114005134,176873285,100498563,257289964,117620894,86123346,96097244,365285575,7213548,355128406,89216135,183485051,102773097,8095105,7816956,171444049,97441993,208267766,109502281,170835750,8097635,172072089,117327912,439694283,22703660,259429855,34330885,84735648,202063474,168794284,159398155
8493143,790337849,16072174,187048891,8831437,365248478,274030413,10042133,94882247,279430873,186572508,67276183,104120347,421049469,316890050,227615862,103846781,542338398,98113182,279865037,8466054,244931693,280043306,957537967,176142744,135009290,10945492,251671795,451014726,161947515,169272004,398406242
12511917,171446606,101886683,7375123,16718350,102697626,15810978,11930623,522547418,183395341,81062661,190691942,105189320,167284226,12447377,194838922,269314661,98762236,135071754,280405685,190743095,10767947,457269720,196081853,234676048,100875351,562036233,364004706,229656687,269067616,299672076,61394538
347838235,98011601,190015685,370675847,100393908,179237732,471881272,92933056,263628988,359578237,268533980,7534991,198144019,311291263,96788454,179370447,12829858,90021431,906685710,528019101,11829535,94061088,442224029,181986412,11583794,261527466,183235716,246607537,185959412,445347913,8877984,243877769
721274635,184471874,267230458,146966120,6485719,94095275,269517451,184348666,433609265,92980319,635456588,228704462,527235969,148125158,156236437,85716704,195924530,359724566,182276039,92936623,91211188,27027634,442246051,187703096,10080701,463512600,153667487,94727364,348426817,181181290,12155018,126996872
532831501,99761717,237811317,220058993,633568395,94980542,554117468,280470144,356832054,181435226,173806445,274349617,510064619,98876305,187471278,186768232,406572006,262905503,459017626,177452499,517985874,10780300,144278061,93001828,266508149,178379933,258532508,114576857,97147549,18383095,218077128,243339863
92627761,147043087,456337846,97938321,518069067,365445160,357532014,252408182,401154587,94841688,98558627,95906535,85647534,94467227,100791967,137755441,222828834,243997359,11662213,273991947,385054213,43967046,225718577,36218905,209132555,98500563,1000158659,96708646,711767013,146498019,463484069,37789775
542290429,267637957,100384114,95358986,704439919,64856894,182938736,13855123,271219352,11562184,552470336,185857630,548634778,63215982,374766995,15152747,265464918,18952966,262926765,15224457,514651919,16795991,101702136,103395298,249136305,14071630,258926806,542773635,421083169,365318755,278580844,162681301
96703663,452316313,96915713,537226969,12242772,188718983,8437946,315947431,96976423,189756877,182222451,102798852,5468159,376864876,4702832,185875814,5494627,451860168,85757994,427924384,26920777,210276520,17346598,9461855,189060666,688924872,33218938,193363931,11425340,423680940,274231609,288353961
14509543,261662467,184135927,511368964,16329837,447355893,106069099,441630463,101429047,549320827,14413716,581612084,73878662,100311818,9184099,97025463,15161664,187115041,269043175,859865450,103795593,177456596,11209214,277388070,20991607,361397473,180157964,422293128,277093972,592121703,370607927,278640286
362623434,319055152,8191573,235939570,163182438,207205214,95764883,49301278,277076277,268806347,5841591,454707737,259700884,70159570,188645861,19156587,11143390,727004694,95427877,101956156,368548099,176634696,152655017,182392257,367335189,280723558,141012198,144833967,271210613,554998257,178730827,581480177
631127311,98985499,93860380,439306686,82715413,348593348,179121294,279705343,356973435,543517859,108731799,166988881,181104123,525730205,258186056,248435973,176451918,334692780,187833932,273504456,276504937,449733072,262015455,351976705,87645037,342119694,532900040,190239064,353628344,816579496,179674964,229777912
497400144,16203294,706261518,188117035,460007034,97076669,102557533,107855570,344378265,6057937,83679233,9718346,180778847,182657863,234961248,180696869,178777305,83237081,101874790,264655600,149375595,10009091,102185288,148255985,529103150,10541341,280939194,8396170,547633947,245727232,176124229,176463231
129973163,161504913,148247648,10788419,289891378,182282888,181829600,128266533,734082623,185167687,132084445,93688227,92083705,41911033,196584884,10925995,178381020,196514625,374802151,13194974,176920433,185997445,576544074,68696261,183806137,316990322,188337256,189662446,140183269,271638836,64288966,136992910
275539129,13222973,364628491,59405091,602576311,15165165,281759570,12124515,117116700,16212646,283288548,16886971,100302866,93133376,272371241,10686001,41984088,9055639,346316309,9158366,268303270,11177437,197507411,9156861,81504775,185669628,167774792,101636198,78911125,100809981,445468795,117345043
310165893,184627885,613320860,11565847,171964430,185065626,271410534,342329532,216847172,11701437,11543949,91867910,532630488,270166394,423864289,198274948,219207442,690206874,431693599,271045178,330759396,96163087,208379122,195684478,184139801,58929657,10091856,78621703,582193469,147119844,165048472,187467201
261841386,608466310,176367687,608808725,265012124,576925930,87521926,335518130,265477426,38006741,95899582,536401182,188526647,267788085,83786024,94659257,168307976,450514793,187813789,187954307,671375376,460460199,360919460,356117575,173622469,108359857,654694539,450250051,92494666,190127531,357876647,123023651
182426830,543706201,88742111,352863831,184102469,29705531,540640981,80721670,95606473,446133793,533494394,98843292,43375773,192057919,673216585,66701266,528459047,349296247,6400209,96500694,396032012,182074174,8027477,535006016,180100808,14743510,188951188,407744727,250179209,262896129,211504073,149844250
158157270,273959191,370277266,248749706,545522829,275362747,344937640,95958137,182999003,276477181,166772869,11971706,7130605,189427909,5845733,451865098,8040769,196692036,564998889,186415585,359774832,184505333,247670366,96312553,266891500,185015926,315163666,182686913,274062494,261666898,459870865,81096481
60388827,12881792,364990581,8939676,134879840,9980253,9027044,263485061,109521201,182576044,96719458,96678632,8136036,187464088,155026535,275659700,14140130,13609250,287078625,171817490,84614863,105119627,113683932,88867507,12689148,245578594,11196271,274817619,348889638,97580387,12971221,381854181
210633854,92329759,384716552,90345507,251582687,10659838,101936073,271492873,254842734,276306098,611882856,81357571,373695888,95548597,12415037,185534151,372170772,282011617,455828222,94828700,188849037,453869940,149754254,182445767,100507746,411600446,627896615,470805872,370486689,94480374,404111621,177704250
20114401,200635471,316301147,173197360,295341759,363799340,260055019,9772572,338017825,12122452,246137326,94513473,620161074,278711525,187243988,13389358,275968900,103959140,174222299,276854252,259226323,104346922,93524370,252853237,33858345,631238344,178532707,16806152,282587720,273511095,272300374,40077642
297478270,182475415,179792371,95598648,479119264,108673117,171581202,368864548,229389640,245509477,263862565,98641896,263836799,93740083,5159180,92695794,705875689,273298916,93048111,103719709,98726434,182265629,267005721,263004287,95430918,190818015,603422389,619653780,457529536,250458626,236286364,117258218
382349749,188102136,700461511,190816021,207086652,9678565,446771525,421512845,360663524,631993879,96364320,104445668,56962124,268175807,188508702,443190681,195532879,276098337,179881280,358037512,17414019,102598191,212692879,93913288,539477509,101176604,184620541,183637044,392506016,452064576,8505871,116220834
201635350,540092593,109393553,197056967,113110869,120537314,13506866,401966425,276611622,313349288,8105095,371467499,19668860,259254769,95158676,176419732,98961044,181124658,8160806,233706931,12462373,272000157,197395502,363622850,369979439,430994784,188806851,348323013,288910919,220393666,275341114,84379176
108839198,99205619,430435093,22830930,353681420,273495132,17806102,354742644,365060025,180824640,212485820,321654534,264623369,100115821,85664117,273901714,188536074,621911419,96519681,343443323,174559503,351228719,188258072,186161507,183419818,217008884,485828293,176122450,256967611,446994522,181084557,40041147
6886494,356313030,98823042,456948086,455712673,349269870,449914772,463688994,186487667,427822582,302885436,180724124,345688108,98277927,270584473,102593179,574580688,439065078,365595819,360466956,711874848,185664880,184930154,93771554,275039590,100011288,448047379,282123334,451587673,191042563,385022253,248461166
232071696,271394961,11107788,256866551,70447890,85165411,180508955,116835934,14810714,546910279,16193235,176133063,97278939,197717260,19840361,185765882,11044248,177692791,191079989,255948314,78328391,993307601,176416423,277481186,132862221,245977139,17443611,183515071,190428162,531920264,284431272,502569780
88958669,169673758,13869297,99466732,178100480,426802747,17846093,184593674,106691760,241622598,13332592,590889364,22003220,429236818,85608123,88942138,147334761,152825726,171518043,347449564,20938789,20765887,180987155,177527709,261037374,247187486,13005539,436933210,88079854,263393115,99135187,70715859
277904017,198426380,187649038,323371864,455211265,367149040,282176506,360365356,275271415,459801995,273004303,101980457,365927190,649719931,276179323,371652812,367011638,241359532,8276410,538881918,187966503,542978975,366713673,98642237,154305731,185090389,102723793,266862119,238364175,449394622,187314527,230551585
186446374,424509022,24075055,539159289,103057607,182818291,10264955,193320627,55570917,99210983,34513018,632543189,13812634,213475425,265922846,622889856,359289294,379025855,10660181,272853977,47068867,331261121,312003970,279916636,181579178,280683585,96780796,387237079,185900514,164909874,12249236,294999257
124388616,191101223,189403833,362546940,103446644,559338083,14199079,243684185,12302240,367823858,20248335,193858522,12686980,251522488,16460034,96713917,11111857,200200644,99857318,230077109,100288968,371221279,21120248,77616065,13763129,187358012,100097083,953032696,14168017,866146623,14356776,264735139
13315550,100980259,10067497,137962024,103092383,276336370,18887696,285547333,11908097,103671247,350764664,106010759,272728933,89671500,80814539,112950917,170973928,182882961,13903063,246692278,289015264,377143882,17390198,65303779,107622197,459828779,94778727,74688539,11543457,578272755,199337759,223391658
9989579,440289804,96842289,198447500,19264706,576218283,13227477,344496825,99798581,188732940,21536004,595932161,100297094,368644363,98613655,506191133,15892077,432131009,22938064,355128445,15141077,468303758,14545449,194470517,96666504,529308411,267260742,283260581,59997143,121582990,11459590,515072086
100793820,340285460,92220837,238640883,103207752,207676573,82595244,103383497,98089795,364517884,16452724,370392649,99997182,273991709,18739849,91691546,13967753,265087207,19418535,369535726,16169023,104866983,372784307,562134600,15007689,429040091,116642666,452736343,97451738,472379487,70609545,279081641
11374274,449440699,23422450,278248684,31831082,345212661,101204310,349737946,16351745,176582280,10685838,336921620,48516118,418321666,44508661,451967732,11375827,218124721,13864226,7352010,152798585,373332483,15991333,282649441,12860166,500941630,16290385,282077425,15979660,275546458,15549621,221238010
194863954,559147761,13406129,268533311,14767950,1247923539,8547346,452229036,13166520,10681476,131520715,396711914,101848970,978073717,10616701,89902883,30323679,286569894,56859237,410452467,119755575,277847733,12945635,287876800,14490377,101144031,14557256,105402572,10700903,588548368,98600182,310019797
98110544,879448313,99018942,6098283,186040916,297398149,186228933,487318631,254350898,345780456,7812057,166375924,97325391,490605437,184900465,131545857,549034993,96754971,274813234,302553199,105583878,7696257,7109658,273077426,185155253,56597389,75799242,394525471,187416691,391077047,97020503,197499930
169087207,662738086,8872124,98244309,102371045,170769512,95896895,175922552,368648817,346311831,94518103,292635630,3569872,166365690,6048465,684534236,10997538,440586151,11071737,93063768,6476275,347721284,11265569,429232001,536034833,278454855,96227615,202607316,109448597,12891104,185075269,377735667
14084026,306631435,98184074,272928849,99160760,366929456,103234545,466928967,116526167,631459518,250259080,275156642,12710719,281377286,190585251,778146612,8872761,299441231,79062450,187047679,101255633,441597340,13241728,160635938,14035098,499602421,10450978,453275970,121912536,457519378,12928118,69128500
13363667,677343999,99286600,638433198,8169158,297403298,7113078,101455203,32127178,633128683,32882836,163535914,317856072,519364364,34538296,352992912,35066826,516380476,190991389,152382340,11203889,809911801,96435143,420950267,38165045,404325393,138306939,280871546,15774648,314414745,34575938,97669072
103653193,850318572,97253539,364321450,189409328,206018175,263446012,96940797,6109025,808248762,93832272,691135544,178657526,175655855,354422758,194196183,19571015,96601228,87214222,343187433,12511625,599449578,14044858,265356713,12273124,334001961,320664115,328548258,8296318,588644694,10317846,116406369
78498847,196920566,102578782,467859935,6242026,512192460,7865300,521398942,91563240,214926170,7660720,170046671,184763210,344729822,12366201,708684862,96489462,455396649,102495763,103613384,7651287,49273529,7692483,447137519,180329739,8772711,12101624,188939247,9309224,224006897,209228356,371826150
189426294,206763564,101084375,140146663,113156170,440018964,178194898,769944483,187272369,96024053,97936927,11238847,267676709,356730955,93440114,444820586,540598154,641954902,115338461,442513535,93585718,278331068,190409484,104410340,97596697,361971470,68455409,187743187,174458310,103516138,14493480,204411940
182180615,452248975,102379807,526994305,14922962,264875904,308593766,225552819,85645517,811616870,273475933,77885566,99909947,424161317,45471203,182930762,285384351,318190016,93010080,182077769,253000594,323316653,12312718,278468614,95990405,542381055,184979796,267923660,186404274,181805767,7879733,118459253
106655118,81467356,195491919,493624156,13773270,462103212,14158308,495128004,19664689,492096416,15082753,354930580,19900960,605645695,63619186,183678234,141274338,442866672,19416244,448123324,19240175,888388110,21381164,94840594,15487987,427522528,16681759,18040659,15145787,442584364,16546884,184295012
31668054,523645887,171080729,97951661,269467184,675284582,93896046,488996579,93534944,345642441,184838363,364591293,95169784,547264361,100559651,9863433,99755103,222580287,173056127,446222367,190149032,287371998,12621203,13185740,107888049,354939453,94390735,170781146,175186115,367477069,97635117,380320157
96867690,440493032,92441149,693324677,101857587,512830433,13351629,458928054,12168680,733101912,182154026,297101473,12059373,631654113,100484947,349692315,17719251,273382417,11893004,197756111,13034417,364748081,15749398,259256429,18543596,509388586,15639341,278924735,12617844,785235728,20149001,384689043
21781734,314111040,69571745,151736564,7937498,357596625,99238971,445805134,101876244,150873596,10821198,716360344,102742058,547456732,12209537,352178031,99569537,538098580,103820702,358402983,217210788,270797090,131308095,368132505,281783410,274967752,324873129,271325750,184122941,199771849,187197040,82811730
353674975,535614278,366414190,276408283,367137539,103860349,366215093,86618245,104896974,599394544,188078772,276368119,143713965,186224859,269902677,278968648,270685112,440298530,13484483,7214621,184185488,100880155,92977761,357257252,350439920,438583052,353065501,517480255,185682337,379060659,357735261,371639781
12188499,185062208,14291356,634881544,84838262,193248793,9717274,275984600,172786758,350694964,44944175,392965869,81629052,647632321,207636872,25904200,275136320,163016086,79965594,618934085,191955525,270125070,98409449,174632417,88621266,275006393,18631146,98371113,241589344,232685793,18314457,517922252
