110090219,103661197,112408523,98242024,106639939,103143476,115835866,107312313,112009227,107926012,110118847,115493381,107413531,103927852,113312562,105639427,107563550,115657223,106290633,126338483,112626727,106971257,149224872,117187721,109636242,102562969,105862106,100255096,100714992,104958350,109186417,663694757
76626309,89007941,79508257,85323720,84025932,84574822,83141063,86968137,70644902,91052733,79543572,93565916,76427730,93701013,76686982,96024992,73797680,116392999,68042324,89324168,72531807,84547985,76527779,81779318,78201438,87992489,77704398,79544525,85447072,82006910,81378547,97480688
85218597,89276122,90160890,87534911,86901065,77109899,88692267,77856615,84014185,88271302,84284561,101099475,84178311,92095375,84243035,81614717,85739873,86544485,89757298,85564435,78547575,106205732,111313985,85860735,74746654,84811897,79762216,80464291,80739143,88271174,84402020,97671616
81533172,85897170,76529851,86823083,78592087,73842228,83632910,64106566,78465930,79858007,83010663,83750899,80879487,84156012,92498685,87981211,82306030,82009359,75858554,76246126,83633953,78123385,112671466,71870623,89140568,72310583,81792443,77797378,74904499,74236467,71454886,81603459
84061430,85381866,85880363,78293599,84247055,86873599,83875459,75038622,84650426,87234964,81267287,93084287,83009707,83976185,82521536,84402862,79110362,85034828,85785334,90496348,87549406,82858637,86726301,83862362,84204861,106147468,90152905,77755897,90122260,76831875,90301284,86092974
89235347,109939022,94277232,98009941,96157782,81873864,82672635,91203583,85898829,90952639,81888643,99485034,92885933,97620541,95197080,88184673,94869045,88336718,88147262,92466214,83082314,96759021,117378052,85477580,86058845,92431809,92577147,105926878,96629342,93015544,89231445,89782054
81151470,81056763,74136017,81781900,71141833,80431542,68325844,88602412,82719120,97156816,75578348,85090116,70692035,85130119,81514829,81323212,80891530,75100646,73496129,72667879,72729785,82989083,105864550,79715932,75270926,85622010,78261965,76871075,85427945,76014293,71153960,115301625
75711353,84113971,71506620,80511621,69529783,85311051,77432605,78745612,79543955,75079003,71265051,82926324,73871836,76019717,83285986,75187646,76190879,76677601,84214519,85145071,78758065,81892946,73616731,85805983,77704961,83925703,74271090,76520896,75793147,81467710,76203650,87623361
86578548,82182764,75241320,79223024,82113809,86378422,81205633,80561162,83333817,86158142,77544061,85237102,74661536,71320707,81942796,66962288,74256661,90695576,85207750,75672484,82913997,70707439,128620389,73502859,70808490,76946672,73561484,77200976,78543690,76653749,81794181,83738507
89498359,101756288,87578235,89884583,94466954,86365941,97696553,79573724,83779245,85503437,80917400,86835538,81846042,88721726,89659703,81717502,70667006,81830989,79814168,87444781,78435455,109667145,86289592,78095656,90670358,84079586,80682720,83755564,91485811,82211020,85784029,101458523
77659483,81856002,94645114,77077386,90458956,81223290,90727346,97259786,100681429,83437537,91110860,89311486,93649466,97800060,91267174,93231746,89086222,73456302,84538965,86504121,83875416,87019046,81978570,90129454,116259606,85267539,85917424,85137221,84662503,89996773,80253211,108955476
94324668,82796178,88642167,86237428,83613417,97866976,88818187,71172270,84964197,79153204,85443086,89026084,90255089,85426056,85798867,85895443,83647897,85636844,81020084,86687622,78765010,81683213,94120948,81541794,116352865,81853933,89750596,72012597,84894856,86887409,85603088,94702341
82877070,80959280,84418326,75595361,81329831,72417814,82218565,68662603,75108856,99677455,87135409,83939057,97002120,73209926,82525853,69153026,87681965,71918868,85164808,66031546,83264107,76815373,81017228,78962198,81915352,77977954,81922181,72709753,81098238,74883750,74386477,97330104
87900991,81603176,94380956,81285232,84196267,104518244,77050290,81921922,73961372,78314076,85011787,87105499,83640266,79735923,75919595,79572396,86498831,81490780,99793012,83099325,93351659,85071365,91448424,79211923,126231789,84288969,92131507,84158098,88107274,68441226,86398488,100191897
85002357,81570552,93282187,84486525,80939247,70819763,84429051,101990852,72889866,78385954,78536837,83624098,76056097,79931827,84716057,80614285,84554375,82357905,77716745,83343026,94007640,67978812,89283805,71510603,107442827,79253940,84858290,88368385,93715533,83416728,75077522,97960451
98026310,94153401,111221559,101552061,94484086,112884140,101533414,101844413,103649279,107921772,104070925,103659235,101600753,93854793,106628956,88461366,100797859,95487582,99675982,93281403,97770404,99618097,112233811,97526600,104469981,102718312,98142552,109317391,101653205,97543077,117654486,117151301
89723804,96683239,92301201,77492847,83656763,89416381,88201578,85275372,81345344,79436639,83738858,93965370,81208445,82408184,90887642,85004178,80518551,106429799,82402157,92142085,79607519,87604950,83320207,89276743,117761232,88678034,92018731,84567947,89961474,87614426,106616667,101869673
87617681,91930074,96650456,86333239,90020170,92305527,85312168,94806433,86338352,86316392,81034478,128056256,83941182,94826962,94601451,88299587,91282745,104106547,82794923,87386018,90242642,81159471,88048873,83248481,94127063,81150832,114662438,87990219,91893037,94526235,87765193,107811357
80420333,78736621,85156309,92091464,76316438,78218136,75932104,83527857,81373413,91618427,81534018,100496119,74466760,80677028,77477163,85015943,75840003,88921405,75718233,87477841,70890338,83291305,81610445,113257818,73942490,81835609,82112439,79548739,79773397,85282273,86984408,100249511
87893090,98245969,91180165,93383540,78250261,82417273,93793279,80731153,82801703,83329928,78367266,88276861,88427376,79262643,93952468,76750639,85977686,93969348,85503596,88247511,81738521,84624025,83193015,77616404,89331163,71602713,112440306,70653717,94123472,87891552,86881499,103957516
77613758,88419887,80985835,79048483,83262548,80001825,92748916,76615489,81047371,76312987,77845211,105382198,78823414,81911101,83971594,85224258,93125458,86295098,78618229,77355547,87612152,78967931,88283318,75046228,76202927,89331553,115086921,81120748,89064114,76958922,81325986,90367082
83052362,76386952,81255339,99899871,80397386,79151211,84342208,73024390,87169908,77921501,71316596,87866611,76659981,74929485,80566848,76823257,70697044,77218185,90884921,87322392,83323329,81860526,84049839,84400663,72762330,82142784,83278318,84585489,83152427,85630701,77972408,111638517
103924594,116370293,103423324,95363773,100700422,88309221,96752162,95000996,92340771,97148169,98006892,98596310,93562898,92393791,99465411,84803544,96655397,90567168,99735055,90413214,106658417,84641610,100588487,71891929,108930226,95202022,129313438,83910113,104829005,87401395,106465022,107332970
83188369,106672132,85236767,90489317,73586191,81477851,82672885,84793141,80348606,84301913,82951707,89020838,93655618,84861466,88848396,83223344,79145003,87401070,83213810,83341333,81499254,82011042,82662618,85181372,95565266,83533095,107770299,83540460,81563591,93843768,76153170,114970449
83457113,92368516,82226604,93353000,77667208,92186691,84138066,96045065,85313507,92559462,83080961,92885709,107665213,88167091,82370393,98328181,83268735,96563758,68606426,94988824,88300499,88584430,86558313,92498825,81796547,94036014,75195640,90164965,77826906,98712413,74068018,112511034
83185650,89254336,81289871,89603110,92901894,95052411,81810294,87417434,82758574,91668755,91111932,95820049,84818095,93627714,85563169,94439773,90647989,94253849,81406100,84530672,78208902,99901417,81157577,119914812,76163575,94836001,111679788,95702907,89453103,94542243,81917209,104487428
76479080,76724162,81772210,84752657,82489100,79100747,73477555,98808778,74833398,72001975,67099570,89315604,74566981,76000554,69456527,82411372,75121256,92873232,76948112,86100267,71622214,83530441,79101052,75968830,77367509,85837560,77905811,77505676,110798004,82754415,74179735,88960497
90861285,88595193,89790188,83804898,97115030,85239756,81740493,81336296,89859549,108616946,91952024,92433335,96170039,91320506,84818938,86806603,93129113,90081710,107725220,92294454,96292115,82505434,94306028,88070528,86386144,86986348,88887368,94302245,86604355,81046734,85391024,94705913
70479369,66444565,92680421,69847858,71889982,71053455,78323241,93466452,85660048,76797378,84963596,76279941,79435217,87673732,76962562,82702808,82287553,78864280,70844629,85674486,77126656,72197836,82179083,79161227,72291597,78066783,72948979,84921239,112241153,73468247,77042339,89119887
80216123,77973494,87135299,83514023,79675447,70310206,86451872,71535315,79767803,97585825,70355871,70400368,75927354,87249639,89966196,81173860,84117804,79877829,92076864,85134808,78245802,84442901,74893753,90632822,80765727,73778406,75099393,79432975,120659687,75987947,77521855,83475626
93660164,86519867,87055526,83210832,83027061,95997745,96175824,89390447,76033599,88452404,83861224,88452948,82581699,97065812,81775776,83027999,79815197,87433404,87364660,87897911,87696503,88998838,85845114,91163545,82795020,86821333,78836783,85877392,88476261,82112990,82898295,100007693
105644288,83280638,79449490,77134086,70453053,76065566,75742657,79515211,68603912,84053312,66548087,72799552,76632926,86644510,76545951,70202815,71871067,96566553,71163490,76646141,76348260,74754924,72975589,68710480,70957231,74838024,78134571,76586634,76780339,76806898,77443374,81650260
107079737,101495979,95769579,98914856,98295987,94257653,96617958,92396143,94483423,92196165,82290294,90517272,97711281,97076867,92035474,91991496,92323659,86423832,83916814,106366157,89169673,83175684,88534264,83090880,92263830,75473294,92577971,82514301,91100259,97255208,97499188,115153065
117368169,96728659,87600728,96958122,90934398,83795884,86643124,83894442,82812289,91092891,90151157,91431074,81737508,100975212,91027221,89136606,85908051,89675913,93583292,85169393,77607304,90000793,80202164,110962892,90840885,89152528,83518128,86228707,87744862,88851222,84518710,109696199
80917394,86245004,114325507,76646069,79069051,80846913,81658306,82878353,78008927,80329776,75394411,77939494,82373436,89702737,87958752,111929241,85141993,85685282,77239149,78327729,78780537,81907396,88463663,79511825,80301872,82726538,86505551,85435580,79348585,77722519,74903368,101168807
99975175,114037959,95270043,109125398,103161102,97945732,102906877,99960401,90532104,109966450,107909939,93420221,106379995,92568277,100819826,113135051,100608034,95644518,99390504,97643416,102111857,96903488,99402859,95604903,97642874,116101617,96351363,97968836,94498967,111918689,107680860,131568413
86160591,93643431,100420978,93892133,119754157,83478655,94248560,91950511,99132990,86735578,97160490,90992452,92912605,87543333,83454463,97751450,95618560,103230960,87945413,80062347,93113423,83475381,90835147,76130535,92134094,89332963,85494157,93724991,86740003,91286431,89961884,108356837
81254378,87634316,77444304,107096329,118101987,89775227,83801479,75827087,94341434,79069695,85102506,74931190,88778480,78926281,84307458,91814617,80805610,80020649,76240753,80657268,82659822,82484683,87002097,84742062,77267523,84551323,75305086,73613228,73007432,77758034,77393246,103036762
73306835,82664686,83765962,84204807,78201328,79435500,80762222,78805066,84494532,87650842,80513901,81866524,82647065,84902808,86741602,93499798,79881215,76604535,78106235,75875197,81597126,78248601,100643588,100084335,77558074,77192744,78316669,86388356,77659902,86026320,80181005,89162947
84058576,90467077,99217518,105808514,135192561,112293439,96306214,92609995,88206379,100365165,95968331,89604545,85198529,94966126,96505264,105545290,88765085,96046471,88042728,101722812,88330412,98361988,90541774,97272512,88693527,96296847,86095637,92178843,95493433,99834493,90603556,103703381
100214827,105385225,105795038,108969215,138481615,107752720,104385397,107787296,105020471,95530783,120269880,102090699,112608078,102784817,104699863,112625125,103517404,101487306,108709606,108463015,112265988,108928145,102117181,105603649,100437528,111577060,102764607,104776797,105432879,112914868,103603252,138128237
80407888,88824187,96780044,98107008,89186525,95012091,84135640,89831783,85414453,100525395,87591191,94849512,88479341,100503213,94160766,99763716,90576424,109770699,100644363,97656864,96093038,117205702,91729999,92942390,86547254,99989304,91077973,88281106,87804897,103800066,82759257,105242084
84536740,94607508,82967679,89728382,119961502,106602618,91975424,90962785,88736598,92206991,85428114,93219648,91205433,94168840,86018250,107988708,81109552,104281845,85251206,93421747,80083468,94078287,98561710,91172396,88143803,89269006,86011148,106291480,92519309,102451090,86121551,118065181
77611868,98307723,85485289,104044400,124527501,84015737,95661513,93220939,93147986,90459490,84147921,87943024,90474638,102135412,92572935,98928755,83272662,85946719,86203466,90902698,88454636,88226094,82968757,97596451,78721838,103682834,77677154,114826054,85330705,99886319,81372885,107249873
80364295,90138986,78417324,93971791,87060257,93533266,88808696,86269405,80079775,86332804,86067328,82551536,78817829,85727941,76991401,97874097,81063960,78825934,73504903,95501335,76508245,103520542,75658131,78363341,75198941,86208877,83485477,80313876,84859226,85398068,80939564,113732175
82566875,96191917,92160361,88675337,118086763,92656212,91178216,84281247,95407035,82286310,80464749,105515607,83658834,94741706,94441107,96420896,89336672,104526573,78572661,100501313,72575230,90116709,86912204,93599401,101776842,89135105,78431270,87253281,95043306,89821860,90624351,86213249
83238882,79236373,84574788,90110026,117225084,87644355,80563914,104446581,87000746,92193172,72931218,85863655,72335654,84685189,60558408,79428151,74773630,89461841,77487512,87417440,75354245,83923170,77239596,79033944,88245160,80103412,78162273,80773593,70458388,77112283,71669911,86519545
88931623,90571829,90925138,86216989,82650719,86894344,84988861,86412089,91815963,84051749,82945806,82649632,79717612,101028810,72080307,108923700,81464935,94307749,70053796,102686438,78589360,83975397,77490825,79121520,78959085,86843680,77732569,90740482,82869354,90987306,84379710,96705149
89366472,107035377,86083650,96194695,125412191,102761864,88186322,100584361,81797520,97804206,79647901,97159339,83285516,96263339,92015662,94033643,92260269,96648460,93505157,94452747,87467723,102876293,92566521,117291145,88965323,99046370,95024051,92535134,87236657,99608823,87391805,111575875
77821189,91922516,78664212,103335547,121178311,86715018,78221622,95618650,81249799,85774782,84130621,82123931,74587727,86558139,77502630,86686139,83432464,100572518,92620820,110380119,81660310,88525189,82271776,86615922,74530552,97118883,79559485,89480062,93913360,89476896,83747595,92636503
73117008,91286405,78114846,92228680,81855822,86870074,80970373,87100791,79409288,89740098,83316232,90946885,84663688,91306715,82524302,93873984,86943576,103486319,85603148,80968164,77062053,92634996,87016025,88777443,81172902,85966549,85120690,79273691,86558716,90829588,95562845,98186003
92908879,90293472,84617496,99054827,119626837,98641833,85822018,89385640,90757458,79135963,90209389,85553632,90250666,85166240,84795635,106726182,89987316,94425403,87084851,81286456,77876880,88693091,78599850,92456848,78473903,90705372,78454563,94035790,90551195,95033343,83337268,89200084
81985676,85541656,76429388,86617927,115564911,95027104,83875798,111013373,80487526,88294493,86476928,83012374,80101688,87052352,77281007,83863267,76214235,95241783,83805405,76795024,73820696,79627368,75143498,79968526,87822375,88077449,78077047,83406519,79176161,83250535,78524011,86450680
92030669,112621928,98209691,104761884,96566978,107515351,88941880,99639249,92858904,101664680,98101404,105715070,93423663,105986203,97703296,113884161,91753170,127883529,97834340,103838450,94576233,96555456,100900488,102952614,94781655,92709099,90191656,128616414,97213288,106974365,94598775,124392048
75089425,83846250,81892590,89238177,115264845,84639537,81911843,92259370,75251823,83964711,82387413,82937159,76421322,82336775,77338428,78599574,76968383,108832279,79652030,82661329,83331552,80007572,69187582,78435649,74338577,88524226,71287353,84074840,77837962,86025724,74734281,94515673
93163468,102358659,107318400,126197546,92633013,107078851,119987517,100605332,97989425,105844532,105698368,112690564,94106775,100744102,90117102,104161150,96215654,114967931,93861666,109908585,93705331,100666173,103766164,97344425,101676416,104764626,116366369,121006786,92346570,114448854,99790482,119738796
75256587,81624972,78754831,84631623,83623256,95064099,71696564,80218782,76054955,84624512,82284871,80531932,87449899,81739877,82812370,80787542,87711051,87815736,91374390,84070164,82908900,102655145,87232130,79705161,93951246,82289338,91319008,82873072,85606511,84730989,76157015,88022940
85775232,89686479,86790588,79059406,92254819,80107827,128330717,82289839,88287731,84654534,103025334,93496334,87780074,74561268,82279023,96899192,85978992,97211942,85604769,92466519,89899836,89184323,76307847,83909672,91960072,86759046,90378115,84081638,99594577,86843780,91945511,98084138
104411210,118365483,91960317,114733220,105322795,103038909,103435265,107484992,97477384,111246680,98257476,111163060,91788834,104783186,102798145,117609246,109129959,114804851,110094872,110972836,107708385,120320967,91416233,95891336,103768052,103834992,87938629,101109031,92979136,109171556,95588405,125422176
