722972,248267,4929282,141762,5912629,112914,1496841,122212,3879182,135261,1231835,125775,142455,92588,7151754,94437,82523,93768,2419470,97452,1491645,98920,7858556,99780,84292,90431,84569,87816,88753,123806,117728,257967
723068,248327,4929360,141817,5912651,112943,1496877,122236,3879216,135338,1231859,125801,142490,92609,7151775,94462,82552,93790,2419512,97461,1491672,98934,7858578,99799,84322,90456,84597,87834,88772,123817,117758,258091
723139,248366,4929488,141867,5912673,112978,1496893,122262,3879255,135368,1231876,125826,142518,92625,7151799,94501,82564,93835,2419538,97474,1491692,98949,7858603,99816,84338,90479,84627,87870,88791,123838,117789,258220
723261,248435,4929531,141940,5912707,113001,1496921,122288,3879289,135400,1231895,125840,142557,92634,7151818,94522,82602,93866,2419574,97498,1491714,98976,7858626,99842,84362,90500,84670,87890,88822,123880,117813,258308
723383,248484,4929627,141989,5912742,113024,1496953,122306,3879323,135427,1231921,125853,142582,92653,7151843,94550,82635,93932,2419598,97517,1491737,98987,7858649,99861,84398,90516,84705,87909,88853,123895,117832,258445
723522,248552,4929673,142052,5912773,113056,1496973,122323,3879349,135444,1231948,125871,142608,92664,7151862,94564,82667,93951,2419622,97526,1491765,99033,7858672,99879,84415,90530,84729,87933,88876,123906,117850,258550
723596,248632,4929759,142109,5912798,113089,1496996,122344,3879369,135452,1231966,125887,142630,92690,7151888,94572,82716,93965,2419650,97542,1491805,99041,7858705,99890,84446,90558,84766,87973,88896,123913,117872,258686
723697,248710,4929814,142149,5912835,113111,1497026,122359,3879405,135472,1231989,125901,142659,92697,7151924,94585,82746,93990,2419674,97560,1491831,99084,7858744,99911,84472,90573,84796,88020,88920,123932,117886,258762
723779,248795,4929866,142221,5912874,113132,1497057,122388,3879446,135493,1232009,125920,142695,92709,7151953,94605,82778,94002,2419700,97566,1491850,99094,7858780,99929,84500,90623,84824,88036,88952,123954,117906,258841
723859,248857,4929934,142302,5912911,113173,1497078,122413,3879477,135521,1232034,125937,142716,92732,7151982,94659,82797,94016,2419719,97577,1491886,99104,7858794,99961,84527,90642,84852,88047,88981,123978,117928,258951
723938,248917,4930034,142361,5912940,113205,1497108,122432,3879510,135547,1232050,125949,142749,92744,7152006,94738,82816,94024,2419734,97594,1491915,99112,7858812,99970,84557,90655,84879,88073,89005,124002,117947,259020
724060,248959,4930090,142427,5912970,113218,1497140,122456,3879555,135578,1232077,125979,142800,92765,7152032,94768,82841,94050,2419771,97603,1491931,99125,7858838,99983,84584,90669,84899,88095,89026,124017,117967,259112
724183,249008,4930144,142470,5913004,113253,1497163,122473,3879585,135599,1232103,126011,142823,92778,7152060,94788,82865,94119,2419804,97616,1491970,99150,7858875,100017,84617,90697,84921,88103,89057,124029,118009,259249
724299,249052,4930235,142525,5913025,113290,1497183,122494,3879631,135632,1232123,126035,142849,92797,7152099,94793,82900,94134,2419845,97657,1491998,99180,7858905,100034,84646,90719,84949,88119,89081,124047,118037,259299
724406,249108,4930325,142584,5913060,113340,1497222,122529,3879668,135671,1232152,126050,142871,92813,7152117,94831,82920,94152,2419864,97664,1492025,99215,7858920,100050,84675,90740,84970,88128,89106,124057,118058,259481
724485,249156,4930430,142637,5913101,113379,1497243,122571,3879728,135715,1232167,126094,142892,92856,7152141,94857,82944,94163,2419889,97681,1492059,99253,7858938,100086,84706,90748,84994,88148,89130,124078,118084,259568
724583,249189,4930515,142691,5913138,113443,1497268,122600,3879761,135740,1232185,126118,142922,92867,7152176,94869,82973,94177,2419912,97694,1492082,99263,7858969,100127,84730,90762,85023,88168,89155,124106,118106,259684
724695,249230,4930610,142765,5913163,113493,1497295,122625,3879809,135774,1232217,126143,142942,92914,7152196,94897,82996,94200,2419936,97707,1492106,99283,7858994,100141,84744,90779,85045,88174,89185,124115,118136,259745
724779,249288,4930672,142835,5913201,113516,1497319,122660,3879835,135806,1232241,126175,142972,92926,7152219,94925,83021,94233,2419964,97741,1492129,99298,7859007,100187,84771,90796,85086,88190,89224,124134,118151,259857
724915,249337,4930762,142869,5913222,113531,1497337,122687,3879870,135830,1232272,126203,143013,92939,7152255,94940,83052,94248,2420010,97753,1492157,99313,7859032,100222,84798,90822,85112,88204,89246,124189,118164,259942
725001,249397,4930856,142931,5913253,113562,1497353,122753,3879913,135866,1232305,126218,143035,92952,7152269,94962,83066,94267,2420027,97768,1492184,99336,7859056,100237,84825,90838,85143,88234,89279,124197,118193,260016
725114,249463,4930929,143011,5913287,113590,1497376,122775,3879966,135929,1232327,126240,143066,92976,7152288,94986,83090,94308,2420049,97807,1492210,99351,7859081,100280,84837,90856,85166,88257,89294,124214,118219,260100
725239,249520,4930989,143055,5913313,113615,1497406,122807,3880008,135955,1232345,126257,143093,92994,7152320,95006,83142,94339,2420081,97822,1492231,99382,7859106,100298,84863,90890,85208,88332,89313,124230,118245,260210
725348,249573,4931076,143105,5913330,113630,1497432,122823,3880039,135983,1232371,126282,143120,93027,7152351,95023,83157,94351,2420119,97851,1492242,99390,7859120,100320,84885,90912,85240,88394,89351,124284,118291,260332
725462,249605,4931151,143178,5913360,113682,1497451,122879,3880079,136009,1232393,126297,143161,93058,7152375,95041,83193,94359,2420153,97871,1492278,99405,7859138,100361,84916,90931,85257,88408,89381,124301,118313,260487
725518,249671,4931255,143246,5913377,113711,1497480,122903,3880122,136083,1232431,126337,143206,93078,7152393,95067,83223,94373,2420175,97886,1492304,99428,7859175,100401,84945,90942,85278,88426,89411,124321,118327,260545
725618,249714,4931355,143295,5913408,113728,1497522,122918,3880145,136121,1232453,126354,143225,93148,7152414,95111,83239,94428,2420209,97902,1492320,99449,7859191,100426,84963,90963,85302,88443,89420,124331,118343,260641
725724,249760,4931459,143336,5913431,113762,1497543,122941,3880168,136140,1232476,126366,143241,93173,7152441,95140,83265,94452,2420222,97935,1492339,99481,7859201,100445,84990,90981,85328,88495,89448,124358,118365,260803
725839,249800,4931511,143402,5913472,113791,1497566,123001,3880220,136170,1232516,126393,143285,93189,7152465,95160,83287,94470,2420233,97971,1492371,99509,7859227,100458,85020,90996,85350,88537,89480,124370,118386,260874
725950,249836,4931616,143429,5913496,113809,1497601,123052,3880257,136193,1232548,126418,143320,93213,7152488,95185,83309,94490,2420245,97984,1492396,99529,7859261,100482,85035,91019,85373,88569,89496,124396,118415,260981
726047,249887,4931682,143471,5913529,113849,1497650,123071,3880293,136219,1232584,126423,143341,93223,7152529,95192,83333,94505,2420268,98002,1492421,99543,7859300,100524,85057,91053,85395,88630,89525,124432,118435,261091
726156,249938,4931767,143514,5913553,113870,1497665,123084,3880336,136243,1232607,126443,143361,93257,7152535,95210,83352,94522,2420302,98022,1492440,99577,7859332,100544,85073,91074,85414,88718,89546,124460,118460,261198
726255,250002,4931847,143568,5913586,113899,1497694,123105,3880366,136260,1232624,126465,143384,93275,7152553,95243,83377,94533,2420333,98036,1492480,99592,7859341,100566,85099,91086,85426,88742,89569,124508,118477,261791
726359,250072,4931927,143619,5913621,113918,1497718,123125,3880397,136292,1232647,126488,143417,93288,7152583,95319,83389,94541,2420372,98056,1492503,99605,7859356,100595,85110,91098,85441,88758,89589,124558,118494,261878
726481,250138,4932013,143649,5913660,113940,1497741,123151,3880420,136320,1232663,126508,143433,93300,7152602,95351,83404,94575,2420389,98084,1492534,99624,7859385,100640,85128,91114,85472,88771,89617,124581,118518,262190
726628,250209,4932061,143716,5913683,113993,1497766,123183,3880469,136342,1232681,126523,143465,93320,7152623,95362,83429,94588,2420409,98096,1492557,99649,7859400,100656,85149,91127,85491,88779,89631,124602,118547,262285
726754,250295,4932164,143772,5913723,114025,1497789,123212,3880512,136367,1232712,126540,143486,93335,7152647,95400,83449,94597,2420433,98108,1492574,99666,7859417,100676,85169,91140,85509,88788,89641,124622,118565,262412
726906,250330,4932224,143817,5913747,114047,1497820,123251,3880557,136419,1232725,126571,143522,93349,7152668,95430,83470,94620,2420457,98115,1492592,99704,7859436,100693,85200,91159,85524,88807,89658,124650,118597,262663
727003,250353,4932314,143880,5913784,114075,1497857,123296,3880604,136465,1232748,126600,143547,93370,7152688,95468,83497,94639,2420473,98145,1492605,99748,7859446,100721,85217,91171,85564,88825,89681,124674,118616,262710
727087,250419,4932381,143929,5913818,114099,1497884,123323,3880651,136494,1232764,126611,143563,93406,7152717,95498,83515,94663,2420496,98178,1492627,99767,7859471,100804,85242,91218,85592,88843,89697,124710,118635,262831
727197,250443,4932457,143991,5913847,114138,1497918,123340,3880676,136523,1232785,126625,143590,93425,7152741,95516,83533,94697,2420518,98200,1492665,99778,7859492,100818,85273,91238,85615,88907,89723,124726,118661,262914
727331,250471,4932525,144043,5913881,114172,1497948,123379,3880708,136541,1232813,126672,143619,93458,7152763,95531,83547,94712,2420533,98211,1492693,99814,7859521,100847,85285,91249,85631,88926,89761,124750,118684,263023
727447,250527,4932586,144084,5913907,114181,1497981,123388,3880736,136565,1232841,126693,143650,93473,7152781,95552,83574,94738,2420560,98242,1492710,99863,7859542,100889,85319,91273,85647,88983,89782,124767,118704,263125
727598,250585,4932652,144132,5913917,114201,1498004,123409,3880759,136596,1232857,126712,143678,93489,7152804,95570,83607,94751,2420587,98266,1492729,99880,7859571,100913,85337,91295,85678,89020,89794,124798,118722,263281
727668,250629,4932718,144207,5913959,114243,1498025,123441,3880796,136628,1232875,126730,143705,93523,7152830,95592,83624,94766,2420603,98284,1492746,99900,7859587,100954,85362,91303,85715,89029,89823,124816,118740,263385
727764,250687,4932793,144286,5913998,114287,1498061,123479,3880814,136645,1232894,126749,143719,93548,7152849,95614,83653,94781,2420629,98304,1492762,99924,7859610,100985,85388,91326,85744,89059,89845,124827,118754,263464
727908,250720,4932849,144352,5914040,114322,1498093,123496,3880837,136671,1232912,126763,143741,93567,7152866,95630,83667,94803,2420649,98320,1492806,99953,7859623,101039,85419,91337,85769,89126,89859,124845,118781,263545
728035,250758,4932910,144419,5914059,114383,1498112,123558,3880879,136707,1232937,126796,143766,93580,7152881,95640,83680,94815,2420670,98347,1492834,99982,7859640,101054,85441,91364,85794,89153,89870,124874,118796,263631
728143,250814,4932948,144501,5914078,114394,1498136,123587,3880909,136782,1232964,126808,143792,93618,7152905,95670,83696,94836,2420696,98363,1492862,99994,7859676,101080,85465,91375,85811,89183,89892,124902,118819,263692
728232,250857,4933021,144547,5914116,114425,1498180,123611,3880962,136836,1232993,126858,143819,93652,7152922,95690,83713,94862,2420715,98375,1492885,100014,7859699,101099,85488,91394,85825,89197,89914,124926,118855,263745
728316,250906,4933103,144616,5914148,114459,1498216,123629,3880997,136891,1233013,126871,143855,93675,7152943,95717,83745,94954,2420728,98394,1492903,100019,7859714,101113,85507,91407,85841,89216,89933,124935,118889,263837
728444,250933,4933190,144669,5914187,114484,1498240,123648,3881020,136907,1233031,126882,143873,93689,7152978,95726,83775,94982,2420748,98467,1492936,100057,7859749,101134,85528,91411,85854,89234,89951,124974,118904,263882
728557,251000,4933273,144738,5914213,114524,1498277,123672,3881051,136942,1233052,126893,143893,93710,7153003,95745,83789,94994,2420778,98482,1492975,100071,7859765,101159,85548,91438,85875,89269,89962,124991,118935,263973
728664,251034,4933388,144786,5914258,114556,1498300,123729,3881072,136977,1233072,126925,143915,93763,7153025,95766,83808,95017,2420792,98499,1493009,100096,7859793,101173,85602,91458,85890,89291,89987,125008,118953,264065
728777,251084,4933460,144849,5914296,114579,1498329,123750,3881108,136993,1233101,126942,143928,93783,7153050,95804,83828,95042,2420808,98525,1493029,100126,7859815,101203,85632,91471,85904,89357,90010,125025,118976,264176
728916,251134,4933560,144892,5914322,114607,1498363,123773,3881149,137020,1233123,126967,143939,93800,7153087,95814,83871,95051,2420821,98529,1493050,100143,7859833,101212,85645,91500,85930,89401,90029,125046,118992,264268
729041,251213,4933619,144939,5914353,114628,1498394,123822,3881188,137051,1233153,126996,143962,93828,7153099,95839,83889,95069,2420845,98579,1493073,100161,7859863,101232,85678,91514,85965,89410,90049,125074,119025,264312
729123,251269,4933691,145005,5914373,114662,1498424,123835,3881210,137091,1233185,127022,143984,93841,7153134,95872,83909,95081,2420865,98618,1493086,100200,7859883,101271,85703,91534,86009,89440,90074,125086,119063,264423
729238,251342,4933742,145066,5914393,114684,1498446,123851,3881238,137115,1233202,127049,144000,93865,7153152,95897,83933,95104,2420874,98633,1493098,100224,7859896,101300,85728,91552,86048,89471,90104,125161,119081,264601
729340,251390,4933825,145138,5914445,114724,1498471,123892,3881272,137146,1233231,127081,144029,93879,7153176,95908,83947,95114,2420906,98648,1493116,100251,7859911,101319,85744,91562,86066,89520,90136,125171,119107,264758