7332,4645,8935,5693,10221,5417,6292,4470,4321,2382,6260,9685,7094,12272,9082,8007,11698,5735,8130,5816,9205,8412,7765,8350,10764,8213,6823,7418,6815,5553,7275,2861
5640,6120,9460,7060,9631,7292,7597,9770,12263,7494,11139,3850,8007,6279,8648,5109,9486,4821,9380,9683,10057,9762,10164,7289,10132,6424,5652,8298,8698,6315,5196,5059
12740,7292,9702,10796,12854,7596,12294,6528,7995,14178,12706,10049,8854,6465,5556,6929,6349,2986,5806,4750,11528,4316,6690,3135,10663,6353,6572,6542,9705,2503,12012,6400
10624,6626,9269,3926,14029,3707,8392,9064,11519,2649,11976,9463,13387,2358,9154,3185,8740,1729,11504,4648,8510,2969,13583,6565,15450,5602,10469,4446,12330,4555,13473,3725
9364,4209,10554,8254,13736,4702,13581,3011,10792,5764,18263,3853,14007,3349,12516,3550,11705,7719,11893,3500,10747,1979,9751,3111,6288,3135,10757,3951,8102,9429,7965,4831
8450,3856,7177,17182,11914,5796,11746,1735,15280,3324,10953,4066,15128,4015,10357,3255,14121,3399,11610,4987,14885,5234,12177,3974,13491,4759,6051,1952,6644,4287,10707,3823
13899,7461,10364,5252,10529,8047,13864,3851,7607,2972,7879,6396,11847,6701,8639,6908,8936,4971,8793,3881,10718,3392,7977,3916,13098,8473,10401,1494,14161,6822,14087,3929
10187,2402,12505,5097,10424,4942,10212,1697,13319,5942,10706,3830,12230,3576,9130,2680,13882,6576,10908,6951,10089,7654,9295,5693,10233,4676,9089,6345,7964,9517,16848,2313
9480,4326,8853,2166,11893,5584,12514,3911,11061,8286,7634,3185,18493,3776,11790,1360,14983,5837,15930,4670,15285,1906,9457,4487,13636,6983,8672,7503,10617,6175,8432,4255
4681,10957,10402,12066,11245,7387,12562,9788,11585,4977,10827,10536,2312,6359,7723,1130,10482,7707,14880,6801,5787,4789,11123,6611,6550,4246,13583,5762,14565,7833,3191,5218
8155,11733,6453,7356,7960,7989,7189,6365,8291,5427,8582,12919,7631,10058,7793,16004,4351,4669,6617,4367,9505,7341,10057,7045,12143,4267,9126,3295,10299,6938,8760,7270
11920,4296,10459,9022,11838,6469,9105,12210,7268,11750,11967,6249,11240,8008,6894,6930,6707,1898,5425,3598,6526,13122,12072,10176,8518,3925,11805,6539,6767,4796,10959,9072
7538,11732,12107,7761,5147,4915,10574,13541,10224,7805,10657,7513,7595,7187,10348,4185,4269,4034,4392,11402,10190,5062,5389,9844,6317,14512,7323,3097,8979,7320,7611,7497
7928,6896,9654,9321,6153,13246,10662,10361,10461,6677,13543,6643,11167,4293,7746,4066,9909,4420,11110,2143,8519,3495,8084,8965,7088,3101,8091,4672,14393,9751,7949,8633
4408,8423,12852,7076,6837,9435,9594,17609,8151,7688,6179,7923,9019,4183,10213,10108,9777,14955,5637,12405,11726,1384,10522,8636,9971,5483,7250,2334,9272,4592,7069,4200
11980,10275,10323,8219,6370,2945,11805,7774,8544,10722,7927,6298,8887,6502,7604,11602,8335,3832,7257,8967,3950,3791,8127,7272,14442,6081,12014,6930,6813,8814,9461,6458
10324,7437,7268,14708,8444,4685,14129,5617,4973,11687,7795,7803,6144,11690,5155,9318,6798,6962,10077,10281,9810,6038,15860,5931,8512,7567,5350,8681,9671,6297,5106,8212
4556,11091,12386,4959,4659,5260,7119,8954,10386,6187,8451,10605,6328,7674,6727,18552,7505,5657,11588,5558,8648,6422,9608,1448,8490,9916,8306,3158,9622,10624,15477,6437
13721,11215,7922,8856,8974,10701,7021,7323,10078,10050,10247,4119,5976,11377,4854,3670,6953,9669,7058,9939,8142,5851,7759,3687,7732,3246,7800,8023,12120,11567,8316,7633
7265,4027,7641,5746,7035,5560,10149,1627,6121,9381,9319,4720,7754,5207,9018,7013,7927,5812,10300,20751,5811,10574,9886,11440,9062,5703,9943,9351,8393,5849,9977,9515
8768,18981,11366,8725,7540,4243,8294,3137,4624,3185,8383,12869,8032,10080,9331,6146,8996,3060,8898,6640,11442,9291,10311,5321,7275,10538,8653,5495,8524,11330,8295,3201
9945,5648,14264,9329,7000,7706,10780,6089,8970,8999,7968,8977,9254,12746,5161,10504,10430,3318,6620,6055,8442,4790,7215,4981,10850,12704,8805,4193,9021,6859,7583,4692
12594,8641,7234,6775,10841,5670,8419,11556,7595,13348,9123,4427,5498,9826,4489,16365,5569,5722,5377,8727,7567,19559,5175,4934,5897,12005,4777,11375,5182,7977,5193,4810
7719,12224,6047,3405,8367,4427,11461,6481,6568,7668,10753,5006,4722,15841,8632,7344,5258,6756,5411,5304,5291,6083,9474,3954,6377,11742,6841,13315,10584,17114,5052,14443
3552,8300,7791,11246,11955,17912,9962,7595,7522,2805,8700,11902,8062,6813,6225,7415,6012,6903,4929,6346,7481,9187,3373,8441,7630,14399,7546,13550,9042,14666,5824,6127
6741,9321,8698,12296,6500,21431,6929,6719,6024,9709,3694,17294,9861,3773,10663,5671,5239,2722,6281,4735,5265,8370,8568,7757,7634,8479,10463,9413,6972,12401,7609,12237
2099,8483,6276,9314,11206,7979,11327,5977,6472,7890,9135,11425,7322,10000,13641,6983,9646,12662,5437,7868,10471,4053,7916,8332,6177,15763,9162,6153,3603,8708,3942,9238
9736,5563,10537,4080,13954,9222,9622,10316,9076,11557,8748,11895,5353,8567,9145,7670,10755,11727,10577,8139,7647,12061,6365,6194,4930,7859,9980,1675,11082,8790,6733,8288
8756,6171,10370,8073,7570,7390,9493,3960,12165,12921,4585,7651,3964,12409,6459,10819,8201,5311,12162,4983,11438,10908,8859,8527,7823,8437,8197,6135,9906,3816,10485,5237
8551,5376,8771,12675,10119,9576,3226,10904,11692,8689,5870,9235,3750,12698,7654,8688,3849,10869,7496,11461,4542,9697,7740,3557,7196,5929,6834,4956,8610,10491,11443,15023
9397,9727,5064,6869,9370,5820,6189,12663,6796,3347,10141,4945,14655,2805,6654,5102,10386,9216,7549,6110,3868,25944,2524,14378,8673,15457,4751,1233,5875,16673,8869,6756
6209,13776,5194,11439,4489,8670,11551,4311,7346,11084,10830,12441,4573,7531,9205,5777,11974,15035,4014,8545,4273,11253,7685,8607,8550,7842,5340,4866,5192,3382,8048,13402
6430,5768,4743,12381,11605,9536,4529,15201,5420,18698,6219,5760,7943,4861,4187,1158,6454,13789,6063,10925,4547,7794,8809,16264,11089,6890,9103,13328,10440,1796,7033,7106
6882,6729,7629,4204,4806,5817,4723,11352,9461,9751,7517,8047,8585,10154,6990,15716,10496,9662,8389,9226,5501,23933,4526,3765,6165,9150,6437,5747,12311,3163,4299,6715
8717,4056,6906,5093,5470,3007,6355,7249,5700,12145,6450,11931,4313,13086,8035,12719,7300,8220,6433,12897,6327,10627,6683,13757,4596,7369,8362,7192,7324,10148,8484,14664
8459,2431,4809,9660,4889,12615,8038,6699,6461,18313,7822,7987,7042,5854,10881,7937,5047,4694,7544,8974,9130,14406,8521,15828,5758,11115,7845,6051,7017,6942,4975,9610
8145,17512,4033,13523,4926,10795,6821,10457,5833,11179,4009,6616,3436,3779,5354,15275,9018,3288,10452,10011,4631,3111,6996,10410,5088,5698,10726,19267,6496,7788,8950,5549
7109,21916,3168,4761,7299,6864,4563,5026,6921,9278,6683,5942,3695,4425,7400,8751,9603,9589,9310,9296,4027,8458,10086,19144,7735,6685,4106,13737,6968,18905,5382,5504
10302,8189,6173,5114,5576,11119,7365,13641,5356,7830,6076,23089,8155,4069,6639,8071,9327,8356,6517,9212,7417,12629,6469,1200,5435,5028,5095,9019,6753,14111,13361,8197
9668,5713,8057,6275,5620,22123,5315,13172,8945,15592,7607,14931,5382,8668,5542,13898,7842,9985,7382,8570,6567,6246,8375,10535,6716,6541,6518,1421,6307,3552,7948,4298
5037,11725,5748,12844,4025,3419,7936,12748,8042,8660,8032,3520,13020,11167,8159,8299,7101,8873,12035,9674,5396,9399,4443,4760,10027,10836,7009,7732,4760,9545,7166,8744
7837,15258,13047,9859,9689,4764,9949,5243,7211,3430,6253,7690,3806,6539,6234,13950,5422,15069,7817,5517,6183,13660,5157,5530,2694,11558,4856,2798,9626,21690,5501,11749
5731,4970,6735,9310,6369,16280,10946,16071,8162,7691,7172,7705,5582,3529,7203,8625,6843,9382,10538,8419,6710,7136,6838,10907,5256,16956,4871,5519,8777,5529,3448,11594
8642,8276,6962,1254,7345,7499,11390,14725,6900,13334,5817,7123,8403,18298,8057,10065,9600,19043,9464,8049,7714,4886,5616,6219,8640,2487,7332,6498,4926,3597,9191,4100
4116,14867,6755,6281,6263,4695,5163,1867,12061,20085,9456,8692,10650,8059,13052,10181,11268,15805,4296,5019,6962,8324,12283,3836,12203,8157,9555,7143,7905,4416,4162,3568
6178,9771,12627,9452,4011,10611,9448,4702,6450,7121,10009,6250,3911,11227,9276,8536,11616,2641,10101,11661,7245,7907,9419,1619,7148,8605,4978,6169,8805,27440,8143,9230
6786,7231,7885,4804,6556,5946,10541,1735,6083,6618,4349,10652,3809,7508,3381,10823,9384,6756,11645,10180,11489,11154,11672,5050,3665,15634,5262,19174,7714,9104,9679,10134
9068,7889,8841,13577,6394,17685,12085,12289,6364,2222,6708,3569,11375,5118,5407,14619,7555,6318,5539,8057,8121,18801,7371,7903,6042,10694,2945,9999,7188,9809,7391,6529
5472,11292,5861,9443,4866,11953,6055,12368,5766,10930,8103,4034,11096,8415,6051,11778,13037,10734,8614,7094,6456,4859,9795,7827,8991,4643,8194,12872,6072,12472,5045,8444
8691,17255,5671,16145,5361,11003,12893,12039,8569,3257,5913,14918,5871,10047,4217,6282,6640,1490,9817,10856,10234,2276,8371,7728,8223,8964,9611,5105,6427,8049,3944,12021
7112,6443,6873,9780,7421,7114,4836,5521,7470,22837,5871,8289,7597,28329,7115,11149,4793,9462,2788,9198,4278,2363,6323,12768,7159,8561,9565,6250,8600,8349,5565,6583
6218,3996,7475,9712,8648,7984,5348,8827,3809,11530,3385,10834,7046,14100,3997,7815,5585,13554,7926,7071,6437,15090,5282,4365,7755,5714,8021,14680,8304,14552,15433,5792
6498,13879,6255,9493,5911,6541,7157,5499,3195,3556,3084,7218,9545,6250,3798,9085,5585,4324,7116,11884,3923,17122,3327,7190,6750,7490,7161,18087,11244,18693,9989,6684
6214,11886,5497,10331,7808,3083,6670,8118,6272,19545,7550,8165,5858,10226,8118,14032,6256,8208,9422,7631,5621,6585,6324,12118,8990,5162,5041,8850,7464,9659,6913,12316
6143,9242,6886,9699,7577,9817,6074,5166,5369,6107,7661,10368,4061,17272,7535,11257,5336,7941,3862,11896,5820,3686,5264,5646,4269,8358,6483,19588,7918,6530,9008,15875
7095,6581,3428,18071,6531,12662,7306,12366,6235,7096,7546,9087,8489,10547,10356,15591,8035,6397,4462,4661,6013,5256,11657,9135,7544,6537,9698,12883,7633,8407,6557,5706
5888,4700,7101,13697,6890,11485,9881,18907,9854,14957,6459,10792,8929,9277,6858,9821,9751,13136,6812,9372,7875,5335,5166,5562,2880,7896,4047,6202,7579,7069,3868,5878
8092,5202,6375,10404,6749,14601,8381,6290,10394,17328,8817,8645,9823,13186,7134,11103,5487,5920,5760,9291,4887,12630,7620,10152,4977,12618,3199,13488,8257,1452,6118,5475
8754,10813,6684,3733,4991,8986,6709,14419,5223,13809,7300,13002,8441,11508,8598,11249,7868,11625,6518,9912,6494,1651,6817,12819,6098,3712,3567,3647,4057,24681,5811,5946
