9174681,5772636,14154204,7764538,15981975,7710308,8128640,6588219,5453019,1724312,8913894,13142548,8591263,16230688,10755076,10598029,15131235,8055789,11693631,9430731,10294831,11309533,10850486,11667226,13392668,11632456,10010374,10677641,9850693,8219305,7690216,587065885
7390936,7751546,12983682,8709323,11149246,8326406,8596900,13749798,15328822,9629939,16066006,4573228,9361345,7187846,10068789,4952488,11469465,4856355,11519919,13173239,14463899,13369263,12609231,11949183,12951777,8765575,6810873,10430496,10250891,11346167,5603706,43866409
17323055,11473244,11217926,13675950,15279295,12604735,14996172,8949131,9302499,18302399,18781400,13193602,10032559,9429761,7947607,9429119,7896367,2026884,6457196,5152021,12814198,5108724,7956174,3911932,13483696,9842941,7229321,8417281,11298739,2598034,13899786,47235842
14832054,12719904,10892337,5215388,16213721,5953655,11485017,12895306,16226136,6105328,14930884,14662109,17818255,3199733,11216029,4599757,12070387,1189518,15412926,7973836,12533616,3499381,17113152,9471288,17653216,8261000,13366668,8315647,15981952,7377915,15836146,17133936
12733107,6159538,12123661,12551224,15782996,6357636,20593246,2952046,13545767,7231402,22278842,4422279,17479040,3730718,15070690,4262651,15713015,9240157,12695515,4991339,11758926,2525071,12156907,5097403,7000734,4494766,14168570,5304782,10360198,13347360,9851365,25638564
8875375,7580031,10682596,23271581,15083925,8449791,15428691,2227882,18436656,4546544,14713549,4689721,19942088,5410547,11676525,4984467,15910787,3954198,15264088,5738708,16558226,7763844,14623347,7515656,16623716,5868136,5939666,1124737,8321446,7054180,11991123,43212607
17056945,12294801,13488439,6876327,12937730,11287112,15217957,5060164,9637502,5119436,9740621,9679783,14100352,9504778,9575404,9416676,9843876,7896524,10656770,4218239,13085480,3543376,8568194,4771819,15581603,13021696,13287270,311770,19195066,7859272,18513103,39376312
14295286,3241684,14483590,6532204,12054207,6130697,12188695,1317091,17910830,6563539,14162054,5109062,16484983,4999415,10721432,2730182,16543787,10832021,14195236,9799745,11796681,12413717,11002905,7222470,13000987,5567966,10165010,8360174,8464793,11044479,20672898,8071660
10872172,7059629,10417001,1968451,13647560,7636789,14964147,5635521,14487562,12018909,11199892,2992976,23165832,5127883,13968214,114692,19790349,11143238,18422614,9551493,19208314,2244934,12333241,4285839,15717830,9592514,8558293,8994500,12303380,7559105,11025480,22360672
6033855,13008614,13843681,13746889,13985416,10366133,15173624,16463260,14502833,5243553,14111053,17873597,472397,6917554,9829671,28218,12811289,9773164,20394461,10783639,7491220,15640533,13596554,8740894,6737962,7041483,14788329,7406928,16686768,10255780,2932042,22705339
10373545,15543817,7723943,8944738,10802426,13309187,7077774,7751130,9878899,5562445,10250936,14139800,10270930,11959694,9581819,18681036,5082553,6256910,7345515,7266184,12410374,9171173,13022277,20142791,17637013,8062289,13097983,3507937,11721599,7752304,10665924,45261241
16313253,5676739,13503108,10954696,14089742,8128044,10224734,14549104,9362867,12505967,15845404,8543046,15249224,13087853,8531998,9117058,7496880,1172536,5534073,4428404,8694271,27336061,15508783,10688258,11552396,3877865,14899550,8045880,8059967,5947148,12275556,15375378
8234685,19203886,16980041,9051423,6553336,5235325,13911877,16523060,11027124,10318582,15205659,8362236,8930819,9110042,12708351,8503384,4162993,5651409,4799415,13586390,13317118,6325819,5645122,12211320,7098858,18491415,9022250,3168586,10751889,9492260,10347712,59676003
9850785,13189817,13764577,12876698,7978865,17273219,13362538,18317718,13029497,10946606,15489316,8707427,15963938,8902426,11983418,5549056,12846942,6138349,14857841,2562825,10638354,5122743,9621843,10103564,9795204,5099085,12066440,6700612,20848506,15154983,12156108,17959880
3959000,11338700,17822316,8296780,8859408,10780718,12836516,19993357,9448585,8984280,8376964,10287457,11219266,6000186,12829814,13936670,11336988,16723775,5878679,16992043,14033760,310618,16072558,11095669,12517362,6462304,9794873,2403947,11131957,5178117,7703796,55781696
16542822,13378497,16646490,10410584,8941520,5461995,14584127,10230623,10487348,11608171,10085210,6605064,12025732,9053457,10973879,14754429,10362400,5697694,8441944,12612640,2410461,4398432,11784924,6888926,23654533,9510794,14614859,19371854,8050808,11207521,11513095,21817164
11042573,10506774,8087907,19447487,11081873,6359283,17354132,7616221,3781348,12381174,8282364,7666177,6885761,12830130,4649092,10268668,7362657,10144102,13777345,11466539,13294467,6702524,21400803,7119037,13189001,9651694,6893920,14872598,13821879,9722986,4815906,45793452
3231586,14803991,15501850,5446900,6154676,6543898,8241751,12590326,14427407,8013168,11479043,11924743,8674222,9860468,8912600,19614175,8761981,9245568,15768872,7211637,12822052,7091882,12820386,670705,10417164,12618277,8745275,4152836,12025186,14427938,19596714,12299435
20323178,12411003,10286906,12473308,10337972,14645169,8414886,10006428,11788050,11749688,11027005,4043507,5355516,18148424,4257847,4559330,9177011,10898549,7720854,12671617,10549894,7579561,9779972,5558604,10558216,16354362,9640980,9849419,16336693,12011469,12639551,57802770
8197683,4789997,9550580,7193612,8808482,6792256,12188006,1608914,6364015,12279228,12137170,7754462,8997725,9102444,12641760,8501968,9480365,8168674,13899925,24876511,6899419,12653081,13324795,15003332,10557924,8236501,11714324,10871727,10188492,8619531,11447418,29690382
10618254,23658700,13662064,12646756,7673693,5101677,9431672,3667810,6091359,3035131,10813495,18198622,9452661,13907231,11686263,6479536,11740677,15694489,12076532,6143566,14944331,10539476,13033158,5537988,9300104,11175672,11595108,7857386,12553086,16265633,10646111,50484825
12414031,6019472,20083184,14539029,9296042,11513195,14311544,7109433,10737961,9281501,10934769,11086489,12139545,16138282,6458684,13122678,11640311,3896390,7231331,7962397,11115034,5352687,9623163,6627348,13976569,11591276,11225624,5738201,12587765,8891103,10231954,31050426
17617004,23386162,11442174,9161829,17286929,10792357,10133220,14282021,9922728,14513356,12569654,6440154,4307138,11265739,4939876,20969841,5808365,11688800,4803068,10917007,10320093,24516027,6218606,6204594,7226275,17944419,5040641,11525477,6000516,8700017,6014092,22737672
13446010,18968122,9345786,3900238,13179906,11030926,16789603,11665725,9452264,10511576,15592126,6468382,8510420,20922479,12690526,8838028,9574624,11594166,7643970,8124921,6175128,9489155,13534761,6638516,7053632,16866911,8640789,18069879,17371543,20914889,7193438,54652984
2705228,11789161,10440096,13069153,16028196,19487638,12613765,10557650,8365840,2125105,14315934,12503210,9650260,9899508,7016242,10737628,7105626,9552577,6702068,9218671,9216552,9996768,3048025,8506739,10725316,21217878,11145083,17215407,11212174,19092326,6325730,51809300
7044259,23374815,11273363,16395825,8839792,25272231,8404721,8234399,8813986,9894345,3218412,20958001,13147303,3281907,12440408,7608845,6567913,2781849,6948843,8107048,6353867,10190505,10718334,9858756,11059301,9730242,12804996,10894382,9953132,14895618,9750048,41939810
872137,10904289,8635589,11226652,14610336,9455436,15999340,8068971,7761861,9392783,11673402,14332638,10175273,11399799,18723978,7821563,13689226,16588692,6918010,8975487,13338235,5203000,11233010,11066076,7685723,18880460,11949152,6007274,3958113,8835116,4530723,34842977
11219868,7725895,12521989,4533588,15375598,9494589,13135060,11366228,11132053,15530339,10358481,15165868,6879736,10761616,17813105,10847719,15402072,12607611,13511258,8192406,9006155,15041762,7626599,8608314,5488543,10781952,13765324,443139,15487817,14143866,7864352,38700935
10638321,8144539,15915340,11071314,9963924,9842655,11169941,5070745,15969974,12702748,4404277,8590676,3800333,13184903,9287358,12383468,9143944,7436767,16782218,6332122,15112132,15259494,12109516,12032053,9203131,9035483,8558751,6889286,13307643,4911324,11987508,34046778
10741147,8311897,12269741,15269634,13042185,9645486,1850954,14543213,16538549,11900646,7322290,12541920,4173552,16257425,9932972,12430981,4438681,13969783,9319236,14625432,4342614,12933156,9535620,4171373,9629528,7792979,8018963,5117140,11253944,12268301,14603154,38864086
12023509,11113767,6020892,7300334,11995217,5988549,8294079,16102351,10160161,3796140,12658537,6931509,18847905,3969418,11115093,8018355,13363524,10142195,8811045,8690669,5286284,28155210,1152830,19195898,10638627,21008056,3962491,78406,6861569,20395669,11632694,23021897
8200465,18134238,6010315,15047988,3768709,11546720,16214986,4978790,10774572,16741785,15934804,14177774,5217298,9160929,19119724,7819886,16116503,16551447,4101703,11471974,3388536,14255992,11509470,19975229,11925617,11285755,6987770,5285701,5508943,4041660,8638253,54378876
7541291,7767781,6015029,13160269,15464295,10840892,5418133,19102850,7205675,23371349,8262252,8024885,10381788,6288341,4848848,72786,7996581,18122979,6893539,11665055,5339683,8575658,11454301,20667997,14852326,12351969,13897434,16966955,12461583,490491,8937406,50478213
9849966,9131825,10241250,7577138,6726361,11486574,8251095,17346726,12099622,11045536,13455407,10453224,14160107,16736540,8634869,19650546,17797860,11479107,12188483,12603707,6344547,27006281,4716953,3119373,8404311,13402120,7589935,9798536,16057261,4356147,3529032,18588060
12179007,3997082,9724751,5269757,6149313,2217355,8157577,8092504,6737478,12157612,8458451,12726672,4873027,14082881,10329577,17585118,9121509,14533693,8716374,19206924,6869999,14706450,9083266,15654848,4479988,10316344,11612062,8220126,9532926,12338653,10088791,38646727
11375272,1933687,5413122,13665438,5089937,14692431,10777058,8424144,7439786,19857382,9825294,9678269,8538625,7328975,13631587,8827833,6244648,6154916,9891913,11177419,13021519,17683272,11903050,17299526,7563067,13622447,10972498,8741655,11292140,8984790,6639100,21792050
10580084,22604254,3413400,16391996,6977285,14795724,9060007,12306413,7336062,14330379,4347489,8918346,3215522,4994298,6665913,20518820,12467297,3262620,22550489,14257997,4996957,3289107,8989021,12502910,5507624,7951767,15218656,23099120,9681985,8990708,9940118,22248194
8405441,29386741,3549494,6904327,9972376,8586559,5225948,5429655,8605326,11666461,8677055,7265319,3033735,6957595,10201798,8613862,12525498,12058779,14297338,10111717,4451877,10284193,14299905,22519179,11334762,9328014,4575708,15976951,9835533,24008877,7782327,22967686
14204370,10602469,8046634,5397318,6087635,14170691,9624590,15955899,6878745,9754234,8513322,27390459,11708581,3682838,8692535,11646006,12813463,9858088,8767326,9770581,9791857,15180288,8841915,130285,7070194,6091690,6089471,12439432,8899880,17706298,18875370,28978438
12028907,5674195,9084132,7418547,8797692,22883909,7902679,14745106,13014945,16574790,10756972,20912943,7632453,13513822,7163477,17279309,9969209,11764195,9872683,10878233,7840687,8488829,11586563,12284631,7795835,8281488,7781973,795412,10072046,3876721,9330395,21165605
7666532,13940366,6836215,14243177,4531352,4599153,10084602,16175104,10694419,11668157,12022450,4753123,15886011,11856844,8944568,9767726,10631226,11143094,17464009,14981764,6142446,10190286,3822424,7992804,13250035,13971177,7553369,9240721,5157293,10612823,8845306,51870535
10748107,18609791,21877481,15173893,13441843,6521254,12523823,5521940,9513351,3947753,8067667,10585211,3279808,6712954,8096547,19405337,5980469,18782270,10315203,5774152,7368098,14275902,6918780,5606786,1948781,13880165,6729116,1885471,11983127,24914104,7048956,39457114
9775789,5181096,8551125,10434562,9124194,20848290,13730006,21474779,12551793,11479060,8892478,12807686,5941582,3369759,8998569,10044954,8521420,12783380,13920804,9068792,9164807,8598985,9479944,12011302,7320090,18345524,4612107,4856320,12736339,4576734,4505760,33735261
11768950,10498209,8587921,429538,10282711,8475365,17006863,20485876,10484012,16398565,6992609,10758851,11248398,22385057,11609725,13360336,14681587,25943939,14486018,12245785,12866313,8731536,6214565,7231536,13068498,4585139,11208807,7081056,6344938,5153042,12955453,26328053
4663104,18754027,6667979,6811316,9988203,4564862,5694261,801849,17092973,23715689,14038361,7685881,15082639,9536421,19641695,10471635,15724221,20506252,4215526,4196629,9684509,8314008,15939174,4738542,16103520,10311045,11945465,10635095,10368754,6167618,3550394,11288566
7719354,10972280,15279311,9658205,3536436,11936788,14541955,5135041,8605493,9282387,13232000,7032601,4132535,12366658,12996301,10801285,16182222,10845132,16129197,15290719,9218304,11316657,10525452,265541,8778968,11082222,6508739,5689986,12423981,29071368,11981364,72452506
9091917,9836541,10012020,6649512,9337711,8573646,24410674,1265682,8040646,9488600,4987826,12045522,3678008,9566198,3467428,13150132,12865117,9528058,16373775,13140257,16795152,13348139,15742148,5628300,4270395,16324969,5782531,20112137,11217975,9823268,11890827,17584814
10197123,12143692,10149758,18728469,9210886,24656432,16819226,13478783,7858234,2196222,7681504,3162500,15450338,6265170,7101523,14376436,10391900,7989988,5672677,9248283,11743234,21031628,10044111,9063403,6037662,11784633,2564251,9511606,8191062,12301927,8728012,40023757
5948340,16200778,6609391,15942403,5891761,14152118,6542914,14275734,7906332,12252869,9380473,4926338,14207935,10512210,7786301,11932556,16835604,12182929,13723258,8507916,7253233,5765878,13254291,9140200,14389966,6579177,10056219,16712260,6657056,15312576,4602340,27453099
10306977,20407340,5843905,18555781,7258958,13819085,15171282,19591305,10165934,2650351,6953638,17211035,7458717,11590506,4126833,8465617,7289632,848272,14305934,12296824,12767183,15521857,11259757,5836802,11463111,13579456,13855849,6680424,8680460,10673559,3395987,35745759
9095790,8427734,8294632,12428439,7852025,9007981,5478055,8070418,9129814,26549345,8614129,10522244,8663843,34335220,8849395,14370900,5143557,13570733,2260403,9150927,4316698,2421970,8509379,15116264,10817115,10346809,14153007,9127808,10733250,11309383,7366355,23913610
7788768,4594302,9138829,12875302,10525018,10726945,6699499,12227252,4497734,15132961,4517302,12745564,8580969,18239148,3735227,10671998,6763115,18731665,9286958,7800636,8294117,18815517,6655320,6105198,9573371,7287870,11207993,16083487,12269518,15369699,19877865,26862037
8365495,20000521,7773741,16153451,7561030,7646625,9322531,7820393,3913288,3550511,2541738,20453902,12810880,6899734,3367045,12294792,7745553,6333822,9958007,15315742,4380885,23510308,3106363,7930647,7969086,10174339,10186220,21922088,14427102,22173604,14380252,31793775
7987145,22052514,8596138,14765129,10392135,6054737,8268822,9378276,7475332,24999598,14776571,11184773,6940926,14581714,12092537,15898168,8786604,13771630,13086409,14160209,7514626,8114201,9618407,14317718,12113135,8495185,5878334,12109184,9489535,15869173,9377775,38723685
7924888,13579552,8885439,12137652,11061267,13738667,7073365,5693093,5671001,8797690,10147337,15459105,3972758,22206009,7865535,15590891,5827006,9614401,3957814,15212539,7166957,3090988,7099714,7281953,6079446,10461105,8736929,19851266,10867152,8255771,11354712,36522856
7727902,10562857,2772770,18094303,8760408,16143638,9429453,13410630,8093222,10021757,11104356,10844326,9689702,14775253,12983880,19747109,10856533,10041104,4726142,5078396,7482871,7420488,15029591,9719865,8640522,7823025,11975149,15456373,9334979,11236904,6938533,28528268
7758607,6435285,8945165,18141100,9184117,13383926,13063206,24795746,13300268,19045041,6543507,12649438,10277751,11927241,8634260,12336828,13476139,18767082,8150868,10051012,13228186,6334880,5543547,6867914,2446066,9497489,4177150,8577580,9771128,8517181,3974414,25510049
8992095,6289088,8141246,13603681,8505926,18543639,9946208,9550728,12747398,18393865,11445553,10746072,13720517,16491361,9093367,14757158,7265677,6462838,8294827,11179639,6019272,12643835,11248332,13989547,4868920,15889750,2342693,13180605,10847379,562801,8491648,22138228
12230160,12450738,8336358,4991157,4680570,23496262,8331837,19024474,5235041,21212660,9907977,14581591,10298699,14883417,11399828,14723960,17374018,16052347,9300271,12834118,8295962,2560615,7633914,16110250,7377650,6419027,3565707,3435064,3892415,29125648,7289125,31184244
