10686,7017,12436,8820,14245,8466,9341,7055,7368,4105,9221,13545,10594,16928,14011,11407,16678,8273,11942,8176,13405,11698,11207,11629,15110,11779,10236,10703,9905,8470,10819,4632
8786,8936,13453,9789,15145,10870,11009,13933,16749,10700,15609,7016,11034,10531,11340,8098,13264,7470,13018,13615,13649,13633,14232,10154,14246,9371,9116,11797,13177,8818,8640,7385
17492,10871,14695,14890,16836,9440,17800,10965,11263,19421,18630,12774,14465,8057,8694,9464,9698,5160,10139,7247,16996,6667,12747,5191,15329,9657,8848,9047,14252,3877,16469,9084
15494,9351,13130,7190,21634,5696,13410,10317,16254,4364,17886,13003,17890,3743,13548,4740,12571,2837,14922,6642,12832,5087,19525,8804,21803,7393,15402,6412,16717,6724,19088,6421
13093,6301,14561,12156,17376,8121,18014,4618,16492,8192,25131,6317,20443,5337,18228,6357,19657,10947,18599,5379,14535,3572,13014,4666,9519,6699,15283,5883,11664,14163,11031,6794
12936,6056,11003,22569,17391,6655,17062,2962,20023,5644,13848,6646,21946,6395,13535,4251,17560,5425,16451,7231,21814,7006,15207,7324,21852,5679,8704,3571,10899,8628,17304,7047
19552,9942,14475,6498,16562,11415,19059,5697,12236,4665,12695,8488,17226,9178,14059,9853,16907,7969,12771,6398,14321,7228,11848,4318,15467,11254,15551,2824,19981,9635,17963,4870
14338,4677,19418,7410,13704,9071,15184,2994,20533,7687,15232,5655,16858,5922,16454,3710,16401,8459,15565,10454,14588,8462,14955,8407,14540,6814,12619,14564,10119,10962,23735,4373
13266,6267,11521,5400,17241,7050,20828,6058,17502,11311,13478,8349,23242,5220,11615,2749,20116,9293,22318,6070,22854,3121,14792,7214,20338,10569,13531,5431,16272,9564,11345,6424
9041,14518,14028,15395,16232,12968,13048,14934,11133,7682,11450,14263,4024,17067,12398,8227,13559,10849,19223,9704,6796,7229,12247,9567,13527,5688,20336,8541,20283,12558,5324,8157
11443,15950,14183,12597,12412,11281,11288,10193,12704,9589,14508,15587,14608,6947,10753,19490,7069,6755,9330,5741,13455,10115,14834,13381,11791,6765,11992,5862,15505,8185,16099,13439
16769,7273,11785,9919,14839,6113,13666,19715,9773,18002,15060,10018,13758,10914,16642,6996,10530,2605,10189,11487,10975,18354,16476,10566,12979,5131,18133,8376,10231,8238,13435,9948
11576,17091,17453,12664,9793,8290,15158,16977,20375,8386,16410,12942,12196,9432,8746,6441,7401,6894,6513,9728,13342,7410,9862,15604,10995,21170,8562,5458,13243,7770,10412,13316
9951,9046,14992,14991,6719,21087,15445,13314,12835,9531,17642,9361,14983,6450,11049,7548,13184,10338,14020,9581,15075,5395,11535,11112,12584,4111,15732,6150,20660,13791,11430,9745
11202,18668,18017,7208,12713,11133,14895,25594,11115,14631,10598,9465,12103,6197,15015,14298,15295,16586,9393,13026,13598,2611,13892,11230,12327,9069,7991,6511,10851,9995,13569,6904
16273,11860,10413,16627,7501,2695,17007,8747,9692,10673,9395,9283,12202,18392,11497,15973,12059,6675,10947,13993,10654,6280,15437,11722,18041,10043,15489,9622,14190,10874,11742,9742
12512,6460,10882,16058,12442,7964,16418,8225,12809,16566,11515,9531,9466,8934,9511,22127,10875,9543,15639,12913,13685,9023,20728,7585,13306,10609,9252,9108,13895,16835,9584,11229
11207,16038,21091,8635,7375,10323,11252,11829,9933,9052,14971,14470,9236,11742,8313,15603,9483,7561,16817,10469,9442,12662,13075,2337,14256,12089,12790,5988,13793,13830,19900,10913
13742,13321,7761,12517,10814,12105,12601,9658,17028,21499,12339,6512,9513,12893,9161,6709,11556,13638,11745,23215,12553,7365,8462,8586,7758,5656,9206,13743,12372,11964,13474,9305
14771,14332,13162,7527,10907,7963,12043,2756,8753,5512,13239,7218,14315,8793,12260,10462,10213,9187,11823,20262,11886,16472,14313,16540,15539,11711,19011,13111,15253,6715,12318,12927
10992,17274,21703,14984,12372,10549,16947,4777,5290,6370,12145,22207,9776,14952,11995,10389,15213,2909,15119,3977,12269,9471,15250,4851,11608,22268,7787,8428,8815,14226,11943,5250
13484,13588,15780,12075,12214,6775,11468,13519,16419,20324,14401,9678,13552,18620,7659,14598,12201,6778,6943,11551,14507,15138,9791,9567,13792,11345,13486,2238,13121,9203,12764,7137
16803,10455,6678,7340,12188,9707,12160,17589,8584,14440,12150,8007,7229,16070,10426,19270,11189,10499,9058,10116,9732,20827,9006,5126,8369,15373,8569,16732,11206,17741,5644,13434
10724,19731,10775,4778,18791,19637,19416,8750,11841,7617,14513,7297,7161,17288,9597,15284,7291,9251,6969,8293,7640,7785,12023,5238,8062,19482,7841,22533,11625,21778,9162,15701
7162,10491,12249,22691,11111,25813,10714,8262,8894,11270,10695,25728,13445,8149,11200,4787,6629,7237,9099,8792,10356,16077,10836,11866,11166,13556,15688,19615,13482,19330,10832,7040
7362,13190,10332,16560,13231,15733,11973,11273,10578,10951,7627,14072,13756,9899,17536,10957,10093,12088,9730,6998,11522,6588,8717,11890,12442,18194,12362,11068,9333,17655,8008,18334
5123,8553,13683,5400,13704,18326,16110,11718,9648,11265,12956,18499,10890,12719,16813,10816,15675,13593,13601,10545,12283,15960,12029,14883,8458,16360,14772,5387,9672,8721,5043,13138
20536,10361,15683,12125,22339,9208,13691,6517,10536,11468,12364,12851,6659,18470,10960,13269,13732,12479,12565,15361,11009,10900,9246,9723,8857,15844,11198,2867,16076,12768,19196,11103
8939,7902,11240,8315,7583,8417,9807,9930,20154,18991,5918,14785,7471,16800,9820,12047,8984,13940,15407,6865,15779,15898,13648,7163,11641,9893,12641,12501,14901,5790,11419,19422
8540,10120,11055,15585,16683,11852,6828,13294,16759,11918,12086,10463,14819,8208,14053,10116,5269,16321,6568,14389,5431,28539,6746,19644,10322,11518,8517,3903,8940,28470,11454,10950
12889,16827,9269,18137,10461,11765,14985,15906,8418,9404,13417,3852,9795,6167,9762,10841,19100,6687,10953,12413,6330,19214,5931,13722,14101,17869,9149,4547,10087,7461,15838,20296
9577,10888,5275,15978,11918,15672,10852,20806,7539,23363,14354,22583,13552,12929,9436,3281,15246,27277,9689,10531,5806,14472,16953,9602,15000,6029,8431,9084,9150,5115,8978,5041
13467,14225,8221,11551,10892,5776,4777,17167,11067,13637,11298,4597,7143,8802,9152,6413,12276,13622,8609,19902,9783,19305,7554,18426,10144,16492,12499,18473,19954,5319,10602,12286
10095,2051,13516,3658,7152,7913,9567,9058,12033,22822,7578,23560,9924,19336,8160,32267,10003,14844,12603,12779,11032,25382,7019,12116,8983,9834,12044,8429,12096,3765,8576,8282
11885,6272,8308,14580,8316,13821,9673,8217,12131,23288,10252,4870,7212,6561,18104,4226,10806,8336,9218,16898,10281,22491,12667,19640,7828,10320,12112,7723,8703,18044,9097,24039
11700,9560,5944,16154,6096,15737,9931,13761,5999,16980,9364,13550,10808,9918,9409,15688,11159,7058,16084,13656,7717,8314,10878,14623,5687,14922,14017,25012,11481,13409,11248,11849
10688,29513,6244,10299,7761,7434,9693,7448,11950,14221,9079,5116,6123,3990,7571,21360,16823,10402,9895,14554,6832,12853,13453,25746,12444,9653,8448,19592,9758,17363,9898,6009
11727,26741,7563,7571,11410,17157,6871,21218,6830,7824,8525,31535,6625,9374,12429,12270,13305,11193,13294,4821,9957,8234,11673,12488,8526,6357,8444,11476,9447,23755,17298,12435
17100,7906,12848,7448,8568,22620,11322,15148,9447,16990,9710,17017,12842,8324,8555,16020,9447,16684,9640,19179,9994,16032,12857,8494,9180,11186,8463,8878,8993,9113,13057,5301
9990,11411,7178,8876,8923,14048,10470,16585,13890,18897,15063,12167,17815,15576,10505,15927,11192,11392,15632,13722,7226,14663,5979,12466,11455,7826,10775,9222,7321,6981,9268,9973
11436,19831,14723,22106,10664,8603,15368,13256,11195,7373,9492,10328,7102,13151,11364,12218,8088,16747,11436,7744,11236,15582,7574,3628,9209,21424,6805,6158,12610,28224,10059,15965
5890,9933,11579,16267,9712,16528,16097,15238,11416,8406,8010,10640,7891,5962,11726,20246,11357,19412,14311,14191,9496,10882,8244,15579,6242,23498,6482,3119,13494,16337,6167,15719
11701,15778,12623,3228,12837,16535,14158,20893,9250,19209,8198,8663,11952,17985,10699,14129,8742,18075,14223,7911,9403,11964,9789,9367,10527,7146,10358,12087,9150,4439,11209,10642
8786,16454,9997,2698,8453,7293,10982,10558,14798,26521,13647,10623,13694,18154,14184,11471,17269,27158,7964,8456,11267,4181,15310,8317,16834,8671,15190,6825,11579,7977,8023,7503
8044,14904,15127,17620,6547,9166,10166,6093,13621,11031,14682,14912,7966,13943,14601,14808,15333,7516,13287,18266,7790,14371,12634,4549,12301,13431,8382,7949,11299,33632,12942,9766
10171,10471,15329,5378,10214,10605,15969,3726,7398,11405,7966,11864,5255,10547,7702,12407,16189,6530,16964,13387,19657,19489,16377,2730,7415,19444,7799,28659,10697,11005,10264,15778
10795,8267,11887,22047,9352,20626,18163,16945,10058,3497,10141,7763,15034,7641,7909,17873,9295,9178,9252,9276,10424,24609,12362,14108,8456,13857,5714,13829,10497,17105,13570,10292
11456,20324,9648,9798,6543,13745,7671,13035,9477,15253,11656,7272,15728,14044,7682,21535,14367,18369,10214,14457,8163,8717,14716,13434,9447,11684,8700,18395,8602,11047,7969,7373
12890,16638,9081,19626,9358,17396,16699,14682,11303,4894,8963,17524,9954,9121,7667,8753,15297,1983,14263,14133,16124,4309,11974,10778,13876,10001,13679,11438,10012,19185,6218,21051
11580,14726,9954,18301,11380,16937,10226,14231,10809,20479,8850,14322,10344,33117,11325,14488,8116,10519,7981,6845,8436,3525,10171,13639,9897,13553,13421,7262,11537,10719,7827,10225
5564,3882,11159,14448,9160,11533,7150,10207,8258,24734,5627,13678,10160,24163,6300,8795,8034,18829,10163,12670,7982,18250,9053,11175,12214,8416,13905,19036,12231,17069,19372,7306
11553,21580,5951,11173,12179,8610,11863,7301,5470,7190,5738,11597,14422,13954,6588,15745,9049,9489,10717,14161,7433,21023,4942,8727,10479,9989,8219,22036,15499,24702,14925,9951
9547,13203,10380,12946,9740,5676,8948,13826,9287,16734,10041,10432,9698,13076,11827,11821,9080,8286,13060,15236,7813,13671,8202,17859,13330,8732,9434,17740,11443,18583,10564,17700
9143,12197,9264,15986,12169,11684,10075,5483,7226,18945,11919,14813,6574,24760,10361,19204,6788,12223,7283,16193,9678,6240,8568,8240,7893,11496,8649,21431,11123,8301,12748,20542
10249,14153,7994,25600,9324,12825,8206,10510,9047,8630,11003,12863,9449,14693,15102,20909,11582,9133,7110,8309,8767,7504,17239,13544,10740,9650,15232,21525,12419,13099,11421,9865
8699,6593,10237,16221,7847,20815,15258,29317,13831,20598,8431,14229,13898,9669,10722,18115,14278,20091,9154,13143,9784,8557,7246,5978,4667,10957,7116,10296,10687,9154,6231,6776
13382,6698,9243,12218,11998,19277,12037,13524,14631,22350,11480,11994,13233,21097,10797,12275,9124,7639,8378,10206,8572,17461,10376,14646,7922,16752,5484,18499,13056,3601,9398,9396
11693,15678,10024,10002,7648,15135,9632,19817,6848,20922,13355,19131,12965,10735,11423,17169,10699,15725,9894,12530,8451,3430,10997,16360,9400,6617,5522,5504,6432,33120,6932,9075
9650,14127,6928,13006,8244,3676,12100,11681,9398,11153,8613,6194,8243,20025,9076,10346,10014,6404,6274,10982,8443,4597,9768,13937,9836,12782,10771,18207,7676,19374,6641,10219
