10479685,40969087,9717925,7578879,10594836,6322990,5549192,6271901,8295375,5681929,5176539,5647933,4473150,5082558,12107621,5127697,3686113,4714899,7339624,4744425,5915529,4719677,13960795,4730569,4167811,4770546,4237883,4733787,4307373,10755222,4416047,55627289
10479826,40969146,9717997,7578941,10594860,6323035,5549235,6271924,8295409,5681981,5176559,5647959,4473164,5082591,12107632,5127731,3686156,4714913,7339660,4744439,5915544,4719688,13960803,4730607,4167829,4770578,4237916,4733814,4307393,10755254,4416064,55627394
10479980,40969236,9718035,7579008,10594912,6323072,5549257,6271942,8295444,5681996,5176592,5648008,4473176,5082621,12107656,5127770,3686190,4714951,7339690,4744452,5915564,4719723,13960813,4730622,4167850,4770593,4237961,4733837,4307413,10755278,4416098,55627478
10480173,40969313,9718074,7579045,10594928,6323109,5549277,6271949,8295513,5682016,5176607,5648035,4473226,5082650,12107698,5127815,3686219,4714972,7339700,4744495,5915591,4719746,13960839,4730669,4167870,4770609,4237974,4733864,4307434,10755290,4416126,55627554
10480304,40969387,9718115,7579106,10594958,6323151,5549298,6271972,8295538,5682028,5176630,5648059,4473244,5082705,12107724,5127855,3686284,4714995,7339723,4744509,5915605,4719805,13960859,4730700,4167910,4770640,4238001,4733891,4307459,10755308,4416144,55627647
10480477,40969469,9718173,7579137,10595010,6323197,5549317,6271982,8295556,5682047,5176656,5648066,4473270,5082710,12107737,5127869,3686316,4715052,7339760,4744520,5915642,4719882,13960879,4730735,4167922,4770664,4238014,4733926,4307473,10755321,4416198,55627702
10480649,40969552,9718222,7579175,10595020,6323219,5549367,6271991,8295589,5682077,5176687,5648101,4473306,5082719,12107749,5127888,3686319,4715092,7339762,4744554,5915658,4719955,13960927,4730774,4167981,4770702,4238054,4733934,4307491,10755336,4416255,55627753
10480791,40969652,9718246,7579214,10595038,6323274,5549397,6272019,8295616,5682101,5176713,5648111,4473308,5082736,12107777,5127912,3686379,4715121,7339777,4744570,5915661,4719973,13960927,4730816,4168023,4770771,4238085,4733952,4307505,10755392,4416289,55627793
10481011,40969707,9718264,7579311,10595101,6323287,5549422,6272043,8295665,5682134,5176741,5648136,4473348,5082760,12107790,5127950,3686460,4715144,7339790,4744600,5915666,4720011,13960950,4730843,4168033,4770785,4238086,4733977,4307516,10755410,4416292,55627836
10481157,40969834,9718293,7579388,10595160,6323319,5549481,6272076,8295712,5682170,5176776,5648156,4473383,5082779,12107842,5127976,3686510,4715160,7339822,4744611,5915675,4720031,13960957,4730890,4168041,4770793,4238099,4733986,4307532,10755418,4416304,55627894
10481328,40969892,9718350,7579464,10595203,6323337,5549522,6272087,8295716,5682191,5176788,5648167,4473458,5082788,12107866,5128003,3686560,4715167,7339845,4744656,5915688,4720071,13960962,4730908,4168089,4770827,4238102,4733999,4307540,10755453,4416354,55627926
10481495,40969931,9718385,7579511,10595249,6323376,5549608,6272147,8295762,5682223,5176800,5648181,4473473,5082856,12107876,5128031,3686576,4715185,7339864,4744680,5915742,4720079,13960972,4730919,4168146,4770837,4238117,4734016,4307555,10755469,4416378,55628019
10481649,40970001,9718413,7579592,10595302,6323418,5549661,6272168,8295777,5682228,5176834,5648192,4473509,5082875,12107900,5128080,3686588,4715223,7339880,4744707,5915781,4720102,13960989,4730958,4168194,4770842,4238120,4734063,4307565,10755489,4416426,55628061
10481760,40970119,9718446,7579649,10595343,6323444,5549674,6272185,8295792,5682298,5176905,5648260,4473545,5082886,12107931,5128120,3686598,4715242,7339894,4744723,5915794,4720118,13960996,4731013,4168198,4770883,4238136,4734081,4307571,10755520,4416482,55628155
10481955,40970157,9718477,7579672,10595353,6323478,5549680,6272233,8295801,5682361,5176936,5648292,4473587,5082922,12107983,5128146,3686648,4715269,7339930,4744754,5915810,4720128,13961012,4731028,4168221,4770894,4238175,4734088,4307572,10755576,4416526,55628244
10482106,40970237,9718533,7579696,10595412,6323517,5549711,6272250,8295821,5682369,5176951,5648345,4473588,5082978,12108041,5128184,3686674,4715292,7339958,4744785,5915840,4720194,13961021,4731058,4168239,4770907,4238184,4734130,4307599,10755594,4416549,55628298
10482245,40970335,9718564,7579746,10595430,6323535,5549750,6272266,8295853,5682380,5176976,5648412,4473609,5083000,12108069,5128208,3686709,4715314,7339972,4744815,5915890,4720206,13961049,4731102,4168258,4770929,4238196,4734177,4307623,10755631,4416570,55628369
10482340,40970436,9718618,7579827,10595499,6323559,5549800,6272295,8295876,5682399,5176989,5648436,4473617,5083016,12108107,5128222,3686761,4715331,7339992,4744828,5915926,4720217,13961054,4731132,4168282,4770947,4238258,4734206,4307639,10755670,4416576,55628386
10482410,40970541,9718713,7579904,10595528,6323642,5549824,6272319,8295907,5682414,5177012,5648458,4473646,5083034,12108125,5128239,3686802,4715340,7340027,4744831,5915965,4720224,13961065,4731193,4168296,4770979,4238276,4734213,4307677,10755704,4416577,55628449
10482536,40970623,9718801,7579994,10595584,6323693,5549867,6272346,8295935,5682450,5177018,5648466,4473663,5083068,12108145,5128257,3686818,4715366,7340066,4744837,5915991,4720234,13961075,4731199,4168317,4770999,4238295,4734222,4307695,10755742,4416617,55628519
10482669,40970691,9718859,7580056,10595625,6323782,5549916,6272357,8295947,5682521,5177037,5648502,4473685,5083094,12108198,5128264,3686878,4715383,7340081,4744849,5916000,4720256,13961083,4731216,4168336,4771037,4238355,4734242,4307703,10755761,4416628,55628563
10482779,40970844,9718906,7580081,10595670,6323831,5549934,6272372,8295975,5682546,5177058,5648551,4473702,5083114,12108229,5128287,3686915,4715394,7340098,4744940,5916012,4720273,13961085,4731225,4168348,4771047,4238375,4734260,4307780,10755771,4416700,55628630
10482962,40970875,9718974,7580117,10595695,6323848,5549944,6272403,8296002,5682585,5177078,5648567,4473776,5083119,12108255,5128299,3686955,4715430,7340119,4744975,5916045,4720323,13961110,4731249,4168351,4771059,4238388,4734305,4307788,10755795,4416765,55628667
10483100,40970961,9719043,7580148,10595714,6323858,5549994,6272427,8296021,5682673,5177088,5648611,4473798,5083141,12108263,5128307,3686996,4715440,7340135,4744987,5916052,4720365,13961139,4731275,4168391,4771087,4238422,4734312,4307799,10755884,4416790,55628696
10483254,40971024,9719096,7580229,10595719,6323878,5550041,6272443,8296024,5682691,5177098,5648626,4473811,5083179,12108284,5128329,3687029,4715530,7340194,4745001,5916063,4720396,13961142,4731294,4168445,4771110,4238464,4734331,4307802,10755920,4416819,55628769
10483326,40971207,9719134,7580282,10595752,6323921,5550085,6272456,8296041,5682773,5177103,5648638,4473850,5083212,12108299,5128358,3687041,4715563,7340239,4745016,5916077,4720421,13961172,4731307,4168459,4771142,4238503,4734370,4307828,10755979,4416840,55628820
10483406,40971401,9719168,7580337,10595807,6323958,5550133,6272479,8296051,5682889,5177104,5648649,4473852,5083238,12108326,5128380,3687066,4715582,7340260,4745034,5916081,4720434,13961175,4731347,4168475,4771162,4238505,4734397,4307835,10756044,4416862,55628845
10483475,40971478,9719285,7580393,10595827,6323977,5550153,6272500,8296099,5682972,5177126,5648671,4473861,5083248,12108342,5128399,3687109,4715617,7340313,4745077,5916094,4720460,13961184,4731374,4168507,4771167,4238527,4734430,4307842,10756099,4416877,55628899
10483630,40971523,9719302,7580474,10595867,6324051,5550191,6272565,8296122,5682985,5177158,5648757,4473881,5083257,12108402,5128448,3687141,4715632,7340333,4745084,5916103,4720488,13961191,4731384,4168528,4771174,4238538,4734455,4307858,10756149,4416893,55628964
10483806,40971631,9719326,7580511,10595880,6324104,5550196,6272622,8296156,5683020,5177177,5648792,4473895,5083333,12108443,5128472,3687197,4715662,7340342,4745090,5916120,4720536,13961205,4731388,4168551,4771178,4238560,4734476,4307871,10756168,4416950,55629041
10483930,40971765,9719348,7580538,10595919,6324123,5550203,6272626,8296171,5683045,5177190,5648815,4473912,5083426,12108465,5128538,3687238,4715682,7340381,4745127,5916154,4720550,13961251,4731448,4168598,4771197,4238574,4734487,4307890,10756196,4416978,55629088
10484104,40971834,9719363,7580559,10595929,6324146,5550210,6272662,8296186,5683063,5177196,5648851,4473934,5083484,12108510,5128594,3687284,4715699,7340433,4745178,5916171,4720610,13961272,4731533,4168653,4771204,4238583,4734496,4307905,10756218,4416990,55629146
10484230,40971931,9719385,7580598,10595967,6324201,5550220,6272669,8296207,5683075,5177218,5648864,4473952,5083533,12108541,5128610,3687309,4715724,7340454,4745193,5916226,4720648,13961288,4731614,4168686,4771222,4238598,4734504,4307919,10756259,4417052,55629193
10484405,40972000,9719395,7580622,10595987,6324230,5550239,6272707,8296217,5683088,5177224,5648880,4473981,5083550,12108580,5128622,3687339,4715742,7340482,4745211,5916281,4720656,13961299,4731681,4168707,4771261,4238611,4734586,4307932,10756297,4417115,55629270
10484507,40972124,9719465,7580669,10596008,6324334,5550251,6272749,8296228,5683119,5177238,5648931,4473988,5083555,12108639,5128628,3687350,4715757,7340503,4745217,5916296,4720667,13961324,4731689,4168766,4771276,4238653,4734696,4307950,10756311,4417131,55629306
10484620,40972150,9719576,7580736,10596043,6324357,5550312,6272762,8296295,5683150,5177251,5648980,4473996,5083617,12108719,5128650,3687355,4715792,7340512,4745231,5916315,4720686,13961328,4731696,4168784,4771307,4238668,4734751,4307956,10756326,4417175,55629347
10484742,40972207,9719619,7580862,10596080,6324386,5550324,6272772,8296340,5683212,5177276,5648999,4474007,5083633,12108726,5128675,3687369,4715801,7340586,4745264,5916316,4720784,13961333,4731720,4168797,4771318,4238695,4734779,4307964,10756373,4417215,55629388
10484836,40972300,9719661,7580937,10596134,6324444,5550371,6272795,8296364,5683230,5177313,5649012,4474034,5083656,12108742,5128698,3687418,4715817,7340593,4745293,5916318,4720794,13961344,4731840,4168809,4771368,4238752,4734798,4307978,10756387,4417219,55629483
10484922,40972418,9719732,7580994,10596160,6324477,5550410,6272811,8296373,5683241,5177338,5649029,4474046,5083725,12108748,5128703,3687447,4715828,7340649,4745304,5916345,4720850,13961350,4731938,4168817,4771458,4238787,4734815,4307997,10756409,4417222,55629526
10485083,40972518,9719766,7581035,10596210,6324509,5550422,6272845,8296408,5683262,5177341,5649054,4474055,5083753,12108788,5128733,3687499,4715853,7340687,4745314,5916369,4720907,13961360,4731997,4168854,4771502,4238827,4734842,4308006,10756435,4417233,55629605
10485180,40972664,9719849,7581081,10596242,6324579,5550454,6272863,8296423,5683306,5177369,5649076,4474090,5083757,12108807,5128739,3687532,4715895,7340706,4745333,5916382,4720921,13961366,4732012,4168906,4771537,4238837,4734862,4308040,10756453,4417249,55629681
10485338,40972759,9719880,7581124,10596260,6324618,5550521,6272909,8296466,5683330,5177417,5649095,4474123,5083775,12108822,5128768,3687569,4715916,7340714,4745391,5916396,4720931,13961423,4732029,4168942,4771547,4238866,4734879,4308062,10756498,4417315,55629796
10485489,40972878,9719920,7581195,10596295,6324678,5550564,6272924,8296499,5683358,5177472,5649112,4474146,5083787,12108839,5128775,3687591,4715928,7340732,4745401,5916412,4721020,13961432,4732044,4168958,4771559,4238877,4734891,4308082,10756524,4417379,55629858
10485622,40972979,9719953,7581209,10596311,6324702,5550583,6272964,8296519,5683397,5177485,5649123,4474175,5083834,12108893,5128834,3687593,4715948,7340742,4745444,5916441,4721071,13961436,4732088,4169045,4771569,4238883,4734898,4308096,10756556,4417433,55629907
10485793,40973052,9719987,7581242,10596335,6324723,5550602,6272982,8296544,5683418,5177510,5649162,4474200,5083853,12108946,5128853,3687628,4715974,7340744,4745494,5916459,4721113,13961438,4732122,4169068,4771591,4238888,4734974,4308135,10756584,4417495,55629947
10485864,40973135,9720143,7581298,10596350,6324740,5550610,6273006,8296548,5683468,5177547,5649191,4474238,5083886,12109003,5128865,3687672,4715999,7340753,4745503,5916471,4721133,13961442,4732132,4169081,4771602,4238923,4735016,4308148,10756677,4417523,55629978
10485976,40973232,9720236,7581349,10596402,6324761,5550652,6273033,8296559,5683486,5177556,5649238,4474244,5083931,12109047,5128895,3687696,4716027,7340771,4745527,5916489,4721140,13961451,4732147,4169085,4771617,4238974,4735039,4308188,10756726,4417549,55630087
10486121,40973308,9720281,7581434,10596449,6324780,5550698,6273040,8296593,5683492,5177565,5649249,4474275,5083988,12109077,5128918,3687713,4716074,7340809,4745556,5916529,4721164,13961472,4732175,4169101,4771662,4238987,4735076,4308203,10756762,4417580,55630126
10486270,40973354,9720327,7581504,10596480,6324820,5550700,6273094,8296627,5683541,5177631,5649262,4474293,5084018,12109089,5128939,3687714,4716113,7340813,4745573,5916549,4721177,13961532,4732207,4169114,4771677,4239015,4735129,4308213,10756768,4417617,55630158
10486395,40973467,9720368,7581538,10596515,6324841,5550718,6273131,8296668,5683632,5177656,5649297,4474321,5084055,12109142,5128949,3687735,4716125,7340820,4745618,5916560,4721193,13961568,4732240,4169146,4771684,4239053,4735159,4308244,10756792,4417627,55630195
10486533,40973569,9720421,7581592,10596534,6324849,5550730,6273158,8296696,5683653,5177668,5649330,4474331,5084091,12109177,5128974,3687751,4716134,7340860,4745663,5916581,4721235,13961583,4732286,4169156,4771694,4239120,4735205,4308264,10756809,4417670,55630211
10486645,40973610,9720505,7581657,10596596,6324889,5550749,6273201,8296735,5683692,5177704,5649341,4474356,5084099,12109202,5128980,3687760,4716148,7340862,4745671,5916620,4721256,13961595,4732359,4169168,4771707,4239142,4735232,4308307,10756812,4417714,55630305
10486759,40973725,9720533,7581763,10596637,6324918,5550779,6273234,8296744,5683717,5177729,5649353,4474384,5084112,12109246,5129009,3687799,4716156,7340878,4745716,5916640,4721284,13961615,4732388,4169183,4771772,4239201,4735264,4308313,10756836,4417732,55630367
10486885,40973814,9720573,7581830,10596655,6324960,5550795,6273242,8296788,5683762,5177746,5649368,4474399,5084192,12109249,5129021,3687866,4716167,7340880,4745744,5916640,4721350,13961624,4732406,4169211,4771781,4239218,4735325,4308342,10756879,4417767,55630425
10486975,40973964,9720626,7581875,10596686,6325063,5550828,6273261,8296802,5683800,5177798,5649387,4474403,5084225,12109255,5129033,3687928,4716214,7340909,4745764,5916649,4721411,13961633,4732434,4169231,4771797,4239231,4735374,4308355,10756897,4417786,55630483
10487069,40974071,9720669,7581986,10596722,6325136,5550858,6273326,8296837,5683842,5177815,5649424,4474428,5084246,12109278,5129083,3687942,4716222,7340946,4745777,5916699,4721421,13961658,4732450,4169244,4771803,4239245,4735385,4308362,10756925,4417808,55630543
10487168,40974196,9720728,7582027,10596762,6325200,5550882,6273398,8296841,5683870,5177833,5649475,4474458,5084328,12109301,5129094,3687989,4716227,7340990,4745789,5916721,4721435,13961698,4732469,4169249,4771810,4239259,4735394,4308385,10756964,4417816,55630607
10487260,40974335,9720819,7582065,10596773,6325239,5550897,6273432,8296871,5683896,5177851,5649499,4474474,5084370,12109312,5129137,3687999,4716240,7341035,4745852,5916761,4721443,13961709,4732523,4169299,4771836,4239275,4735414,4308392,10756987,4417838,55630650
10487411,40974437,9720872,7582120,10596802,6325261,5550920,6273443,8296888,5683912,5177858,5649549,4474521,5084384,12109376,5129180,3688007,4716291,7341062,4745915,5916798,4721464,13961713,4732551,4169314,4771862,4239277,4735422,4308403,10757019,4417887,55630737
10487488,40974566,9720903,7582189,10596851,6325294,5550954,6273465,8296899,5683935,5177879,5649580,4474546,5084419,12109399,5129192,3688013,4716314,7341122,4745986,5916866,4721479,13961721,4732579,4169358,4771889,4239280,4735431,4308424,10757035,4417914,55630766