1002,26963,36011,28022,38366,16173,20305,2528,29678,5570,12965,15359,1235,7120,42959,1069,2408,5044,7667,1060,7147,4434,21752,21127,794,3054,1062,2295,1169,3780,1440,5116
1266,27637,35811,29185,39866,14475,19447,2204,29033,3063,13114,23211,1225,8165,44253,12601,2332,4399,8703,5707,8105,3764,23614,6960,721,5990,1165,1177,971,3506,1701,6133
2996,27397,37936,28914,41657,13124,20536,11382,32091,3265,14157,8940,2081,6085,46799,9390,3444,1250,11293,6679,10878,3849,26191,2661,1862,4902,2436,6407,3220,8558,2955,6454
1940,30629,38553,30395,42818,6931,20322,21994,31980,9954,15593,2091,1459,2209,43515,1908,3075,2055,11044,5901,10854,970,23502,11650,1527,3596,492,12163,737,12611,1190,5659
1768,30617,38219,32069,42246,11261,23018,23360,31331,7792,14999,2340,1647,3840,44750,9085,2561,1915,10947,4071,10887,3569,24672,7994,1407,3530,1589,3822,1835,14183,1316,6411
2230,31064,38690,32021,43289,11939,21464,15389,32471,9822,14870,4344,1516,10012,45385,4954,3733,3956,11012,7888,10853,4813,24120,3969,1364,4144,1090,4112,1787,10322,1705,6579
3066,27437,38320,28238,41577,5836,21947,3564,31180,20429,15435,7964,3445,6521,44252,738,4317,5963,10616,5438,10891,3015,24026,1744,2380,3126,4222,5411,4328,7264,1811,5613
3525,30777,38316,31366,41862,12386,20015,9642,32578,18350,15909,5054,2152,2385,45743,9039,3919,5933,11157,2287,10729,2344,25335,4440,5417,3272,4370,4432,4304,2179,2576,5465
1347,29884,37963,32196,42494,5046,21161,4722,32201,17026,14871,2182,1219,4797,45624,22314,2503,2257,11216,7806,10857,7499,25137,10467,1060,1903,731,4855,609,7693,1134,5829
1135,31447,37954,31318,43097,2798,21727,8345,32007,10942,14700,7488,1105,9309,45144,21933,2291,5639,10830,3308,10604,14510,22793,5693,831,1597,924,1656,4809,4294,680,6075
1013,28373,38953,27944,42617,3694,22445,14214,32590,2130,15372,9198,826,11325,45441,7342,2679,15589,11024,3685,11081,6957,24821,6694,606,9095,445,5879,570,4821,779,6149
1116,31102,38303,31563,42538,7563,22731,21025,32365,1115,15123,3225,606,5883,45447,12096,2127,9682,10980,8428,10832,7185,24826,6701,450,1963,730,2535,1147,11598,1092,6325
1535,29369,37168,29185,41196,15765,22646,10419,32149,5632,13092,8208,986,7235,45565,10369,2315,10471,11163,5839,10800,6476,24683,3440,790,5386,1355,2588,1087,8287,1419,6379
1477,29598,35551,31447,42600,2046,22101,8362,30657,6049,14582,6003,1213,15454,44366,7550,2534,5657,10878,3162,10230,5992,23667,10780,645,5672,623,5418,1860,16742,1366,5574
970,30067,37460,31596,42024,2115,22683,2739,31945,8686,14494,17140,1072,1398,44986,14519,2431,6979,11133,5364,10528,6599,23990,9005,910,14818,718,5706,895,3136,1630,5735
1331,30609,37391,32248,41754,1839,21559,8952,30872,10500,14691,9338,1343,3075,43911,5914,2329,1599,10763,3270,10445,2053,22790,16830,536,3852,864,20646,869,10334,1114,6024
1310,30604,37776,30550,41196,6461,20902,3911,31606,17200,14792,3786,1138,4460,45350,1330,1896,2943,10952,4704,10632,3427,22398,9034,442,4141,544,23884,639,12196,862,5900
1235,30073,36179,30932,42736,11455,21698,19114,32466,2972,14480,3368,760,4471,45342,9730,2567,6818,10949,9725,10522,1576,23668,7655,582,5416,637,6551,501,9358,683,5611
930,29654,38461,30136,42549,9509,21184,9316,30981,14478,14446,6581,1081,1328,44665,1065,2111,6668,10879,906,10669,12740,23381,10194,726,12248,663,10856,588,1527,948,6175
962,29907,38272,32253,42410,10508,21353,13007,32137,14015,16162,4735,520,10521,45214,21512,2423,300,11086,49,10775,7197,23517,5666,824,3480,582,288,649,759,909,6787
1400,30690,38201,32263,42041,18647,19382,5808,30700,1280,15688,2877,777,8384,43932,6627,2248,7114,11105,5197,10869,9227,23050,4681,667,3259,1636,7124,1030,19226,873,5975
1012,29463,36343,30868,41189,9555,20338,2598,31831,2338,14572,18051,642,1484,46227,8758,2692,3191,10850,3743,10589,6767,23461,14876,792,11580,545,10517,2149,3847,913,5769
1270,29290,35828,30694,41754,13144,22176,16311,31819,2901,16498,7352,1260,15952,43681,9544,2980,2484,10512,2379,10817,6645,21054,6126,837,8886,1345,3342,791,1389,1209,6321
1617,30163,37139,30148,41851,11472,21589,10581,30923,14861,16095,15370,1726,15358,44486,7494,2742,4401,10936,2273,10879,3727,23646,6068,1106,1356,1097,3276,1796,1710,1172,5396
1647,30054,38621,31087,42799,4179,23231,23018,33212,12569,15504,4202,1249,18042,44638,11738,1927,5592,11068,7024,10697,4903,22061,5769,948,1595,891,1980,793,1909,1068,6353
1025,30108,38177,31433,42151,11778,19359,10093,32178,7815,15480,7220,684,1546,46764,10426,2683,6357,10656,9821,10839,2734,23172,10267,327,8181,628,7298,1085,3840,966,5350
1509,30827,38669,32495,42588,5630,21721,13884,33118,13340,14547,10280,1137,11765,45817,6055,2071,11451,11002,7736,10582,1600,23392,1373,1008,584,722,11222,1141,3044,1580,5537
1346,28978,38611,30416,42574,3855,21979,2213,30920,7115,15713,11154,1024,14143,44501,7706,2788,12113,11681,2214,10766,14315,22062,3259,868,6217,701,12495,619,2029,848,5779
2528,29655,37378,30250,42224,12363,22413,11457,32081,1953,15356,1164,2752,740,45426,10522,4165,14738,11009,1468,10725,8166,23024,3032,3129,3224,6532,2099,7149,3506,2481,5742
4164,30257,37967,31641,42931,9087,19571,17913,32273,9240,14332,11729,3691,6322,45938,2771,5415,4792,11093,2246,10788,7467,24100,2940,3896,2133,5850,709,3790,1146,2088,5347
1618,29233,36864,30708,41617,2095,21569,7442,31866,18035,14618,13342,1264,7399,45520,13688,1747,7188,10791,3415,10192,6302,23020,9743,985,5183,2178,1461,1121,1405,1423,5908
1055,29842,37582,31401,42069,6918,21887,4670,32096,20475,13757,6144,914,4408,44804,19518,2485,6193,10671,4965,10230,11267,21991,5237,428,3330,662,2425,997,3149,990,5872
2604,29884,37453,30571,41792,17003,21361,1722,31393,3075,14124,4539,1062,8639,43739,8489,2609,11162,11246,9359,10967,6877,22545,11749,588,6265,936,1419,3105,3673,1212,6183
1743,30888,38541,32172,42955,10368,20417,10472,32891,8924,16142,3294,1572,9383,46676,9721,2598,7981,11203,14240,10917,9937,23917,6807,638,3786,727,2487,899,2074,1941,7131
1656,30008,38506,31502,42832,3864,22657,15675,32299,3687,15325,1710,999,5415,45502,19200,2436,4153,11025,13294,10931,5346,22966,11774,900,4376,826,4346,723,7970,1046,6786
1766,30871,38105,31484,42408,10476,20720,10691,32556,5610,13755,8135,1042,15035,44409,18415,3071,2511,11060,6209,10674,5649,23299,1634,1755,3148,1572,2632,1275,4350,1314,6384
1671,30352,38133,31138,42321,3380,20941,21847,32120,1935,16692,13089,1799,19144,43099,3926,1440,3963,10952,2806,10849,1707,21890,3205,906,7740,933,6454,694,6951,1428,6377
1792,29406,38784,30673,42393,8751,22638,18756,31841,1595,16106,4271,1245,14246,44237,1645,2458,7018,11009,6721,11022,3688,22881,5610,1201,5111,1001,4593,854,15137,1054,5895
1483,30393,38298,31850,42333,9028,21295,18984,31968,6071,15590,700,1134,2610,45397,3488,2761,10842,11254,2212,11186,5751,23151,3076,954,19214,793,6485,1096,6378,836,5729
1273,30866,38141,31567,42519,2291,21621,22113,32657,17116,14631,3779,832,6705,44124,7442,2528,2143,10907,18643,10806,2443,23236,2880,674,1659,762,5953,745,5317,1094,5452
1729,30115,38363,31256,43454,4653,21754,9578,32878,5005,16457,19802,1173,16698,45414,5820,2734,5985,10894,17843,10795,2674,22377,3656,1109,1771,830,1454,936,4335,1484,6547
1289,30401,38714,31741,42459,3272,19938,4467,31932,4552,14282,7761,1120,18066,45433,5797,2821,6847,11087,2508,11197,14442,24072,7492,974,15191,1290,977,733,3864,805,5916
1235,29559,37401,31610,41596,5810,21888,15652,31865,1605,14259,14971,1190,12056,45278,3856,2206,1408,11376,875,10545,13403,23679,5093,973,4487,843,8246,1625,9313,1260,5387
923,30791,38140,32040,43228,1141,22544,18560,33071,5395,14245,7932,826,24233,47172,646,2609,18409,11179,1308,10470,5386,24120,7798,950,728,262,697,546,5949,602,5563
1098,30147,37481,31119,41684,11510,20840,18592,31238,14014,15646,1163,938,1967,43846,7949,1939,6867,10863,5501,10811,9505,22402,5359,1424,1945,919,8626,664,4320,1098,5817
1723,30500,39130,31843,42967,2079,23237,6730,32228,25917,15261,4920,1127,4117,46482,16918,2672,3645,10981,1413,11011,5238,24158,4199,764,7414,919,2657,684,12885,1663,6629
1533,30515,38354,32463,43290,23232,22507,2972,32410,9221,15572,9332,849,5903,45893,8621,2931,2421,10939,7237,10544,5373,24126,2140,652,19001,840,2909,872,2513,1379,6194
1246,30826,38179,31638,42489,6440,22265,6326,33098,7823,15786,18453,796,7404,44956,11847,2305,12096,11070,7719,10967,9880,23484,4336,551,2540,548,922,469,2706,951,6146
1381,30392,39212,31587,43372,6280,22584,5313,32571,3789,15229,5868,1170,8445,44048,7526,2693,5678,10664,2633,10728,17531,22787,13890,975,1273,893,4301,930,16589,1101,5961
1411,29949,38274,31998,41339,21249,21340,2974,31923,5519,16706,2463,1328,1894,44017,5179,2723,2942,11122,6641,10847,4949,22056,11177,965,13677,867,9688,629,9799,1109,6119
1007,27837,38037,29603,41248,20296,21862,17248,29653,5047,14803,7883,1189,9084,44592,4691,2673,4715,11057,3943,10991,3725,23779,2244,812,6153,745,7372,388,4254,1031,6267
1152,30165,39358,31306,42071,11165,21664,13006,31852,12736,14304,4316,1022,2357,45203,8322,3051,3698,10928,2204,10960,9878,23501,6423,5510,3574,1085,10979,1030,3681,1590,5808
1284,30791,39872,31745,43315,10243,22027,15851,30464,10006,14007,15729,1112,3624,43283,7611,2514,2979,11183,12498,10947,7118,23248,3598,766,3495,1125,3967,972,4260,941,5654
876,30904,38158,31285,41838,15816,21008,12554,30237,6874,15891,4210,985,11619,43074,4809,1768,3702,10689,10062,10545,6807,21665,3720,548,3755,539,8663,237,4464,773,5978
1311,30510,38676,31963,42323,19026,19342,6553,31438,3495,15653,4043,893,5439,44165,4822,2158,2576,10739,8523,10679,12086,22326,7226,654,10794,533,11404,345,4961,829,6055
1540,29465,37667,30052,40447,23889,20657,7367,30848,2767,16022,4479,969,1299,43378,4932,2439,5758,10596,13834,10615,10371,22175,7702,998,4947,829,3250,736,5157,1035,5784
805,29279,38714,30092,43141,10555,20632,11595,31793,1505,15278,12371,852,9522,45823,3303,2192,793,10507,14522,10710,7464,22866,11673,609,1925,625,3259,451,9608,758,6202
940,28253,36819,29045,39981,7820,20385,16047,29547,7195,14491,2684,1661,5741,42884,11307,2371,1772,10599,15710,10692,8146,22070,1995,594,3946,504,2216,525,8126,825,5351
2009,25467,31533,26300,34778,8582,17383,19269,26873,3764,12129,13305,2143,1561,36827,2805,3444,1083,9417,4678,9118,12296,19613,4000,1465,4689,1482,6796,1388,1810,1805,5122
