57967970,237627390,66737463,60143401,66560469,60978603,61483414,60182609,67316100,62980268,60460489,58866557,56758179,54368999,61038351,51515376,65418414,52347111,59363377,53050610,57139379,51238974,60747080,48386151,50578903,49715724,50911060,50220435,54279422,182294172,53364876,514039854
57968972,237654353,66773474,60171423,66598835,60994776,61503719,60185137,67345778,62985838,60473454,58881916,56759414,54376119,61081310,51516445,65420822,52352155,59371044,53051670,57146526,51243408,60768832,48407278,50579697,49718778,50912122,50222730,54280591,182297952,53366316,514044970
57970238,237681990,66809285,60200608,66638701,61009251,61523166,60187341,67374811,62988901,60486568,58905127,56760639,54384284,61125563,51529046,65423154,52356554,59379747,53057377,57154631,51247172,60792446,48414238,50580418,49724768,50913287,50223907,54281562,182301458,53368017,514051103
57973234,237709387,66847221,60229522,66680358,61022375,61543702,60198723,67406902,62992166,60500725,58914067,56762720,54390369,61172362,51538436,65426598,52357804,59391040,53064056,57165509,51251021,60818637,48416899,50582280,49729670,50915723,50230314,54284782,182310016,53370972,514057557
57975174,237740016,66885774,60259917,66723176,61029306,61564024,60220717,67438882,63002120,60516318,58916158,56764179,54392578,61215877,51540344,65429673,52359859,59402084,53069957,57176363,51251991,60842139,48428549,50583807,49733266,50916215,50242477,54285519,182322627,53372162,514063216
57976942,237770633,66923993,60291986,66765422,61040567,61587042,60244077,67470213,63009912,60531317,58918498,56765826,54396418,61260627,51549429,65432234,52361774,59413031,53074028,57187250,51255560,60866811,48436543,50585214,49736796,50917804,50246299,54287354,182336810,53373478,514069627
57979172,237801697,66962683,60324007,66808711,61052506,61608506,60259466,67502684,63019734,60546187,58922842,56767342,54406430,61306012,51554383,65435967,52365730,59424043,53081916,57198103,51260373,60890931,48440512,50586578,49740940,50918894,50250411,54289141,182347132,53375183,514076206
57982238,237829134,67001003,60352245,66850288,61058342,61630453,60263030,67533864,63040163,60561622,58930806,56770787,54412951,61350264,51555121,65440284,52371693,59434659,53087354,57208994,51263388,60914957,48442256,50588958,49744066,50923116,50255822,54293469,182354396,53376994,514081819
57985763,237859911,67039319,60383611,66892150,61070728,61650468,60272672,67566442,63058513,60577531,58935860,56772939,54415336,61396007,51564160,65444203,52377626,59445816,53089641,57219723,51265732,60940292,48446696,50594375,49747338,50927486,50260254,54297773,182356575,53379570,514087284
57987110,237889795,67077282,60415807,66934644,61075774,61671629,60277394,67598643,63075539,60592402,58938042,56774158,54420133,61441631,51586474,65446706,52379883,59457032,53097447,57230580,51273231,60965429,48457163,50595435,49749241,50928217,50265109,54298382,182364268,53380704,514093113
57988245,237921242,67115236,60447125,66977741,61078572,61693356,60285739,67630650,63086481,60607102,58945530,56775263,54429442,61486775,51608407,65448997,52385522,59467862,53100755,57241184,51287741,60988222,48462856,50596266,49750838,50929141,50266765,54303191,182368562,53381384,514099188
57989258,237949615,67154189,60475069,67020358,61082266,61715801,60299953,67663240,63088611,60622474,58954728,56776089,54440767,61532216,51615749,65451676,52401111,59478886,53104440,57252265,51294698,61013043,48469550,50596872,49759933,50929586,50272644,54303761,182373383,53382163,514105337
57990374,237980717,67192492,60506632,67062896,61089829,61738532,60320978,67695605,63089726,60637597,58957953,56776695,54446650,61577663,51627845,65453803,52410793,59489866,53112868,57263097,51301883,61037869,48476251,50597322,49761896,50930316,50275179,54304908,182384981,53383255,514111662
57991909,238010086,67229660,60535817,67104092,61105594,61761178,60331397,67727754,63095358,60650689,58966161,56777681,54453885,61623228,51638214,65456118,52421264,59501029,53118707,57273897,51308359,61062552,48479691,50598112,49767282,50931671,50277767,54305995,182393268,53384674,514118041
57993386,238039684,67265211,60567264,67146692,61107640,61783279,60339759,67758411,63101407,60665271,58972164,56778894,54469339,61667594,51645764,65458652,52426921,59511907,53121869,57284127,51314351,61086219,48490471,50598757,49772954,50932294,50283185,54307855,182410010,53386040,514123615
57994356,238069751,67302671,60598860,67188716,61109755,61805962,60342498,67790356,63110093,60679765,58989304,56779966,54470737,61712580,51660283,65461083,52433900,59523040,53127233,57294655,51320950,61110209,48499476,50599667,49787772,50933012,50288891,54308750,182413146,53387670,514129350
57995687,238100360,67340062,60631108,67230470,61111594,61827521,60351450,67821228,63120593,60694456,58998642,56781309,54473812,61756491,51666197,65463412,52435499,59533803,53130503,57305100,51323003,61132999,48516306,50600203,49791624,50933876,50309537,54309619,182423480,53388784,514135374
57996997,238130964,67377838,60661658,67271666,61118055,61848423,60355361,67852834,63137793,60709248,59002428,56782447,54478272,61801841,51667527,65465308,52438442,59544755,53135207,57315732,51326430,61155397,48525340,50600645,49795765,50934420,50333421,54310258,182435676,53389646,514141274
57998232,238161037,67414017,60692590,67314402,61129510,61870121,60374475,67885300,63140765,60723728,59005796,56783207,54482743,61847183,51677257,65467875,52445260,59555704,53144932,57326254,51328006,61179065,48532995,50601227,49801181,50935057,50339972,54310759,182445034,53390329,514146885
57999162,238190691,67452478,60722726,67356951,61139019,61891305,60383791,67916281,63155243,60738174,59012377,56784288,54484071,61891848,51678322,65469986,52451928,59566583,53145838,57336923,51340746,61202446,48543189,50601953,49813429,50935720,50350828,54311347,182446561,53391277,514153060
58000124,238220598,67490750,60754979,67399361,61149527,61912658,60396798,67948418,63169258,60754336,59017112,56784808,54494592,61937062,51699834,65472409,52452228,59577669,53145887,57347698,51347943,61225963,48548855,50602777,49816909,50936302,50351116,54311996,182447320,53392186,514159847
58001524,238251288,67528951,60787242,67441402,61168174,61932040,60402606,67979118,63170538,60770024,59019989,56785585,54502976,61980994,51706461,65474657,52459342,59588774,53151084,57358567,51357170,61249013,48553536,50603444,49820168,50937938,50358240,54313026,182466546,53393059,514165822
58002536,238280751,67565294,60818110,67482591,61177729,61952378,60405204,68010949,63172876,60784596,59038040,56786227,54504460,62027221,51715219,65477349,52462533,59599624,53154827,57369156,51363937,61272474,48568412,50604236,49831748,50938483,50368757,54315175,182470393,53393972,514171591
58003806,238310041,67601122,60848804,67524345,61190873,61974554,60421515,68042768,63175777,60801094,59045392,56787487,54520412,62070902,51724763,65480329,52465017,59610136,53157206,57379973,51370582,61293528,48574538,50605073,49840634,50939828,50372099,54315966,182471782,53395181,514177912
58005423,238340204,67638261,60878952,67566196,61202345,61996143,60432096,68073691,63190638,60817189,59060762,56789213,54535770,62115388,51732257,65483071,52469418,59621072,53159479,57390852,51374309,61317174,48580606,50606179,49841990,50940925,50375375,54317762,182473492,53396353,514183308
58007070,238370258,67676882,60910039,67608995,61206524,62019374,60455114,68106903,63203207,60832693,59064964,56790462,54553812,62160026,51743995,65484998,52475010,59632140,53166503,57401549,51379212,61339235,48586375,50607127,49843585,50941816,50377355,54318555,182475401,53397421,514189661
58008095,238400366,67715059,60941472,67651146,61218302,62038733,60465207,68139081,63211022,60848173,59072184,56791146,54555358,62206790,51754421,65487681,52481367,59642796,53176324,57412388,51381946,61362407,48596642,50607454,49851766,50942444,50384653,54319640,182479241,53398387,514195011
58009604,238431193,67753728,60973967,67693734,61223932,62060454,60479091,68172199,63224362,60862720,59082464,56792283,54567123,62252607,51760476,65489752,52492818,59653798,53184060,57422970,51383546,61385799,48598015,50608462,49852350,50943166,50395875,54320781,182482285,53399967,514200548
58010950,238460171,67792339,61004383,67736308,61227787,62082433,60481304,68203119,63231477,60878433,59093618,56793307,54581266,62297108,51768182,65492540,52504931,59665479,53186274,57433736,51397861,61407861,48601274,50609330,49858567,50943867,50408370,54321400,182484314,53400815,514206327
58013478,238489826,67829717,61034633,67778532,61240150,62104846,60492761,68235200,63233430,60893789,59094782,56796059,54582006,62342534,51778704,65496705,52519669,59676488,53187742,57444461,51406027,61430885,48604306,50612459,49861791,50950399,50410469,54328549,182487820,53403296,514212069
58017642,238520083,67867684,61066274,67821463,61249237,62124417,60510674,68267473,63242670,60908121,59106511,56799750,54588328,62388472,51781475,65502120,52524461,59687581,53189988,57455249,51413494,61454985,48607246,50616355,49863924,50956249,50411178,54332339,182488966,53405384,514217416
58019260,238549316,67904548,61096982,67863080,61251332,62145986,60518116,68299339,63260705,60922739,59119853,56801014,54595727,62433992,51795163,65503867,52531649,59698372,53193403,57465441,51419796,61478005,48616989,50617340,49869107,50958427,50412639,54333460,182490371,53406807,514223324
58020315,238579158,67942130,61128383,67905149,61258250,62167873,60522786,68331435,63281180,60936496,59125997,56801928,54600135,62478796,51814681,65506352,52537842,59709043,53198368,57475671,51431063,61499996,48622226,50617768,49872437,50959089,50415064,54334457,182493520,53407797,514229196
58022919,238609042,67979583,61158954,67946941,61275253,62189234,60524508,68362828,63284255,60950620,59130536,56802990,54608774,62522535,51823170,65508961,52549004,59720289,53207727,57486638,51437940,61522541,48633975,50618356,49878702,50960025,50416483,54337562,182497193,53409009,514235379
58024662,238639930,68018124,61191126,67989896,61285621,62209651,60534980,68395719,63293179,60966762,59133830,56804562,54618157,62569211,51832891,65511559,52556985,59731492,53221967,57497555,51447877,61546458,48640782,50618994,49882488,50960752,50418970,54338461,182499267,53410950,514242510
58026318,238669938,68056630,61222628,68032728,61289485,62232308,60550655,68428018,63296866,60982087,59135540,56805561,54623572,62614713,51852091,65513995,52561138,59742517,53235261,57508486,51453223,61569424,48652556,50619894,49886864,50961578,50423316,54339184,182507237,53411996,514249296
58028084,238700809,68094735,61254112,68075136,61299961,62253028,60561346,68460574,63302476,60995842,59143675,56806603,54638607,62659122,51870506,65517066,52563649,59753577,53241470,57519160,51458872,61592723,48654190,50621649,49890012,50963150,50425948,54340459,182511587,53413310,514255680
58029755,238731161,68132868,61285250,68117457,61303341,62273969,60583193,68492694,63304411,61012534,59156764,56808402,54657751,62702221,51874432,65518506,52567612,59764529,53244276,57530009,51460579,61614613,48657395,50622555,49897752,50964083,50432402,54341153,182518538,53414738,514262057
58031547,238760567,68171652,61315923,68159850,61312092,62296607,60601949,68524535,63306006,61028640,59161035,56809647,54671997,62746458,51876077,65520964,52574630,59775538,53250997,57541031,51464267,61637494,48663005,50623756,49902863,50965084,50436995,54342007,182533675,53415792,514267952
58033030,238790960,68209950,61347773,68202183,61321120,62317902,60620933,68556503,63312077,61044230,59161735,56810781,54674607,62791855,51879565,65523725,52585472,59786792,53253209,57552217,51470018,61660645,48666081,50624710,49922077,50965877,50443480,54343103,182540053,53416628,514273681
58034303,238821826,68248091,61379340,68244702,61323411,62339523,60643046,68589160,63329193,61058861,59165514,56811613,54681312,62835979,51887007,65526253,52587615,59797699,53271852,57563023,51472461,61683881,48668961,50625384,49923736,50966639,50449433,54343848,182545370,53417722,514279133
58036032,238851941,68286454,61410596,68288156,61328064,62361277,60652624,68622038,63334198,61075318,59185316,56812786,54698010,62881393,51892827,65528987,52593600,59808593,53289695,57573818,51475135,61706258,48672617,50626493,49925507,50967469,50450887,54344784,182549705,53419206,514285680
58037321,238882342,68325168,61442337,68330615,61331336,62381215,60657091,68653970,63338750,61089600,59193077,56813906,54716076,62926826,51898624,65531808,52600447,59819680,53292203,57585015,51489577,61730330,48680109,50627467,49940698,50968759,50451864,54345517,182553569,53420011,514291596
58038556,238911901,68362569,61473947,68372211,61337146,62403103,60672743,68685835,63340355,61103859,59208048,56815096,54728132,62972104,51902480,65534014,52601855,59831056,53293078,57595560,51502980,61754009,48685202,50628440,49945185,50969602,50460110,54347142,182562882,53421271,514296983
58039479,238942692,68400709,61505987,68415439,61338287,62425647,60691303,68718906,63345750,61118104,59215980,56815922,54752365,63019276,51903126,65536623,52620264,59842235,53294386,57606030,51508366,61778129,48693000,50629390,49945913,50969864,50460807,54347688,182568831,53421873,514302546
58040577,238972839,68438190,61537106,68457123,61349797,62446487,60709895,68750144,63359764,61133750,59217143,56816860,54754332,63063122,51911075,65538562,52627131,59853098,53299887,57616841,51517871,61800531,48698359,50630814,49947858,50970783,50469433,54348352,182573151,53422971,514308363
58042300,239003339,68477320,61568949,68500090,61351876,62469724,60716625,68782372,63385681,61149011,59222063,56817987,54758449,63109604,51927993,65541234,52630776,59864079,53301300,57627852,51523109,61824689,48702558,50631578,49955272,50971702,50472090,54349036,182586036,53424634,514314992
58043833,239033854,68515674,61601412,68543380,61375108,62492231,60719597,68814782,63394902,61164583,59231395,56818836,54764352,63155497,51936614,65544165,52633197,59875018,53308537,57638396,51528482,61848815,48704698,50632230,49974273,50972542,50474999,54349908,182588549,53426013,514321186
58045079,239064680,68553853,61633050,68585869,61381548,62514496,60725923,68847880,63402725,61180369,59249848,56819632,54771756,63200453,51948461,65546470,52645293,59886088,53316256,57649363,51538362,61872299,48709034,50632781,49976813,50973090,50475921,54350377,182591255,53426964,514327332
58046460,239095072,68593065,61664637,68629241,61387828,62537080,60731236,68880451,63406514,61195598,59255716,56820802,54780201,63244501,51955987,65549163,52650971,59896752,53318889,57660091,51555893,61895086,48722924,50633756,49978086,50973983,50480222,54351307,182607844,53428065,514333293
58047871,239125021,68631339,61696635,68670580,61409077,62558420,60734210,68912374,63412033,61212304,59258179,56822130,54782095,63288518,51961166,65551886,52653913,59907874,53325530,57670938,51560842,61917142,48734101,50634721,49991763,50974850,50489910,54351936,182617643,53429174,514339412
58048878,239152858,68669376,61726238,68711828,61429373,62580282,60751458,68942027,63417080,61227107,59266062,56823319,54791179,63333110,51965857,65554559,52658628,59918931,53329473,57681929,51564567,61940921,48736345,50635533,49997916,50975595,50497282,54352324,182621897,53430205,514345679
58050030,239183023,68708734,61757544,68753899,61440538,62601946,60764464,68973879,63429816,61241411,59270378,56824341,54793536,63378313,51974179,65557610,52662326,59929859,53331677,57692889,51574445,61964422,48742768,50641043,50001490,50976680,50508261,54353354,182625578,53431795,514351487
58051314,239213814,68748606,61789289,68797214,61450781,62623973,60780315,69004343,63439822,61255418,59286107,56825453,54797160,63421596,51981790,65560124,52665305,59941042,53344175,57703836,51581563,61987670,48746366,50641809,50004985,50977805,50512228,54354326,182629838,53432736,514357141
58052190,239244718,68786764,61820574,68839052,61466597,62644981,60792869,69034580,63446696,61271309,59290317,56826438,54808779,63464670,51986599,65561892,52669007,59951731,53354237,57714381,51588370,62009335,48750086,50642357,50008740,50978344,50520891,54354563,182634302,53433509,514363119
58053501,239275228,68825440,61852537,68881375,61485623,62664323,60799422,69066018,63450191,61286962,59294360,56827331,54814218,63508835,51991421,65564050,52671583,59962470,53362760,57725060,51600456,62031661,48757312,50643011,50019534,50978877,50532295,54354908,182639263,53434338,514369174
58055041,239304693,68863107,61882589,68921822,61509512,62684980,60806789,69096866,63452958,61302984,59298839,56828300,54815517,63552213,51996353,65566489,52677341,59973066,53376594,57735675,51610827,62053836,48765014,50644009,50024481,50979706,50535545,54355644,182644420,53435373,514374958
58055846,239333972,68901821,61912681,68964963,61520067,62705612,60818384,69128659,63454463,61318262,59311210,56829152,54825039,63598036,51999656,65568681,52678134,59983573,53391116,57746385,51618291,62076702,48776687,50644618,50026406,50980331,50538804,54356095,182654028,53436131,514381160
58056786,239362225,68938640,61941726,69004944,61527887,62725997,60834431,69158206,63461658,61332753,59313894,56830813,54830780,63640920,52010963,65571052,52679906,59994172,53406826,57757077,51626437,62098772,48778682,50645212,50030352,50980835,50541020,54356620,182662154,53436956,514386511
58058795,239387692,68970173,61968026,69039722,61536469,62743380,60853700,69185079,63465422,61344882,59327199,56832956,54832341,63677747,52013768,65574496,52680989,60003589,53411504,57766195,51638733,62118385,48782682,50646677,50035041,50982317,50547816,54358008,182663964,53438761,514391633