13500,8931,24735,11344,15028,15843,22766,14845,19554,27774,12624,20612,16514,2626,19821,24905,20899,21162,15575,25112,18736,24313,14387,23230,11886,25332,17211,23236,16933,15219,17360,1922
18222,20067,10885,21390,17807,28305,20636,28573,17787,22711,15281,25550,17906,21762,15075,27586,15729,9476,15529,23333,14981,12699,21164,20961,14089,18627,14480,38139,16931,35029,14852,5108
18874,35170,8541,21056,19138,25961,12139,22941,13678,24669,15289,28571,12364,24817,13746,19159,19009,23265,18875,17845,20228,29432,23161,20359,20837,24424,19927,18851,20015,23230,8310,6737
18143,18255,21975,18935,19554,18433,13654,21759,12350,30453,15021,23914,17111,22751,16826,18255,10315,16979,28635,23715,15618,27390,16544,18046,13828,12208,19009,17814,16963,20702,19269,17507
17910,23694,15941,15914,20830,24693,24334,16114,19197,26840,17791,32744,18727,15281,17391,24731,13351,18201,16696,17049,18600,31139,15929,21663,16962,16455,18893,27201,19375,23882,18976,17226
21174,25042,20264,15224,20097,27783,15104,18113,14851,13410,21478,21305,18694,29869,14848,16141,17266,30624,16386,34199,8407,31583,20212,23656,22969,16243,17153,15781,20410,18066,20497,17329
24297,13321,17485,21286,15283,26726,15128,23152,14835,22306,12377,18469,15404,24661,15844,32208,13244,23335,21668,32216,20422,15473,20748,21362,14665,20624,21043,11445,15830,16408,19710,18863
18709,15130,12340,28251,15744,8595,26060,28026,16469,18594,21918,20815,16656,16824,15311,21415,18942,19373,18386,14873,17645,25791,20418,21574,17225,39495,20521,31520,23621,17124,13383,17386
16824,9168,22975,17667,15699,11044,14781,12342,16658,22595,12321,36990,19005,20063,20731,24542,16724,23210,20302,31374,19982,30950,21222,33910,17535,24736,21071,18738,18512,20233,19272,17621
13888,16537,18103,13609,14250,15061,16650,17728,24549,16474,17847,30627,17350,22549,19406,28235,22569,22016,18167,39321,14300,23640,16682,22508,18228,11225,9812,19723,14361,35170,17793,25752
20791,29884,12313,36456,14135,29326,17477,21938,22518,25994,15220,21220,14744,16330,20987,20402,12933,21464,21201,15662,18964,16819,19605,21566,12307,19342,16752,7944,28638,22829,18772,26769
19367,24567,17325,20900,16508,11513,12780,19681,11174,16389,20757,16525,18088,27414,20880,36213,16882,23164,17054,20854,24205,33631,17181,27536,19371,23300,19933,19101,11020,20113,14845,26615
19092,16560,20761,19244,24124,33529,15131,15457,17168,11179,15567,21083,21426,20485,16667,27047,16660,12950,20012,30781,15280,26771,20259,17947,17946,32539,16562,16641,24911,21483,23697,24360
12645,29998,20277,22217,17433,28500,19346,27269,18024,14586,15869,26587,20201,25748,12151,17836,15101,17782,16061,21483,25558,25554,16278,17840,19419,18305,28473,28362,18539,21607,14902,21470
11954,23621,15510,21614,14437,17742,17196,28080,15700,16829,25051,28694,20217,29982,20750,17396,17405,12533,16819,24247,20971,25955,19606,16424,20025,18077,14171,14910,16771,20007,16983,24547
17507,21351,21605,18858,18724,31737,18708,24764,25841,13670,15321,27647,12699,19211,13890,12921,19492,19368,22118,11152,20194,27626,20583,16805,18218,25439,31625,29191,11925,22908,15510,32871
21288,28636,16128,29281,17668,14062,16212,26750,14921,17974,24736,25272,17627,19915,14651,10386,18089,18572,18956,22434,15282,19328,10969,25083,14806,20005,19011,28750,19510,22154,18573,29624
24440,30078,16417,14127,16843,27536,12830,18974,27845,19190,16721,21659,16799,14672,19686,23217,23032,23598,21433,23968,14697,19234,13581,27213,13614,24069,12122,24591,19776,20194,16612,20921
15091,22825,20298,24644,23814,27469,12130,28454,19088,21662,16689,21247,11828,18198,18643,23568,15669,24171,20825,33517,20584,18752,19477,19084,17822,11096,16877,22024,15712,20573,21179,25088
23004,26457,20811,25720,13985,10768,23782,29366,20070,32838,12788,16045,13631,24012,10562,31324,18850,25725,17418,13598,14957,24118,14034,22975,15641,12035,16386,22549,20809,25470,21924,30581
18072,21227,22408,36664,19856,34532,16245,18242,18227,29856,11361,22949,21591,16734,23401,21778,15872,16759,16104,16023,22790,22478,14510,15893,17201,20057,18291,34350,15600,20699,23882,24480
14955,10361,16526,37534,21915,33644,15938,34713,20856,22228,17259,21207,18108,19824,13433,1192,13535,21632,18772,26440,16514,20639,15260,37349,16642,23194,13422,19148,21746,23244,24143,27327
17806,29617,14421,15953,16921,29838,19743,18440,23261,15878,23468,25452,12622,20265,18245,18785,17540,19973,16523,28646,21260,15525,16136,20825,20233,25495,20185,23081,18392,33241,12776,27057
23537,35293,18985,12259,16746,26498,15982,30171,18182,24444,17502,21813,17499,24157,17884,22702,14798,15263,16611,25093,13657,7695,15050,22907,24921,22189,20407,37870,19750,18681,15207,18999
34542,19609,17762,19481,22401,22332,14960,28261,21210,23461,14169,19339,15462,20429,14660,26288,16726,16858,17286,25274,14352,25763,16948,23127,17512,15567,18048,31742,14319,28069,16704,22947
18635,23061,21192,24690,19280,15085,17441,23677,16377,24167,14036,24598,15442,16709,14065,20400,14259,23556,20549,29475,12679,13897,14347,23856,16508,12633,19276,26751,15426,22275,20034,26422
17185,19289,18340,13959,19137,30588,18394,13090,17549,23120,18834,22011,16476,27386,21077,24416,19913,23711,16612,20953,7640,25494,16963,24722,16663,25207,17282,27980,20741,17195,21411,18460
16898,20555,24702,32178,21591,33395,16534,19307,13509,23616,21597,23527,16217,20959,22520,17442,11918,29183,15009,17044,20471,15318,20573,11884,17289,15584,19349,21813,15000,32019,19321,27441
18789,9927,16425,16267,19635,22565,19557,25790,15152,13775,17928,31766,18753,22238,14180,22955,19779,29143,17654,19710,25467,26830,16816,19928,12718,22497,18582,28951,19078,27785,14779,24208
13602,28702,20041,17136,20980,27778,17763,39666,12328,32969,22690,18677,19092,11964,15230,30559,15570,22857,17898,20489,15683,21734,20005,13610,16294,25657,14291,20681,22403,22071,18000,20768
18295,25647,12502,17905,16111,29044,23928,29078,18026,31752,19933,16856,15859,27385,14636,37876,14377,22094,17509,20382,21561,21845,16587,13652,15434,19605,22148,5546,12554,28667,14972,26028
14522,22230,23453,23336,19322,22154,18431,28908,17606,19356,17336,13571,20730,13529,20327,13949,16257,28448,14971,28790,18853,17981,21551,24861,16014,20832,14794,38046,15735,21118,14338,21853
10621,21272,14680,25619,19281,31596,16032,17472,22069,19916,17789,12375,18163,20475,18509,15834,15314,24416,18732,17852,13529,32673,16587,24465,19879,19550,17149,25657,22106,15152,22358,23315
20479,25872,25612,18826,26704,25015,14231,34335,16837,24661,22104,20503,21623,20365,19506,24352,21937,22873,18005,13464,10475,5980,13891,21922,25170,22439,18760,25591,13974,26349,19329,30623
15670,24107,16786,9942,14611,26721,18503,26568,24242,9790,13497,35760,23995,29980,19513,17647,23512,24962,17261,31172,16120,8200,16832,18493,17097,18609,22985,27171,17190,19623,14463,23186
17825,13852,20395,34268,19260,19257,15657,28734,15747,16527,21843,30748,17877,29725,11071,26597,10975,16798,18104,18621,21876,23992,15503,26496,22780,8060,19386,18854,13454,31212,19125,19013
14954,15680,20004,18171,21101,18662,20333,18267,11096,20597,14114,23954,19372,21045,18662,27146,16048,19237,17651,18923,17523,28884,22965,29061,19375,16669,18151,26399,20515,17999,19161,30982
13918,22499,9159,4345,19186,25778,13576,40342,16523,18879,18421,17169,14144,23403,14425,27682,20254,27329,17220,14929,15075,33333,22912,25822,17659,18939,20334,27496,17446,24393,16258,22335
22153,9986,19400,36199,19487,20484,16681,31985,20580,20452,24991,27827,20232,12231,16000,21239,20286,26026,8510,25711,14583,30326,16114,23664,17661,15117,19524,16982,21599,14018,17079,25141
15505,20412,19504,9638,21999,28471,20937,25292,18545,21236,12225,14879,22644,22646,16847,25733,18371,43604,17722,23415,12618,20281,24369,28917,18606,23392,11158,17627,11375,22535,20762,17523
14300,42255,13416,21468,17679,15756,13134,12284,17211,27336,15139,20702,17426,23951,16536,29103,15140,22016,18428,20218,18066,22527,21345,10453,19586,20549,17087,15902,21818,37595,11590,31471
21305,12843,16215,22015,21475,18576,13255,21885,14976,26151,26674,16887,24679,21773,19251,25547,9732,18391,19462,23687,15040,27577,20265,18021,15677,22902,15253,15753,13901,30203,19389,29071
17392,28298,17705,28820,21243,23922,16512,23427,18828,38295,18025,16591,22612,29984,15152,24244,16846,26069,21379,27991,11374,24097,17838,27759,16369,16540,21296,15140,12703,9971,17978,25057
14435,20924,15620,27573,17432,30161,14835,31271,13768,28004,13814,17685,23037,22657,20316,14487,22448,16583,16015,23954,20982,18638,15585,24232,18555,29008,21111,17812,7499,15646,15924,29033
22463,17933,20297,21844,15619,19105,20319,31372,18730,32387,15849,20921,19881,16619,20773,16614,12539,16672,17264,23180,9907,16296,19071,20417,20491,23851,16464,24111,17503,21716,16901,25219
17763,29103,23722,14567,13642,14282,18951,33554,17179,27287,18812,18927,12561,16436,13616,27230,14884,21719,13370,31992,20012,11568,22254,20411,15944,20766,31618,13315,18174,25972,20577,27860
17119,32898,26085,27712,18697,19702,14790,21751,17971,16741,16826,10579,28664,24455,18969,21720,19492,14472,18705,21065,13853,24451,17162,21145,19480,15648,18894,23742,21505,12083,11506,27450
13474,17328,13237,26018,20075,26008,14284,20470,14950,25745,16244,20668,20397,22788,15344,24236,15162,16145,19213,25471,17292,20399,21438,25292,19501,26379,16921,23659,16259,14156,13718,33477
16669,25790,12550,18790,24352,26838,14980,29038,13451,32684,13751,26676,16215,15135,17229,4222,15246,21747,18794,27373,21228,26911,20036,9067,20845,24745,18685,33907,17675,24598,20964,24426
19345,14463,21004,11839,17884,30300,10745,24856,11044,27735,16182,29367,22985,26084,23574,14714,16530,22185,14692,34393,20057,26077,21959,14366,14734,19307,16749,29569,19030,16417,27437,24778
28342,19966,15105,14864,14825,21438,15870,27568,12100,22167,15312,31846,20010,28191,16067,22632,20580,23538,25751,16236,18136,21776,15755,15229,17109,20101,16398,18846,11848,31964,20675,21525
8505,19912,25001,24870,19058,13425,23258,19306,10976,22126,17346,17345,19407,22827,15272,32783,15871,28396,14105,22676,18676,25094,13436,20795,15454,34132,26523,24331,9944,16936,8189,27275
18414,15547,19634,17849,14068,18570,11523,19542,18819,18021,12856,31977,14041,22201,22913,10316,23537,31791,20699,33350,22013,24956,9648,19536,27311,29806,20340,20530,27798,26584,24262,24598
17151,18992,25151,15724,11485,17923,13821,32930,13998,32175,17985,21186,17836,24282,15240,5850,25959,32803,18631,17220,21654,28672,16260,14459,14225,30168,15497,23635,14610,34495,15569,22962
20129,23376,20496,21331,18901,22831,12130,24651,22462,19398,18447,23843,17110,28293,11995,20000,19509,23768,13306,24413,20388,20262,18455,20690,11721,17188,16879,27813,19232,20664,18124,30929
21207,17160,17145,19145,14569,13363,14847,24853,16100,20361,19660,20546,17468,23701,20443,29154,17549,24795,16221,13728,14856,19917,20675,16046,14751,25136,16954,24462,12565,28215,18650,23185
15149,19654,19677,18388,15314,23286,14689,16425,24758,22026,12046,25110,19316,26996,17227,16900,8772,24184,18789,26469,20631,22214,19347,23185,15694,19832,18212,18820,13354,32661,19811,25731
18959,23289,18184,22956,10109,24266,19543,23766,13788,27008,11872,17005,16811,8437,23229,25738,22899,32589,19710,25525,18691,20069,15025,19086,19589,32334,24915,15670,19565,21520,9664,25250
15241,21692,24765,25913,19234,29805,23291,18721,13084,28603,11335,19798,16638,26611,14087,24081,13014,25426,16535,45169,15200,20172,26328,19589,11642,6555,14345,19056,19139,13465,21336,26280
