20544047,17362695,34393909,21022714,17418683,19408648,28767529,18793441,25626069,31417822,22413758,22729417,19858422,9629315,27552881,27824069,26547070,29993765,19318161,25884017,22309857,24767497,19064252,33023577,13055625,39515716,20171940,27316470,22826026,20694444,22389070,6090362744
23635721,22980607,13592322,28035469,27414590,28179708,27823827,39058915,21877051,24721745,19233486,22371550,24550854,29776362,29952527,30436972,25802241,12610444,23328474,30309202,18411664,19801205,27761640,23885712,18895236,25043271,22877586,40977683,29513592,37909524,20755306,3522867112
30334181,35364086,22950388,23452380,24925894,26406040,17277218,23855009,21368671,34452410,27398778,29082938,15277388,28032674,18266560,19627104,23651381,26968102,21062434,18962578,25100311,31012489,25291029,23539942,28575495,39632312,22920556,22412884,29032986,27033420,15007709,3222189288
19068838,21480589,25658596,25372913,20684484,27681162,15089963,27109889,15874345,33172392,18163453,33700906,26690608,30753071,20563118,23455033,11910883,21238952,31207463,29906241,17120737,30267780,22160520,28823291,13120940,23008326,22802014,22038701,18788985,24960949,27206002,2060383542
26620148,32670791,17772908,19383767,28842120,25572930,25628976,22509114,21396472,30902524,27378236,41889768,22167287,27878153,25253484,25546361,14177134,27073637,18353849,19118250,21997681,37361809,19864737,27099682,19527928,19376100,21908943,30456704,22807295,22588609,24104012,840593555
24118526,27570760,27341373,19639402,27837389,31764463,18304817,21846595,25208878,19683659,27148190,23319763,22776429,33381040,16755874,19408234,20775820,32956421,18404307,31091467,8468166,44429480,20746819,31799539,26649347,19076580,20567003,20072586,24440369,22824656,24795579,437399518
35741621,19707172,37322795,25171144,22077070,27841924,22283639,23775236,22298096,33002020,17636303,21006155,20056194,39463316,20411852,39856781,17512925,31923753,24963420,37301995,28061652,21052671,22514541,25363876,36731810,29187451,27942174,16752138,19781808,22193631,25454061,325278294
21751216,25118351,11417439,30139965,16833776,18158065,26443992,35125863,16415661,21932599,24702659,23086612,14617884,18806725,16576072,19132881,19982038,24705160,19278099,20330133,21907831,31435643,20825882,27690126,18850667,47213737,21895027,30087439,24697026,18987274,15864676,224646278
18279428,9664081,23790401,23333936,17895091,15140884,16881487,12001455,17013844,31995796,13606349,36756204,25748932,26282109,21835652,30446921,16420228,28635444,23630140,32020920,24083830,36311686,22716315,30169312,18424337,30474577,24907418,25126613,22611385,17862624,22862598,292056401
17627821,23577693,27827866,14208078,17652329,16089876,18147560,21597039,27960858,22787553,18826424,30827442,32750866,23722198,22712285,28419185,24352468,20321575,25199408,41453532,17166533,28124961,17677773,21855458,21905071,10435991,10983886,21902336,17940998,31495532,21675509,330998846
22874175,32739530,14037155,35737232,14619569,28693958,21061525,25570269,21497709,26778936,16233442,23704382,15963053,17420497,25221847,23193519,25187345,27807354,22872263,22958977,24925743,20332160,22722354,29363524,14262285,23625450,16204686,8892549,29688062,21386825,27637675,382328810
22058096,29740408,22137237,26328150,29796842,15635641,22155835,28663641,10405548,15798961,27987201,17076349,21887354,27182111,21272436,43134734,20726041,26032098,20875036,26670732,27060489,29992228,22794890,28055576,20663710,22984949,26052203,18738704,11306464,23156571,19023223,300557686
22294197,18571599,28892396,20335436,29030275,37089163,17576565,24746831,22300068,16801561,18094864,21667072,24769614,24997494,17142662,36568570,21252711,22310225,24777728,35025899,33783134,26511983,22278661,24171056,22114929,31588404,21439504,15936967,38558249,23097970,26027888,244876069
15865635,33945042,26741376,24239155,21519029,32647315,28109203,33981302,17490359,24089575,23577868,32184842,22888052,36271078,13164666,28766567,21100586,22268537,19303832,27875084,27690312,27577027,21106561,23906014,22991142,17282711,38885404,27540082,25722291,20397558,16466956,355685181
12976831,23118327,15682557,25636554,17384342,21363740,19174749,28880838,26046610,19986399,24898361,30730270,24712773,30498580,27480976,21915310,21263297,12079869,17842711,33814149,22938556,36321157,32960309,18375144,22969045,21140041,15687918,15664217,24892926,20439669,18216300,215458917
18734724,30638095,22950352,19669002,27486159,39877801,20047511,25254726,26503576,15210337,17157705,29873967,16029694,18126166,13174259,17003067,22222824,32008585,26789620,16926964,27043597,28420671,17519608,16773316,18381396,29890609,34331126,27872606,13111193,26325840,17383337,254609055
23748065,28706661,22687731,34153330,26536368,14669112,21120952,27287463,21695043,18790617,31004515,29479945,29808436,24803096,19026683,11014108,23045989,19342579,27662527,23413238,32091496,22634305,15944005,27927780,21009365,19275640,35919018,30143675,23345826,22860136,30946272,250632974
26955147,33653285,16407162,21405894,19598566,33042193,12684024,20543984,28994828,40215280,16761077,24919213,16875957,17210045,26123264,26000346,27081313,30394320,23634681,28840538,19518006,22498385,16414938,25195300,14908573,26211757,17351812,26463500,24636330,23534876,18507295,213762429
16658217,27116250,25054923,28035412,38615521,29421710,13671014,32554951,31130730,30911896,19457907,24768471,17668534,25930344,22294494,24459897,18405746,28561164,25014832,38190784,23940965,27352278,20346096,21724454,24776398,18807895,21432203,23956204,17457723,18732690,23059400,217827248
23980468,31486604,24788158,27510677,16755649,12233175,28853645,29432675,25877500,38543194,13243398,23319972,13840652,29187831,16583986,36490228,25310995,32563844,23116354,21453244,15310179,26714576,12772661,22736489,17871709,16102885,17408338,23488728,21125853,24958726,25930716,275975914
25701178,22186928,21604845,34745809,22054425,32080481,22069635,20565131,20175436,30260696,12550745,27195958,23286563,24047481,23683052,22510671,21118141,18835103,19806884,17629846,28035606,22556130,16668146,15148709,23020209,20004578,24501570,30955791,21637965,16758203,37092516,221743140
17754704,12068188,25472832,33900092,22965238,35966046,24095177,34263084,23392949,27552198,28750005,30105344,27051774,30548687,18410056,2551178,31435762,26264193,26642208,33215365,18454047,21609993,16750260,34482654,19776035,23065545,12347939,22051799,29012522,22430982,24907712,250401040
18556047,38566454,17271974,17526116,15152267,32213872,19764925,29711360,23605996,19389217,21989105,25816912,14678838,23699657,19628115,22633611,36930583,26275737,17027609,39254427,22332683,15428837,17617727,27087359,21993059,25036979,20020121,22313521,25322483,33621917,13530776,251096036
29642969,37823294,23600611,13883312,20227832,24093223,18489432,31908170,23631978,26040147,20525526,22519276,27021509,23541521,21613503,24514094,18947157,17082536,21107150,27608511,13847089,11657755,18071752,21056988,30514104,21976165,22913832,33828373,25038464,18361516,17678117,235513513
40966087,23871651,21039395,19214885,24475325,22648049,23501221,28235964,24580195,26392289,16862338,16975467,16753650,24320935,24300403,30572345,22266361,23386684,24541569,26067525,15690465,26132162,21838513,19986212,20467001,19113139,27035087,28441355,23767955,32264637,20648315,239807343
21215924,25827162,25969722,25456059,20606708,16223742,23319661,28975205,28886222,24838563,21617318,33464360,15772486,23900573,13636791,22828123,25600377,27269483,30415763,36149968,20531469,18158832,16303881,28395634,16963990,17995295,22738467,27484295,21726676,20177556,26482773,235095785
27639195,22613209,22653192,20439474,25552044,35476861,22887676,13561658,21127131,25585828,28005101,22550151,41895649,31959114,35073109,24753178,27288761,26729265,22736472,21736062,10887056,25848049,22712218,27866883,22731936,33365977,27749618,30875438,29897915,18587505,29415480,241749999
16628460,20580598,27713037,28108881,34269145,36371610,18933440,26364509,15684802,29169392,26857171,22153900,20316480,20657093,25742930,19734838,12779322,35065041,17362766,30979244,21327218,24571727,22278608,10924096,24261983,16098517,20963457,20915320,15126379,29693274,27486046,183055115
22554767,20533936,19705611,26229723,20429340,28239108,23494132,24272502,17163532,14849948,25417994,31169400,22192706,20939074,20093044,26227245,20675405,30703329,18199263,18962636,26933828,26410117,23106316,23312974,15715589,21319053,21936281,29996856,22416886,29677930,17597063,178885851
17319361,31331323,23565219,19477796,22900141,26255887,23657011,36942168,15205555,38396023,29464323,22943792,19216772,15562806,21735611,33334778,27629252,28045462,17723906,20312688,19109477,25152688,22648726,20838746,20092221,28575408,18423966,24904388,21998516,21981898,21523746,219257797
31441793,27165313,16011170,17759985,19916274,31215618,26405868,30093849,26587771,31642359,28307997,21176370,23210217,31316699,31948780,37364045,18666067,27661715,21327644,26755233,26485926,27514672,19870518,15946452,18832020,21462006,35248246,11418082,17997750,28892069,27840018,135120627
15018374,25729505,25345346,22509885,21302572,20481964,19636873,36272079,21997487,24896452,20043802,14078713,24327046,15049287,19149924,12481722,23450853,28928458,17366155,27640571,26733547,20361392,24187722,24795449,20905770,23019272,19518211,33528422,15793943,20235693,13675892,222163603
25663994,21389368,18129730,26758144,20461497,30398343,21970082,25269748,25669075,26044009,22419562,19439017,23860112,26920041,20478299,17531307,14902661,24453616,20799756,18690709,15091403,30941910,18073046,24581659,23560822,24771932,20265559,28518168,21189268,18728470,31815974,148060276
22708063,35488928,35936940,19467506,30341691,26031890,16477966,36496705,17984030,29377994,27619102,22398802,23079948,21112617,22165879,26432794,30098514,31466888,26296712,16113404,11727348,7817503,14099120,29086158,25630067,23188454,21053548,27178004,15611662,33301292,22335613,173296755
18258146,34700651,20213605,12052596,23859228,30930538,17013555,35284607,27821836,13981860,17430896,33670821,24504211,29955109,20415779,22247866,26595954,26482663,21359368,32429123,18562565,12743126,28247704,23175181,19491649,21875986,27390728,29278848,20829692,18415489,15409448,254879783
19243183,15705528,23752011,33008425,25709016,19426570,20693500,32713195,21382335,18810404,30099807,28677947,25224993,31246863,12262573,30380191,18307975,16910731,21001033,19540863,28236918,30480559,18388280,31800338,32048100,7942203,22010939,19102938,17970551,30311080,25870146,259630689
19853514,18322048,25147265,20117096,32640769,25228947,28945525,26721773,29516459,20450230,21244003,27234701,29077477,21722263,22205124,30843694,17533655,26770722,17639169,22242428,19882162,28574785,27543197,33177110,22077008,18377934,24590962,33532522,31418062,17569356,24505340,139049791
20724114,41211010,13913267,6402066,23143557,30050490,17670217,42686311,29205344,25943769,22845218,23754677,25520522,29382616,16086948,34063129,29994723,30886232,27142297,24380292,17075766,31735282,30343788,38558170,17639477,32708306,22810469,29851670,29303229,27155889,23105330,267003739
29129534,16333789,19414792,40288523,26910806,24983038,23945819,29617822,21351791,21782148,27513218,28114861,23071352,14353088,24275904,24089925,19714861,27898535,9238688,30555362,16280383,29067258,21407766,26421100,19050091,18625171,22014511,22461018,24167181,19435888,21240980,186457832
17650728,33187238,18385311,14421391,23601862,33370533,24338714,24667228,20641919,21630315,13261991,22874961,23772283,26447622,18193743,26860299,19909975,39882243,22882459,24056461,12246573,21472982,23350388,31235325,19154400,24687972,11127141,18968061,17044390,26522508,23035134,288193365
19583437,47379846,18900722,23393615,18997093,23796865,17437571,12025211,20860200,24847884,21528533,21003977,29090851,24912445,17222920,31212693,16622960,24325304,19227138,26589941,24109032,24372800,21254642,17284123,24610261,24915485,21710912,13554289,27718474,35318214,14520379,192650934
23875456,22211842,16760545,24928730,24859778,21864973,20346352,23436951,18552318,27388184,36792920,19849823,27894696,27344634,19203543,30958080,15633944,31881172,20034919,28322402,18843182,33069004,22565393,24058845,17928959,27799672,20299603,17994373,15599529,32978779,18770390,226381010
18850267,32278468,22766155,39275085,27426728,28649884,18232435,23770955,31878765,37626307,29976992,16421774,28295785,33157951,16056591,27747377,23505029,31676376,21150275,33314316,12731410,30063354,20975638,31029742,22916497,17932104,24436874,24109448,16072736,10982752,21934351,247543219
22906924,23869445,18751600,36918060,17008908,39400232,21597776,35191401,15691726,30633053,29692996,26292485,24666128,35078718,29570252,26878268,27866500,20532533,17465737,28942512,24993340,21104644,21493455,40174925,33219192,38109407,28372514,21869188,15117930,23767085,20407008,189465730
22588194,29582609,19695605,29827760,18142370,25606375,25336450,37167262,22093419,43397105,19551799,24505866,23829174,20924942,20643304,25183948,12203147,19281910,20045016,26229675,12187629,22180401,22695238,27910627,22081342,26232835,16005834,24246981,18294003,25079779,22841053,227508870
19376777,34030946,25920460,21021436,12966956,19366299,23712020,34778172,19476342,31523178,24914444,27324795,11900622,16960099,23238021,29631159,21804096,25867116,14981916,45206401,23227288,24620392,24168496,22796881,19931232,30411260,29950537,19460619,26225685,29096951,24705333,197433390
21165767,43751027,34996951,32153786,21853045,20289217,17938814,27365330,26269217,19914947,22791480,14695122,38980066,29548341,22037501,26527307,22425592,17155441,28642272,23266288,19507265,36596451,27596515,20740550,40514968,19459305,23047524,26595921,25217255,11933745,19266768,154099776
15950175,23306808,14838358,30042805,23657252,33491353,13694723,28112772,17639320,34237442,19383849,26637821,22765113,26146466,19614078,32901274,17955430,20416588,19362485,29063248,19149749,25946563,21506955,29017707,21066544,34161743,21247979,27970345,21292750,21699912,18039597,239464715
22051545,24075795,15157937,19763235,27657855,26137361,16973920,31560962,16435096,36444361,14902826,30640679,19546413,25450897,19051966,7454650,15194372,22099714,17312518,31085634,22395729,26863573,21062028,14302788,23603725,24030829,18947416,36650886,21091376,24337150,27677720,195272511
17670005,15600031,22920046,13566996,17989946,35144820,14629170,29523095,13670467,32249015,15145538,36475100,30261116,33332740,35103069,19743777,21578269,22109482,15679309,37919523,23948169,29765476,20471553,19293953,17343065,28315303,16288727,28038742,24309539,21303044,37150900,203189282
27740034,27922280,15876794,22225610,25236039,28607364,18094005,27466420,17415569,25403300,17219306,33434503,29326033,31623866,15785640,29823932,28771219,36373081,24977538,22340740,17866309,27307251,20472193,24613579,17519686,23619913,24635416,27280591,15979339,33793885,24510287,264887874
12531939,37901836,28666439,36593287,27044948,20954680,34740856,33936251,14326739,28349656,27950514,23061334,26970791,35311294,14750811,35863861,17671528,35641300,39829003,40268265,25230340,30031618,21315319,28028924,28047540,46684850,49703144,32259631,12223519,20019438,8339264,218286314
23826162,18644841,25207618,21720232,16937469,20419550,15843403,19339948,20722447,17721592,14562991,33494757,14784656,22421150,27660636,28706736,25967857,36723102,21943761,34682564,24495660,26798208,9616109,21708534,30128756,30650667,21088977,20195972,32075369,25237553,24353988,282903348
16388081,26398812,29741897,16251262,12524663,18960927,15363250,35197717,19899364,36803766,20714057,26485878,21456901,31372698,17549748,12074846,25969965,36741206,21746521,24427069,35326290,31355513,18647465,17859295,14707978,32739825,18647163,26636002,15382068,33344907,18499225,237980984
24496181,24325597,23106597,22377452,20061614,29749784,14013617,23949154,24698817,27366706,20947816,24792206,24860580,28619095,11178432,21674519,18919045,24367763,13575324,29485660,23664591,19631867,21083784,26357629,10797231,22038752,17567450,26044421,20570724,20434799,27619396,131317453
27575103,24593664,19312424,23833325,27560642,21437556,16465624,26716053,17436307,20929163,20107533,21208205,18585511,27639830,22789503,32457853,20899599,27964590,20008859,18744241,16256060,20387419,23384225,20903226,15129911,24425624,27224783,25484298,15396695,31837833,20396320,262847395
21515075,27620121,27848007,19186996,22856153,23915435,18050664,32741137,28859165,21129211,22901022,26282098,27772562,30006454,21963972,17623067,14389848,30337158,23080178,30422145,21772846,21630487,20747330,29406201,20995134,30376732,19739272,22456523,13645218,36974016,23060773,174575389
22776655,23457391,21380497,26562804,13075919,28858727,26208027,30785461,14853447,36842308,11972940,28910958,22518739,9992078,24046261,29143857,23528490,34468076,25772770,45126417,20370629,24810127,15735036,24186768,22661270,35470006,28488133,24814362,22931802,24019267,12606631,131912486
20681282,23409937,27804580,27852554,17411560,33796968,21547731,21666906,16024788,39693346,18981515,25464622,18983201,27656277,14818050,25726317,14427791,26583295,17595544,44324034,20686918,25467107,33253945,28459669,11900956,15283210,22643838,26226360,26340279,19897712,28550235,231320073
