77264435,547570599,106091425,93067540,118194212,93437124,99423203,92676703,115463937,95089350,95552921,89881089,73245464,85560582,100168012,81635157,83039227,83876289,92556525,84157048,90083635,80820332,124894904,77238036,67436308,78160294,67213313,78183449,70144732,228766037,69664223,601573364
77278181,547583022,106106448,93080349,118208662,93449245,99437813,92689334,115478797,95101580,95567337,89893064,73259824,85572915,100181508,81647708,83053479,83888996,92570989,84170171,90098136,80833360,124909293,77250580,67450855,78172252,67228123,78196275,70160139,228777864,69678490,601585160
77291351,547596165,106120348,93094261,118221855,93463621,99451520,92703116,115492223,95115599,95580389,89907096,73273328,85585592,100194606,81661506,83065890,83903039,92583360,84184112,90111254,80847271,124922133,77264829,67463519,78185547,67241654,78209635,70173008,228791373,69691564,601599520
77304512,547610472,106132912,93107599,118235218,93477778,99465024,92716389,115504982,95129714,95593353,89920875,73287174,85599561,100207248,81674728,83078647,83915692,92596832,84197514,90125219,80861280,124934880,77278027,67476296,78198994,67255285,78223089,70186075,228804996,69705212,601614208
77317257,547625203,106144878,93121187,118247962,93491532,99477753,92729495,115517633,95143933,95606046,89934308,73300335,85613486,100220463,81687917,83090457,83929111,92609202,84211094,90138060,80874870,124948604,77291012,67488957,78212185,67268366,78236231,70199627,228818401,69716976,601628650
77330639,547638936,106158912,93135689,118260912,93504916,99490775,92743931,115530239,95156910,95619239,89947939,73313654,85627884,100234086,81701650,83104327,83942690,92622172,84224753,90151819,80888206,124962181,77306255,67502724,78225930,67281677,78250644,70213127,228833638,69730438,601643314
77344162,547652780,106171789,93148906,118273412,93518720,99503946,92756868,115542904,95170559,95632802,89960960,73328023,85642023,100246818,81716083,83117535,83956202,92635693,84238525,90164496,80902033,124975091,77319586,67514776,78240218,67294997,78264362,70226509,228847211,69743485,601657492
77356886,547667347,106183491,93163705,118286351,93533550,99516218,92770023,115554569,95185392,95644994,89975798,73340771,85655635,100259839,81730465,83130880,83970279,92648588,84251377,90177177,80916064,124986930,77334289,67527118,78254029,67308393,78278345,70239357,228861947,69756404,601671742
77370311,547681850,106196657,93177249,118299838,93547140,99529824,92783340,115567782,95198729,95657310,89988947,73354508,85668902,100272301,81743632,83143674,83983596,92661004,84264586,90190705,80929330,124999477,77347470,67539661,78267598,67321948,78291965,70253417,228875666,69770013,601686377
77383059,547695253,106209446,93190380,118312724,93560608,99542410,92796908,115580503,95212340,95670479,90002176,73366665,85682022,100285184,81757094,83156710,83996696,92674182,84278395,90203373,80943605,125012054,77360739,67551710,78281098,67333919,78305529,70266582,228888715,69782787,601700513
77396018,547708036,106222032,93203684,118326355,93572979,99555206,92809594,115593679,95224849,95683318,90014290,73379846,85694642,100297031,81769051,83170130,84009999,92687029,84290926,90216594,80956601,125026200,77372767,67564772,78293682,67346061,78319242,70278472,228902149,69796929,601714406
77409643,547721121,106235166,93215385,118340423,93585204,99568357,92821972,115607122,95236919,95696523,90026859,73393237,85706457,100310719,81781296,83183305,84022483,92699799,84302865,90229917,80968749,125039654,77385669,67578041,78306143,67360163,78332178,70291794,228914422,69809585,601727526
77423158,547734310,106248118,93229341,118354042,93598337,99581042,92835160,115619291,95249914,95708857,90039118,73406199,85719538,100323212,81793837,83196326,84034565,92713103,84316355,90242460,80981930,125052332,77398375,67591321,78319605,67372987,78346544,70304279,228928468,69823055,601741957
77435863,547747747,106261604,93243408,118367473,93611240,99594562,92849641,115632122,95264026,95721644,90052845,73419899,85732986,100336591,81807695,83209984,84047491,92727098,84329792,90255995,80995755,125065330,77411863,67604855,78333760,67385413,78359913,70316646,228941503,69836681,601756089
77449086,547762228,106274113,93257906,118380693,93625145,99607699,92863600,115645002,95278110,95733922,90066635,73432721,85747318,100348920,81821174,83222984,84060332,92739023,84343688,90268538,81009086,125077828,77425396,67617209,78347043,67397322,78373692,70329268,228954876,69849662,601770138
77463469,547775719,106287635,93270984,118394074,93637914,99621658,92876396,115658657,95291327,95747379,90078791,73446704,85760391,100362909,81834215,83236738,84074182,92751985,84356653,90282046,81022984,125090636,77439041,67630027,78360051,67410357,78386696,70343141,228968220,69863720,601784703
77477782,547789423,106300919,93284224,118407557,93650206,99634612,92889348,115672595,95304438,95760448,90092650,73459778,85773383,100377211,81848046,83249613,84086680,92766153,84370032,90295222,81036164,125104543,77451553,67643303,78372439,67423899,78398646,70356627,228981704,69878393,601798363
77490220,547800691,106313929,93295863,118421172,93661698,99647979,92900644,115685713,95316717,95772268,90104973,73472763,85785864,100389127,81859762,83261427,84099176,92778892,84382222,90307235,81048479,125117646,77464362,67655844,78384171,67436551,78410626,70370049,228994795,69890800,601811158
77503482,547814824,106326874,93309898,118433946,93675182,99661599,92914489,115698911,95329947,95784729,90119044,73485708,85799875,100401928,81873720,83275180,84112302,92792131,84395920,90321128,81062073,125131748,77477975,67669236,78398093,67450246,78423989,70384062,229008151,69904405,601825272
77514940,547828969,106338574,93323600,118444972,93689328,99672715,92928943,115710053,95344109,95796180,90133672,73497765,85813972,100413552,81888149,83286385,84126494,92803198,84409027,90333200,81075638,125143361,77491330,67681140,78412440,67461685,78437275,70395557,229022134,69915881,601839905
77528187,547843190,106351160,93337376,118458309,93703206,99685711,92942521,115722566,95358016,95809304,90147460,73511125,85826869,100426077,81901608,83299321,84140268,92816116,84422995,90345518,81089492,125155256,77504887,67693961,78425894,67474401,78450615,70408551,229035648,69929193,601854555
77541180,547856965,106363856,93351146,118470991,93716097,99698397,92956815,115735352,95371668,95821988,90161400,73524617,85840397,100438847,81915672,83311622,84154601,92828395,84437352,90357756,81103439,125168014,77519056,67706729,78439188,67487927,78464343,70421489,229049151,69942625,601869196
77553671,547869372,106377653,93364492,118484445,93729289,99711767,92970434,115748423,95386063,95835663,90174224,73538151,85853223,100451970,81929066,83325280,84166834,92841312,84449831,90370651,81116283,125181203,77531768,67719885,78452114,67500106,78476386,70434180,229061224,69955576,601883469
77567054,547882283,106391187,93376678,118497411,93741995,99725469,92983384,115762187,95398744,95849788,90188024,73552937,85866101,100465543,81942099,83339501,84179535,92855537,84462746,90384719,81128638,125195055,77544933,67735053,78465155,67514862,78488877,70449007,229074641,69969750,601897274
77579140,547895682,106402946,93389710,118510063,93756566,99737667,92996882,115775264,95411891,95863051,90201509,73565539,85879720,100477200,81956143,83351881,84193019,92866927,84476284,90397337,81142670,125207393,77559187,67746740,78478661,67527466,78502498,70460851,229087994,69982509,601911711
77591357,547908891,106416455,93403065,118523482,93770285,99750827,93008809,115788226,95423951,95875408,90214368,73578312,85892585,100491289,81969611,83364702,84205681,92880558,84488971,90410048,81155939,125220426,77571550,67759341,78491128,67540476,78514776,70473581,229100751,69994232,601925713
77605805,547921092,106430688,93416190,118538177,93783915,99764140,93021258,115802327,95437066,95889323,90227283,73592304,85906107,100505251,81983205,83379184,84218455,92893587,84502228,90424490,81169777,125233841,77584604,67772938,78503240,67553594,78527067,70488056,229113169,70008924,601939323
77618793,547934279,106444004,93430237,118551580,93798015,99778363,93034062,115815916,95450296,95902024,90240969,73605317,85920017,100518996,81995897,83393038,84230782,92906866,84515752,90438066,81182946,125246784,77597214,67786529,78515987,67566018,78539680,70500697,229126132,70022298,601953544
77632317,547945752,106457020,93443031,118564290,93810795,99791940,93047507,115828182,95463808,95916173,90253547,73618373,85932981,100532615,82008554,83405799,84243067,92920428,84527909,90451407,81196010,125260990,77609905,67799913,78528151,67579467,78552963,70513509,229139247,70035539,601967040
77645012,547957930,106469821,93456203,118578210,93823831,99804716,93061459,115841494,95476776,95929582,90266624,73631530,85947445,100545132,82021894,83418495,84256299,92932947,84541765,90465175,81208522,125273678,77624101,67812628,78541556,67591978,78566502,70525774,229152101,70048827,601981126
77659626,547970225,106483138,93468743,118593410,93835750,99819925,93074641,115857083,95489449,95944058,90279805,73646962,85960216,100560197,82033879,83433401,84269256,92947491,84554697,90480176,81221017,125289016,77637036,67827871,78553729,67606594,78579419,70540804,229165430,70063104,601995060
77673649,547982890,106496097,93481367,118606247,93848273,99833147,93088351,115870925,95502489,95957894,90293238,73660417,85973275,100573567,82047211,83447284,84282027,92960752,84568841,90492978,81234603,125302929,77650157,67841088,78567150,67619643,78592701,70554678,229179444,70076576,602008549
77687262,547995359,106509797,93493060,118619311,93862336,99846476,93101079,115884210,95515387,95972088,90306043,73674148,85985954,100586871,82060314,83460587,84294659,92975007,84581987,90506936,81248040,125316436,77662340,67854663,78580179,67633612,78605722,70568648,229192393,70090863,602022631
77700741,548008626,106523326,93506370,118632556,93875903,99859303,93113836,115897022,95528885,95984780,90319432,73687404,85999350,100600806,82073894,83474266,84308458,92988267,84594920,90520992,81261563,125329464,77675475,67868587,78594692,67646862,78619650,70582672,229206681,70104184,602037262
77713966,548021591,106537153,93519222,118645858,93889220,99872656,93126707,115909428,95542481,95998428,90332387,73699641,86012665,100613185,82087498,83488044,84320994,93000986,84607642,90534006,81274767,125342857,77688726,67882255,78608537,67659785,78633206,70594781,229220673,70116581,602051170
77727210,548034016,106550958,93531763,118658830,93901518,99885212,93140147,115922751,95555054,96011376,90345656,73713063,86025906,100626176,82100627,83501478,84334102,93014764,84621293,90546999,81288359,125355315,77702068,67895698,78621728,67672887,78645985,70607860,229233967,70129370,602065102
77740750,548045957,106563352,93543911,118672688,93914097,99899274,93152273,115936226,95567709,96023880,90358297,73726860,86038057,100639075,82113265,83515039,84347584,93028400,84633116,90560152,81301301,125369298,77714487,67909570,78634196,67687300,78657820,70621698,229246180,70143651,602078919
77754055,548058356,106576986,93557507,118685107,93926870,99912972,93164988,115949813,95579959,96036591,90370509,73740224,86050429,100652043,82125566,83528809,84360438,93041715,84646192,90573233,81313246,125383145,77726486,67923045,78646756,67700211,78670592,70636016,229258435,70157190,602092455
77766780,548072105,106590265,93571198,118698281,93940843,99926249,93178564,115963155,95593663,96049032,90382939,73752802,86063498,100664851,82139304,83541515,84374889,93055274,84659060,90586362,81326321,125396301,77740033,67936230,78659466,67712702,78684521,70648775,229272199,70169502,602107035
77779714,548085773,106603465,93584623,118711662,93954392,99939491,93191680,115976773,95606936,96061756,90396174,73765756,86076499,100677571,82152217,83553801,84388578,93067889,84672462,90599858,81339608,125409467,77753071,67949431,78673543,67726342,78698583,70662668,229285667,70182825,602121674
77793230,548098716,106615826,93597686,118724611,93968014,99951965,93204378,115990148,95619375,96074920,90409223,73778323,86089005,100690427,82165529,83566029,84401595,93081095,84685087,90612395,81352212,125423507,77766218,67961863,78686345,67739147,78710729,70674339,229297945,70195120,602135822
77806740,548112006,106629319,93610229,118738719,93980275,99964705,93217404,116003131,95632340,96087794,90422724,73791187,86102942,100703227,82179242,83580186,84415310,93094444,84699215,90625139,81365228,125436945,77780033,67974528,78700630,67751347,78725002,70686656,229312006,70207988,602150121
77818819,548124574,106642331,93622653,118751186,93993382,99976880,93231334,116014854,95645505,96099425,90435229,73803675,86115142,100715246,82191805,83591778,84428075,93105805,84711866,90636770,81378155,125448647,77793032,67986116,78714033,67762805,78738921,70699001,229325435,70220371,602163765
77831308,548137568,106654819,93635432,118764399,94006395,99989599,93243663,116027449,95657985,96112565,90448860,73817146,86127056,100727878,82204734,83603577,84440631,93118667,84725465,90650021,81390761,125462379,77805727,67999612,78727476,67776192,78752056,70712139,229337986,70234182,602176753
77844454,548150406,106668243,93649281,118778433,94019870,100003101,93258264,116040466,95671322,96125030,90462829,73830863,86140264,100741707,82217479,83617150,84453995,93131317,84737537,90662516,81404491,125475572,77819223,68013133,78740841,67789134,78764238,70725531,229350780,70247631,602191326
77858622,548163658,106681535,93662333,118792291,94033320,100016512,93271226,116053317,95685224,96137523,90476701,73844641,86153065,100755638,82229767,83629985,84467233,93144819,84750408,90676196,81418113,125489763,77832578,68027761,78753908,67802272,78777401,70739589,229363449,70261419,602206052
77872835,548176785,106695517,93674766,118806684,94046039,100030069,93282991,116067371,95697782,96150716,90488374,73858391,86165060,100768701,82241252,83643063,84479485,93158243,84763072,90690033,81430847,125504047,77845950,68042459,78766629,67816835,78789948,70753747,229375866,70275604,602219305
77885599,548190172,106708903,93687415,118820519,94059569,100043305,93295730,116080149,95710290,96163722,90501653,73870837,86178238,100781289,82255120,83655182,84492199,93171769,84776397,90703516,81444198,125517216,77859618,68055664,78780094,67830672,78802388,70767427,229388923,70288522,602233914
77899224,548203666,106721943,93701180,118833643,94072953,100056116,93308481,116092391,95722675,96176962,90514822,73883922,86190957,100794300,82268539,83668497,84504894,93185377,84788506,90716287,81456800,125530344,77872587,68068439,78792961,67843298,78814938,70781011,229401387,70300064,602247548
77910380,548216676,106734050,93714095,118846304,94085815,100069203,93321808,116104864,95735677,96188464,90527856,73896160,86204257,100807311,82281932,83680353,84518827,93198681,84802403,90728667,81470653,125542918,77886174,68080099,78806742,67856213,78828431,70793338,229414542,70312084,602261844
77923625,548229905,106746333,93728026,118859438,94099836,100080970,93334945,116117052,95750123,96200962,90542671,73908366,86218579,100820107,82295673,83692561,84533428,93210631,84816878,90740392,81484588,125555276,77900138,68092397,78820398,67868344,78842099,70805899,229428526,70325072,602276154
77936913,548243193,106758922,93740582,118872820,94113610,100093495,93348551,116129655,95763837,96213591,90556106,73921612,86231903,100833552,82309491,83704991,84546639,93223489,84830825,90753449,81498018,125568637,77913435,68104941,78834175,67880493,78855386,70818447,229442894,70337582,602290346
77949237,548256579,106770467,93753603,118885564,94127201,100106855,93362811,116142920,95777425,96226247,90569458,73935204,86244820,100847805,82322155,83718142,84560470,93236355,84844774,90766556,81511337,125581555,77926926,68117721,78848678,67893497,78869797,70830858,229456874,70350860,602305348
77962866,548270043,106783358,93767084,118898733,94141250,100120274,93375773,116155979,95790875,96240333,90582605,73948450,86257189,100861074,82335552,83731529,84574206,93249562,84858403,90779994,81524797,125594558,77941364,68131231,78861950,67907117,78883806,70844815,229470578,70363675,602319298
77976651,548283156,106797143,93780867,118912316,94155074,100133515,93388939,116169297,95804863,96253729,90595809,73961473,86270532,100874601,82348803,83744031,84587336,93263114,84871850,90793138,81538043,125608233,77954824,68144943,78876465,67921277,78897487,70858297,229483635,70377810,602333730
77989225,548297458,106810059,93794910,118925400,94169170,100146959,93403014,116181393,95819000,96266698,90609655,73974787,86284878,100887383,82362517,83756646,84600689,93276194,84885324,90805512,81551879,125621092,77968438,68157324,78889635,67934142,78911387,70870328,229497808,70391178,602349710
78001718,548309944,106822506,93807637,118938360,94181633,100160375,93414949,116194446,95832557,96279835,90622125,73987705,86298035,100900869,82374802,83770352,84613167,93290308,84897580,90819212,81564055,125634252,77980406,68170693,78902114,67947213,78924309,70883731,229510774,70403470,602363470
78014012,548323124,106835937,93821580,118950550,94194890,100173414,93428414,116206380,95844762,96292708,90635156,74001631,86311624,100914586,82388372,83783871,84627388,93303731,84910248,90832752,81577121,125647415,77993934,68183979,78915706,67962275,78936494,70897549,229524095,70416541,602377497
78027093,548335180,106850114,93834130,118964821,94206983,100186453,93441083,116220273,95858213,96305458,90647809,74015702,86324360,100927911,82401401,83797329,84640177,93317001,84922102,90846502,81589582,125660864,78005958,68196678,78928499,67975491,78948895,70910603,229536160,70429883,602390990
78033589,548341422,106856812,93840626,118971817,94213109,100192870,93448001,116227017,95864390,96311934,90654078,74022320,86330194,100933821,82407973,83804175,84646330,93324081,84928111,90853153,81596122,125667500,78012314,68203229,78934530,67981548,78955237,70917055,229542600,70436402,602397696