75650738,545903837,104477157,91397874,116590322,91771428,97818343,91024401,113837170,93430941,93944134,88224773,71642824,83909820,98561046,79974174,81441762,82195760,90945857,82509361,88481508,79165235,123287565,75578601,65836211,76514056,65605768,76529248,68525248,227100069,68049576,599846621
75663570,545916710,104490740,91411130,116603965,91784175,97831598,91037570,113850466,93445010,93956405,88238329,71656282,83922587,98574538,79987016,81455293,82208576,90959476,82521552,88494787,79177732,123300447,75591798,65849133,76527270,65618310,76542091,68538333,227113475,68062768,599859953
75677593,545929324,104504904,91424287,116617689,91796946,97845439,91050516,113863951,93457921,93970004,88251472,71670410,83935485,98588645,79999973,81468754,82222187,90972646,82534446,88508056,79191470,123314432,75604387,65862674,76540687,65632050,76554894,68552047,227126631,68076304,599873517
75692129,545941947,104519462,91437842,116632600,91810060,97859596,91064123,113878876,93471725,93984461,88264554,71685324,83949275,98603289,80013256,81482740,82235271,90987656,82547927,88523134,79204667,123328965,75617539,65877364,76554680,65647200,76567872,68566312,227140311,68091185,599886560
75705101,545956808,104532359,91452704,116644733,91824819,97872615,91077956,113891906,93486748,93997320,88278529,71698697,83963470,98615908,80029112,81495749,82250019,91000405,82562083,88535322,79219897,123341813,75633025,65889931,76568784,65659290,76582224,68579876,227154705,68104569,599902305
75717896,545970055,104544447,91466308,116657340,91838688,97885072,91090705,113905118,93500321,94010556,88290868,71710486,83976340,98628929,80041439,81508273,82262514,91013087,82574680,88548360,79233079,123354691,75645624,65903117,76582810,65671460,76594981,68592612,227167551,68117174,599916764
75731481,545982723,104557610,91479634,116671653,91851392,97898041,91103859,113918880,93514569,94023162,88304441,71723419,83988556,98641863,80055461,81521926,82276271,91026440,82588045,88562035,79246837,123367504,75659596,65915987,76596498,65685377,76608051,68606385,227180137,68130058,599930767
75745994,545995412,104573140,91493220,116687415,91864783,97912852,91115980,113933288,93527352,94037012,88317598,71737378,84001225,98656564,80069450,81537423,82288616,91040812,82599989,88577095,79259071,123381506,75672454,65931083,76608713,65700924,76620941,68621508,227192933,68143984,599945580
75758978,546010654,104585930,91509426,116700222,91880810,97926107,91130846,113946312,93543128,94049934,88332535,71749807,84015905,98668423,80084774,81550019,82303529,91053926,82614654,88589613,79273867,123394237,75687716,65944356,76624002,65713810,76635847,68634459,227208459,68157627,599961351
75771743,546026375,104598382,91524622,116712388,91895285,97938054,91145856,113958933,93558132,94062193,88347408,71761405,84031794,98680716,80099532,81562696,82317878,91066750,82628993,88601844,79288609,123406557,75701917,65956763,76639153,65726115,76650247,68647107,227222522,68170314,599976709
75784145,546039269,104611395,91537657,116725175,91908484,97951452,91159422,113971515,93571101,94075043,88360820,71773500,84044865,98693861,80113085,81575619,82331313,91079800,82642645,88615646,79301521,123419971,75714971,65970087,76652299,65739151,76663199,68660389,227236312,68182398,599990235
75797058,546053599,104624406,91552757,116737399,91923106,97963573,91174090,113984182,93585733,94087453,88376923,71786938,84060330,98706253,80127679,81587798,82346259,91092176,82657236,88628032,79315686,123432514,75729659,65982278,76666791,65751178,76678301,68672940,227249961,68195013,600006545
75809617,546067387,104637338,91566741,116750610,91937926,97977516,91187635,113996823,93599238,94100278,88390658,71800025,84072823,98719453,80142196,81600674,82360650,91105200,82670441,88642653,79329379,123445300,75744035,65995701,76680670,65764323,76692767,68685837,227264518,68207514,600021272
75822895,546081456,104649267,91580677,116763642,91951239,97990216,91200904,114008983,93612536,94112245,88404380,71812976,84086477,98731352,80155591,81613062,82374560,91117866,82683705,88654584,79343280,123458470,75757315,66008699,76695057,65776955,76706538,68698485,227278442,68220693,600036307
75835483,546095372,104662175,91594412,116776119,91966089,98004217,91214698,114021536,93625734,94126363,88419111,71825767,84100097,98745688,80169365,81625510,82389323,91131032,82696969,88666607,79357323,123470897,75770980,66021493,76708984,65789804,76720223,68711596,227293197,68233773,600051671
75847464,546110251,104674397,91608760,116788110,91980957,98017194,91228375,114034488,93640100,94138716,88433947,71838373,84114339,98758365,80183222,81637436,82403641,91143931,82711177,88679616,79371195,123483182,75785187,66033248,76723008,65802007,76734564,68723823,227307610,68245927,600066557
75860351,546124259,104686629,91622203,116799570,91995221,98029848,91241473,114047298,93653329,94150963,88448395,71851693,84127833,98771315,80197398,81649680,82417095,91155887,82724820,88691227,79385931,123495680,75798810,66044813,76737603,65815239,76747736,68736339,227321240,68258728,600081153
75872851,546137961,104698968,91635524,116811537,92008771,98042110,91255340,114059917,93665917,94163251,88461774,71864840,84140788,98784116,80210406,81661108,82430685,91168443,82737776,88703482,79399128,123507703,75812287,66056173,76750566,65827258,76760369,68748712,227334414,68272069,600094932
75886821,546150949,104713011,91648717,116825769,92021912,98056414,91268738,114073846,93678610,94176698,88475323,71878661,84153974,98798570,80223556,81675453,82444101,91182085,82750263,88717658,79412467,123521870,75825628,66070688,76764933,65840813,76773211,68762436,227347415,68286310,600108566
75900281,546163045,104725897,91660651,116838095,92033647,98068833,91280259,114086894,93690422,94190766,88487114,71891680,84166074,98812219,80235087,81689002,82455800,91196125,82762169,88731384,79424736,123534423,75838133,66085444,76778028,65853163,76786040,68775725,227359592,68299519,600122056
75914246,546175651,104739872,91673493,116851623,92045918,98082651,91293588,114100624,93703288,94204601,88499607,71905496,84177993,98825564,80248129,81702487,82469392,91210087,82775055,88745193,79437755,123547447,75851274,66098580,76790712,65867049,76799309,68788532,227372044,68312888,600135711
75927641,546188807,104752430,91686546,116864192,92058542,98095259,91306393,114114184,93716243,94217544,88512388,71918285,84191090,98838660,80261179,81714934,82482595,91223018,82788143,88757635,79450195,123560497,75864257,66112089,76802836,65880691,76812818,68801698,227385297,68325759,600149732
75941874,546201985,104765388,91700032,116877320,92071733,98108269,91319996,114127691,93730218,94229738,88526189,71930809,84205414,98850711,80274555,81728280,82495834,91236940,82801434,88770752,79463601,123573188,75878204,66125430,76816379,65894117,76826927,68815238,227398485,68338510,600163842
75956061,546214641,104780191,91711950,116891759,92084295,98122851,91332824,114141852,93741996,94244350,88538396,71944914,84217970,98865051,80287180,81742097,82507977,91250914,82813113,88785197,79475724,123587514,75890792,66138912,76828900,65908082,76838960,68828669,227410810,68352393,600177317
75970068,546226453,104793725,91725051,116905612,92096853,98136021,91345651,114154942,93754515,94258508,88550468,71958426,84230932,98878185,80299531,81755255,82520518,91264030,82825439,88798486,79487644,123600765,75903164,66151926,76841505,65921206,76850659,68841432,227423583,68365941,600190360
75982676,546239412,104806332,91737706,116918602,92109151,98148550,91357798,114167877,93766949,94271855,88563895,71971680,84243708,98891027,80312686,81768182,82533781,91277308,82838927,88811477,79500719,123613969,75916607,66164555,76854777,65933940,76863554,68854583,227436121,68378459,600203817
75995780,546251854,104819080,91749868,116932145,92121852,98161579,91370394,114181238,93779648,94285099,88576473,71984600,84256629,98904640,80326203,81781543,82546814,91290679,82852305,88824174,79513113,123626649,75929571,66179228,76866797,65947441,76876035,68867108,227449192,68391404,600217913
76010241,546265854,104832522,91763831,116945684,92136846,98175437,91383253,114195274,93792992,94299358,88589509,71998483,84270492,98918104,80339967,81795565,82560683,91304842,82866119,88837746,79526378,123640422,75943251,66192084,76880473,65960807,76889064,68881432,227462579,68404542,600232193
76022581,546280532,104844588,91778445,116957733,92150945,98188528,91397100,114207740,93807324,94312401,88603146,72011465,84284531,98930746,80354592,81808421,82575658,91317818,82880725,88850470,79541333,123653799,75957610,66204422,76894324,65974444,76902465,68895149,227477239,68417302,600247329
76034353,546294185,104856386,91790555,116971310,92163610,98200096,91410114,114219745,93819387,94324870,88615988,72024073,84297298,98943170,80367509,81821015,82588902,91330890,82894014,88863207,79554553,123666548,75970927,66217586,76906582,65987786,76913611,68908610,227489531,68430333,600260373
76048509,546306983,104869811,91802605,116984844,92175929,98213901,91423553,114232837,93832106,94338689,88627673,72038223,84309854,98957260,80379084,81834955,82601874,91344790,82907227,88877382,79567770,123681350,75984056,66230693,76919698,66000591,76926982,68921680,227502462,68444464,600274257
76060927,546320598,104883278,91816219,116997705,92189906,98226439,91436673,114246551,93845576,94350547,88640536,72050910,84322956,98969787,80392249,81847704,82615079,91357924,82919388,88890684,79580466,123694250,75996519,66244091,76932897,66012242,76939974,68934668,227515681,68457592,600288404
76073884,546333938,104896344,91828748,117009861,92202321,98239019,91449040,114259993,93857902,94364273,88652021,72064253,84335137,98983081,80404606,81860565,82628154,91370573,82931272,88903589,79593166,123706518,76008429,66258223,76945903,66025765,76952783,68947928,227528125,68469873,600301662
76087694,546348338,104910535,91842703,117023589,92215570,98253310,91462905,114274206,93872405,94377631,88665847,72077379,84348838,98996220,80418185,81874261,82642207,91384071,82944357,88916553,79606975,123720689,76021862,66272420,76959694,66039650,76966260,68961858,227541787,68483439,600316842
76100487,546361534,104923652,91855896,117037366,92229596,98267212,91476092,114287110,93885168,94391291,88678906,72090882,84361270,99009432,80431203,81887296,82656089,91397344,82958001,88929102,79620721,123733104,76035273,66285537,76972371,66052225,76979151,68975690,227555062,68496377,600331168
76113622,546375175,104937249,91869975,117050420,92242540,98280132,91491056,114300405,93898965,94404785,88692651,72104372,84375315,99022577,80445786,81900808,82669636,91410803,82971706,88942239,79634629,123746556,76049267,66299451,76985826,66064949,76992423,68989662,227568960,68509434,600345644
76126707,546388487,104950129,91883937,117063422,92255692,98292759,91504960,114313687,93912958,94417647,88706041,72117681,84389447,99034429,80458458,81914072,82682948,91423317,82984979,88955352,79648708,123759542,76063063,66311907,76999143,66077693,77005586,69001879,227582610,68521948,600359780
76139885,546402133,104962604,91898173,117076431,92269667,98305275,91518628,114326586,93926690,94430569,88720712,72130100,84403695,99047134,80472192,81926783,82697463,91435837,82999577,88967586,79663498,123772277,76077409,66324750,77013563,66090243,77019417,69015442,227596406,68534644,600373834
76153344,546414531,104975966,91910480,117089619,92282720,98318974,91530781,114340102,93939153,94444202,88732438,72143245,84415505,99060396,80484347,81940717,82708873,91449077,83012178,88980633,79675541,123786080,76089152,66339561,77026265,66104546,77031768,69029577,227609328,68548942,600387395
76166862,546427203,104989349,91923083,117103749,92295009,98332455,91542990,114353511,93951478,94457133,88745229,72156738,84428055,99073578,80496900,81954307,82721424,91462126,83025570,88993873,79687400,123799080,76102537,66352256,77039607,66118183,77044842,69042768,227622198,68562297,600400621
76179575,546439785,105002191,91935828,117116850,92306650,98345227,91555595,114365761,93964351,94470118,88758213,72169786,84440220,99085963,80509287,81966680,82733627,91474702,83038271,89006728,79699684,123811596,76115476,66365131,77052357,66131154,77057698,69055615,227634698,68575296,600414101
76192253,546453221,105016221,91949821,117130190,92320278,98358208,91568945,114379343,93977830,94483239,88771856,72182954,84453431,99098903,80522542,81979436,82746949,91487250,83050551,89019691,79712405,123825275,76128938,66377819,77067134,66143633,77071161,69068028,227647961,68588769,600428296
76204293,546467073,105029582,91963651,117142530,92333299,98370705,91582534,114391747,93991615,94495960,88784259,72195346,84466813,99111163,80536164,81990976,82760591,91499707,83063882,89031831,79726062,123837554,76142612,66389900,77080927,66155776,77085844,69080593,227661727,68600705,600444114
76217397,546480353,105042027,91976622,117154621,92347552,98383063,91595395,114404454,94005598,94508399,88798106,72207735,84480834,99123507,80548857,82003472,82774348,91512439,83077473,89044102,79739783,123850754,76155850,66403393,77092993,66168596,77099567,69093321,227674956,68613646,600458367
76231432,546493542,105056614,91989758,117168717,92360516,98396453,91608125,114417786,94017729,94521584,88810653,72220726,84493618,99137071,80561271,82017764,82786831,91526361,83089337,89056253,79752121,123864004,76168227,66416585,77105119,66181956,77112742,69107212,227688124,68627601,600471827
76244174,546505859,105069695,92002664,117182546,92373227,98409400,91620585,114430845,94029770,94534780,88822574,72234544,84505754,99151137,80573022,82030419,82799982,91539847,83102077,89069427,79764923,123876891,76181292,66429535,77117668,66195739,77125712,69120574,227700315,68641490,600486312
76257414,546518282,105083394,92015713,117196021,92385357,98423533,91632791,114444883,94042275,94548840,88834230,72248473,84517915,99164978,80585861,82043669,82811743,91553879,83113796,89082557,79777663,123890917,76193932,66443079,77129971,66208454,77137852,69134137,227712061,68655064,600499802
76270558,546531967,105097105,92029376,117209058,92398421,98436766,91645845,114457962,94055522,94563448,88848091,72261124,84530497,99178164,80599660,82057021,82825388,91567480,83127691,89095770,79790761,123903836,76207328,66455898,77143419,66221328,77150472,69146948,227725833,68670668,600513853
76284237,546544779,105109923,92042376,117223199,92411296,98451583,91658486,114471755,94067582,94578055,88860707,72274984,84543462,99192324,80613041,82071186,82838462,91581014,83139711,89109261,79802469,123917992,76220242,66470398,77156461,66236117,77164040,69162000,227738317,68685336,600527352
76296586,546558627,105123140,92055012,117236557,92424170,98465080,91671709,114485209,94080706,94590722,88872929,72287700,84556908,99205187,80626236,82083733,82851429,91594617,83152726,89122159,79816272,123930805,76233336,66482509,77169666,66249141,77177419,69175023,227751724,68698745,600541374
76307279,546572038,105134772,92068167,117247948,92437091,98476281,91685370,114496654,94093683,94601976,88885976,72299402,84570621,99215814,80639412,82095876,82864462,91606799,83165711,89135274,79829118,123942049,76246894,66494518,77183170,66261176,77191533,69187125,227765689,68709563,600555393
76319776,546586214,105147419,92082508,117261084,92451710,98488126,91699790,114508844,94107524,94614792,88899786,72312232,84584678,99227097,80653066,82108741,82878304,91618803,83179957,89147611,79842657,123954134,76260004,66505892,77197605,66273273,77205448,69199203,227779401,68721970,600569984
76331761,546599748,105159164,92095996,117272760,92464594,98500115,91713390,114520237,94120915,94626601,88913123,72323902,84598446,99239760,80666984,82121375,82891582,91631054,83193321,89159344,79855878,123966122,76274393,66517744,77211782,66285647,77218755,69210472,227793215,68734428,600584154
76343857,546612948,105171791,92108546,117285634,92476687,98512681,91726025,114532325,94134572,94638743,88925814,72336263,84610937,99252284,80679526,82134400,82905343,91643787,83206856,89171887,79869016,123978595,76287086,66530726,77224570,66297655,77231651,69222968,227805853,68746661,600597949
76356159,546625046,105184252,92120879,117297477,92489812,98525468,91739820,114544933,94147398,94651308,88938270,72349229,84624311,99264582,80692335,82146282,82917448,91656175,83220563,89185016,79882489,123991401,76300048,66542852,77236877,66309384,77244147,69235861,227818063,68759257,600610380
76369940,546637958,105196593,92133836,117309870,92503920,98538771,91753069,114558090,94161439,94663741,88951186,72361952,84636983,99277107,80705772,82159544,82930953,91669717,83234376,89197689,79896079,124004832,76313041,66555985,77249835,66322773,77257155,69249383,227831360,68771420,600625022
76383013,546651854,105210317,92147966,117323143,92516900,98551111,91766729,114571916,94175299,94677031,88964446,72374595,84649793,99290207,80718603,82172020,82944681,91683157,83248383,89210760,79909675,124018136,76326481,66568658,77263995,66336505,77271219,69262314,227846044,68784013,600640277
76396675,546664718,105223424,92161444,117336297,92529818,98565081,91779522,114585127,94187835,94690452,88977314,72387837,84662363,99303034,80732382,82184932,82957633,91696637,83260889,89224039,79922231,124031587,76339671,66581668,77276031,66350118,77283779,69275409,227858041,68797238,600653736
76409750,546676380,105236646,92173867,117349870,92542608,98577799,91791794,114598553,94200483,94703657,88989188,72401392,84675130,99316075,80744607,82198525,82970866,91709888,83272224,89236856,79935225,124044776,76351585,66594018,77287942,66363048,77296351,69288246,227869948,68810543,600666018
76416437,546683146,105242858,92180644,117357411,92548874,98583991,91798305,114605255,94207160,94710753,88995377,72407833,84681901,99322254,80751422,82204898,82978185,91716764,83278679,89243046,79940805,124051453,76358155,66600562,77293861,66369316,77302627,69294224,227876263,68817089,600672870