17590708859,15868194378,18679201843,15308770800,18322782478,15645477823,15932761382,15748161531,16420807513,13658329968,15021583927,14930801375,17705673421,14452010321,17096679395,14689150367,17514778863,14713325366,20016667082,14472598993,16373150917,14054429389,16036901438,14832218075,15912356094,13876428329,15995694404,14194760993,15577368845,28019986086,16467961697,134549130361
17616951372,15876827245,18695443574,15317519994,18339749907,15664198967,15958333930,15755131061,16440686566,13671009244,15040033999,14939211027,17721037411,14472946746,17118527576,14693107746,17529721599,14722968893,20043094019,14486861528,16406681383,14059471228,16061756534,14853619273,15923873772,13883836586,16030709172,14196277694,15616019391,29099206137,16495493066,135585112598
17645675764,15885259169,18725717918,15322385097,18374879133,15691891446,15974767623,15768675939,16477376253,13682518062,15070182622,14961332668,17751414513,14476293446,17140980254,14704777254,17559916791,14730557495,20069548168,14498671174,16415435616,14075579222,16085989881,14868920309,15930293777,13901458519,16040387033,14210088026,15644559463,29347496361,16498977028,135797053895
17664430497,15901151398,18727019015,15345889123,18402654619,15712080745,15986309320,15775556403,16491071895,13695099881,15105573003,14968589412,17786302423,14487895771,17149502058,14731947663,17565706447,14752746928,20116297812,14519702187,16437070482,14091324221,16112136041,14877770886,15936739584,13909258737,16078207352,14227606318,15650070780,29444281990,16520572307,135904219629
17669249469,15916966171,18727391891,15358280399,18415757185,15723665672,16002530136,15786085190,16538098707,13701217314,15143686951,14974397208,17827646700,14505522686,17166772533,14748203533,17570500225,14764599447,20116346909,14531003268,16457986545,14096130992,16149474997,14890493890,15941095579,13917246085,16092559088,14249641214,15711704933,29518298923,16572187175,135995211232
17669422859,15942165621,18729218569,15373053010,18419455563,15743510301,16007913450,15799172820,16545844454,13705089684,15178496329,14975496062,17846680033,14510012999,17187338093,14766627823,17605817583,14786691885,20144561429,14547513686,16460180596,14097900688,16184748931,14896888761,15984878107,13939623997,16122750877,14272153092,15738235151,29608886742,16606661690,136036954690
17693448549,15966586823,18765779033,15382899094,18430345372,15752121954,16021400718,15815550185,16579118392,13716307447,15206732495,14988421948,17851742725,14523752626,17196469816,14778812051,17623378815,14800067269,20159990449,14560643119,16486858096,14110825891,16213868377,14904459800,15999871471,13960319833,16153633314,14288362945,15753264014,29661808311,16635346038,136164725654
17705759709,15974475756,18787671941,15392741011,18455208936,15766436786,16040961246,15828590377,16621182186,13716815926,15210289733,14997554520,17888671288,14526080944,17219203123,14790003436,17623801765,14816134785,20190752462,14582414252,16527057203,14134236297,16252843476,14905571208,16009355692,13964431272,16156530732,14292614768,15781085818,29751946323,16681251762,136237554375
17709586933,15980049994,18810587682,15403981042,18479850786,15772894214,16087794473,15849883418,16661237767,13717969610,15256462550,15013280546,17889420699,14536729658,17227607986,14804843328,17624172122,14844426935,20232474497,14593130996,16552568537,14148339545,16307040792,14916439046,16033250969,13967896718,16170636845,14300139325,15791116859,29787052092,16694030510,136333020405
17717173815,15996074385,18843111200,15409104736,18514661462,15787188754,16114640232,15866579282,16693827481,13723353438,15304902882,15015752200,17889729599,14547805036,17266351561,14822533472,17633571764,14859020510,20233116190,14609437731,16569402909,14153728655,16322055838,14942814893,16048989208,13990497565,16186780998,14312989836,15809048284,29831120156,16730464314,136374198160
17766462209,16015400511,18850839494,15416827661,18543654317,15800275731,16120616397,15888803475,16717325386,13732977675,15348493458,15023330645,17920741083,14564951626,17288710693,14840881651,17660671397,14870935548,20234589725,14628669739,16604364026,14176022739,16333307349,14960506005,16056327149,14014270302,16209537424,14326131949,15830693276,29960767138,16739510580,136438979163
17766692647,16025466976,18875025515,15428770405,18565338880,15824916959,16127252639,15906156203,16738821342,13745142888,15366290260,15037068627,17954426059,14572348938,17321907635,14847219368,17689877275,14886322326,20234597617,14640547546,16622384373,14186520704,16364058121,14975665112,16079267582,14026124765,16238174011,14346747844,15871953532,30029005370,16774434490,136495849387
17778780182,16047584273,18885727457,15444396143,18576603648,15834939035,16157252020,15921291288,16791966273,13763365268,15413939123,15041659935,17967953211,14585889966,17349988221,14858129234,17719312346,14909498362,20234616942,14664242804,16657846104,14208820032,16391978363,14987511794,16084734926,14035767538,16267836148,14349564405,15871986079,30045599192,16782420687,136543373921
17794982719,16077369658,18909909355,15463181849,18594218869,15851248727,16162680961,15944038969,16835178562,13775065806,15429640845,15042854544,18005124076,14592368220,17349996258,14871188884,17739340852,14935503712,20234624648,14686367048,16680565232,14218529260,16405650170,14996754013,16117734241,14050058024,16290602628,14365445467,15898045125,30116781795,16804037776,136607563497
17833350765,16085337312,18936816861,15472617021,18611574900,15864696180,16196151207,15958805601,16874768698,13782352800,15448564179,15061587615,18012344787,14593415996,17350288611,14890692170,17755519268,14946553847,20234632182,14697789527,16708420042,14233158904,16443318268,15004117311,16121306744,14062489371,16313881412,14389443829,15933738598,30189286121,16848442296,136667550450
17854139499,16093906676,18972611003,15483954060,18648297734,15867091561,16198627598,15974666642,16931931366,13791052855,15494012930,15076546529,18044064514,14609228155,17366155069,14910032481,17756279409,14952110580,20234639812,14698836296,16714390910,14255863801,16456182897,15028950557,16133027433,14088518669,16329217874,14404617273,15952057834,30249827688,16875420649,136707982204
17860396692,16107073185,19000229653,15505058162,18664042017,15880752265,16205126415,15979032516,16940814722,13821833013,15510718704,15094544890,18078292839,14620204763,17377113789,14913997830,17790531586,14971050840,20244462422,14709606457,16751579233,14268090923,16467597884,15049180279,16169270424,14101363308,16363083006,14417638572,15979644448,30330539481,16879181610,136777513171
17860670761,16122776563,19020347737,15521094385,18665183992,15898531026,16223928860,15992504627,16974013300,13833754643,15544536971,15097921218,18091547566,14637331991,17383217162,14939503457,17842543506,14980011876,20276912488,14723589350,16751632060,14282271570,16535375708,15061512645,16191387521,14124756406,16372110923,14437339291,15982966306,30358210723,16901540914,136899735684
17868269365,16139192734,19062306093,15547502735,18671923769,15909745206,16252933489,16005723506,16992015934,13842658612,15555683638,15104236147,18106132517,14662322572,17399113497,14956466023,17851895020,14996671281,20321021808,14740901940,16751693688,14298827020,16575771625,15081071158,16208639088,14147830412,16410583826,14447561534,15983039184,30374300351,16901555919,136938848486
17896216332,16150264756,19068969422,15565607191,18702077497,15930176911,16266708382,16021582116,17001474507,13869684665,15555692728,15112431182,18132198049,14682459659,17423300089,14969457487,17866983288,15000508049,20343532228,14754319980,16751757366,14308671544,16602346167,15094123050,16241457756,14167505809,16439454979,14466919605,16014404159,30407562337,16927612777,136979729260
17923347618,16174054836,19073887945,15577647473,18717712708,15963048589,16288097131,16029583057,17020961439,13888213662,15575801654,15127192159,18151138518,14704726609,17436010758,14983308728,17911605187,15019007628,20360578037,14775224039,16752345078,14322478666,16639181841,15109213740,16284986169,14189728607,16454019928,14476951828,16030310785,30446501736,16946225429,137037528121
17946714395,16185301036,19092754576,15597881451,18720504609,15988518252,16296991325,16041451519,17022178457,13897110992,15639241751,15134942418,18160518228,14714180474,17474283957,14997813130,17935656138,15032827900,20385214007,14791536151,16752389377,14333701154,16639205946,15127475604,16335982971,14204806079,16490251940,14489166470,16034260842,30616065969,16961161337,137062668583
17961830817,16204927433,19123909805,15614037967,18749796217,16009964125,16313854841,16048562507,17027971587,13923382473,15663110997,15148374401,18201411225,14730202921,17495167400,15019800591,17944953998,15044854787,20386737247,14803809235,16752402872,14351977798,16663288751,15148590268,16362512832,14225521307,16500481284,14494309293,16051938793,30713082648,16990931918,137152778319
17964358783,16226108695,19135308848,15629425682,18763551699,16023051109,16333176809,16061066064,17028008907,13942702469,15701487424,15152424461,18248334959,14744800947,17538556281,15044147342,17968174991,15059564686,20421648081,14804275847,16752448297,14369884125,16685664702,15166882502,16395431412,14247005317,16513120296,14509956363,16059079447,30735365855,16996152513,137209313419
18002970033,16237185187,19153190576,15649421155,18770961324,16033738006,16336001070,16083388227,17041230650,13961875319,15704981393,15173446033,18271767174,14752686455,17559272292,15062848618,18003981586,15078222782,20456331435,14818393743,16752481958,14384862043,16713728535,15184395335,16436909581,14267786263,16553614119,14511184352,16092430277,30783202360,16996182112,137329024300
18019877954,16254680628,19174222654,15663245646,18778707177,16049899606,16348848782,16095271079,17070740380,13963632365,15705102039,15188102833,18296536465,14760922862,17567683727,15077976369,18005867262,15101678833,20477421315,14827610551,16752568599,14415962760,16714232693,15205256477,16487774254,14290122127,16615829958,14516833144,16145579367,30806988280,17003083664,137397330083
18021215109,16280445176,19197073951,15669914789,18805102961,16059687582,16356651153,16116430208,17119675031,13970584270,15740647068,15199723653,18341908953,14775836582,17581008816,15080311748,18020697352,15120175782,20482062257,14844802495,16752589951,14439345095,16750917480,15221559575,16490152387,14306229668,16642879911,14528431039,16187028463,30845523925,17017926106,137468804569
18039895378,16295510092,19201688877,15691595857,18819739588,16076338858,16376256958,16129479449,17128527337,13986065458,15753437145,15203980941,18348578458,14783332863,17598185530,15102945678,18027269820,15131332332,20491432939,14863135773,16752631404,14445237077,16779779196,15243241215,16527906809,14324362529,16677097710,14556340819,16235151241,30916521469,17055188329,137491983205
18052293290,16309240840,19237555969,15713871810,18841898497,16091223509,16420337637,16159552588,17169231582,13997515616,15779920864,15209037181,18351209335,14788518643,17617752770,15108073161,18056490720,15143116625,20501183594,14871741205,16752660879,14463030394,16779817880,15259564632,16548660519,14344429464,16714812159,14568758258,16249397200,30943466822,17085129931,137576829896
18093850045,16320793786,19272403144,15725245734,18848246867,16103820811,16421233787,16176928437,17176686465,14012448245,15797565262,15226345236,18363944996,14813013031,17625956974,15149822227,18065160682,15157267524,20535962530,14894272698,16752689634,14467870980,16807619184,15271154147,16565993509,14359126955,16761175882,14577707343,16288751018,30954133651,17105047040,137610920847
18115350434,16346190649,19279482906,15742981702,18860653733,16111059189,16434951473,16189355027,17192916585,14033234024,15834913629,15249739196,18400260074,14835429945,17669030565,15168619644,18102942119,15188283291,20548415328,14922531152,16752705899,14480398552,16818417746,15290963356,16604967984,14374581999,16761332482,14589375876,16307934773,30989895946,17119194608,137725584314
18153417613,16360480925,19305239722,15755830765,18889632444,16116601107,16451385645,16207209703,17208753661,14041034004,15845486252,15269290461,18417627075,14845109141,17700077961,15170942264,18143594025,15188934589,20573295062,14946831532,16752740812,14503073622,16834086664,15311356250,16646661561,14392532936,16773470184,14596621120,16325162257,31060995888,17132951241,137776001030
18178530818,16376327298,19318305411,15782514125,18912530969,16129973920,16470972929,16227582287,17220943439,14057599548,15854934882,15291312995,18436965912,14854373886,17731923531,15187437181,18183588319,15194206452,20573324123,14964589040,16764509897,14515342853,16848603934,15339534011,16682945761,14402962647,16777972081,14608335737,16325179288,31102820201,17181746029,137852874754
18215559554,16383388390,19347015960,15790482300,18923487944,16148722766,16499286674,16237873582,17221057156,14075078965,15891410467,15317665822,18467470046,14864848103,17745334418,15205357558,18202615661,15215561249,20583594644,14971833858,16796372339,14519630953,16866157872,15354350544,16710654922,14421555263,16777996516,14625948551,16365146923,31131216451,17196751333,137908721472
18249201940,16409017976,19350141836,15808847805,18934596529,16178537770,16519841970,16254580397,17239588319,14098616508,15925510385,15334488786,18470178065,14879926796,17752436658,15218000332,18224566823,15219098658,20608119100,14986634251,16806291466,14534703032,16896357974,15359392015,16713073572,14430760363,16800195837,14645999434,16377395654,31175327927,17225089966,137959566798
18302272835,16428360949,19385434312,15836297499,18974153963,16190055780,16527000671,16272857351,17240625068,14112294049,15938375970,15356852698,18475152540,14912822550,17759735127,15240614538,18240409329,15234694601,20641295247,14999789893,16817206342,14543873375,16898218475,15365833490,16723114536,14439125913,16834974055,14654777774,16391501313,31213328217,17237784233,137995662671
18309314786,16439184931,19417923526,15854894438,18986663955,16208488734,16559257473,16285236308,17271391898,14131686961,15951516770,15367895525,18514644644,14937477487,17776569768,15268864839,18260273959,15251613298,20658695416,15021396412,16826554733,14558553694,16898239922,15385350765,16753360586,14458192618,16839407872,14671608408,16413800468,31257807313,17245357972,138048001213
18310466119,16471877908,19434226470,15869717275,18991940656,16218805743,16574275063,16302084650,17346233971,14154145048,15988466204,15374972350,18555578408,14958517986,17780980672,15291836017,18266467291,15270465315,20670315698,15040971385,16837424982,14582778486,16898280217,15410939494,16764736865,14486991562,16857727848,14686156978,16435558008,31299182016,17246838312,138103482019
18331884334,16480430938,19461258470,15887873406,19013075798,16229854829,16592251919,16310760751,17347312616,14175701549,15998400055,15387114612,18584420727,14992865644,17826138809,15308256488,18299614421,15286460106,20678627251,15063389123,16880078002,14603323512,16898280217,15415007214,16770222804,14499043567,16866097781,14702781299,16467029714,31397321044,17247196313,138130608364
18373087175,16492858546,19462108931,15900185342,19027800093,16239804782,16613172660,16324435499,17355378288,14192723984,16005475295,15407782246,18590622614,14996724668,17867519027,15319043682,18317124515,15296780911,20698570721,15092737774,16887078402,14624037250,16898310876,15430527921,16800364623,14515406621,16881872664,14723632970,16501924280,31422277339,17289105360,138178484114
18418594289,16510734305,19497820526,15904181514,19058797074,16262920800,16634070632,16336202449,17385627278,14213077485,16005552855,15435429757,18605344082,15025983010,17886617783,15334069604,18332427217,15299834687,20711928159,15108638911,16894439649,14640993847,16923679053,15440687954,16835295649,14520696018,16901670984,14741109379,16509689952,31465904507,17296382922,138200578650
18420366914,16520836336,19526933576,15913242636,19095788331,16273260248,16678819655,16348894558,17433373199,14230640796,16005552855,15458878433,18627976453,15053404677,17913517001,15339600212,18352183945,15309450238,20717640567,15126486188,16898029659,14658218118,16935041705,15455698697,16848454540,14531777356,16943656441,14759379210,16520222039,31499043640,17296434027,138291492925
18431851691,16532296428,19547000845,15930105887,19125454121,16291142484,16687317735,16368879499,17456609416,14235369522,16005552855,15481094023,18671941267,15069643571,17977048251,15365186714,18367767556,15330314236,20737225713,15136653856,16917796041,14673092167,16946143080,15474139888,16873875434,14545614224,16943683727,14768222815,16551749785,31537226916,17296562905,138355148146
18455975079,16543561670,19577050107,15952548266,19128226822,16310914551,16731112634,16394731682,17474248868,14254135246,16005552855,15492762195,18678012302,15078753779,18015387500,15375944342,18392351023,15347809952,20752825261,15151752172,16931509084,14684832864,16981938184,15486738582,16883564842,14565231517,16943887592,14778707410,16597099882,31575491078,17323134982,138390104976
18479539047,16552507421,19615422459,15972229628,19154514795,16314285116,16745494507,16405641468,17500809673,14276397910,16005576551,15504895119,18702063878,15098437578,18015420994,15401332463,18424952753,15360727852,20806076438,15170041058,16944964724,14685600800,16997400780,15511153629,16903733737,14583037972,16945970389,14794854747,16603616598,31651834738,17350897789,138443157834
18529034547,16569354643,19626935257,15994342825,19174255161,16334339758,16773688961,16413050827,17508840633,14298458857,16005581384,15528475175,18702717990,15113379846,18015441200,15405864115,18429212042,15381411784,20812396506,15190407703,16971226940,14692676414,17033282339,15522395370,16949266823,14590926550,16981086858,14808379207,16613010104,31783511887,17390280654,138481345068
18552102010,16580853711,19633184107,16000365677,19196966437,16357663944,16784899584,16426836670,17522730970,14298494476,16005602048,15531144456,18738516445,15128243565,18015716248,15407588183,18452925370,15397871309,20848747704,15209060117,16988629853,14717956243,17041674434,15544423678,16955394106,14610706577,17011042610,14827575560,16668015926,31817142258,17438099232,138536400937
18566049831,16597209755,19656464147,16017673693,19236136447,16383016615,16797782465,16442045864,17530422647,14311589275,16005637107,15551289161,18781216342,15128598784,18015716248,15407594262,18467448913,15404643635,20869831464,15218774569,17020128295,14732481569,17070735304,15564904986,16972190107,14630649853,17035524081,14841749424,16685193628,31879975129,17466408271,138579400944
18579590802,16617688911,19685052273,16030403567,19258522949,16406441088,16803990748,16457507807,17563489727,14320417061,16005647672,15566066420,18803960745,15137714350,18015731373,15419764551,18487016303,15425667580,20898147861,15225270407,17055291814,14753229143,17106105736,15579259261,16987147078,14650837657,17062143838,14857575444,16725394218,31900187831,17466477196,138631615368
18594124057,16635327808,19727123993,16034198483,19290431877,16422849009,16821264209,16472115267,17587285902,14326764611,16005659379,15583228068,18841863961,15159991773,18027438254,15434845190,18493182867,15441029953,20905038137,15245332017,17082610343,14763626458,17151052280,15587934521,16988439710,14658849394,17085993456,14884889971,16740817471,31953850241,17486791441,138669584615
18602944592,16645716168,19754979331,16068403705,19308929161,16444424481,16854217818,16485119012,17612172834,14336338603,16005659379,15590778489,18872384933,15171853909,18079628835,15443246720,18521213627,15457924929,20942824069,15263542805,17095804114,14783813056,17155883365,15613494062,16989959760,14677494890,17110045943,14901591719,16758402381,32003492680,17502206878,138732870016
18634121598,16664370331,19761367408,16081802889,19342709049,16461876919,16866157895,16498700480,17628234029,14346209303,16005676831,15621091903,18901357602,15177127580,18081124901,15443246720,18539557713,15479463760,20959656825,15283860546,17139520777,14806598378,17197451937,15628746588,17001465448,14700210535,17142730026,14915070107,16771142972,32039852869,17524254611,138760726719
18651197935,16675083139,19763140351,16090645604,19379793595,16478602393,16894201775,16504578934,17664936699,14360537925,16005685558,15636276712,18941922504,15187764241,18090576845,15448617855,18551853974,15495459665,20990800855,15297513247,17151958092,14820515176,17216968083,15654597469,17037100989,14730513251,17144164528,14932761806,16803500066,32056532088,17555875861,138865134858
18672619067,16708151890,19763570093,16117591330,19395934459,16501280701,16907052335,16521351407,17711620400,14371331760,16005707404,15643711453,18963045981,15195609196,18145600177,15460805679,18598367120,15509702496,21007815342,15297889075,17164919276,14825718587,17243734684,15674404284,17037120656,14743964229,17160201675,14942059912,16809365892,32089288952,17594174180,138915081471
18701274955,16722512515,19797537899,16135503159,19421093640,16516406843,16918834750,16543923861,17724360780,14384307788,16005727330,15664250274,18968990994,15212103635,18166162869,15481291032,18613456259,15525395664,21041703263,15304952999,17188428271,14842048043,17275991865,15687957545,17037152808,14761669358,17192992733,14959485899,16825246164,32173975259,17620356956,138955435131
18724900666,16740258106,19834887625,16154461128,19443250083,16536680322,16940974028,16556543789,17724413703,14393304114,16005733596,15668753698,18989847874,15228360505,18193492468,15492423767,18622653060,15539209424,21058166875,15323727789,17223832348,14851391885,17318371996,15706985190,17037174519,14771456278,17229862278,14977709157,16857675241,32261037389,17634345854,138999125196
18760916675,16756133212,19859585852,16162404122,19469046378,16550175339,16962232940,16579932120,17735425829,14394361124,16005739001,15695006886,18997678767,15236254355,18224502005,15510414642,18643356896,15548927182,21071780001,15341017965,17243369699,14860012961,17341416386,15724708440,17037235983,14777376583,17270728396,14984258049,16902932716,32279116950,17661404781,139058913576
18798622582,16774031608,19884746519,16173181643,19506196887,16571082545,17009209817,16592518727,17759104391,14394372179,16033503033,15707742406,19003581669,15252460283,18253795410,15544175731,18662814847,15558107556,21090192211,15344903958,17246872175,14877243793,17368239679,15740127287,17043548744,14786030680,17271614352,14990381790,16929591661,32312333721,17662242995,139154160854
18840204620,16788924840,19932868990,16193846122,19531925407,16575655979,17043697447,16600129767,17783750393,14416727375,16064357829,15727696919,19040977721,15264554900,18263184397,15557170031,18679324073,15560665747,21104094377,15359036999,17256778314,14886764431,17394635772,15767703035,17050295713,14805998720,17271675348,15006995568,16933969770,32365734690,17662263869,139175509758
18840420834,16802458487,19953429472,16205086748,19559191401,16590235627,17058339888,16604751285,17816967497,14419911984,16091488046,15750916674,19061169547,15292347456,18263192500,15584696126,18712560397,15577635682,21139570380,15375889326,17285589851,14905789130,17425940127,15787746015,17079546719,14830058029,17271675348,15022394015,16949584021,32404207450,17662328535,139208859441