298,202,200,246,135,308,78,235,116,288,77,256,155,249,272,315,143,257,100,254,45,268,328,291,60,278,33,266,273,312,149,226
296,350,195,303,174,224,61,262,106,240,72,297,200,299,282,291,77,250,111,252,62,250,310,334,98,317,93,242,250,266,153,312
275,421,189,309,140,339,48,361,105,286,79,386,167,354,266,317,104,290,147,313,50,370,513,328,76,358,43,300,65,392,133,293
328,341,250,351,158,303,29,383,102,335,76,316,224,342,236,376,57,350,79,404,49,321,421,321,30,342,38,329,57,385,60,350
238,445,194,338,186,351,57,347,93,390,74,413,160,370,253,325,56,368,66,357,44,391,462,342,58,371,64,357,176,327,149,312
166,405,182,392,150,298,39,401,131,366,83,305,124,406,237,324,36,356,131,352,41,374,296,365,46,363,72,372,26,294,51,403
306,447,216,269,153,253,54,351,137,251,81,254,173,357,251,234,77,243,93,329,41,269,274,305,320,288,216,358,274,344,179,286
345,414,227,342,186,312,42,351,133,329,88,300,70,341,244,355,68,298,67,369,30,343,286,356,98,355,94,394,205,373,189,381
385,331,232,309,161,285,39,330,137,328,56,344,251,302,218,238,83,264,100,306,53,336,391,313,107,245,312,359,282,339,249,261
330,407,234,285,169,281,68,317,146,337,95,342,129,317,249,337,74,327,97,346,39,325,362,264,113,323,138,271,98,306,138,295
367,374,186,295,183,256,73,263,125,251,67,237,199,307,259,246,109,314,139,355,30,319,553,275,64,316,307,309,284,285,244,305
287,394,227,371,176,310,71,342,135,406,87,352,254,292,299,303,138,297,123,270,47,328,326,335,91,304,34,298,164,297,156,344
314,407,210,348,145,323,52,322,123,334,89,358,164,324,257,359,95,355,135,340,42,382,469,376,27,352,10,352,41,334,123,395
296,433,175,374,155,325,57,344,127,290,62,337,220,316,286,328,105,337,102,291,20,300,551,304,49,371,2,343,133,317,172,367
231,377,190,463,165,398,52,410,127,396,81,370,106,406,265,361,37,427,132,403,66,382,518,438,0,440,0,378,0,390,16,423
290,418,204,375,166,328,57,368,149,305,76,362,157,411,277,322,124,383,114,389,30,407,412,354,95,358,38,374,100,409,89,374
340,400,223,336,177,377,66,327,116,359,65,313,92,368,281,382,82,315,121,373,35,315,339,365,68,317,83,352,230,321,173,367
338,399,188,437,157,383,41,404,143,433,80,365,92,379,242,434,63,378,83,345,30,322,418,397,48,407,20,361,24,317,45,370
314,377,172,343,175,342,50,401,135,329,66,323,174,321,257,339,108,351,83,337,33,406,479,300,25,352,101,401,175,340,133,305
307,430,219,450,182,396,56,404,135,379,84,373,77,352,221,374,75,375,69,395,34,375,304,417,13,395,17,382,14,395,94,374
278,373,179,338,166,321,43,371,132,363,73,409,269,356,295,271,96,262,76,326,39,353,426,317,193,370,183,353,196,322,119,320
267,407,223,361,148,376,42,391,117,351,70,410,239,418,289,394,86,353,115,400,33,398,252,386,50,354,106,371,67,341,153,399
397,408,226,321,186,307,65,313,156,340,67,314,142,330,267,299,207,319,124,312,44,337,358,379,16,351,78,294,267,331,213,345
344,450,190,338,160,302,56,343,116,311,55,325,192,321,218,319,59,265,93,259,22,256,427,381,0,345,230,295,268,350,275,367
275,481,219,381,162,334,55,315,133,337,79,394,13,355,290,439,34,334,53,326,42,316,395,419,29,349,62,380,115,354,85,332
308,435,238,344,175,320,41,290,142,334,74,301,58,316,221,281,39,411,99,305,31,340,461,374,189,371,135,364,284,307,172,337
295,397,183,374,182,362,61,344,119,357,89,333,272,335,257,382,85,309,107,323,47,378,412,327,31,373,55,319,75,378,110,323
248,428,206,331,164,404,59,425,156,396,81,398,119,362,252,423,77,353,127,368,36,376,340,379,8,393,7,408,63,381,120,471
250,391,173,335,169,323,41,347,116,364,78,366,91,357,272,328,62,346,84,290,33,306,469,302,151,358,243,370,146,370,144,374
230,436,187,418,155,420,27,438,131,384,76,384,111,435,258,426,1,367,55,401,33,457,361,421,0,443,0,423,0,407,0,447
332,355,217,388,164,359,51,319,125,324,75,374,164,375,268,385,97,368,84,378,40,424,416,386,98,310,140,335,178,332,151,352
251,413,171,365,186,395,44,300,155,344,92,344,121,402,265,410,66,316,108,379,35,350,405,383,0,430,90,381,59,371,114,413
303,414,216,357,190,306,86,324,126,274,69,324,177,298,303,344,126,302,93,339,43,358,516,344,71,343,174,335,259,333,195,294
300,393,194,396,155,405,38,432,102,416,80,346,28,365,192,424,20,415,112,380,36,364,511,379,121,437,168,312,195,345,113,309
246,415,207,359,152,294,72,323,127,390,66,316,200,340,239,331,109,307,110,283,43,299,405,335,131,345,241,304,232,274,196,369
292,487,188,354,152,361,49,333,119,346,67,331,140,319,265,344,99,339,86,317,44,360,361,347,167,356,145,339,219,339,147,442
363,478,222,399,162,361,82,345,118,387,50,326,87,310,197,366,46,381,68,385,49,298,391,283,40,314,144,335,273,369,204,339
353,457,193,399,174,465,51,391,106,393,82,359,128,354,301,331,63,423,89,376,42,462,314,335,0,348,2,383,62,359,30,368
244,422,203,398,162,329,33,380,124,401,110,326,152,330,224,416,66,420,88,278,34,379,335,333,36,396,0,364,0,406,37,408
285,355,191,310,157,382,43,412,117,354,83,361,110,419,296,348,7,365,92,420,45,401,330,371,177,401,175,356,94,317,196,308
283,362,219,389,171,367,34,397,112,321,81,411,87,398,235,394,127,355,72,332,39,407,527,395,73,351,125,369,215,318,154,230
258,424,200,458,153,266,44,279,138,333,91,391,280,327,226,295,184,321,85,351,58,356,367,334,214,351,175,328,100,260,168,311
282,426,204,371,184,333,48,414,111,360,93,416,199,393,220,398,61,356,95,363,48,384,522,364,85,336,143,323,131,322,64,392
283,428,211,379,145,388,39,322,155,384,80,407,130,325,239,325,119,395,110,332,53,408,385,342,55,310,196,362,152,364,143,376
308,402,166,364,187,339,66,327,133,419,76,386,111,373,257,368,105,345,108,405,57,402,520,347,58,337,54,374,73,373,86,362
249,421,208,350,131,352,31,415,115,426,73,379,125,390,223,413,107,374,103,447,59,367,374,413,11,440,104,382,96,428,72,420
349,437,215,377,170,370,44,348,133,403,74,353,55,309,230,343,27,331,88,370,45,391,526,298,0,359,84,376,160,387,84,399
275,509,179,465,179,409,48,431,125,387,85,396,168,393,256,410,111,419,110,400,58,408,259,454,37,377,38,371,64,402,40,373
301,467,227,418,176,368,58,356,121,391,59,391,182,371,287,330,85,387,92,324,33,368,327,328,31,335,217,357,247,391,217,355
266,446,176,329,175,409,48,411,119,416,73,375,214,359,232,406,62,385,65,408,27,436,338,402,4,356,20,348,51,344,57,289
294,396,168,406,148,281,58,335,119,314,81,363,204,351,244,365,101,331,68,349,34,355,329,397,153,400,224,345,150,369,115,332
356,427,195,401,204,315,55,317,132,348,72,324,127,319,256,415,93,266,100,312,34,316,493,303,170,301,313,343,239,387,218,349
364,351,187,373,168,354,54,283,153,401,59,277,159,344,200,353,98,294,105,406,32,315,403,346,151,307,284,325,239,358,172,357
294,454,216,443,178,412,79,403,147,378,87,365,176,371,312,412,46,382,107,414,27,358,492,394,2,395,1,381,96,447,93,448
324,386,217,397,142,367,43,356,140,325,65,266,221,358,238,353,50,324,99,347,37,333,414,373,199,347,208,331,294,368,177,396
292,435,166,369,174,319,46,374,122,361,62,284,96,362,199,368,147,380,61,341,58,330,380,378,68,336,113,377,150,331,134,330
322,397,215,356,183,350,63,309,146,345,70,310,228,371,269,350,127,314,102,349,38,290,403,389,129,309,279,335,196,325,177,390
305,443,209,391,180,321,66,342,120,328,69,436,135,346,190,328,76,353,62,379,51,401,440,338,22,368,189,388,278,349,217,337
172,552,202,457,125,349,47,486,133,389,59,403,63,403,296,424,61,437,70,439,33,361,329,364,8,385,119,332,85,476,60,482
