632,5172,24428,4988,26330,5243,12585,5116,19923,4381,9630,4667,1133,4898,28575,4550,2713,5469,3223,5194,2661,4316,8688,4730,400,4554,478,4704,1788,4133,1225,2967
1835,4430,23111,5237,27892,4415,13846,4120,19908,4095,9627,4329,2510,4190,28707,3389,2358,4490,3900,4585,3817,5083,9230,3678,478,4761,994,5009,1941,4586,1805,3675
696,4775,25783,5921,28045,4721,14705,4599,18882,5236,10317,4499,1663,3896,29130,4191,2697,4636,4861,4777,4677,4203,10789,4844,5426,4340,1368,5326,422,4673,1584,3687
1174,5745,25970,4704,28492,5910,14299,4844,20442,4803,10529,5026,1888,5668,29779,4710,2066,4989,4759,4759,4587,5802,10674,5312,254,4657,1107,4574,3804,4009,726,3957
2390,4418,25400,5305,28179,4916,13696,4685,19106,4542,10405,3429,1663,3805,28895,3503,2580,4632,4803,4416,4636,4253,10456,4885,2298,4327,3746,4148,2594,3738,1976,3301
1808,4267,25532,3983,28805,4713,15469,4893,20590,5180,9696,4231,1635,4626,30343,4503,3581,3781,5032,4660,4532,4736,10853,5173,1688,3907,2121,3983,2185,4693,1996,3770
1867,3994,24776,5047,27312,5845,12526,4571,20063,5095,10067,5218,1129,3238,29781,5059,2518,4770,4605,4714,4549,4513,11000,4413,1971,4982,1903,4024,2320,3232,2119,3045
1964,5419,25135,4856,28429,5061,13680,4734,20362,4542,10101,5493,1312,4551,29428,4900,2844,5027,4679,4105,4484,4496,10610,5081,2799,4742,894,4999,2866,3961,1629,4099
2261,6279,25105,5931,28112,5574,14073,4809,19874,4678,8985,4358,2114,4535,28611,4987,2626,5418,4667,4661,4424,4465,9983,4457,669,4432,1892,4555,2014,4001,1794,3725
2926,4896,24727,4599,28095,5878,13428,5411,19569,4665,9735,3860,2457,4573,29413,4801,3161,3561,4875,4178,4471,4315,10589,5002,1086,5138,1541,4741,2344,3903,2476,3690
2126,4414,24445,4835,27441,4001,12521,5529,18627,4762,9711,4791,2006,4031,29616,5767,2401,3929,4791,4623,4388,3827,10647,4771,444,4280,2157,3820,1612,4473,1740,3087
3530,4478,24819,4170,28059,4328,14424,4220,20601,3837,10690,4718,2681,4179,29343,4265,2672,5432,4874,4563,4514,3892,9829,4130,2325,4830,1382,4004,3250,4251,2495,4339
1814,5212,25005,4788,28592,4886,13634,4401,20708,5378,10081,3927,2331,3567,29723,4439,3015,3963,4864,3602,4581,3790,10128,3921,490,5144,912,4709,4973,4305,1495,4139
1762,4880,24369,5046,27559,5509,14061,4609,19952,5553,9191,4450,1630,4640,28818,4518,2475,5311,4645,5291,4320,6341,9735,5419,384,4787,1431,4663,989,4638,2011,4231
286,5712,25277,5936,29332,5284,14337,5051,20820,5403,10155,5525,768,4783,30344,4600,1951,5553,5002,5802,4718,5498,10630,5323,58,4379,42,5781,46,5104,233,4390
978,5284,24821,5029,28561,5455,14788,4624,20611,5073,10586,4124,1478,4717,29848,4799,2392,4874,4953,4775,4503,4683,9854,5543,602,5539,318,6199,777,4468,622,3973
1703,5419,24009,5228,26784,6461,12750,5083,19717,4770,10036,4502,1251,4494,28821,4236,2067,5288,4735,4212,4509,5003,9925,4588,998,4663,1517,4881,1754,4586,2113,4560
1187,4940,23729,4938,27775,4770,13811,4449,19713,4541,9910,5045,2122,4528,28763,5214,4953,4661,4856,5269,4403,5586,9707,4540,475,4788,1490,4101,2308,4541,1009,3968
1034,5310,24745,5309,27821,5707,13359,4451,19875,5158,9957,5153,1258,4709,27587,5323,2181,5235,4716,4845,4454,4723,9828,6113,231,4683,696,4023,1126,4362,1021,3877
2307,5163,25295,5284,28028,5718,14183,4275,19593,3792,9704,4097,1260,4852,28775,4029,2444,4711,4863,4854,4583,5362,9413,4733,3251,4739,1649,4936,2334,4508,1511,4692
1783,5722,25094,6243,28130,5044,14168,4354,20051,4764,10342,3742,2185,5373,29642,4654,2604,5834,4849,5137,4462,4221,9530,4526,1239,4653,1196,4054,1190,4678,1335,3824
2192,4523,24659,4568,28083,4671,15212,4406,19602,4829,10606,3859,1671,4590,29476,4357,3230,4334,4784,3912,4530,4519,9626,4129,1197,5177,1925,4472,2907,4603,1957,3930
1865,5107,24876,5145,27839,5200,13802,5431,19882,4654,8867,4949,1506,4513,28335,4922,2828,6079,4630,3729,4368,5721,9076,4691,152,4704,975,4495,1603,4739,1426,3751
2781,5049,25126,3708,28594,4492,15209,3970,18888,5060,9076,4650,2552,4668,30999,4645,2338,5042,4806,5684,4286,5522,9855,3873,74,4559,1295,4134,3097,4632,2077,3742
2185,4415,24903,3880,28539,4976,14455,4821,19759,4079,9573,4588,1952,4135,28844,4306,2768,4005,4750,4981,4493,4622,9269,3897,1627,4483,2071,4536,2106,4968,2079,4034
2242,5031,24704,4789,28184,5462,13808,4858,19277,4383,10345,5733,2809,4737,29454,4941,2877,3951,4724,4059,4404,4390,9639,4004,2347,3471,2856,4047,2242,3722,2017,3753
1112,5045,24795,5337,28478,4748,13835,4573,19782,5353,9104,5114,1672,5950,28748,4760,2884,5332,4756,5665,4370,4999,9643,5802,819,5235,504,4987,388,4138,612,3541
1316,4524,24757,5960,28717,5265,14183,5089,20488,5584,9858,6101,1013,5428,28490,4723,2877,5465,4733,4666,4588,5264,8891,5905,1733,4148,706,4119,1189,4369,841,4477
1188,5341,24776,5999,27636,3917,13418,5097,19812,5014,9675,4927,886,5520,28952,5596,1749,4744,4688,5132,4494,6498,9256,5811,972,4113,1224,4703,1133,4742,1383,4259
283,6064,25353,5577,29104,5737,15251,5432,21435,5599,10140,5247,1032,5830,29707,5769,1723,5616,4811,5014,4575,5402,9650,5193,50,5682,63,5807,73,5748,283,4505
990,5880,25188,4285,27761,6673,13379,6729,18904,4525,10443,5354,1369,4568,29430,3953,2475,5628,4727,4778,4423,4719,9932,4888,413,4342,680,5683,1149,4918,1610,3721
955,5165,24810,5963,28214,6351,13434,5674,19328,5144,9645,5747,983,4498,30062,4491,2556,6021,4866,5378,4389,5285,10002,5748,251,5126,850,5316,425,4914,856,4353
2259,4023,25337,4482,28191,3567,12989,3505,20216,6113,9719,4465,2154,4995,30373,4095,3817,4889,4876,4872,4478,4675,9850,4181,784,3948,1824,3788,2061,4507,1939,3344
1449,5606,24914,4932,28104,4750,13425,5116,19212,4423,10238,4864,1454,4678,28210,4136,2260,4500,4654,4102,4344,3943,8994,4718,1603,4300,1887,4402,1362,4559,1175,4232
1311,5325,24681,5063,27516,5116,14510,4387,19460,3829,9469,4289,1524,4685,28554,4439,2366,4237,4727,4209,4372,6261,9550,5490,515,4295,1506,4493,1895,4181,1507,4201
2074,5440,24824,4392,27525,4007,12911,4068,19997,3720,9968,5554,1513,5082,29587,4671,2204,4483,4732,5086,4449,4950,9271,4795,1687,4761,1148,4635,1573,4372,1346,3654
1582,4605,24665,4510,27562,5036,13775,5355,19160,4852,9779,4593,1034,4656,28244,4591,3282,5076,4742,4259,4371,4935,9615,5177,1238,4449,1698,5300,1783,4841,1175,4447
1918,5299,24882,5536,27961,4323,13445,5471,19384,5266,8927,5856,1352,5487,30862,4814,2379,4765,4711,4664,4327,4912,10007,5181,49,5223,956,4551,511,5045,561,4241
802,6047,24211,6057,28298,5511,13783,5450,19899,5269,9999,4724,1661,4684,28859,4698,2389,5026,4709,5034,4386,4398,9553,5551,357,4846,42,4859,68,5038,420,4109
2183,5169,25309,6079,28387,4998,14563,4026,18936,4377,10610,5283,2351,4397,28626,5232,1866,5907,4724,5377,4547,4593,8580,5440,998,4950,1207,4582,1468,4837,1294,4301
1100,5120,24598,4215,27494,3349,13247,3997,18825,4333,10293,4487,1386,4115,27069,3472,4023,4664,4819,5435,4480,4941,9513,3869,3965,4697,3863,4509,2689,5060,1881,3636
2033,5696,24237,4944,26969,5413,13628,5806,19554,4386,9832,4394,2281,4014,26842,4742,2911,4181,4941,4462,4536,4074,9450,4723,1583,3892,1123,4247,1006,4756,1675,3990
1216,6051,25006,4926,27580,5220,13167,5014,18800,5267,11305,5222,2261,4440,27582,4501,2200,4087,4483,5537,4551,4907,8875,4394,2162,5103,746,4784,971,5876,768,4416
1171,4519,24914,4383,28072,5206,13399,5171,19503,4585,10526,4377,1255,4197,28141,4408,2501,4215,4806,4449,4566,4376,9401,4121,2537,4701,3483,4748,3812,4648,1389,3803
1313,5022,24800,5939,28682,4597,14714,5176,20682,4962,8887,4452,994,4940,30328,5001,2582,4883,5105,4620,4291,4439,10192,4261,2022,4816,1500,4417,2652,4190,1446,3972
1108,4961,25394,5497,28163,5868,12623,5369,19593,4870,10083,4836,1105,5496,29928,5925,2208,5581,4992,5116,4560,5079,9621,4691,234,5290,1267,4591,962,4274,643,4347
1662,4885,25038,4887,28356,5964,14570,5551,19454,4491,9368,4093,1043,5242,30210,5108,1459,3998,4672,4150,4466,4591,10177,5484,69,5328,602,5192,1156,4949,988,4141
1156,5305,24530,6605,28682,4837,14855,4930,19679,6180,9280,5789,1164,4839,30093,5011,2848,5457,4719,5272,4336,5293,9750,5175,876,5406,321,4701,497,5905,962,4115
1483,5821,25137,5264,27560,4538,13492,5006,20026,4555,9498,4153,1003,4325,28235,4527,2230,4844,4742,4757,4427,4268,9182,5618,300,4956,878,5140,1537,4438,1532,4127
1899,4839,24110,5198,28312,4629,14063,3840,21036,4166,10025,4489,2521,4264,30326,4168,3194,3395,5034,4920,4479,4086,10365,4284,1290,3698,2169,4188,3254,3934,3008,3353
2592,5108,23691,5246,28249,5847,14240,4118,20235,4236,10457,4309,1343,3763,27670,4209,2289,5622,4681,4305,4410,4082,8951,4358,1665,4344,1671,3857,2437,4079,2557,3952
2036,5172,23990,4513,27964,4946,14698,4461,19455,3574,9059,4469,985,3575,29833,3957,2337,5856,4871,5017,4190,4996,9538,4552,2763,5031,2556,4623,1951,4448,1881,3984
2120,5406,24327,3995,27782,3977,13809,4784,19518,4597,9200,4452,1603,5178,28722,4957,2551,4775,4596,4716,4257,3727,9127,4127,1820,3669,2401,3609,2900,3831,1891,3832
1024,5038,24833,4756,27378,5829,14345,5590,20107,4790,9753,4311,1353,5144,29611,4624,1800,5912,4800,5211,4385,4830,9868,5246,888,5322,1585,4519,1118,4115,941,4090
1633,5763,24405,5080,28471,5077,14268,5373,20089,4881,9223,4866,1805,5752,28988,4336,1564,4434,4710,3901,4292,5018,8981,4486,944,5484,1271,5339,1993,4681,1521,4454
1668,4823,24113,5399,28559,5306,13348,4772,20792,4295,8969,4649,826,5131,29183,5219,2704,5163,4982,4766,4254,5232,9975,4256,1649,4575,562,5113,2632,4380,1510,3551
1133,5207,25608,4678,28677,5199,14735,4683,20391,4580,9214,4897,1541,4057,28431,4184,2408,5305,4801,4508,4414,4456,9104,4645,881,6154,1497,5095,1206,4157,1146,4037
2346,5608,24453,4817,27421,4802,14468,5161,18722,5022,10506,4922,1009,4958,29154,6260,2103,5003,4713,4684,4434,5045,9467,4787,373,4841,1012,3787,1466,5140,1619,3965
2809,4631,24248,5112,28195,3495,13583,3653,19107,4911,8682,4998,1456,4377,29477,4956,3429,4919,4862,5805,4337,5783,9383,4819,1269,4142,2055,4151,2426,4547,1772,4422
