1117,82931,31313,727,23049,1270,1308,784,645,1648,54135,1132,48963,10,760,14,2009,70423,3198,2025,7808,115779,68456,535,2050,104946,72383,1852,2026,253,393,3210
749,85328,36951,586,28079,1707,1858,1467,938,1428,59995,1012,55063,68,282,54,888,77379,239,2185,2820,130296,75739,517,2391,116749,84076,1900,1639,290,282,5521
1752,86065,38442,606,29640,1840,1610,1327,769,1441,63028,1025,60083,12,265,6,320,79438,234,2010,2258,130426,78004,373,2156,116333,85584,2002,1368,130,204,6899
562,86067,37705,530,29208,1649,2001,1514,817,1454,62402,672,58020,10,870,10,249,78283,349,2123,1599,132694,77727,412,2036,119897,87158,1648,1328,289,196,6203
1102,88673,38282,526,30401,1564,1557,1040,907,1311,61685,767,59481,136,262,16,176,80221,146,2135,1847,131438,78153,395,1989,120211,86441,1767,1410,154,762,7626
556,86885,37403,572,29938,1565,1869,1206,1403,1296,62325,1120,58112,32,398,150,151,78478,212,2255,2609,132955,76670,349,2192,120902,84581,1658,1512,132,176,7490
637,94033,37215,396,30104,1622,1414,767,1255,1564,60107,1128,60943,14,301,10,152,77313,377,2209,1817,132711,81181,396,2038,119812,86198,1577,1477,146,231,7759
1945,88499,38041,518,28996,1675,1856,1126,803,1342,61103,916,61314,20,310,34,136,78304,157,2290,2279,135900,79014,271,2030,118673,85524,1713,1278,159,311,7473
605,82573,38032,362,28471,1608,1722,1148,727,1505,62381,821,60498,13,338,12,211,78554,164,2144,1648,132099,75798,431,2066,117700,85010,1607,1416,284,919,7450
638,88052,37060,482,28377,1528,1715,1086,739,1461,61538,884,59648,10,351,10,456,78155,152,2134,2060,126843,76468,514,1994,113049,86739,2061,1560,132,585,7419
744,92564,38235,464,30152,1781,1381,1297,826,1285,63549,951,57705,222,368,6,1001,80737,164,2090,1386,134729,80528,311,2135,120955,87296,1938,1383,143,459,7560
648,83540,36671,505,27728,1470,2078,1000,755,1552,59594,1172,57466,622,1063,518,421,76480,414,2180,2264,127131,75516,490,2258,112564,83227,1912,1461,333,289,7321
828,86582,36828,592,29556,1340,1435,1261,768,1547,61932,945,59132,49,1334,33,192,77337,322,2203,1730,133284,77576,398,1987,118928,84593,1877,1477,142,363,7531
542,91457,37897,495,30181,1381,1793,1151,781,1408,62338,816,62322,18,759,246,150,79252,147,2052,1796,133287,80391,344,2006,118069,85987,1708,1434,132,183,7885
593,82884,37392,416,28476,1535,1927,1208,796,1665,61555,858,58095,8,936,238,350,76949,136,2176,2328,129601,76017,422,2128,116943,84161,1923,1750,132,272,7352
633,89270,37704,362,28800,1450,1820,1213,655,1362,60929,1109,58169,29,527,349,170,77831,363,2139,1651,132555,77114,326,2234,118006,86403,1707,1355,134,337,7768
621,89531,36926,439,29785,1586,1674,1393,789,1291,61466,828,59892,10,411,221,125,78715,164,2103,1997,132415,78857,282,2156,117811,86039,1796,1565,140,211,7683
750,83616,38087,379,28391,1485,1758,1025,1175,1555,61832,953,58117,19,311,246,179,78448,147,2218,1401,132809,77382,398,2202,120716,85845,1769,1598,166,170,7425
563,92430,38071,399,29210,1502,1608,1218,700,1443,62247,942,59392,20,593,267,205,78258,247,2170,1319,130716,77235,337,1960,116169,86537,2010,1455,137,146,7649
569,87779,38333,536,29739,1431,1708,941,788,1541,61239,1208,61313,15,305,245,136,79350,217,2265,2201,131917,80106,313,1948,118352,86929,1866,1417,146,284,7871
649,91253,38311,408,29827,1833,1822,909,773,1472,61726,950,61584,14,875,255,293,77854,171,2154,1331,131499,80993,388,2064,116719,87188,1786,1492,135,155,7783
772,85135,36728,584,28804,1543,1866,1168,811,1738,57498,963,56219,407,646,333,566,76261,473,2160,1526,130481,75144,417,2196,116868,83415,1986,1637,605,468,7346
602,88146,37364,436,29899,1385,1574,1206,720,1428,62412,1285,62434,10,373,80,209,78534,315,2097,1815,128720,82099,349,1930,115631,84638,1870,1454,247,146,7547
501,84490,37125,440,28080,1415,1714,1256,648,1287,59132,1059,57746,10,330,9,333,77478,403,2219,1599,131023,75604,462,2116,117423,85130,1679,1476,351,310,7455
833,90095,36786,447,29998,1711,1769,1034,776,1359,61452,1027,60753,154,288,8,185,79274,221,2096,1841,125333,79726,375,1937,113687,86187,2047,1519,362,408,7885
541,92529,38232,412,30057,1387,1507,1182,704,1515,61599,1190,60243,4,264,4,194,78909,193,2086,1208,136913,80416,288,2084,121636,88046,1664,1347,345,235,7744
868,91758,37370,532,29895,1421,1886,1247,971,1422,60244,842,59344,12,262,8,266,77690,254,2376,1761,133981,78319,341,2196,118392,85558,1935,1596,363,256,7764
643,89382,38936,600,28973,1796,1838,1188,704,1356,63814,980,57811,8,333,8,282,81396,251,2042,2383,137817,79570,221,2126,123408,88987,1787,1206,202,315,7664
631,84885,36178,695,28821,1460,1677,898,639,1844,62191,1116,59223,92,382,80,146,76329,190,2138,1584,129523,76361,423,2265,116845,82633,1872,1436,197,166,7343
529,84231,37419,471,27922,1403,1420,978,739,1406,61851,1139,57218,10,686,134,583,79069,432,2259,1596,135105,74968,318,2340,122146,86463,1824,1664,162,314,7400
738,90679,37540,729,29247,1478,1380,1211,734,1321,60744,1059,60709,8,545,4,450,75989,330,2270,1457,126397,79410,525,2058,113487,83019,2073,1494,130,203,7505
583,90404,37378,538,30653,1638,1510,1363,723,1666,62114,1355,58916,80,414,64,515,78199,274,2070,1570,133447,80073,391,2063,118859,84500,1768,1607,297,255,7748
735,90192,39209,308,28819,1370,1830,1189,695,1425,62563,1059,57646,26,400,12,345,80536,159,1998,1910,139670,79107,274,2170,124451,89443,1809,1420,132,335,7603
706,82431,38082,428,29250,1819,2340,1417,685,1216,62084,821,61697,123,313,22,154,79805,396,2220,2017,134387,80744,377,2032,121442,87351,1918,1486,148,246,7698
661,89075,36790,474,30860,1379,1877,1164,682,1688,61065,884,60363,158,381,117,163,77028,175,2260,1976,134127,78631,335,1726,118218,84394,1770,1538,130,194,7707
660,89720,37435,474,29451,1699,2281,1332,646,1667,64006,821,58644,12,588,258,210,78991,405,2308,2151,135718,78154,294,2016,120108,83834,1779,1430,135,210,7532
851,91626,37145,448,30416,1499,1511,1284,714,1850,59104,1101,58683,22,371,276,183,77022,306,2190,2756,134290,79087,304,2219,119396,85149,1947,1480,156,205,7763
553,86957,37904,430,29807,1428,1498,1169,730,1334,61354,1047,60070,22,278,281,192,79122,462,2092,2201,134821,78979,276,2098,119483,86212,1966,1513,136,168,7640
1091,90127,38184,628,28942,1467,1657,1099,768,1615,61435,1114,60416,32,274,245,180,78925,211,2103,1561,135047,79746,306,2017,118372,86288,1786,1399,137,177,7611
649,86939,38479,441,30257,1687,1497,964,800,1590,60236,1225,60810,28,403,255,493,79843,212,2101,1379,132808,79896,303,2117,118693,86953,1980,1486,159,163,7589
631,88366,38532,536,28201,1494,1318,1125,701,1538,60876,1134,57367,124,379,139,188,78671,933,2162,1571,133244,76020,359,2348,119971,85709,1840,1358,146,275,7564
1006,93543,38121,448,29859,1759,2186,1327,707,1653,61278,1151,57548,401,320,84,204,78025,1095,2184,2048,133363,79566,407,1999,119147,86365,1977,1268,195,315,7687
710,91579,37608,466,31048,1566,1816,1201,744,1630,61001,1008,60174,144,409,148,122,78834,224,2253,2034,131430,80285,272,1911,118332,86084,1737,1383,145,177,7809
580,86082,37030,516,28652,1303,2387,1072,871,1431,60532,1022,59862,38,331,257,136,77300,223,2111,1885,128550,78427,484,2180,118073,85650,1931,1493,164,223,7632
720,92574,38630,482,30258,1516,1651,1490,797,1578,64396,1261,59600,90,389,84,323,81467,513,1894,1685,129044,78863,429,2107,114467,87629,2017,1463,249,142,7827
864,91281,37664,474,29428,1269,1761,1216,851,1500,62226,1164,61234,42,452,115,191,79095,255,2136,1894,135569,79664,377,2032,122211,87264,1744,1505,163,166,7728
786,91966,38204,494,30365,1627,1638,1030,763,1427,61684,1166,59744,277,292,28,180,78955,453,2102,2267,132210,79646,392,2103,117165,86616,1930,1484,162,157,7549
500,86876,37897,456,28743,1517,1783,1122,1153,1670,61699,1224,60469,273,471,12,153,79054,328,2056,1518,133411,79670,425,2044,118422,85554,1637,1454,142,158,7558
599,82319,37325,492,27313,1410,1633,1111,750,1663,60709,935,59145,132,464,161,652,76876,249,2246,1472,133848,75294,349,2196,118839,83868,1839,1581,138,160,7364
529,88521,38258,502,28545,1427,1421,1187,711,1562,64063,1372,57531,20,397,258,199,80807,149,2007,1454,132739,77002,341,2164,119115,86829,1812,1365,148,164,7583
720,89083,37686,318,29698,1623,1619,1174,924,1763,61274,813,59708,106,441,277,540,78473,256,2225,1876,133329,78036,357,2152,116558,86091,1953,1552,141,258,7647
698,88514,36678,478,27807,1371,1812,1232,525,1515,60471,1241,57508,336,437,340,331,77081,326,2251,1616,126720,76505,416,2194,114057,83588,2161,1555,458,609,7505
643,90674,38001,448,29909,1397,1891,1392,665,1568,63120,871,61007,57,365,65,167,80910,142,2133,1589,132766,79489,316,2065,117685,88330,1886,1205,272,1430,7839
705,90903,37956,430,30718,1607,1262,1264,814,1479,61351,1067,60172,232,483,10,219,78989,185,2215,1211,133386,81411,279,2042,120832,87324,1988,1474,157,138,7518
722,89514,37662,550,29089,1599,1820,1143,763,1685,62920,1044,58454,91,689,191,1150,79016,207,1927,1571,131301,77260,396,2090,118719,86492,1896,1404,136,142,7561
582,90722,37393,480,31444,1450,1537,1237,738,1433,62230,888,63082,26,331,208,196,78580,243,2243,1211,136033,82940,353,2022,120691,86550,1728,1617,163,177,7803
659,88388,38399,462,31563,1504,2379,1068,805,1192,61567,1096,62516,30,283,10,281,79765,264,2172,1766,135950,83243,357,1950,118124,87244,1736,1393,331,273,7945
656,89886,36637,486,30245,1370,1991,1207,781,1738,58551,1170,62033,110,386,80,105,77457,184,2269,2095,133726,79080,388,1927,118482,84057,1877,1548,193,202,7838
679,84298,35000,525,26214,1450,1632,1118,761,1249,57475,968,53488,83,348,58,205,73353,344,2081,1408,129477,72866,399,2307,116474,78422,1753,1646,206,977,6587
