29611817,61247626,106363399,30818421,110257335,32467667,53079711,30645009,86559731,28828993,59929559,30119754,42330486,29107973,136820441,29794615,30196606,45629226,65566363,31323532,60084390,59327218,137514099,32702792,29660844,53854441,48731974,30774119,29625119,28923977,30292382,24108632
29612409,61312227,106393092,30818792,110278467,32468306,53080847,30645386,86560266,28829825,59981420,30120320,42376922,29107978,136820738,29794622,30198339,45682597,65569442,31324570,60091651,59416728,137565915,32703109,29661846,53934108,48786442,30775073,29626174,28924104,30292570,24110997
29612784,61378545,106428321,30819080,110304381,32469196,53082473,30646163,86560991,28830573,60038806,30120808,42428796,29108013,136820998,29794649,30198734,45741111,65569572,31325700,60094068,59517972,137623405,32703424,29663012,54023410,48850229,30776058,29627030,28924249,30292705,24115224
29613642,61444219,106464732,30819386,110331334,32470164,53083850,30646824,86561617,28831307,60098065,30121313,42485281,29108019,136821127,29794652,30198933,45801303,65569692,31326734,60095788,59619511,137682396,32703670,29664094,54112836,48915520,30777085,29627763,28924313,30292833,24119538
29613947,61511978,106500614,30819635,110358320,32471012,53085490,30647613,86562315,28832037,60158129,30121656,42540379,29108024,136821565,29794657,30199063,45861267,65569829,31327830,60097185,59722499,137742012,32703926,29665086,54204424,48981758,30777949,29628490,28924461,30292939,24123739
29614471,61579320,106537168,30819908,110385881,32471786,53086949,30648130,86562913,28832713,60217177,30122041,42596289,29108082,136821704,29794665,30199203,45922409,65569949,31328929,60098655,59824471,137801364,32704189,29666100,54295770,49048275,30778863,29629222,28924549,30293243,24128218
29614779,61645337,106572283,30820204,110413302,32472558,53088454,30648771,86563915,28833354,60276508,30122572,42651022,29108108,136821912,29794740,30199296,45982177,65570059,31330093,60100722,59928699,137859538,32704413,29667150,54389041,49111791,30779720,29630021,28924614,30293433,24132505
29615093,61718234,106608023,30820391,110441562,32473391,53089623,30649159,86564782,28834142,60333588,30123132,42709149,29108115,136822053,29794745,30199358,46041343,65570246,31331237,60102209,60033566,137920781,32704672,29668171,54481293,49177869,30780567,29630822,28924686,30293520,24136883
29615978,61788351,106644352,30820648,110468225,32474241,53091323,30649745,86565451,28834856,60392843,30123571,42767451,29108124,136822194,29794762,30199447,46101578,65570344,31332384,60104400,60137832,137981421,32704869,29669178,54571469,49243162,30781451,29631535,28924753,30293694,24141140
29616362,61852627,106680584,30820838,110494732,32475070,53092613,30650306,86566097,28835675,60452090,30124048,42823846,29108132,136822355,29794768,30199530,46161540,65570430,31333499,60105648,60242262,138039504,32705117,29670207,54663240,49308088,30782288,29632247,28924917,30294169,24145454
29616688,61920086,106716219,30821073,110520857,32475886,53094164,30650859,86566730,28836391,60511026,30124456,42880871,29108136,136822574,29794772,30199784,46221244,65570502,31334610,60107352,60340662,138097291,32705435,29671189,54748915,49374924,30783342,29633071,28924982,30294442,24149727
29617083,61992782,106752321,30821271,110548557,32476763,53095448,30651484,86567401,28837039,60570719,30124899,42936113,29108228,136822780,29794776,30200225,46282154,65570600,31335731,60108346,60446078,138158909,32705670,29672211,54841995,49441313,30784334,29633825,28925054,30294676,24154015
29617414,62057678,106787243,30821556,110575027,32477586,53097231,30652060,86568018,28837843,60629336,30125464,42990977,29108536,136823345,29795026,30200507,46341331,65570807,31336811,60110306,60544685,138217791,32705962,29673336,54928915,49505022,30785366,29634591,28925213,30294856,24158205
29617844,62124550,106822233,30821827,110601442,32478249,53098320,30652644,86568660,28838636,60688086,30125944,43045396,29108570,136824047,29795043,30200639,46400269,65570981,31337986,60111593,60648955,138276236,32706208,29674371,55019922,49569436,30786323,29635387,28925292,30295051,24162496
29618133,62194974,106858234,30822059,110629010,32478945,53099730,30653261,86569305,28839361,60747216,30126321,43104408,29108588,136824389,29795140,30200714,46460207,65571060,31339087,60112821,60752766,138337438,32706458,29675350,55109371,49634546,30787239,29636139,28925357,30295144,24166961
29618456,62262467,106894117,30822281,110655980,32479736,53101574,30653898,86569991,28840215,60805102,30126784,43160357,29108596,136824877,29795264,30200868,46518826,65571146,31340171,60114839,60853893,138396428,32706686,29676364,55199091,49699705,30788268,29637014,28925421,30295279,24171208
29618763,62329367,106929780,30822481,110682012,32480493,53103153,30654535,86570601,28840928,60866114,30127350,43215278,29108612,136825160,29795449,30201037,46579747,65571438,31341289,60116195,60957794,138454722,32706937,29677428,55290309,49765475,30789164,29637780,28925489,30295454,24175462
29619101,62397779,106965405,30822685,110709485,32481250,53104415,30655262,86571225,28841600,60923295,30127777,43271311,29108617,136825373,29795561,30201113,46638870,65571534,31342355,60117754,61059330,138514046,32707142,29678570,55379033,49831220,30790071,29638569,28925557,30295561,24179706
29619473,62463620,107000946,30822883,110735804,32482067,53105979,30655737,86572030,28842382,60981952,30128254,43326306,29108627,136825552,29795681,30201205,46698155,65571617,31343516,60119144,61162745,138572985,32707380,29679624,55471260,49895833,30791029,29639431,28925640,30295651,24183986
29619777,62534891,107037141,30823098,110762348,32482821,53107404,30656375,86572676,28843090,61041369,30128679,43381690,29108635,136825864,29795812,30201280,46757457,65571701,31344645,60120130,61264875,138632064,32707619,29680639,55560671,49962191,30792021,29640210,28925708,30295725,24188251
29620070,62600988,107073762,30823333,110789566,32483573,53108860,30656872,86573301,28843885,61100033,30129243,43440355,29108644,136826004,29795934,30201373,46818383,65571828,31345753,60121636,61366460,138692477,32707855,29681563,55649547,50029019,30792977,29641002,28925778,30295846,24192771
29620406,62673831,107110328,30823541,110817499,32484435,53110472,30657327,86573961,28844645,61159409,30129742,43497775,29108652,136826422,29796056,30201497,46877895,65571935,31346889,60123074,61470087,138754434,32708092,29682594,55740581,50095900,30793960,29641777,28925848,30295943,24197163
29620776,62740137,107145893,30823792,110844720,32485300,53112021,30657935,86574623,28845480,61214281,30130246,43553527,29108785,136826686,29796210,30201723,46936397,65572146,31347997,60124277,61572055,138813624,32708346,29683656,55830040,50160348,30795009,29642604,28925997,30296140,24201417
29621137,62807573,107181079,30824061,110871118,32486018,53113397,30658532,86575266,28846298,61273581,30130911,43610012,29108861,136826945,29796302,30201910,46995762,65572310,31349149,60125636,61672310,138874031,32708590,29684646,55918313,50224426,30795983,29643355,28926244,30296256,24205662
29621391,62872700,107216583,30824264,110897732,32486792,53114897,30659205,86575848,28846982,61330311,30131366,43665858,29108865,136827140,29796307,30202042,47055663,65572518,31350231,60127092,61775104,138932634,32708829,29685671,56008833,50289864,30796802,29644152,28926431,30296416,24209965
29621823,62943159,107250939,30824460,110924930,32487618,53116503,30659741,86576471,28847669,61388501,30131910,43723060,29108941,136827288,29796311,30202176,47114755,65572647,31351361,60128487,61873010,138993023,32709128,29686623,56096419,50353893,30797822,29645032,28926615,30296589,24214355
29622110,63011440,107287265,30824723,110952305,32488278,53117840,30660351,86577063,28848443,61446337,30132446,43778320,29108946,136827443,29796314,30202288,47174617,65572764,31352455,60129466,61976158,139052085,32709349,29687667,56187219,50421117,30798782,29645779,28926805,30296692,24218689
29622576,63083915,107322671,30824955,110979987,32489080,53119525,30660907,86577846,28849218,61504699,30132969,43836414,29108950,136827576,29796316,30202416,47234503,65572896,31353608,60130844,62082468,139113579,32709567,29688732,56279037,50486425,30799690,29646547,28926992,30296859,24223064
29622938,63152443,107359670,30825233,111006525,32490002,53120943,30661605,86578451,28849905,61564273,30133358,43892119,29108955,136827727,29796320,30202567,47295527,65573011,31354731,60132490,62187088,139173766,32709748,29689793,56371350,50553959,30800690,29647245,28927125,30296997,24227433
29623237,63220835,107395380,30825566,111033693,32490764,53122301,30662157,86579007,28850678,61624081,30133906,43947066,29108989,136827873,29796325,30202641,47356644,65573123,31355796,60134225,62293326,139233973,32709942,29690863,56465000,50619449,30801588,29647891,28927250,30297101,24231685
29623552,63287190,107430345,30825824,111059703,32491487,53123693,30662590,86579622,28851542,61683357,30134500,44001012,29109004,136828249,29796428,30202859,47415294,65573220,31356987,60135369,62395239,139290888,32710200,29692058,56556107,50683782,30802612,29648819,28927328,30297258,24235747
29623837,63354151,107465966,30826150,111085878,32492224,53124785,30663176,86580219,28852229,61743226,30134962,44056815,29109008,136828519,29796430,30203161,47475590,65573567,31358135,60136637,62499204,139348486,32710447,29693102,56647949,50748875,30803580,29649657,28927398,30297361,24239968
29624224,63423366,107501141,30826457,111113443,32493029,53126220,30663844,86580843,28853036,61800956,30135701,44113760,29109047,136828754,29796462,30203392,47533504,65573796,31359202,60137774,62597762,139411847,32710776,29694138,56735404,50811283,30804609,29650510,28927546,30297478,24244241
29624597,63492293,107538048,30826652,111140862,32493817,53127744,30664487,86581452,28853764,61860994,30136236,44169603,29109058,136828944,29796468,30203614,47593759,65573875,31360285,60139194,62705068,139472165,32710979,29695148,56828376,50878167,30805476,29651254,28927613,30297598,24248683
29624916,63560563,107575020,30826849,111168538,32494685,53129521,30665148,86582019,28854468,61920442,30136686,44225821,29109069,136829124,29796472,30203722,47655313,65574022,31361401,60141160,62812509,139534285,32711194,29696204,56922554,50946677,30806463,29652039,28927677,30297767,24253023
29625269,63629130,107611021,30827039,111196330,32495494,53131266,30665891,86582640,28855184,61980106,30137125,44284302,29109195,136829334,29796481,30203804,47715624,65574145,31362528,60142816,62917406,139595412,32711403,29697120,57016160,51012015,30807460,29652813,28927749,30297880,24257343
29625629,63696071,107645373,30827326,111223242,32496205,53132976,30666351,86583197,28856044,62038302,30137550,44338777,29109206,136829595,29796608,30203915,47774164,65574335,31363706,60144349,63021770,139653058,32711647,29698042,57106779,51075272,30808394,29653614,28927814,30297983,24261553
29625997,63765925,107681619,30827553,111250554,32497085,53134426,30667167,86583803,28856980,62098937,30137972,44395214,29109217,136829797,29796740,30203990,47834990,65574464,31364832,60146125,63127335,139714692,32711848,29699114,57198235,51140633,30809343,29654402,28927889,30298091,24265817
29626343,63835109,107716303,30827745,111278622,32497835,53135891,30667661,86584425,28857826,62154379,30138445,44451065,29109228,136829961,29796880,30204107,47892596,65574730,31365953,60147973,63229938,139774235,32712064,29700157,57288401,51204974,30810375,29655217,28927958,30298188,24270175
29626875,63903838,107752914,30828013,111305849,32498589,53137248,30668266,86585037,28858535,62213837,30139077,44507971,29109240,136830096,29797008,30204178,47953507,65574871,31367051,60149478,63337159,139834920,32712243,29701180,57381333,51271525,30811315,29655967,28928026,30298274,24274505
29627163,63973114,107789357,30828260,111333555,32499352,53138567,30668780,86585726,28859424,62271675,30139581,44566906,29109254,136830253,29797131,30204452,48014070,65574942,31368135,60150548,63440831,139896246,32712467,29702197,57470530,51337479,30812344,29656716,28928095,30298364,24278922
29627539,64041549,107826091,30828536,111360189,32500135,53140091,30669300,86586361,28860225,62330633,30140219,44621586,29109265,136830476,29797257,30204545,48074673,65575418,31369240,60151734,63545313,139955932,32712687,29703295,57562884,51403603,30813327,29657486,28928174,30298464,24283121
29628075,64112271,107862995,30828761,111386997,32501025,53141268,30669941,86586983,28861077,62388426,30140782,44675561,29109462,136830680,29797310,30204667,48134343,65575959,31370365,60152846,63648607,140014898,32712926,29704379,57655596,51469320,30814303,29658211,28928273,30298664,24287405
29628431,64182572,107898746,30828975,111414582,32501760,53142995,30670598,86587539,28861851,62447115,30141297,44731062,29109587,136830832,29797317,30204735,48193527,65576148,31371484,60154623,63751396,140075657,32713153,29705342,57746119,51534937,30815334,29658937,28928350,30298765,24291703
29628729,64251544,107934323,30829177,111442889,32502559,53144729,30671196,86588226,28862633,62504580,30141838,44788988,29109608,136831053,29797449,30204794,48253240,65576260,31372572,60156496,63852969,140136989,32713391,29706328,57836331,51600556,30816240,29659670,28928422,30298857,24296051
29629123,64322569,107970338,30829455,111469632,32503323,53146327,30671844,86588915,28863388,62563504,30142393,44844390,29109623,136831258,29797519,30204898,48313195,65576358,31373632,60157759,63955240,140196346,32713673,29707423,57927101,51667110,30817266,29660419,28928551,30298976,24300336
29629436,64391727,108006359,30829688,111497334,32504030,53147951,30672486,86589584,28864171,62624809,30143060,44902072,29109667,136831469,29797606,30205095,48375142,65576768,31374662,60159521,64056575,140257818,32713914,29708423,58016416,51732563,30818256,29661286,28928630,30299049,24304743
29629884,64464228,108042181,30829971,111525339,32504738,53149211,30673096,86590234,28864882,62684091,30143553,44960050,29109745,136831662,29797628,30205186,48434560,65576876,31375786,60160651,64159277,140318386,32714206,29709426,58106761,51799208,30819272,29662065,28928717,30299138,24308974
29630267,64530787,108078501,30830173,111551918,32505531,53150870,30673601,86591028,28865709,62742923,30144115,45015630,29109880,136831880,29797633,30205267,48495094,65577169,31376878,60162181,64263137,140378063,32714430,29710491,58198580,51865132,30820167,29662850,28928792,30299216,24313208
29630550,64598676,108114681,30830435,111578102,32506264,53152370,30674219,86591702,28866563,62800967,30144647,45072225,29110017,136832067,29797641,30205570,48554720,65577376,31377988,60163435,64367187,140438058,32714724,29711554,58288152,51930392,30821085,29663616,28928864,30299295,24317508
29630842,64663388,108150008,30830656,111603445,32506972,53153741,30674820,86592295,28867361,62861500,30145291,45127498,29110032,136832312,29797764,30205674,48614884,65577503,31379067,60164695,64472075,140495516,32714927,29712595,58380555,51994455,30822000,29664429,28928939,30299380,24321713
29631173,64732139,108186391,30830889,111629870,32507768,53154966,30675354,86593006,28868250,62920277,30145829,45182508,29110042,136832573,29797891,30205982,48675240,65577587,31380129,60165892,64575132,140554137,32715172,29713653,58469964,52060058,30822942,29665164,28929003,30299491,24325992
29631513,64801647,108221949,30831053,111656966,32508551,53156279,30676070,86593615,28869059,62980186,30146227,45239645,29110177,136832777,29798056,30206119,48735822,65577761,31381328,60167020,64677817,140613686,32715397,29714715,58559038,52124995,30824014,29665983,28929082,30299745,24330253
29631870,64870921,108256571,30831313,111682707,32509232,53158013,30676604,86594153,28869875,63037772,30146884,45292507,29110292,136832964,29798174,30206261,48794239,65577865,31382460,60168452,64778121,140672039,32715629,29715781,58648153,52189202,30825071,29666812,28929314,30300515,24334482
29632282,64941326,108293479,30831511,111710831,32509964,53159345,30677344,86594786,28870604,63096900,30147290,45352497,29110317,136833283,29798191,30206365,48855809,65577943,31383590,60169407,64880764,140734602,32715856,29716754,58737927,52257762,30826118,29667410,28929462,30300617,24338872
29632573,65009629,108328759,30831766,111738934,32510824,53160486,30677976,86595400,28871416,63155722,30147846,45407233,29110444,136833448,29798196,30206475,48915874,65578032,31384679,60170350,64984539,140794674,32716080,29717852,58831004,52323120,30827076,29668257,28929536,30300685,24343043
29632915,65080711,108364987,30832007,111766563,32511639,53162184,30678548,86596021,28872316,63215643,30148348,45463755,29110457,136833803,29798320,30207050,48976104,65578144,31385681,60171523,65088586,140854953,32716309,29718828,58922077,52389790,30828061,29668976,28929601,30300761,24347401
29633260,65147567,108400465,30832245,111795085,32512322,53163505,30679130,86596653,28872987,63274428,30148778,45523888,29110471,136833957,29798395,30207142,49035953,65578279,31386847,60172506,65194100,140917789,32716555,29719865,59014163,52455120,30828932,29669843,28929714,30300852,24351768
29633555,65218258,108437000,30832466,111823364,32513108,53165439,30679712,86597323,28873622,63334024,30149308,45582807,29110500,136834102,29798420,30207303,49096862,65578399,31387978,60174049,65298088,140980797,32716810,29720857,59103463,52521794,30829872,29670578,28929861,30300996,24356210
29633888,65288227,108471643,30832702,111851386,32513811,53167128,30680344,86597974,28874493,63390235,30149909,45640378,29110558,136834332,29798452,30207358,49155926,65578503,31389135,60175657,65403141,141040589,32717039,29721763,59195536,52585233,30830890,29671429,28929964,30301100,24360542