109746513,588784922,175876972,135512928,197421303,132942411,156442447,133348482,184052502,137514859,145435309,129245647,109209977,124249380,180590624,119516894,122153779,122368650,139803291,118495981,138703586,117163351,193004348,111024863,101865850,115491805,99769369,111824676,103903846,292783019,99763688,709577299
109758160,588794563,175893429,135522787,197451397,132951619,156458402,133357494,184075101,137524707,145450954,129255554,109218750,124259819,180606108,119526194,122163975,122377982,139817414,118505434,138717213,117172652,193042486,111035588,101875414,115501164,99777817,111833880,103913413,292791920,99772764,709585639
109765845,588803188,175913092,135531989,197478922,132960818,156474113,133366062,184097890,137533602,145465439,129264364,109228094,124269019,180630465,119535315,122172353,122386834,139832275,118514437,138731068,117180996,193075215,111044122,101885224,115509262,99785760,111843549,103921293,292802344,99781240,709595732
109772986,588812169,175932153,135540889,197509663,132969713,156489308,133375378,184121717,137542543,145481465,129273059,109237560,124277459,180653806,119544839,122181615,122395259,139847824,118522738,138746063,117189760,193109091,111053279,101894009,115517945,99792611,111852411,103928984,292813332,99788055,709606465
109779969,588820923,175948413,135549876,197539878,132979066,156507313,133384890,184145435,137551634,145496748,129281716,109245581,124286758,180676462,119554629,122191344,122404370,139863087,118532193,138760465,117199204,193143495,111062884,101902582,115527059,99799127,111862398,103936559,292824090,99795072,709617180
109786985,588830726,175967930,135559035,197566454,132987710,156525561,133393328,184167187,137560494,145509657,129290589,109253108,124296264,180698409,119564405,122200795,122413672,139878255,118541471,138774497,117208346,193175865,111071680,101911688,115535239,99806770,111870984,103943297,292834532,99802521,709627550
109794852,588839842,175986930,135568269,197593876,132996683,156540595,133403178,184187244,137569480,145523626,129299362,109260600,124304865,180720650,119573421,122208284,122422920,139893373,118549996,138789171,117216700,193210389,111081081,101919123,115544127,99815499,111879641,103950626,292845018,99810073,709638067
109802116,588848509,176004196,135576990,197624994,133005476,156556251,133412137,184210544,137578724,145536599,129308518,109269325,124313338,180744690,119582945,122216967,122432517,139909261,118558914,138804530,117225845,193243967,111090745,101926873,115553022,99823762,111888068,103959187,292856070,99817883,709648645
109809726,588857666,176022189,135586576,197653754,133014646,156572068,133422163,184233692,137588119,145551064,129317894,109275894,124322761,180764652,119592247,122225226,122441701,139924200,118568497,138818322,117235486,193274367,111100730,101935752,115563207,99830763,111898259,103967036,292866960,99825331,709659345
109816915,588867211,176042358,135596374,197681627,133024241,156588314,133430870,184256756,137597413,145564990,129326307,109282463,124331178,180785943,119601813,122232018,122451225,139939033,118577631,138832196,117244732,193304935,111109709,101942849,115573135,99837385,111907602,103973258,292878324,99832258,709670908
109825778,588877354,176059889,135606119,197712306,133033846,156604710,133441795,184278280,137607079,145578128,129335532,109288838,124340314,180806910,119611894,122240456,122460690,139954355,118587678,138846188,117254319,193336157,111119219,101950564,115583205,99844079,111917705,103980042,292889740,99839634,709682254
109832991,588886601,176078674,135615838,197742099,133043235,156622196,133451005,184303158,137616119,145592938,129344322,109295926,124349336,180828016,119622184,122246602,122470031,139969241,118596802,138859921,117263638,193368981,111128403,101957764,115592115,99850172,111927297,103987188,292901045,99846501,709694253
109840391,588896472,176097889,135625210,197772894,133052674,156637862,133461134,184326747,137626256,145607167,129353946,109302157,124358875,180850555,119631548,122255160,122479892,139983687,118605755,138874092,117273371,193399869,111138515,101963869,115601797,99857799,111937313,103994116,292912651,99854009,709706102
109847873,588906714,176117720,135634577,197803788,133062322,156654230,133470701,184352126,137635542,145621149,129363791,109308550,124369084,180871604,119641036,122262260,122489808,139999128,118615025,138888479,117283220,193432722,111148026,101970238,115611598,99866100,111946888,104001030,292924525,99861475,709718347
109854708,588915559,176135508,135644232,197831072,133071503,156669709,133480324,184376888,137645551,145634569,129373001,109315331,124378217,180890889,119650403,122270660,122498746,140014727,118624212,138902583,117292223,193462807,111156936,101977004,115620866,99874548,111955780,104007565,292935319,99868060,709729433
109862570,588924793,176153402,135653867,197863359,133081487,156686547,133489731,184397654,137654649,145648917,129382754,109321402,124387687,180912092,119659192,122277645,122508645,140029942,118633959,138916616,117301429,193497473,111166029,101984839,115629618,99882448,111965080,104014929,292947198,99876479,709741252
109870951,588934925,176167468,135664321,197890432,133091315,156703097,133499554,184421075,137665010,145663197,129392909,109327222,124397693,180934976,119669207,122285062,122518338,140045149,118643421,138930878,117311031,193528679,111176389,101991881,115640019,99888735,111975106,104021770,292958553,99883011,709753157
109879018,588944929,176186540,135674372,197921868,133102237,156719930,133509609,184445682,137674371,145677511,129403074,109333594,124407944,180955045,119679687,122293381,122528150,140060576,118652969,138945867,117320826,193562276,111186070,101998680,115650293,99896719,111984396,104031821,292971065,99889599,709764617
109886334,588954591,176205329,135683875,197953527,133111438,156736497,133518728,184469971,137683901,145691806,129412865,109339977,124417154,180977249,119690096,122299823,122537594,140076014,118662556,138959966,117330441,193594642,111195536,102006676,115660538,99903998,111993994,104039802,292982498,99897255,709775897
109894148,588964754,176223287,135693237,197983942,133121015,156752825,133528096,184492366,137693809,145705991,129423577,109347821,124426761,180999411,119700465,122309802,122546690,140091866,118672318,138974789,117340821,193628462,111204447,102015106,115669603,99911383,112003939,104047026,292994270,99904244,709787117
109902319,588975032,176242076,135703479,198013597,133130565,156769566,133538119,184516882,137703569,145720647,129432853,109354497,124435598,181021596,119709887,122319696,122555967,140107138,118682062,138988880,117350094,193661216,111214446,102023371,115678654,99918808,112012603,104053199,293005490,99910658,709798365
109910705,588985287,176260479,135713183,198045188,133140085,156786555,133547870,184539603,137713191,145734702,129442779,109361836,124445235,181046318,119719784,122325634,122566155,140123127,118692772,139003998,117359532,193695888,111223513,102032526,115688103,99927159,112022508,104061286,293016839,99918606,709809271
109917688,588995473,176281162,135722988,198076525,133149979,156803269,133558343,184562469,137723457,145748494,129452406,109368717,124455429,181071474,119730018,122334711,122576602,140137886,118702501,139017828,117369829,193727039,111232664,102038595,115697051,99935763,112032412,104068314,293028126,99925761,709820222
109925892,589004603,176301275,135732983,198103349,133159387,156819957,133568173,184584412,137732636,145762998,129461682,109376463,124464412,181091970,119739406,122343229,122586084,140153233,118712063,139032291,117379139,193761120,111241943,102045685,115705721,99943578,112041264,104076495,293039289,99934682,709831533
109932864,589014382,176317143,135742609,198133027,133168515,156836629,133577797,184607092,137742397,145777647,129470432,109383548,124474014,181112537,119748742,122352698,122596180,140169226,118721671,139047179,117388391,193794428,111251912,102052245,115714698,99950817,112050603,104083272,293050833,99942393,709842991
109939913,589024243,176336980,135753111,198160648,133178948,156852251,133587453,184630972,137752079,145792043,129479871,109390816,124483887,181132285,119759351,122358685,122605163,140185112,118731556,139061813,117398040,193827536,111262162,102060315,115725084,99957979,112060856,104089822,293063103,99948862,709854273
109947092,589034437,176356510,135762919,198191794,133189162,156870525,133596903,184652188,137762414,145807659,129488875,109399181,124493721,181153422,119768248,122366206,122614868,140200985,118741416,139075809,117407719,193857979,111272203,102066701,115734731,99965508,112071317,104096992,293074834,99955223,709865592
109954404,589043876,176375245,135772935,198223116,133198195,156886712,133606869,184675259,137771875,145821796,129497459,109407243,124502752,181173061,119777854,122374905,122624236,140216396,118750886,139090088,117417058,193890152,111281616,102074689,115744705,99973263,112081724,104104096,293086257,99963291,709876706
109962379,589053561,176391665,135782824,198253404,133208134,156903544,133616795,184699957,137781676,145835721,129506976,109413691,124512323,181197014,119787108,122383288,122634399,140232124,118761070,139104363,117426594,193923949,111290985,102081183,115754681,99979956,112091195,104110973,293097570,99971307,709888257
109969031,589064067,176408709,135792265,198281666,133218083,156920370,133626879,184720594,137791091,145849451,129516806,109420175,124522230,181220292,119796338,122392753,122644902,140247188,118771173,139118716,117436625,193955493,111300560,102088259,115764544,99987551,112100651,104117493,293108632,99978625,709900060
109976368,589073989,176428014,135801899,198311305,133227840,156937263,133636604,184743216,137800304,145864704,129526401,109426851,124531529,181243080,119805565,122400776,122654418,140263196,118780483,139133583,117445920,193989978,111310058,102095936,115775053,99995434,112109987,104125373,293119940,99987590,709912004
109984147,589083493,176448669,135811497,198342452,133237363,156954305,133646091,184766170,137809310,145878106,129536352,109433548,124541008,181262046,119816108,122408626,122663264,140278545,118790556,139147831,117456707,194021494,111320709,102100956,115784982,100000907,112119729,104131167,293131874,99993956,709924141
109991457,589094012,176470154,135820752,198370168,133246772,156970623,133655516,184790181,137819595,145893169,129546015,109440456,124550686,181282165,119826680,122412651,122673238,140293948,118800532,139161828,117466331,194054141,111330674,102106613,115794971,100007864,112130217,104137523,293144224,100000876,709935809
109998777,589104384,176487100,135831204,198400499,133256756,156987585,133665899,184811743,137829132,145907717,129556565,109446392,124560288,181303354,119837198,122420900,122683162,140309536,118809752,139176572,117475704,194085044,111340178,102113410,115805206,100016082,112139676,104145344,293156994,100008261,709947328
110006089,589114757,176503048,135841921,198428783,133266772,157005691,133675735,184833318,137839752,145921635,129566046,109452901,124569705,181321090,119848064,122429537,122693666,140324596,118819522,139190697,117485696,194117487,111349617,102119473,115814987,100021945,112148614,104152343,293168330,100015248,709958901
110014581,589125156,176520623,135852614,198453180,133277074,157022676,133686863,184854988,137850782,145937480,129576321,109461513,124580383,181341448,119858558,122439003,122704282,140340996,118830272,139205793,117495540,194153683,111360615,102128112,115825385,100029856,112159602,104161080,293181808,100023540,709971292
110021511,589134737,176540361,135862713,198482680,133287335,157037670,133696912,184877143,137860349,145951710,129585276,109468796,124590157,181359377,119867904,122447192,122713290,140356245,118839929,139219842,117504683,194187214,111369928,102134709,115834571,100037342,112168910,104168112,293193492,100030207,709981978
110030403,589144591,176556060,135872183,198513784,133296884,157053510,133706388,184899807,137869985,145965121,129595225,109475176,124600310,181379298,119877509,122450869,122724281,140371537,118849303,139234422,117514943,194219294,111379726,102141997,115844592,100043768,112178565,104175847,293205906,100037436,709994752
110037221,589154821,176577854,135882925,198542795,133306297,157070587,133717310,184923204,137880278,145978517,129604864,109481198,124610550,181401110,119887153,122460397,122733518,140387224,118859613,139248985,117525215,194251834,111390203,102147712,115854405,100051339,112189071,104182905,293216835,100045217,710006665
110044277,589164944,176594989,135892848,198572334,133316547,157086983,133727341,184948065,137890558,145994058,129614913,109487855,124620280,181419933,119897140,122468463,122743267,140402854,118869324,139263229,117536397,194283931,111399571,102155440,115864952,100056808,112199699,104189577,293229060,100052802,710018742
110051258,589175002,176614729,135903096,198599113,133327546,157103621,133737551,184971762,137900866,146007147,129624890,109493925,124629946,181440888,119906797,122476196,122753297,140418345,118878755,139277884,117546887,194316641,111409756,102163573,115875193,100063320,112210127,104195972,293240917,100059320,710030964
110057767,589185146,176634756,135913168,198627700,133338034,157121210,133748055,184996305,137910778,146021613,129634940,109499401,124640182,181463116,119916597,122482789,122763547,140433431,118888379,139291755,117557309,194348399,111419629,102169750,115885191,100070362,112219832,104203249,293253001,100067099,710041815
110065871,589195869,176654921,135923692,198652126,133348273,157139348,133758462,185019981,137921334,146035760,129645054,109507508,124649578,181484734,119926479,122491182,122773760,140449973,118897979,139307220,117567120,194383589,111429392,102177031,115895610,100078091,112230298,104212518,293265560,100074646,710054307
110072236,589205393,176673679,135934047,198681864,133359040,157155863,133769159,185042874,137931375,146049548,129655227,109514079,124658729,181505297,119937092,122495546,122782867,140465887,118907640,139321730,117578072,194415143,111439245,102183546,115904845,100085160,112240054,104219091,293277536,100082507,710066686
110080075,589214619,176693431,135943873,198712353,133369154,157173441,133779323,185064703,137940840,146064248,129665618,109521565,124669046,181528064,119946393,122502861,122792459,140482005,118917742,139336509,117587723,194447188,111448739,102190837,115915534,100093129,112250516,104227327,293288741,100089257,710078183
110088296,589224487,176711042,135954340,198740749,133379370,157190045,133789381,185088829,137949942,146078521,129675943,109528055,124679813,181548653,119956919,122510894,122802339,140498185,118927324,139351203,117597599,194484034,111458229,102197578,115925108,100101735,112260798,104236983,293301591,100096904,710090382
110095839,589234870,176729043,135965064,198772025,133389187,157206559,133799945,185110697,137959400,146093146,129686630,109535214,124690104,181568464,119967384,122520867,122812447,140513688,118937262,139366192,117607928,194518057,111468403,102205928,115935118,100110100,112270867,104244081,293313591,100104196,710101975
110106083,589245474,176747283,135975896,198801756,133400418,157225817,133810671,185135994,137968964,146110232,129696732,109545586,124700887,181585749,119977486,122530260,122822627,140530928,118947559,139383213,117618716,194558533,111478755,102219211,115945734,100123093,112281426,104253371,293326568,100114337,710114962
110113299,589254941,176765177,135986147,198828904,133410572,157240933,133820903,185158810,137978046,146124569,129705739,109553181,124710273,181608703,119986816,122540155,122832593,140546206,118957424,139397446,117628413,194591636,111488680,102227804,115954965,100129905,112291151,104260080,293337717,100120926,710126347
110121554,589264475,176785911,135995100,198857088,133419886,157259732,133830115,185180967,137987667,146138871,129714742,109561258,124719716,181628739,119997116,122548694,122841941,140562133,118967329,139412867,117637975,194627879,111497165,102235569,115963776,100139410,112300349,104267238,293348810,100129304,710137306
110128281,589274255,176802368,136005343,198883975,133429483,157275417,133839831,185205388,137996977,146153571,129724006,109570187,124729680,181650623,120006273,122555997,122851301,140577971,118976181,139427299,117647643,194660331,111507072,102243628,115972986,100148729,112309391,104275423,293360639,100137828,710149182
110135450,589284096,176819193,136015592,198912000,133439618,157293690,133849602,185230033,138006930,146168690,129733106,109577084,124739346,181672645,120015897,122559570,122860840,140594346,118986660,139442424,117657622,194693447,111517386,102251473,115982892,100156406,112319378,104282733,293372035,100144765,710161217
110143437,589294500,176837752,136026370,198943402,133449760,157310223,133859976,185255173,138016950,146182720,129743457,109583923,124749674,181693405,120025651,122568235,122870806,140610207,118996623,139457090,117667605,194727164,111527518,102258320,115994259,100163011,112329859,104292002,293385123,100151833,710174427
110150516,589304955,176857145,136035660,198971395,133459976,157328668,133869242,185277656,138026760,146199258,129752614,109593635,124759252,181710129,120034245,122577288,122879731,140626961,119006835,139472562,117676850,194762679,111537647,102267440,116004089,100171417,112339805,104300765,293396701,100158930,710186243
110157703,589315358,176878313,136046431,199001908,133470289,157346848,133879403,185301666,138037331,146214457,129761989,109600805,124769183,181726466,120044431,122586175,122888854,140642844,119016648,139487212,117687579,194796206,111548061,102275201,116014863,100179087,112350348,104307709,293408821,100165941,710198706
110165480,589325945,176895087,136056374,199030074,133480831,157364116,133890092,185323679,138047477,146229884,129771947,109606906,124779299,181750116,120054623,122594518,122899881,140659115,119026584,139502294,117697422,194830552,111558602,102281707,116025015,100185859,112360812,104316951,293421664,100172923,710211440
110173732,589336243,176913982,136066744,199059826,133491327,157380198,133899527,185346780,138057937,146244194,129782553,109612656,124789420,181768565,120064195,122603182,122909427,140674670,119037374,139516739,117708157,194865106,111567994,102288267,116035961,100192257,112370810,104325071,293434426,100180428,710223721
110182047,589346433,176931753,136077599,199091208,133500550,157398493,133909474,185369621,138067687,146259162,129792526,109621836,124799082,181788320,120074072,122612721,122918709,140690733,119046839,139531418,117719103,194899546,111577925,102297102,116046277,100201836,112380841,104333145,293446483,100189308,710235239
110190184,589356280,176949857,136087457,199120443,133510311,157415314,133919056,185395888,138077495,146274085,129802309,109630168,124809512,181810197,120084880,122623556,122928135,140706808,119056801,139547062,117728452,194933862,111587080,102306765,116056872,100209301,112390385,104340666,293457918,100196478,710246714
110198574,589365358,176964193,136096901,199151493,133520113,157431939,133928079,185419935,138086550,146288752,129812007,109638087,124818749,181828732,120094073,122631987,122937037,140722860,119066035,139561518,117737521,194967169,111595983,102319466,116066592,100217792,112399950,104347702,293468944,100202970,710257436