60293702,250123235,89407489,74208173,97904934,74541389,79693196,73727827,93912657,76520319,75673315,70960434,59012320,65997772,86392774,62107497,68675693,62589687,72086818,63492768,69826228,61054025,92800196,57600654,52368072,59073129,52728974,59471206,56113548,189474289,55245176,520879772
60300883,250140077,89418851,74225862,97925811,74558266,79718517,73745862,93946106,76537663,75701054,70977996,59015867,66008069,86393847,62143040,68681168,62598434,72108369,63495697,69847830,61068157,92872429,57613870,52376368,59095075,52735997,59490537,56118778,189496649,55248412,520884206
60308454,250156149,89431538,74242710,97945973,74574704,79745714,73763174,93985280,76554334,75730370,70994632,59020986,66043121,86394829,62177136,68687366,62615734,72130806,63500719,69872436,61070050,92951015,57625800,52382246,59106077,52746345,59506660,56133224,189514232,55251591,520895775
60313510,250172226,89442933,74258925,97972966,74591662,79769515,73779217,94020232,76571030,75760094,71011177,59024549,66073833,86395878,62197884,68692469,62626367,72156336,63532726,69898872,61082495,93031286,57645518,52384692,59125501,52751657,59520835,56137659,189524523,55253785,520911096
60328461,250187633,89453509,74275308,97991765,74608426,79796675,73795834,94054574,76587043,75789854,71027384,59033028,66095314,86396825,62204382,68698694,62634764,72182034,63542306,69924930,61134319,93110074,57660991,52390145,59133085,52770281,59534804,56141650,189533163,55260964,520926375
60334287,250203744,89464576,74292039,98016285,74625199,79821560,73812404,94088045,76603302,75819091,71043854,59045833,66105186,86397945,62213271,68703862,62638902,72206988,63550323,69950906,61149068,93185758,57673106,52400060,59176471,52777230,59559575,56157576,189545921,55268881,520941097
60337310,250219477,89475508,74308224,98036048,74641704,79848641,73829081,94122902,76619563,75847927,71060319,59047978,66126014,86399213,62244860,68708258,62665404,72233386,63572631,69977610,61163392,93265256,57691973,52403983,59192693,52780702,59585941,56158523,189558823,55270490,520956628
60340061,250235102,89486530,74324435,98057475,74658302,79873753,73845546,94158417,76635860,75876299,71076558,59051316,66159161,86400570,62270236,68712373,62700178,72259416,63591128,70003996,61179216,93341917,57712882,52406480,59209360,52783324,59600930,56161483,189572466,55272890,520972605
60345061,250251082,89497376,74340622,98086825,74674895,79900571,73861910,94195944,76652343,75905369,71093400,59054449,66173185,86401431,62284539,68718402,62717131,72284936,63636213,70030719,61196737,93419368,57731253,52412202,59223907,52787406,59617430,56166969,189586256,55276076,520987769
60349103,250266917,89508857,74357036,98107153,74691429,79925008,73878492,94229713,76668717,75933164,71109893,59057107,66206446,86402488,62307007,68722946,62733907,72310926,63658373,70056284,61218724,93496404,57749309,52414084,59242619,52789506,59633553,56169267,189604012,55277703,521003104
60351567,250282893,89518570,74372738,98135778,74708045,79953037,73894561,94267342,76684897,75962657,71126247,59059636,66238233,86404204,62338018,68728280,62760604,72337550,63681596,70082582,61238805,93576300,57771288,52414819,59257403,52791075,59646918,56170417,189616433,55279419,521018820
60353660,250298493,89529270,74388694,98164546,74724774,79978957,73910769,94302665,76700911,75992189,71142344,59062902,66262426,86405557,62388726,68731804,62778901,72363374,63701529,70109108,61255502,93653872,57791388,52416535,59273811,52792988,59662415,56171866,189628632,55281505,521034704
60359236,250314804,89539936,74405098,98183685,74741257,80007724,73927427,94337549,76717444,76021470,71159144,59066039,66289669,86406663,62416653,68738467,62806398,72389542,63714639,70135505,61276725,93732727,57807195,52419847,59289697,52797824,59676412,56174582,189643084,55283583,521050713
60361155,250330651,89555109,74421275,98208907,74757333,80035257,73943707,94375422,76734211,76049764,71175020,59068967,66333912,86408040,62443616,68742916,62815002,72415262,63737560,70161361,61296473,93811916,57823965,52421157,59311402,52798832,59693501,56176916,189657590,55285422,521066212
60363317,250346492,89569368,74437523,98237272,74773538,80061603,73959753,94414018,76750416,76077793,71191387,59071104,66371818,86409242,62476723,68746672,62850874,72440694,63750021,70186479,61305955,93892210,57836642,52422237,59329274,52799841,59712343,56178494,189674103,55287481,521081448
60365473,250361882,89580816,74453475,98262209,74789463,80089509,73975586,94447052,76765960,76107397,71207642,59073453,66412478,86411500,62502833,68751901,62873059,72466418,63766429,70213995,61327136,93969297,57853487,52423411,59348084,52801019,59727589,56179711,189692379,55289226,521097777
60367356,250377420,89588162,74469867,98286203,74806073,80114349,73992075,94482230,76782486,76137381,71224367,59076319,66458429,86412677,62524433,68753932,62883154,72492246,63780854,70240983,61341895,94047778,57872036,52424649,59368802,52802124,59748626,56180802,189721541,55290584,521114611
60369729,250392954,89601720,74486126,98311882,74822354,80141194,74008274,94518794,76798397,76166222,71240861,59078863,66481449,86414231,62562526,68758841,62921420,72518422,63794228,70267076,61355235,94127124,57887459,52426122,59390159,52803944,59765789,56182533,189738812,55293081,521130076
60372467,250408422,89614269,74502074,98334338,74838212,80165075,74023716,94554092,76814389,76194994,71257195,59081704,66495418,86415295,62583945,68764156,62963081,72544653,63829484,70293180,61375944,94207783,57903069,52427631,59404264,52805356,59779451,56184492,189760346,55294931,521145371
60374266,250424352,89628424,74519022,98362451,74854602,80195874,74039824,94591195,76830720,76223398,71273497,59083919,66516759,86416629,62605927,68768859,62995066,72570018,63855101,70319378,61394040,94286101,57909775,52428762,59440033,52806305,59791567,56185777,189777971,55296729,521161396
60376355,250439831,89639738,74535111,98383629,74870221,80221571,74056342,94625240,76846524,76252032,71289733,59087006,66542856,86418129,62650889,68769789,63014705,72595389,63869083,70345292,61413896,94364340,57928778,52429836,59459865,52807498,59806139,56187139,189793990,55298368,521177447
60378338,250455403,89650333,74551446,98415315,74886274,80250120,74072811,94663977,76863101,76279690,71305883,59090247,66563952,86419105,62687552,68774753,63044231,72621130,63883175,70371709,61438143,94444297,57949109,52431195,59473059,52808741,59827622,56188711,189806377,55300118,521193752
60380105,250471084,89659989,74567069,98442797,74902433,80273637,74088797,94700739,76879057,76309099,71321861,59092709,66588420,86420819,62704206,68780382,63064454,72647264,63911169,70398881,61463688,94523063,57979846,52432685,59489362,52809944,59844991,56189935,189821751,55301879,521209509
60381963,250486134,89672931,74582548,98466932,74918407,80302497,74104599,94734485,76894626,76338635,71337826,59095341,66644010,86422205,62723497,68785563,63088882,72673083,63920907,70425713,61477608,94602131,57998081,52433994,59507375,52811210,59864072,56191289,189839472,55303496,521226029
60384273,250501882,89684399,74598589,98492938,74934965,80328307,74120526,94771511,76910871,76366298,71353651,59098394,66672308,86423042,62762662,68787824,63111371,72699213,63937165,70451373,61501583,94682468,58011810,52435853,59518967,52813162,59876925,56193472,189858745,55305973,521241841
60386241,250517795,89697707,74614777,98514459,74951479,80353212,74136553,94806109,76927006,76394770,71370343,59101125,66695517,86424109,62785539,68791058,63128994,72724871,63952787,70477106,61519168,94761529,58044953,52437218,59539471,52814718,59898566,56195533,189877009,55307793,521257650
60387817,250533697,89711355,74630668,98538197,74967388,80378032,74152865,94838150,76943124,76423040,71386243,59103407,66733211,86425291,62796876,68796269,63148484,72751117,63969887,70503401,61542834,94840863,58082978,52438232,59555726,52815539,59915950,56196535,189889416,55309376,521273323
60389669,250549384,89721751,74647198,98564292,74983638,80403757,74169014,94872733,76959280,76452913,71403013,59106054,66746194,86426252,62820241,68801509,63165933,72776733,63985487,70529995,61567243,94920718,58133087,52439340,59572186,52817110,59935886,56197843,189903596,55311426,521289150
60392218,250565056,89732268,74663259,98580323,75000063,80427169,74185455,94904171,76975511,76481445,71419389,59108331,66773364,86427514,62848201,68807577,63195979,72802310,64007833,70556314,61578386,95000287,58155190,52442010,59585380,52818273,59952465,56199823,189922417,55313358,521305347
60394330,250580882,89744359,74679044,98611023,75016290,80452033,74201031,94940835,76991262,76510554,71435588,59110956,66807828,86429297,62874451,68812389,63214190,72828734,64030893,70582073,61589786,95080326,58184006,52443050,59606338,52819686,59972078,56200930,189938054,55315185,521321001
60399435,250596464,89757572,74695048,98628650,75032829,80479375,74216874,94977152,77007454,76539394,71451934,59115049,66811875,86430261,62906842,68819214,63223201,72854460,64047813,70607884,61611357,95158056,58197470,52448768,59646960,52827511,59985974,56204437,189954695,55317920,521337020
60400709,250611773,89768787,74711160,98650921,75048576,80503946,74232969,95010493,77023085,76565659,71468033,59117110,66836912,86431494,62942904,68820602,63233264,72878261,64076620,70631464,61632731,95232300,58205916,52449234,59665262,52827958,60003748,56204820,189975222,55318938,521351664
60403978,250627456,89781216,74726925,98672948,75064670,80529444,74248654,95044433,77039103,76591290,71483839,59121589,66858217,86433379,62952438,68823497,63247351,72903576,64131913,70657252,61648736,95308121,58218096,52454127,59674970,52836865,60022563,56209498,189988487,55321093,521366486
60408030,250643338,89791260,74743398,98700250,75081049,80557378,74265089,95079871,77055591,76619812,71500498,59124308,66877219,86434655,62977733,68828518,63298782,72929569,64144098,70683151,61659193,95388001,58231903,52457782,59690610,52839862,60045203,56211598,190004170,55323179,521382055
60409335,250658770,89804084,74759659,98725455,75097126,80584067,74281469,95118750,77071983,76649386,71516477,59127684,66898079,86436100,63002177,68834390,63318806,72954869,64172454,70709680,61673121,95465341,58250788,52458624,59703686,52841879,60080296,56213150,190022295,55324555,521398782
60411152,250674336,89815723,74775434,98752901,75112831,80609419,74297202,95155464,77088156,76679242,71532849,59130957,66931740,86437570,63014127,68839016,63359443,72980669,64199247,70735948,61699896,95543596,58263090,52459831,59718629,52843300,60098154,56214001,190034928,55326105,521414448
60414587,250690247,89825211,74791682,98777480,75128892,80637215,74313386,95191545,77104348,76707683,71549055,59135807,66957163,86438463,63054662,68844949,63385056,73006141,64218327,70763059,61715906,95623353,58279832,52463615,59739400,52847096,60105856,56216809,190045268,55329275,521430558
60417002,250706405,89838806,74808333,98802799,75145377,80663925,74329794,95227575,77120863,76736491,71565675,59138438,66985779,86439583,63078997,68849805,63405872,73031404,64230925,70788863,61747142,95702662,58294914,52464510,59755928,52850092,60127902,56218328,190061224,55330795,521447049
60418533,250722055,89848895,74823896,98829171,75161442,80691148,74345877,95262333,77136509,76765009,71581729,59141338,67007822,86441358,63115564,68850014,63428894,73057306,64252110,70815221,61784304,95781528,58306346,52465378,59766672,52850981,60144627,56219135,190078049,55332153,521462470
60421022,250737793,89861181,74840274,98858183,75177733,80720210,74362606,95301916,77152937,76793687,71598367,59144060,67040889,86442518,63129315,68852384,63448006,73083150,64267436,70841364,61810445,95861812,58333159,52467732,59786024,52852647,60170736,56221094,190093911,55334315,521478340
60422922,250753546,89873828,74856336,98881747,75193534,80749734,74379193,95335827,77168758,76822884,71614431,59146493,67080345,86444329,63159882,68856827,63465239,73108798,64281499,70868416,61830490,95940980,58349903,52469277,59801513,52854518,60194838,56222975,190112020,55336832,521494526
60424559,250769377,89885036,74872505,98906308,75209596,80777681,74395183,95368560,77184844,76852216,71630186,59148623,67120873,86445333,63184743,68862332,63487921,73134627,64304531,70894966,61844750,96021639,58362667,52470353,59825623,52855499,60210645,56223984,190127365,55338577,521510254
60426132,250784569,89893755,74888482,98923061,75225768,80803332,74410803,95405938,77200436,76881359,71646708,59151246,67167088,86446616,63199256,68868617,63515366,73160917,64319655,70921902,61876077,96102343,58382503,52471618,59842128,52856470,60224098,56225564,190142509,55340294,521526628
60428452,250800121,89905726,74904219,98949079,75241644,80831451,74426843,95442994,77215905,76909922,71663049,59154747,67187863,86447722,63232997,68873980,63533896,73186595,64355868,70947548,61892012,96182317,58401952,52473156,59862220,52858546,60234299,56227098,190162197,55342086,521542742
60430612,250815259,89918564,74919691,98972005,75257635,80860637,74442991,95480623,77232123,76939025,71679052,59157149,67205508,86449036,63253003,68878945,63555419,73212484,64389262,70974386,61921948,96260654,58417770,52473905,59877740,52859334,60252787,56228221,190183760,55343771,521559250
60432266,250830877,89928305,74935538,99003184,75273801,80887557,74459051,95520712,77248308,76967664,71694967,59159448,67226075,86450113,63297724,68883426,63573010,73238481,64421961,71001752,61942887,96340129,58433932,52474552,59889437,52860299,60274087,56229232,190194007,55345071,521575121
60436306,250846466,89938949,74951662,99028209,75290029,80917502,74475080,95552889,77264422,76996279,71710992,59163169,67244007,86451144,63330129,68890197,63599791,73264213,64438796,71027513,61969420,96419164,58454097,52480349,59900801,52862888,60285393,56233233,190212653,55348000,521590377
60439233,250862257,89950779,74967658,99055314,75306016,80940262,74491165,95586910,77280331,77026383,71727392,59165917,67268166,86453246,63391988,68896025,63624319,73289932,64452161,71054112,61980348,96497317,58473859,52487704,59912685,52864848,60297150,56234870,190220632,55350015,521606724
60441180,250877551,89965251,74983549,99077652,75322440,80965936,74506882,95623591,77296443,77055514,71743233,59168401,67288585,86454202,63434251,68901583,63646799,73316300,64472825,71079985,61997303,96577764,58492908,52488338,59938459,52865617,60312027,56235738,190234070,55351400,521623027
60443107,250892994,89977024,74999667,99099480,75338675,80993188,74522699,95660921,77312308,77084974,71759137,59171229,67309281,86455943,63470716,68902826,63689805,73341487,64487306,71106587,62014998,96656082,58512144,52489534,59953280,52866816,60331228,56237692,190244141,55353224,521638704
60445373,250909408,89987263,75016314,99125231,75354680,81021130,74538971,95696439,77328206,77115110,71775573,59174379,67337048,86457349,63495019,68903029,63707407,73367498,64502595,71132903,62039724,96736087,58533292,52491613,59991139,52868768,60346301,56239728,190255274,55356044,521654554
60447075,250925083,90005331,75032439,99152786,75370988,81049753,74555541,95732232,77344396,77144507,71791762,59176762,67372685,86459116,63516529,68906282,63721606,73393436,64520947,71159107,62054787,96815350,58567064,52492666,60013321,52869738,60366602,56240999,190267370,55357936,521671448
60448304,250940379,90020919,75048718,99179702,75387175,81076326,74571334,95768587,77360502,77172764,71807721,59178717,67409842,86460075,63532545,68911351,63738871,73420004,64541712,71185747,62069737,96895378,58596707,52493026,60035790,52870081,60384876,56241752,190286732,55359293,521688204
60450998,250955967,90031360,75064579,99202425,75402851,81099538,74587275,95804330,77376712,77202179,71823297,59181986,67443814,86461519,63571860,68917421,63764987,73446289,64557128,71213200,62085126,96974011,58618396,52494694,60055135,52872539,60400533,56243635,190300277,55361591,521704761
60453252,250971819,90042423,75080895,99228459,75418676,81128924,74603538,95840556,77392947,77232087,71838962,59184632,67466836,86462712,63608943,68922807,63790818,73472023,64584172,71239319,62092597,97053682,58640261,52495384,60070410,52873884,60423325,56244932,190317714,55363315,521720807
60455056,250987355,90052756,75096729,99255610,75434403,81156722,74619263,95876296,77408410,77259652,71854597,59187131,67532998,86463885,63619862,68927931,63805384,73497825,64591366,71265659,62108215,97130948,58651685,52495841,60094063,52874827,60441566,56245612,190340365,55364762,521737430
60457025,251002984,90065069,75112941,99279673,75450650,81185831,74634999,95914217,77424960,77288498,71870726,59190404,67578176,86464969,63648378,68934557,63819008,73522795,64603717,71291759,62120094,97209575,58672076,52498119,60107770,52877873,60462498,56247874,190358980,55367160,521753448
60458932,251018225,90074064,75128386,99306845,75466795,81213107,74650923,95951047,77441066,77316571,71886624,59192946,67606156,86466462,63694504,68939564,63839337,73548992,64618583,71318589,62138945,97290211,58690886,52499872,60117091,52879332,60483103,56248883,190376203,55368981,521769412
60460454,251033928,90084265,75144418,99324329,75483009,81239904,74666672,95983871,77457200,77345942,71902407,59195846,67639694,86468001,63710727,68942778,63861209,73575376,64652686,71345302,62158198,97371090,58713738,52500715,60137301,52880079,60501808,56249453,190388375,55370514,521785946
60462300,251046841,90092629,75157494,99340079,75496426,81262150,74679660,96012196,77470287,77369221,71915362,59198521,67656400,86469513,63752874,68943004,63886212,73596052,64672805,71367493,62173819,97436281,58723569,52501560,60149344,52880784,60514117,56250534,190397049,55371865,521798802