626,8013,25963,8315,28675,7908,13480,8338,21449,8068,9174,8136,663,6129,30987,3495,1992,1621,3623,2565,3183,4832,10723,3084,2713,3713,710,5091,610,5885,816,2259
833,7879,26739,8181,30107,8201,15452,7919,21683,8588,11185,8523,939,5879,31533,5597,2234,1966,5131,5435,4996,5604,11433,4171,821,3008,636,4264,669,5559,717,2941
446,8779,26735,8649,29308,8200,14422,8249,21703,8268,11213,8591,526,9461,30374,4346,2193,2394,5351,8549,5128,8378,13040,1015,345,3387,225,3368,329,2639,478,3029
1399,8625,27698,8475,29991,8853,15513,9096,22713,8936,11353,8877,1244,3628,32077,2759,2953,2448,5731,8276,5421,7316,13287,3336,1011,5483,1254,3426,1104,4961,1212,2653
1248,8443,27386,8523,31129,8940,16292,8648,22722,8840,10616,8791,802,5505,33186,5013,2194,2749,5463,4401,5138,7350,12579,6903,255,3682,436,7208,567,3362,778,3070
509,8769,28264,8939,30624,8753,17075,8609,21209,8410,12527,8924,639,4366,31537,5698,1850,2925,5121,4560,5292,3168,12001,7101,326,6506,617,5895,322,5113,524,3098
717,9231,27794,9294,31110,9276,16256,9293,22576,9033,11210,9462,609,6111,32016,7524,2226,3244,5460,5390,5222,7200,12327,5708,554,6086,559,3361,744,1565,577,2981
643,8599,26410,8888,28994,8713,15789,8953,21389,8853,11689,8574,789,9538,30937,3937,2354,4027,5183,4632,5098,5620,11682,4726,439,2475,388,2542,375,4822,725,3222
644,8696,27727,8387,30657,8577,16021,8794,22680,8846,11446,9054,1007,6332,31433,2496,3409,1843,5549,7716,5367,3388,11947,5454,1047,3598,618,3207,3381,5940,689,2789
731,8910,27913,8873,30364,9285,16958,9063,22335,9098,12284,9218,938,6073,30995,3665,2600,4889,5323,5672,5336,4209,12233,884,1199,3674,630,4210,4612,3777,735,3179
931,8964,27545,8635,30378,9088,17308,9104,23105,9283,10832,9497,780,8885,31433,4650,1964,3129,5566,3515,5294,6033,11592,4557,948,5858,1315,5371,679,2881,744,3012
722,9003,28889,8532,31115,9254,14788,9198,23083,9053,11886,9177,773,8151,32891,8564,2108,4585,5528,4582,5467,3229,11955,4657,481,3416,544,5768,730,2280,773,3127
638,9144,26728,8513,30433,8852,15917,8785,22484,9169,11510,9123,697,3611,31362,6105,1698,3591,5346,9558,5114,2145,12048,7818,243,3074,472,4954,393,3198,710,2891
901,8850,27050,9114,30448,8777,15597,8720,22654,8673,11137,9421,707,6641,29991,5497,3085,4098,5509,6440,5194,3195,11835,4933,924,7220,686,1744,731,2152,1262,2785
1338,8884,27975,9192,31328,8981,16828,9043,23210,9448,11159,9126,3060,12569,32950,3358,2130,2875,5576,5448,5409,5344,11926,3883,1909,2984,727,1827,755,2370,1417,3008
804,8936,27647,9042,30507,9202,15662,9187,22273,9272,11290,9198,847,5542,32159,3747,2016,2919,5649,9857,5455,6146,11541,1350,595,3505,684,3901,733,7531,1105,2935
741,8676,27427,9071,31082,9305,16311,8594,21891,9397,11330,9417,758,6825,32083,6294,1795,3394,5543,2545,5028,5560,11306,6044,385,4498,514,4954,575,5381,777,3515
732,8836,26404,8645,30096,8695,16745,8593,22088,8894,9923,9044,481,4096,30180,3899,2240,5922,5386,4757,5020,8422,11342,3061,396,6376,348,2896,412,4523,521,2763
508,8656,27265,9167,30220,8593,15750,9042,21966,9068,11026,8904,795,4658,31002,3436,1828,6848,5346,5509,5200,3413,10957,3332,329,5852,185,3821,851,6257,475,3459
1100,8567,26872,9153,30701,8745,15594,8952,22717,8934,10745,8783,805,10520,32428,3091,2098,5418,5669,4280,5128,7031,11936,3635,633,5699,545,3005,520,1393,743,3446
608,8558,27289,8717,30335,8811,16260,8914,21041,8760,10643,8938,676,10481,29366,5594,2399,5125,5298,3676,5215,2184,10957,2672,1025,8136,290,3414,394,1553,562,4570
963,8600,27927,9027,31488,9377,15838,9071,23801,8983,10050,9228,718,3111,32809,4966,2248,1338,5715,4168,5288,6833,11891,5179,654,4488,598,11780,921,3255,723,2770
855,8924,27392,8949,30998,9215,16779,9339,22957,9325,10119,8945,872,6088,31658,5443,1780,1843,5499,2768,5201,8512,11458,8326,437,2685,531,5373,617,3952,756,2925
1797,8892,27376,9308,31298,9050,15789,8904,22556,9198,11141,9317,1077,2341,32399,4784,2053,9157,5461,3634,5136,7432,11511,5577,605,6147,252,2432,466,3545,659,2919
576,8659,26186,8626,30988,9049,16832,8986,22630,8997,10961,8886,682,2939,32340,6369,2827,2243,5552,10176,5083,1824,11863,382,593,8487,364,8520,778,2869,431,2543
1178,8620,28131,9185,31351,8931,17257,8850,23184,8629,11653,8989,869,7943,32655,3400,2268,3566,5414,7793,5266,3829,10937,5412,620,5261,832,4729,634,2840,870,2963
1036,9153,27540,9263,30308,8842,16078,9099,22732,9220,11687,9061,842,7700,32177,3840,1956,4458,5771,6197,5237,3430,11780,7751,597,4460,528,3103,520,3268,676,2641
869,9019,27035,8475,28047,8828,14476,8879,20675,8692,10806,8921,637,5282,30948,2491,2513,3858,5313,3388,5162,8662,10984,2498,549,7746,395,3113,448,5787,617,2612
876,9070,27222,8804,31037,9393,16646,9111,22532,9242,11481,8869,1037,7125,32894,5106,2573,4871,5470,3035,5196,7490,12089,2132,684,6487,571,4591,541,4358,745,3084
998,8275,27675,8313,29836,8376,16203,8323,22199,8062,10137,8698,1144,5041,32141,4028,2227,10136,5366,9427,5223,4991,11474,1934,807,2134,662,2707,564,2537,686,2582
937,8540,27217,8634,29488,8769,17145,8565,22100,9336,11174,8505,598,3459,31777,3427,2406,10077,5340,8360,5233,2630,10976,8508,677,1780,1014,1605,995,3588,1048,2716
793,8553,26901,8436,29324,8708,13957,8813,22063,8772,11533,8813,764,3058,31815,5683,1776,10701,5391,7158,5020,3595,11572,7418,544,2295,514,1140,412,1496,945,2490
806,8411,26834,8785,30786,8714,15284,8645,20831,8910,11047,9114,1013,8432,32955,7213,2294,3843,5568,3393,5044,5452,12116,2408,512,3992,830,5072,755,4240,831,3027
942,8594,27702,8932,29949,8582,16067,8509,22125,8820,12961,9205,831,2033,31639,2002,2013,5350,5246,4696,5211,6321,11111,3105,390,10270,564,4958,745,5817,859,2995
740,8888,27669,8769,30446,9125,15575,8940,22641,8886,11738,8713,389,4621,31320,6045,2054,5770,5436,4596,5206,4789,11525,5211,343,5847,573,5656,491,1582,559,2921
977,8999,26638,9022,30727,8951,17215,9145,23039,8729,11906,9125,790,4982,31504,2538,2014,5747,5396,4874,5092,5854,10705,3707,194,7884,385,2397,452,6421,682,2837
609,8358,26681,8134,30448,7987,15357,8363,21959,8093,10506,8593,644,5711,32449,10286,2043,5435,5234,5168,5158,6366,11340,3712,391,2427,410,3312,406,1847,700,2928
634,8722,26753,9029,29654,8945,15734,8418,21701,9030,10246,8859,755,8432,31373,2316,1861,5332,5536,3745,5075,3004,11653,4691,379,3907,291,9107,373,2890,520,2737
729,8179,27196,8346,30639,8603,15852,8617,22165,8763,11285,8283,686,8748,30229,6788,1991,5603,5341,3349,5170,8204,10874,3180,172,2655,386,3035,369,3104,991,2853
586,9018,28092,8562,30980,8660,16929,9102,21219,8898,10940,8952,646,5104,32709,7625,1930,2571,5349,8792,5331,2505,11464,3299,285,3401,307,7286,443,3890,563,2888
1083,7563,27674,7608,30464,7661,16922,7936,23513,8047,10965,8133,2383,1526,33448,7508,2969,6058,5529,3706,5300,2808,11885,3414,930,3276,3444,7948,948,2290,1073,3057
747,8103,26451,8508,31351,8849,16557,8605,22594,9475,9845,8792,1372,8463,32675,4356,2181,7700,5436,3746,5020,2769,11608,5482,562,4842,595,4161,405,3150,581,3156
856,8828,27231,8674,30545,9266,14838,8721,22063,8904,9926,8897,1096,11378,31931,3345,2578,3839,5535,4832,5259,7714,11647,1689,337,3049,338,6088,354,2482,673,2734
742,8952,27954,8988,31450,9200,15912,9200,23152,8995,10308,9178,1304,5775,32554,6195,2469,2457,5640,4494,5326,3458,11677,4731,522,8406,484,8288,348,1171,666,2794
994,7408,25893,7478,29314,7523,13609,7497,21616,7559,11604,7583,877,5999,29385,2682,2603,5243,5227,4811,5125,3351,10927,4554,452,4950,685,7318,591,3726,632,2710
864,8256,27303,8266,30786,8511,14393,8684,22622,8778,11089,8849,859,7353,33522,6311,2716,5677,5751,5249,5384,2547,12350,4531,655,3219,701,5493,618,3886,773,2959
713,9019,27155,8886,31455,9200,17255,9233,22867,9007,10852,9496,803,9729,32163,4937,2361,4108,5270,5422,5091,3995,11199,6014,1182,5022,430,4715,493,1843,435,2877
1191,8635,27155,9146,31019,9033,15511,9041,22594,9220,9964,8957,1086,8942,31710,7004,1664,3772,5440,4417,5094,8828,10754,3336,632,3008,682,2570,872,2566,690,2780
764,8648,27018,8310,30730,8837,16677,8509,22651,8469,11808,8668,1117,6591,31495,7789,2429,4657,5437,5265,5428,5978,11448,3025,1054,3341,417,3568,459,2535,600,3042
904,8194,27945,8973,30407,8746,16238,8262,22147,8439,11962,8268,848,5140,32850,3740,1881,3535,5478,9509,5282,5676,12160,4053,315,2307,426,6247,519,3737,741,2799
722,8694,27654,8938,30806,8841,16336,8728,22971,8885,11595,9325,893,7862,31576,5196,2095,4068,5576,6223,5088,6276,11731,3391,350,6494,478,3735,326,2007,650,2850
521,8576,27547,8785,30429,9027,16913,9060,23133,8671,10384,8754,941,11308,31594,5242,2236,3325,5567,5209,5199,6139,10943,1191,401,3381,534,4898,368,4151,424,2892
662,8245,27207,8908,30363,8228,16735,8535,21341,8614,10735,8665,913,7853,31626,6779,2391,2921,5298,11020,5057,5706,11458,1692,436,2190,465,2114,413,4210,844,2759
725,8748,27048,8948,30712,9167,14918,8677,21541,9088,10911,9531,1136,9961,31895,2899,2308,5166,5247,2505,5236,3873,11137,4625,551,6306,455,4333,359,3998,702,2836
766,8590,27364,8579,30259,8570,16305,8290,22627,8521,12041,8410,1771,5807,33305,7911,2051,8611,5359,3940,5039,5249,11742,3170,698,3841,356,3270,939,788,627,2928
606,8796,27013,8948,30038,8967,15189,8997,22406,9268,10931,9013,1724,5842,31197,10375,1115,3142,5579,2167,5156,5023,11486,3228,1186,4648,242,2472,2562,1795,416,2787
742,8869,28173,8744,30641,9103,16203,8805,22947,8988,11570,8477,828,6422,33489,9343,2154,2569,5567,2719,5388,4248,11765,3366,559,7271,618,3446,701,4676,741,3387
820,9071,27297,8582,29949,8950,16755,9113,22782,9049,10371,9272,810,8208,32521,6709,2025,7310,5527,5004,5208,4524,11497,2206,721,3034,478,4066,312,3019,740,3019
852,9093,27655,9083,29924,8812,16733,8786,22882,9496,10974,8852,1154,3098,32573,6163,2309,2445,5418,7634,5267,5032,11596,4073,722,8987,544,2439,1145,2498,894,3014
