58585820,244253985,75781546,66957502,76541473,65286790,66657877,64630389,74872452,65633505,64086008,61093141,57260853,56596972,71665848,53588380,66207106,54325349,62065817,55052173,59783181,53182166,66353189,50188605,50977306,51594053,51347138,51951160,54747589,183783610,53877056,515416458
58587114,244270025,75815558,66974218,76579005,65302701,66674429,64647131,74900434,65649807,64097478,61109620,57261930,56609530,71706827,53595814,66209807,54328812,62072799,55057686,59789565,53192037,66373124,50194870,50982884,51601668,51348648,51961468,54748942,183795483,53878457,515420733
58588692,244285916,75851140,66990796,76618860,65319247,66693636,64663224,74929413,65666988,64111985,61126590,57263338,56621470,71749289,53606891,66212725,54332491,62082577,55068386,59799369,53203830,66394489,50203515,50984305,51607537,51349701,51970260,54750120,183806953,53879852,515426123
58589587,244303421,75886648,67007736,76657567,65335529,66711500,64679628,74958148,65683741,64126682,61143849,57264034,56641061,71789993,53615638,66214843,54337293,62092648,55085852,59809306,53220484,66418229,50205544,50984985,51614434,51350129,51977371,54750767,183812160,53880698,515432181
58592415,244320552,75923188,67024922,76697423,65353369,66730950,64697840,74988340,65701630,64141208,61161597,57266239,56647511,71833042,53621209,66218720,54342612,62103461,55103515,59819823,53234588,66442486,50211942,50986987,51626429,51352623,51984594,54752870,183821957,53882989,515437286
58594888,244337821,75959493,67042281,76737990,65371252,66751332,64715215,75017767,65719537,64154874,61179576,57267547,56658107,71877769,53632708,66221590,54348393,62113805,55110600,59829774,53249802,66465599,50227053,50987481,51632921,51353481,51999295,54753993,183828547,53884460,515443321
58595841,244355439,75997066,67060384,76778412,65389250,66772451,64732656,75046156,65736495,64171083,61197557,57268551,56668492,71919754,53642885,66223572,54354123,62123662,55119777,59840158,53255929,66487669,50241228,50988182,51648025,51354794,52009632,54754662,183839149,53885369,515449441
58597310,244373999,76033671,67078704,76819226,65407847,66792831,64751340,75075753,65754681,64185517,61216405,57269622,56680808,71962168,53658331,66226031,54360363,62133940,55130554,59850174,53270726,66510176,50251891,50989275,51658772,51355909,52017575,54756131,183842932,53886616,515455373
58598529,244390946,76068609,67096271,76857627,65425071,66812329,64768768,75104405,65771934,64200259,61233372,57270862,56701225,72004307,53665542,66228705,54369099,62143874,55140753,59860045,53283262,66532447,50262929,50990108,51662979,51356656,52021629,54756860,183851361,53887912,515461580
58599871,244408607,76105555,67113725,76898276,65442564,66832626,64787089,75134495,65790306,64215926,61251881,57272464,56710808,72046454,53670650,66233986,54372422,62154431,55158481,59870679,53287822,66554574,50271548,50993075,51670975,51357798,52030303,54764982,183864175,53889106,515467140
58601291,244426403,76142189,67131325,76938115,65461185,66853518,64805227,75163841,65808436,64231133,61270890,57274112,56723998,72086703,53680040,66237454,54382481,62164489,55166875,59880907,53299992,66576407,50273410,50994630,51679912,51359062,52036314,54772785,183871906,53890543,515473345
58603117,244444931,76179141,67148774,76979140,65479492,66875800,64823865,75195093,65826955,64244796,61289648,57275348,56743972,72130540,53691127,66240059,54388623,62175182,55174833,59891259,53309112,66597989,50283838,50996501,51689084,51361758,52050294,54774185,183876549,53891930,515479314
58604617,244462773,76217590,67165993,77020142,65498297,66893813,64841992,75225123,65845619,64260494,61308356,57276675,56757000,72173797,53707193,66242885,54398457,62185591,55186629,59901946,53315843,66619876,50294196,50997391,51697138,51362752,52059506,54775588,183882214,53893468,515485532
58605818,244481304,76252834,67183307,77060385,65515917,66913297,64860077,75254932,65863706,64275609,61326504,57277719,56766175,72214950,53719763,66244816,54404842,62195933,55204300,59911749,53320290,66642407,50310013,50997950,51705945,51363733,52069042,54776399,183887910,53894707,515491315
58608199,244498945,76288757,67201437,77100458,65533678,66933175,64877036,75284843,65880760,64289618,61345003,57280643,56783308,72256526,53727281,66249121,54412733,62206523,55218700,59922011,53327142,66664562,50319078,50999785,51717638,51365102,52071896,54777913,183891811,53898455,515496464
58610259,244516733,76325800,67219926,77142095,65551555,66954324,64895300,75315410,65900094,64303942,61363982,57284941,56808764,72299795,53734201,66251542,54418010,62217196,55229874,59932558,53337739,66686188,50325038,51003507,51724175,51366579,52077375,54779340,183900912,53899866,515502390
58611897,244534396,76362453,67238344,77182654,65569967,66974191,64913704,75345826,65918787,64318797,61381730,57286100,56816908,72344149,53742979,66254041,54424728,62227935,55246950,59943040,53352212,66708269,50329824,51004804,51733238,51367970,52086775,54780841,183914777,53902021,515508287
58613495,244552020,76397736,67255929,77222723,65588389,66993849,64930779,75373841,65937319,64332818,61400468,57287334,56829070,72385767,53757407,66256359,54434268,62238310,55252006,59952801,53362216,66728832,50341966,51005689,51740043,51369041,52093869,54782066,183925741,53903619,515514888
58614968,244569754,76434139,67274054,77263066,65606143,67013748,64948652,75403605,65955483,64345963,61419020,57288505,56837748,72426657,53762851,66258832,54446715,62248634,55261880,59962907,53379792,66750047,50349201,51006445,51755571,51369758,52101562,54783306,183933305,53904676,515520878
58616549,244587205,76469957,67292474,77303053,65623546,67034438,64966693,75432032,65973485,64360172,61436977,57290086,56851000,72468449,53771302,66261584,54458687,62259139,55275043,59973145,53387310,66770869,50355598,51007626,51764190,51370854,52108041,54785087,183945323,53906260,515528467
58618481,244604472,76505184,67310397,77343524,65641456,67054345,64984964,75462631,65991343,64372683,61454823,57291024,56873877,72511281,53777390,66264189,54472218,62269644,55282166,59982949,53399594,66793069,50360939,51009108,51779551,51371382,52113670,54786066,183947729,53907315,515534558
58620277,244621747,76542189,67328545,77384208,65659335,67073658,65002726,75491270,66008965,64386872,61472833,57292324,56889885,72551911,53790632,66267094,54478070,62280054,55289939,59993176,53404113,66814433,50368787,51011373,51793911,51372565,52125612,54787394,183952773,53908705,515543495
58622000,244639266,76578649,67346806,77425524,65678171,67094137,65021396,75522062,66027532,64399522,61491357,57293452,56895182,72595212,53799412,66269418,54482927,62290751,55298803,60003153,53420488,66836573,50380711,51012148,51801006,51373668,52148951,54788916,183958849,53909926,515549074
58623575,244657109,76614509,67365272,77466787,65696521,67115090,65039461,75551988,66046252,64413646,61509559,57295244,56909118,72636655,53812245,66271642,54486232,62301150,55303062,60013199,53438005,66856537,50396052,51013175,51808266,51374081,52155542,54789679,183967543,53911025,515555059
58626782,244674603,76650135,67382734,77507862,65714885,67135112,65057662,75581765,66064581,64426958,61527729,57296474,56911528,72680288,53824165,66274169,54506063,62311442,55312308,60023071,53447732,66878133,50403842,51014330,51822904,51374710,52164461,54790595,183974358,53912049,515560106
58628207,244692127,76686184,67400460,77548717,65732662,67156484,65075448,75612154,66082036,64441394,61545342,57297582,56918056,72723556,53831726,66277484,54507217,62321954,55337663,60033171,53456801,66899720,50406340,51015227,51840520,51375737,52177424,54792630,183979894,53913283,515565080
58630045,244709533,76722928,67418870,77589508,65750309,67177009,65093435,75643123,66100042,64456104,61563968,57298679,56941298,72767462,53838878,66280225,54520573,62332416,55344154,60043147,53460725,66921154,50421948,51016500,51847063,51376799,52187378,54793211,183982916,53914600,515570767
58632069,244727547,76758619,67437136,77627213,65767904,67195923,65111379,75670495,66117764,64470954,61582118,57300022,56952760,72809517,53844858,66282375,54526336,62342809,55359893,60053252,53468204,66941766,50433021,51017290,51860637,51377776,52196261,54794178,183990771,53915611,515575895
58633832,244745672,76794683,67453912,77667120,65786387,67215777,65129787,75699803,66136041,64485259,61599343,57301506,56960923,72852210,53848372,66285947,54533772,62353188,55364549,60063177,53493601,66962560,50437208,51018358,51876725,51378624,52200158,54795151,184005795,53916888,515580866
58635775,244763635,76831080,67471421,77707502,65804403,67236193,65146646,75729321,66153433,64499253,61617474,57302837,56976744,72895519,53862205,66288590,54547588,62363417,55377951,60073583,53500395,66985102,50440862,51019610,51883374,51379982,52211595,54796094,184010107,53918254,515587027
58637398,244779526,76868108,67488062,77746865,65821387,67256817,65163713,75758373,66170452,64513096,61634323,57304331,56982985,72939025,53869315,66291168,54571810,62373729,55396035,60083572,53510125,67006521,50451749,51021280,51886528,51381355,52212163,54797409,184017951,53919344,515592028
58639526,244798032,76904662,67505587,77786171,65839629,67276535,65181553,75787796,66189120,64528452,61652483,57305390,56992499,72981537,53876372,66294147,54592026,62383863,55412869,60093998,53516418,67026900,50468935,51022699,51888866,51383009,52215375,54799117,184022547,53921510,515597433
58640727,244814349,76939599,67522953,77825265,65856281,67294511,65198837,75817202,66206149,64542170,61669941,57306604,57002240,73025163,53896460,66296440,54605138,62394212,55422582,60103663,53523173,67048012,50476249,51023636,51895269,51384035,52221697,54799886,184030845,53923130,515602805
58642453,244831455,76976053,67540702,77865395,65873999,67314912,65215859,75844726,66224362,64557562,61688462,57308040,57011968,73068774,53900625,66298990,54613451,62404694,55429545,60113529,53539119,67070315,50484289,51024599,51913541,51385788,52233476,54801438,184037320,53924619,515608382
58644270,244849334,77011928,67558726,77905497,65892086,67334080,65233603,75874044,66242508,64573663,61706387,57309220,57020614,73111408,53909935,66301286,54624147,62414868,55437894,60123563,53549469,67091191,50493240,51025346,51928889,51386802,52242501,54802945,184045858,53926166,515614408
58645707,244867226,77047840,67576625,77945918,65910212,67354426,65252095,75904448,66259516,64588712,61724430,57310026,57028992,73152279,53917988,66303463,54638985,62425311,55449893,60133858,53556797,67111550,50500968,51026019,51942395,51387828,52250003,54803919,184057042,53927303,515620038
58647806,244884268,77084541,67593068,77986914,65926669,67373701,65269405,75934760,66276008,64603722,61741687,57311440,57044587,73196279,53929970,66306066,54650812,62435548,55458540,60143754,53570146,67132412,50508164,51026471,51951314,51388666,52257310,54804835,184061630,53928738,515625789
58649366,244901913,77119280,67611222,78026344,65944546,67394793,65286662,75962576,66294069,64616638,61760002,57312573,57056433,73239350,53944784,66308800,54659882,62445594,55469562,60153865,53579859,67153465,50518082,51027780,51958148,51389853,52267697,54806087,184068624,53930293,515631783
58650716,244918345,77155298,67628083,78066210,65961561,67414143,65303294,75991932,66311920,64631021,61776698,57313719,57073321,73278530,53953944,66310778,54674213,62456166,55476002,60163850,53589345,67174533,50524706,51028139,51964634,51390608,52283385,54806839,184073681,53931660,515637373
58651989,244936420,77191472,67645883,78107017,65979326,67433636,65321884,76019879,66329687,64643480,61794660,57314593,57087786,73321835,53970451,66313033,54678351,62466400,55487122,60173892,53604651,67195649,50530713,51028719,51971451,51391188,52293303,54807669,184080427,53933202,515642928
58654236,244952945,77228768,67662598,78147754,65995663,67455045,65338788,76050322,66346945,64658135,61811806,57316799,57093398,73366014,53985322,66317125,54684551,62476785,55501218,60184408,53606761,67216642,50536661,51030465,51979503,51398113,52307949,54809603,184086373,53935090,515649022
58655677,244968538,77264965,67678146,78188849,66012314,67475600,65355360,76081073,66364388,64671233,61828732,57320607,57103283,73410678,53995891,66319495,54701366,62487244,55506604,60194355,53615593,67239581,50549203,51031595,51985975,51399288,52320640,54810408,184093687,53936404,515655151
58657159,244986005,77300299,67695620,78229518,66030201,67494818,65372659,76109768,66382926,64684455,61846400,57322890,57124348,73453385,54003170,66322310,54713574,62497595,55518946,60204574,53625245,67260309,50554658,51032331,51995006,51399958,52329222,54811093,184098712,53937499,515660782
58658882,245003700,77337077,67713448,78270933,66049126,67515504,65391269,76140756,66400934,64696984,61864556,57325064,57144930,73496646,54012805,66325503,54719264,62508388,55525633,60214798,53635674,67282299,50563327,51033336,52004675,51400861,52346116,54811727,184102373,53938675,515666186
58660893,245019326,77371778,67728921,78309946,66064822,67531683,65406903,76169665,66416724,64711022,61880164,57327010,57148955,73536931,54022534,66328639,54728866,62518196,55536627,60224707,53643199,67302733,50570832,51034248,52023121,51402169,52361101,54812934,184105740,53940045,515671656
58662566,245036018,77407635,67745812,78350190,66082467,67549474,65424063,76199212,66434388,64726275,61898382,57328310,57168112,73581613,54032516,66331719,54738629,62528741,55546495,60235071,53648565,67325017,50577909,51034756,52027177,51403605,52376074,54814150,184115190,53941416,515677234
58663988,245053215,77443887,67763249,78391394,66100008,67570952,65441869,76228976,66452115,64739865,61916502,57329822,57185285,73623783,54043923,66335353,54749437,62539469,55554490,60245175,53653502,67346692,50592802,51036676,52037816,51404481,52384479,54815138,184121207,53942277,515682872
58665421,245070822,77479542,67781235,78432724,66118184,67590171,65460375,76259221,66470443,64752225,61934705,57331171,57203621,73666940,54053256,66337581,54756074,62549652,55567897,60255031,53670772,67367421,50601088,51039010,52043837,51405728,52391081,54816672,184125505,53943434,515688364
58667814,245087896,77515654,67798279,78473921,66136223,67611091,65477429,76289409,66487581,64767360,61952154,57333258,57221097,73709135,54072307,66340563,54766373,62559990,55574752,60265474,53685013,67388202,50606557,51041088,52048370,51406634,52394959,54817678,184131087,53944589,515694255
58669384,245105077,77552360,67815925,78513472,66153885,67631565,65494425,76318344,66504765,64782884,61969649,57334517,57230393,73752795,54080437,66342692,54772336,62570492,55594032,60275847,53694968,67410448,50612899,51041794,52055224,51407359,52409979,54818529,184138626,53945961,515699820
58670934,245121928,77588679,67833744,78554293,66171531,67652589,65511871,76349406,66522273,64797629,61987026,57335953,57243515,73795665,54088519,66345003,54781956,62581057,55609200,60285634,53709669,67433173,50621678,51042460,52068526,51408373,52416445,54819387,184140031,53947086,515705310
58671832,245139300,77625945,67851844,78594854,66189843,67672928,65529723,76379696,66539770,64811373,62005155,57337147,57268731,73838702,54100277,66347175,54788747,62591484,55616620,60295712,53721171,67453764,50622560,51042992,52075437,51408879,52427433,54819640,184150472,53947691,515710736
58672681,245155792,77661486,67869459,78634174,66206012,67693063,65546888,76407487,66556555,64825091,62022149,57338310,57283578,73879852,54114170,66350561,54792783,62601703,55640959,60305656,53731798,67473871,50626274,51043625,52079116,51409655,52432415,54820311,184157687,53948777,515715976
58674158,245173196,77697792,67887704,78675029,66224396,67712246,65564555,76436738,66575164,64839274,62041648,57339927,57305822,73923634,54120001,66353248,54802935,62611636,55647743,60315713,53741015,67495176,50635339,51044403,52090242,51410694,52440899,54821167,184166647,53950098,515721966
58676178,245191250,77733086,67905718,78714770,66242594,67732070,65581474,76465875,66592963,64853482,62058937,57343676,57317428,73966687,54134796,66355696,54819594,62621863,55655023,60325606,53751801,67516254,50642015,51046318,52100387,51411559,52445791,54823095,184168177,53951674,515727126
58677394,245208529,77769016,67922682,78754298,66259595,67751313,65599223,76495526,66610862,64868144,62076609,57347083,57325748,74009217,54155921,66357134,54828276,62632513,55659964,60335624,53762220,67537640,50649710,51049069,52108594,51412241,52452724,54828521,184171458,53952749,515733274
58679028,245226388,77806238,67940347,78794416,66277889,67771593,65616631,76525833,66628654,64882521,62093443,57348707,57338737,74053162,54176496,66359693,54834528,62643104,55666419,60346125,53772116,67559411,50653930,51050196,52122469,51413753,52459191,54830095,184180764,53954196,515740012
58680569,245244341,77842297,67957686,78834077,66295996,67792668,65635202,76556372,66647011,64895856,62112282,57349965,57357517,74096915,54187303,66361933,54848071,62653667,55675971,60356178,53778504,67581466,50660745,51051602,52129970,51414702,52468544,54830710,184187096,53955579,515745958
58682319,245262502,77879158,67975717,78874019,66313760,67813482,65652928,76586543,66665756,64910180,62130020,57351825,57365139,74140378,54202348,66364718,54854048,62664007,55691119,60366535,53789751,67603046,50667636,51053052,52146612,51415788,52472212,54832986,184191468,53957237,515751940
58684319,245277543,77910182,67991449,78907333,66329570,67830822,65668160,76611297,66682215,64922986,62145549,57353309,57373474,74176464,54213171,66367430,54860839,62673038,55697898,60375563,53801691,67621008,50678445,51054966,52157124,51416514,52480038,54834157,184197952,53958457,515757020