8031751,562130,249409043,126723,247918805,274439,93037409,934580,215078463,19109954,93697346,361292,8198755,5205449,400540677,29830970,6115755,481551,125763532,16248,114780275,333359,273976151,214287,5094899,953525,13438358,85714,12739664,234025,61617363,2831508329
1001632,203033,279166344,31326090,282974320,1878093,102834260,246721,239307864,40768,99690374,102817,7346212,29842,429199092,1480635,3189716,7639,132489196,40386,122126254,24323909,314755441,34598,294627,155288,751824,8465,695731,882096,20112496,435824865
432520,9790,276242487,25480,296388825,2869702,105068541,165692,241030909,10161,102013631,137314,11161649,7712,427853506,26708850,2778011,11317574,123509053,19213007,116519957,256548,310119918,61272,44309,256992,87389,5064,559658,4898,31409914,485764606
532677,130419,276500134,35239,279290726,60199,101554195,159840,236529070,22341,102635885,188775,10737077,23975,429558802,28893,3384206,0,126057412,0,121672723,59053494,314808158,28792,83104,153078,366118,1491,421659,97148,21248972,299151145
983241,31197,276096512,137301,288689605,3894835,103274802,27852,244842053,51269,101045695,96864,9445119,9605,420534715,122150,3013729,56439,127528473,69010,118876137,58674509,314070047,16071,169490,149000,506960,8228,365632,197667,21643516,240902603
1303781,58153,265987901,14323,277847596,73154,101667112,286922,230924501,13796,95297550,63305,11226059,36685,427176645,31860,2964552,64091,121316241,10330,114285477,54616160,316637912,4011290,190891,207085,180634,2207,137042,0,26935325,205641933
1292859,242987,281718485,65674,289932949,206017,104230520,202123,248300577,3368452,99881561,664808,12165765,518771,428479849,1464844,3125615,1629433,133134589,523972,126108978,1110866,310433878,38231886,94043,16836830,494534,4913750,1030391,1307190,28480377,238401994
859833,1991566,265438305,14078,285978112,124478,103169240,90572,236009136,92197,94798150,173130,8832355,8587,428801456,0,2843077,11820,125231494,5329,115605414,0,313649064,42846,85801,395542,166644,30648179,198968,27473452,19365074,224930198
645112,41533,267895414,14780,283440379,124411,102622567,98125,234728113,16467,99977952,205433,8988528,25763,431757187,73455,2694617,2379520,126653046,5148,117981473,0,313173178,105025,9635,117384,119146,54903255,214427,183688,20149898,89934953
412002,27930,272184943,22868,277435620,103481,101432733,59122,227569754,668750,99448555,78498,9309682,19815,431131545,1634,2886569,20254,124009047,43905,119114802,58529,314220307,13430,169410,0,899216,58630471,347454,243233,35509024,162418787
240991,18760,271737193,43237,289197689,115729,103835387,103957,234302189,130831,97965210,45010,7872790,17594,428000597,7779,2808639,0,123839461,9068,118214481,5779,309810949,47085,293934,205486,423652,37982997,244620,20949109,18354986,120367091
243195,206774,277964723,16044,293741295,38558,104683512,102875,245768209,50662,100101253,46342,10871243,20079,426374990,18691,3090944,4576,126714839,1459,119604351,61640,308480289,15593,5463,228833,118415,10085363,249310,50390265,19977166,123618307
490985,47653,277825341,2487969,288844776,3877577,104853447,424297,243060717,4592,100021928,39171,7474634,9062,428349258,29204,3287087,56346,127454510,36517,118293245,13629,312114450,74578,95546,108799,195044,111281,124583,53965725,32597404,161162566
190021,73716,281909808,32057,291140440,1387357,104252105,199942,239444580,44969,102796566,45679,9225472,20176,428189669,7525,2917265,61451,125027113,15855,120228561,10598729,316078039,44178665,102506,89113,195429,3734169,515341,220771,26811727,163357484
443682,398593,281651750,32347,281862150,71287,103845586,64518,233899028,2964400,102687362,243069,11362819,7578,428686636,5729,3022062,18840,125693097,27028776,120254293,762,314568367,0,346637,286487,570044,32433048,640522,31113,20181182,76320922
268084,253393,268607023,25263,286074109,177537,102892680,40216,236847786,6048,99182274,122920,11209621,20534,428918931,0,2988957,5126,123875168,9415,114373372,49865,314462959,10320,362035,58744,1465742,5931484,2318027,53809298,23878114,174912256
16999724,1396351,267546326,8365488,281853382,211071,103361303,299128,229774176,285547,97027584,4723927,7881307,2046898,429194514,175207,3511763,1716387,124569391,1673943,117307168,9135432,310177752,534225,22144,5203294,54722,183030,379886,43847263,18548297,158703794
961680,62478,268022512,20590,283774541,192061,102359711,76022,226324923,17534,98683655,459504,10783570,12226,428496357,12940,2804054,32404803,121992087,16178,115341581,27129991,319846334,48015,606934,233687,399423,23986,767254,43080,19767515,135991631
325317,43796,271574242,31834,286807834,91626,105472123,246435,237285870,0,97406976,46011,10862704,1880,428530258,8143,2902722,37094296,124289153,22475257,114809067,11707,313980616,9770,171861,246841,48040,23711,260404,0,22653443,104804264
425631,357453,271445081,48900,290571351,453142,103755616,194128,237857150,8862,95418222,11106,11106997,28353,429084652,24665,3284571,53427650,123112638,47991,113905043,14672,319942633,3142,265615,156390,393595,5939137,1021329,115110,32604632,115842297
824774,81025,271212646,128030,284330635,77971,103409587,177193,241575329,25397,98828840,116341,5709960,30443,430975570,2368,3075626,45087,125676216,21659,117357211,155361,316193129,23648,288791,2132,37250,58981077,269265,23214,12422982,35156121
446775,72569,262240523,0,289698451,135141,104471678,86473,231851236,4399,97105748,83196,10395702,0,431796058,3921,3278879,55730,121089903,0,112355122,204977,313490683,0,180759,24721,205281,59059684,171989,17530,18310182,98756299
1212028,288087,278694135,165719,296094844,105231,105725854,49462,246457671,0,102656887,38446,8627541,13789,427381537,21542857,3021278,12056,130001476,0,121387832,218109,318148210,7291,0,840,222490,35322731,244989,10902,27448189,209297737
456019,400892,283480625,0,285002779,703092,104091000,137996,236712520,17899,102319738,85641,10345773,0,427527834,59451428,2847696,4726,125435063,0,122141882,128137,319318511,28603,122310,13955,210712,103574,406668,47637,19389754,84669879
156361,37595,280761888,248943,292883279,156907,104150730,55679,249087229,175220,100624864,2395955,10402969,1837,425918940,59583945,7698377,171051,137825775,4477,121838887,6777,317101366,10739,77391,35868,238072,3409,1979387,19112,21865517,90596798
277569,66363,281662005,262816,292206838,160181,104403892,8195069,230811400,1167,102637968,79820,9801625,0,426857680,53011367,2530009,80417,122161235,340286,118601247,6937305,312449656,10148,240568,0,586597,0,165963,17041,22541976,102110555
620723,526518,265214554,3440779,275987227,2064100,119261194,198808,229894032,547416,95575665,818685,8351544,106199,430341910,701437,2547988,660953,123968235,531325,116314161,14566536,318193242,890594,1146477,43067290,139597,3135908,75453,1680979,24766384,147685162
682633,157172,269630220,4826,290293154,28581,104473481,690506,239732110,13414,97484330,4540829,6347798,47711,429908033,18078,3188398,123769,127957406,0,115137738,33545,314709221,42039268,91795,13962063,86139,194839,260019,26952,12685878,81741684
499203,88823,283148274,11122,284856974,32127,104044259,118431,229741192,14213,101181686,135868,9102043,3931,430230806,10031,2996363,148920,125657946,0,120146927,0,312451935,0,96877,59054144,146894,703158,273932,75985,18346887,26004925
317236,93785,269022924,5831,280303426,24078,100827692,466551,233382947,12859,95637395,67554,7944709,8903,432575147,9068,3158707,120893,124240477,72581,114961195,0,313198261,29067,424865,57979081,190852,5392,134804,565336,33863704,105960712
370689,262076,267447706,16958,284660220,40161,105039564,879684,234169291,41460,96191083,48692,9986087,76613,429590402,15961,3131985,23671,124663842,0,116203728,0,314030678,0,445680,22261196,1276295,8477,2314732,36766702,20017499,157282518
176847,171189,271697680,6417,289976760,128585,102849874,517421,243065889,24297,94128629,79362,11646587,19913,429609880,29660,3540474,0,126186052,0,119556046,3362,305478867,0,122953,43827504,201274,15168930,429818,33543,24939470,133783615
366124,1219111,276574267,31634,295244163,245033,104329211,346861,243984495,15736,97448761,86452,8711798,88601,428323851,89616,2866609,39911,130553571,17304,119531526,21923,309173466,0,77624,72049,78708,58575358,277700,1402905,36286895,67410155
105510,195073,266823391,10158,279616668,371206,101323710,595060,227649271,7067,97399173,58814,12367094,42117,429789107,46082,2962741,0,122323689,0,117727813,0,317898188,10327252,96067,0,27322,10303691,454244,17370951,13938661,81165046
4053231,1119150,286091419,22758,295843704,195210,104162924,285641,249168518,46139,103195176,33471,8197441,22921,426116859,5847,2859264,16287,127564743,133897,120260088,0,312092424,21838532,121165,1516,83376,60650,122692,38713547,16110740,78850016
152812,915420,271810463,13494,288293682,8112815,104096257,40171,234773924,26312,98451565,23031,8221271,7612,428928988,30546,3265975,0,126851570,0,120380615,3277,312027974,0,337628,13365,420416,0,152512,51173996,21034497,128189860
4343206,1558084,267038139,53604,279131864,45086191,101831071,12003771,238021135,9031458,95290252,204861,6247409,4440045,431023332,58364,3131513,0,126191187,2267725,118554403,0,319425983,1001979,937606,900992,7275,581265,1618126,80134,17302844,126934562
263603,334421,271284186,13606,277445315,167298,103082393,224394,227407795,41596948,95521296,139974,9713604,17730045,429277446,4432,2931268,0,119968909,8238,116370954,4846,309927773,0,70229,0,113866,0,352896,0,20176646,31681740
934981,696873,267194008,12268,286697121,62436,104790208,0,239750081,5223,97876183,12035398,8674369,59927085,430912330,19784,2823788,0,123300759,16240,114874597,7538,313301963,8663,3454,4166,6561,701602,118322,0,18096782,90474006
192080,806340,265150775,9391,279492864,54217,100768863,15803,234111230,12203,98027713,86880,11232646,58587221,431607823,143933,2761237,0,122015683,15619,116606793,81847,311135646,16147,60564,0,339251,32328,323479,0,35459389,48810620
219915,858352,269067193,28472,286458210,26212,103337613,47814,238459315,17672,99647749,154227,9245699,4749864,428967931,54902058,3462029,403571,127026238,5914,116241544,66371,315144293,3788,620856,2211,346357,0,261454,40040,15757632,143072846
542872,710432,278528605,5085,285854684,89440,103142143,66093,239119412,435372,97388179,197642,10958391,13950,428214476,39999251,3302219,19778347,127043608,0,117971671,11319,309162326,16569,140719,14247,0,0,171836,25303,30494516,73918723
783245,197175,264163225,9078,278706134,375920,104044589,95787,231290223,1966,95380284,122289,8830341,0,431923365,325872,3085924,10362836,126130099,4027,114498920,25081180,317317618,17657245,0,4475245,0,17493,186794,62475,34708080,82260618
71436,96341,263968975,47780,280895340,241448,102540541,143424,236849484,0,97806663,69639,8283376,2059,431129154,126592,3548015,0,125583972,0,117477858,0,313692930,2432,0,6241823,0,52855233,292641,139155,13914589,68256598
342468,451391,273666571,34740,286609885,19321812,102756404,270932,232219355,1605032,99410225,13681888,9758513,21245,431027194,222066,2773729,0,122523896,7424,114733128,51821,312396281,0,291322,0,3452,32051288,106700,12942,17751876,63772619
407423,806036,279755807,13297,290418201,20573999,103123879,164392,243886049,40737,100215756,32108472,8782136,17271644,431394911,66095,3052455,13554,127084015,62758,118744689,0,308389572,5026,318124,0,1319044,21521,2356780,43815,18106229,180858070
933758,1547137,262438047,4209433,278530488,1411496,101050832,356625,237117686,1089785,93676582,9940618,11371447,44703688,430451273,1952098,2523492,1345448,127237750,1371336,115005974,86992,314597053,867446,0,593362,0,2484551,940134,2823268,17890898,48810276
645083,266632,264567915,52039211,285400685,7315203,102706007,469335,241475039,20808,98095247,198722,8207246,0,431511714,96114,3014665,12531577,128065123,0,116503422,160072,317051837,47515,102408,0,57258,8326,500523,5994,16230938,85696771
313019,292217,264506080,55926701,284278109,2772105,102530914,220688,240992876,30850,94491454,145534,6385288,48848,428966663,3416,2896503,3639,127249607,26198,112666060,0,313557305,0,0,168479,0,30233,1778832,210730,16977477,118818522
790960,265155,262254031,37051230,284082298,22850321,103525697,417337,225894508,796971,95563219,162350,7079085,13079,432113769,0,2875208,28968,124218859,0,113774556,0,318392409,0,0,0,102337,3483,156449,251868,23649323,69777787
208098,11529,279362914,13703,292606144,106121,105398133,217680,244291461,49690010,102593435,9787796,6842221,0,428288767,750727,3405734,22299,126475434,8586069,119622318,3074,313244645,10412,300089,0,1358275,0,234187,296630,14816927,86895486
801050,426337,270083695,36118,285692724,22305,101284772,73877,240324434,0,96494427,26755511,10027083,8007758,428221945,32473320,2567161,1958,125705016,7436,118304694,2986,315088392,7090,156646,0,3188,0,191769,140246,17259883,46134672
1873905,961679,271893849,45941,287128437,47794,103404474,63181,234810776,0,100192449,23127859,5997732,34418,430193958,37063319,3297450,37555,122248587,17136,117515056,44486,312975427,41591,26981,12084,0,18154,139164,335887,31656935,184966187
758911,1191432,276819622,21546,299732029,45800,104939313,45339,244158275,1446894,101570762,72089,10603198,4432,426109750,37576754,3277258,22616942,124683233,13173,117717856,23417,312494940,14628,1133804,35740,10033,0,370551,13763,16722308,128969474
680187,503607,273640585,10943,288816211,126940,106072580,31551,237253758,13071,98579060,36079,10362390,8030856,428163178,17365,2536129,59234298,123409475,9460,117712917,1226,313652413,28418,126162,0,205788,0,378515,93576,22282883,95511516
343768,733040,268039099,16177,290004125,302231,105800620,357080,230018443,0,98388175,48136,7014421,21015,430089274,0,3001049,18336920,122039613,40769776,114050666,14426,318849694,9843,119010,0,443847,20138,299252,19554,12936305,2462461
5854863,3207610,281699630,1532114,293158908,800656,106237637,130189,243902834,3120061,100789093,1613374,9811457,5496,428128939,3279815,3002439,0,127063440,53406580,121711509,770760,311012973,4628903,155324,1005747,291169,2375196,69864,903099,31678433,88247235
802129,34837305,276551152,28725,287705892,28315042,103422550,128738,238748569,47281,99904645,661259,7319516,17367,429183715,41823,2865818,6618,126409237,37512,116556186,0,311876040,219767,73026,14213,78846,0,304563,0,14697534,151590123
712917,6638836,258497346,0,282036595,41585609,100813928,13064231,235172152,9853,95593966,80292,16057245,19727,431319714,43157,2427851,13843,125757089,914945,113875966,0,312609419,3882,276867,16672,141539,0,162549,0,20934287,72589827
