281,361,195,279,158,200,33,168,107,194,72,206,113,150,184,232,136,280,62,300,42,281,375,261,200,245,86,235,260,306,129,204
251,524,197,433,163,382,34,324,128,311,58,365,36,379,260,343,10,322,83,425,50,355,489,419,7,343,6,376,11,365,15,450
269,421,210,392,152,383,38,347,113,344,67,377,145,390,288,306,112,310,111,374,46,363,311,322,19,355,5,349,9,346,4,409
190,412,224,438,160,368,34,385,118,356,74,407,150,346,249,336,52,354,123,375,39,361,640,430,4,380,2,356,4,362,5,364
291,414,203,335,173,309,57,301,131,241,53,333,53,272,234,331,152,303,92,325,39,301,274,341,91,313,245,295,191,334,181,264
344,428,254,317,162,327,59,301,107,297,55,292,93,324,229,317,65,343,54,341,25,283,477,219,51,283,320,306,267,289,304,326
386,364,231,253,162,275,58,336,129,331,62,353,147,287,219,304,98,285,101,252,42,318,230,304,230,376,182,283,349,297,301,292
258,428,248,377,191,399,38,375,129,380,83,417,40,335,232,399,42,404,107,346,34,393,413,364,18,376,4,358,58,398,39,410
292,476,238,403,143,391,41,371,98,366,72,403,146,354,236,394,49,316,76,386,41,364,474,349,0,395,114,388,23,421,60,430
425,407,222,396,142,324,50,317,135,337,80,334,92,275,218,317,66,294,107,353,33,275,472,310,169,321,157,311,225,357,240,323
285,392,239,341,169,308,40,322,140,364,82,384,189,355,237,364,83,375,100,326,28,314,403,371,61,359,60,329,182,325,214,378
350,365,221,410,173,343,58,306,115,305,77,391,299,342,271,364,85,332,57,317,39,315,313,360,3,390,270,299,254,261,261,308
237,405,193,372,171,408,45,409,145,379,98,410,94,403,235,369,47,415,127,352,32,384,331,401,0,365,0,398,1,378,45,433
308,434,232,387,169,356,48,354,123,355,81,417,112,361,250,409,60,353,61,373,37,415,589,365,115,402,67,357,54,373,115,403
234,413,218,405,181,410,48,383,125,377,75,390,65,370,246,421,67,369,124,372,45,320,377,388,16,382,19,336,26,416,49,361
238,448,195,412,176,399,46,440,136,452,78,390,148,436,256,408,34,473,76,426,25,436,411,385,28,426,8,442,16,390,62,378
156,415,179,429,138,385,37,415,131,344,68,388,124,396,293,406,67,349,105,368,44,396,335,414,19,356,22,376,19,326,21,425
284,318,196,318,188,365,59,329,112,380,69,337,169,403,270,367,49,319,81,358,19,338,429,276,57,396,108,401,211,393,173,347
266,399,204,428,168,362,46,398,139,336,82,374,143,401,257,370,63,360,82,391,40,398,422,415,4,331,55,386,58,352,64,378
198,399,180,378,155,359,40,374,123,394,57,357,172,396,259,399,129,388,106,414,45,427,441,374,4,356,7,379,82,377,49,392
179,468,206,433,168,416,39,451,120,428,89,393,44,381,264,273,53,353,70,362,40,401,199,367,4,386,17,396,53,411,17,430
196,459,220,431,176,415,50,397,156,425,77,366,93,386,219,409,7,412,51,356,28,372,308,400,19,421,33,405,124,410,63,421
246,387,196,433,136,381,48,409,133,384,73,383,152,374,300,395,102,425,113,411,36,328,322,389,43,413,15,390,69,400,80,416
250,375,205,419,149,382,41,371,122,380,74,352,21,394,236,356,12,361,166,385,37,388,379,410,10,370,33,357,21,352,10,388
285,361,181,349,138,403,35,398,119,384,57,374,63,399,233,392,36,413,84,464,27,419,467,389,46,419,23,361,63,388,85,378
237,391,180,377,146,351,36,386,115,425,71,368,110,360,270,425,20,406,56,389,31,405,324,346,11,431,34,367,59,361,59,396
201,434,178,445,171,427,30,422,132,402,75,378,42,425,243,441,24,406,78,430,36,439,302,373,67,403,101,433,15,397,26,338
290,409,183,366,154,316,39,347,118,368,84,364,203,362,285,321,74,292,90,379,53,373,382,423,106,360,64,403,26,369,36,394
299,508,215,329,162,360,91,375,126,304,67,306,133,313,241,299,106,337,122,364,38,357,371,267,112,375,168,366,149,393,173,387
393,416,254,340,157,268,45,302,144,359,58,296,106,320,202,308,24,316,42,280,38,312,272,362,35,293,256,311,328,298,236,303
320,441,255,431,187,388,56,319,151,340,79,355,118,343,275,364,87,391,96,373,31,379,569,282,0,353,132,308,221,356,310,391
316,413,260,350,168,388,44,374,132,391,72,423,133,343,251,382,62,333,90,329,36,379,350,400,7,375,123,359,207,427,143,414
242,425,193,414,167,394,40,409,121,435,78,384,133,353,253,382,34,328,73,351,35,381,300,425,21,384,130,389,112,371,103,316
346,425,231,318,148,320,62,321,132,356,63,321,108,293,219,261,127,316,120,316,68,355,438,352,75,374,241,341,271,365,200,305
256,465,200,381,173,392,39,366,138,438,80,445,131,465,275,443,67,394,72,382,31,399,528,400,1,392,0,353,37,433,14,409
344,477,263,380,178,385,54,381,146,422,65,396,160,343,275,375,177,312,89,328,55,344,270,322,68,341,121,355,150,306,161,365
319,365,183,359,168,323,35,364,129,383,72,408,150,344,235,372,110,340,117,379,60,339,411,343,196,350,156,359,146,419,104,337
225,391,193,398,149,322,57,371,147,381,89,351,113,365,254,394,67,424,56,362,47,363,420,387,38,381,191,374,183,379,186,366
286,436,199,363,159,346,38,356,102,320,90,424,200,375,259,432,53,407,79,442,45,467,275,453,3,426,19,415,27,390,114,346
163,448,195,403,172,351,38,424,124,369,106,361,256,352,257,426,142,406,115,379,37,399,427,391,34,375,50,361,25,385,23,343
220,496,207,444,168,448,44,416,136,370,77,361,84,408,244,389,18,434,77,437,25,399,467,443,0,408,0,374,2,449,49,425
328,561,219,422,161,372,42,451,92,387,82,424,147,418,267,406,39,395,126,395,31,421,422,423,82,472,80,370,42,455,26,477
232,487,188,412,181,421,37,441,115,410,69,392,69,379,243,391,110,408,76,401,53,378,328,427,6,401,12,417,47,406,80,436
279,498,216,419,154,373,32,345,110,323,74,404,186,428,247,377,58,375,78,325,40,328,222,399,59,384,31,406,110,331,121,357
276,415,228,357,168,427,61,378,120,357,72,343,226,401,247,406,153,422,104,365,54,296,416,372,13,394,55,370,100,349,102,398
275,372,196,428,162,399,59,406,139,451,84,363,177,365,260,396,72,367,63,405,39,361,308,373,38,394,56,402,140,410,130,343
317,375,237,373,160,327,58,348,94,292,66,306,72,315,277,336,48,311,82,298,39,394,626,343,197,269,185,340,269,389,178,376
184,442,183,407,164,429,39,422,104,426,79,399,27,434,258,440,3,387,89,366,31,418,270,455,10,407,15,363,12,380,11,428
301,386,193,317,150,261,50,422,141,369,72,354,151,334,276,302,152,343,106,365,38,363,297,368,69,345,74,381,122,364,77,417
156,532,166,403,175,408,42,437,104,440,77,320,25,359,242,410,26,369,65,419,30,362,442,404,8,362,14,357,21,431,26,348
237,400,181,443,187,380,34,427,110,414,71,385,166,399,272,397,75,405,66,429,35,363,338,396,57,346,21,399,27,354,33,368
337,446,222,421,175,385,68,352,133,344,87,339,79,410,236,407,5,368,81,355,33,414,295,403,118,382,80,427,269,376,257,421
285,428,215,301,162,316,65,302,128,327,59,392,160,341,259,353,138,334,152,314,43,283,470,344,183,336,196,357,172,345,156,363
175,437,185,453,168,414,37,385,122,411,59,355,157,384,261,394,67,333,110,443,59,354,363,432,13,413,15,424,34,437,27,444
278,350,212,372,158,355,54,355,114,337,81,336,115,296,226,355,67,355,82,313,52,349,434,328,69,366,220,309,216,333,163,386
308,419,253,340,171,370,46,399,108,369,81,377,156,310,226,391,154,426,98,352,42,416,338,360,110,353,95,322,111,397,94,343
235,486,187,400,157,419,45,372,126,435,96,368,194,402,261,382,76,404,75,401,23,394,431,377,101,409,46,321,98,378,64,463
167,492,160,437,165,475,36,468,119,457,79,406,74,456,241,472,49,476,60,437,28,423,473,436,6,401,25,455,5,416,1,404
237,438,183,415,160,391,37,435,127,365,83,402,75,320,249,380,135,440,138,440,51,422,327,402,50,423,35,372,19,409,19,424
