909,46423,33635,4401,34976,1511,12343,1466,26404,610,8822,361,446,239,49825,0,435,221,13774,0,13824,457,36026,130,360,168,1537,166,1782,20,4893,1398
768,54754,37344,4597,44455,1712,15204,1884,30393,574,9611,990,845,126,58505,70,566,238,16796,4,15214,110,44428,130,261,130,409,128,283,70,1471,1851
699,58183,40077,4597,46543,2479,15888,1949,31557,630,11097,566,573,215,61434,88,376,238,18049,0,17146,155,47604,145,274,167,265,140,180,2,982,1962
651,58577,39850,4700,46891,2103,15826,1365,31390,2225,10558,306,599,201,60731,97,352,200,17790,163,16442,128,47296,136,340,134,273,132,190,11,1151,1956
649,60868,40384,4347,48589,1960,16732,726,31564,1814,11406,583,672,471,60918,67,388,187,17076,133,16177,132,46760,126,306,137,274,132,128,4,1030,2056
661,59707,39972,4590,47262,1485,16386,1131,32361,1943,10784,426,966,343,57511,201,370,132,18735,93,17088,128,42414,176,262,128,264,128,132,4,1520,2016
660,57792,39010,4810,46332,1490,15875,2292,32601,1366,10893,458,469,373,64692,180,385,128,19584,7,15851,514,51765,1118,270,153,249,128,156,2,922,1904
676,59918,40195,4485,46996,2450,15910,1138,31576,1000,11420,210,372,277,58436,217,369,131,17959,2,16892,130,44749,593,267,130,239,132,160,6,597,1999
712,60416,40259,4559,48648,2623,16701,1956,32889,1101,10896,524,667,112,60231,57,387,206,18972,72,16632,170,45637,558,345,194,288,189,187,92,781,2031
689,58223,38559,4446,46396,2532,15766,1556,32265,278,10055,204,653,249,59514,71,390,133,19068,8,16288,144,45872,468,259,133,276,134,115,6,894,1927
672,58535,40568,4639,45037,2129,15154,2566,30289,472,11959,549,473,134,56956,32,381,131,18062,8,17682,212,43260,791,278,261,298,126,107,0,1034,1999
707,61108,41899,4560,49025,2035,16725,369,33959,868,11456,1990,481,30,59943,24,384,154,19762,6,18267,128,45541,138,272,422,276,280,111,4,697,2076
690,60505,42052,4598,47567,1943,16393,792,32543,884,11587,1925,584,130,60835,22,389,128,18984,2,17690,108,46910,126,282,406,286,183,155,118,887,2017
673,59930,40851,4553,46885,2821,16041,533,31822,1625,11782,896,483,137,60323,56,414,142,18263,40,16738,171,46614,181,259,990,248,128,179,102,948,2021
691,62182,41163,4673,50015,3439,17322,1382,33902,649,11268,145,588,82,59633,22,399,133,18922,7,16682,7,44839,513,310,1130,303,140,225,4,765,2075
724,59171,41556,4802,45819,1408,15617,1592,31029,2709,12165,261,576,150,59501,22,427,229,18270,8,18002,8,45926,226,311,775,294,180,194,0,1124,2054
707,56928,40545,4514,44355,2179,15154,361,31669,1306,10971,1076,632,110,60047,20,421,175,19525,11,18384,0,46991,252,251,268,295,244,160,24,925,1886
756,59399,38962,4520,50255,2694,17372,914,33129,524,9467,725,559,1058,56286,114,337,148,18315,23,15645,15,40937,195,256,144,257,280,183,91,636,2013
700,58190,40240,4605,45378,1222,15420,692,31498,2594,11232,363,531,977,61163,71,393,240,18729,844,17578,94,47788,154,268,138,279,296,277,55,971,2058
674,59953,42460,4477,46547,568,15963,1168,31287,1375,12169,1907,682,114,57815,6,403,137,18131,114,18697,218,43737,130,269,133,275,172,170,140,1202,2051
720,60781,42512,4339,46663,2108,16103,1228,31635,1405,12515,242,381,169,56731,12,386,138,18508,89,18405,122,42807,158,285,134,273,150,191,194,873,2041
682,57856,39477,4868,48188,728,16660,1551,32771,2241,9805,1316,505,511,64369,76,367,135,18742,11,17134,134,50886,178,238,136,262,130,187,195,774,1913
737,59571,39778,4559,48214,1430,16440,1587,32723,1502,10063,729,959,398,57795,13,363,142,19074,11,16344,288,42467,818,258,132,250,133,225,184,1344,1981
667,58172,38996,4447,46924,1937,16036,1984,32049,770,10163,214,600,206,57928,20,361,131,18622,13,16497,122,43539,392,257,126,248,130,176,72,596,1961
776,57727,40381,4821,46491,3131,15491,409,31126,1482,10492,791,475,286,58796,104,387,136,17435,65,17700,118,44556,138,247,687,276,136,130,4,975,1920
732,58593,41243,4568,45851,3397,15782,1470,31732,204,11586,269,629,222,62625,28,353,131,18889,15,17812,124,48588,174,239,496,264,128,146,0,927,1971
764,58471,39483,4648,44593,1517,15315,2408,30175,211,11959,1483,716,256,55698,128,402,176,17247,11,16413,134,41828,608,273,132,310,127,217,2,1174,2008
705,62361,42958,4453,50481,2954,17433,742,33676,1721,11136,208,579,234,57847,67,417,202,19000,149,17824,477,42699,1096,261,145,292,181,261,34,815,2120
719,58895,42151,4477,46233,936,15958,1089,31798,1538,12060,863,408,860,58857,26,388,150,18866,188,18911,73,45150,272,254,175,245,130,177,8,831,2023
769,62436,42809,4325,49631,1961,17000,572,33622,965,12379,1275,622,742,61402,40,394,134,19000,210,18165,8,46586,237,270,297,324,138,199,2,901,2139
683,58802,40905,4803,45676,2420,15607,1160,31830,1174,11133,173,732,1132,61488,42,377,129,19004,184,17729,15,47170,136,298,254,314,1046,171,2,1049,1929
687,59391,40532,4776,47421,2400,16412,1242,32793,1820,11264,347,391,148,63469,22,402,135,19385,166,16901,10,48567,128,278,249,317,554,177,142,608,1993
697,59837,41321,4657,46653,1092,15893,929,32257,2665,11639,430,552,578,59268,36,386,140,18973,6,18130,165,45779,132,285,262,261,126,240,162,636,2036
670,59932,40885,4489,49026,1730,16760,1755,32586,382,10769,1229,497,256,61367,78,357,141,18747,10,17000,172,46666,146,320,264,250,130,278,336,837,1990
742,59925,40968,4905,47115,2015,15727,2649,31633,590,11898,228,414,20,59459,46,393,132,18059,71,17603,170,44972,140,319,582,267,166,220,910,619,2047
688,60551,41347,4548,48585,1278,16899,859,34284,1976,11177,960,586,464,62504,42,377,133,20144,8,17750,159,48490,130,293,138,273,258,212,1130,762,1977
713,60550,41297,4573,46529,1091,16061,792,32416,1322,12446,1397,685,688,58324,26,387,133,19522,8,17304,188,43581,138,297,140,274,333,118,580,960,2069
732,57125,39049,4708,46477,1598,15788,1860,32406,910,10339,1776,538,147,61159,241,352,170,19089,46,16137,188,46981,175,266,298,315,267,196,984,909,1921
667,58868,39458,4568,48071,1162,16514,1458,32624,2522,10522,719,637,186,62711,32,395,143,18873,25,16088,8,47444,207,218,229,282,256,192,272,947,1961
714,59071,42209,4795,45434,1446,15422,848,31224,2516,11921,526,569,613,59862,44,374,127,18160,59,18975,10,46328,152,277,298,268,260,225,558,1067,1998
678,61248,41712,4525,48655,1185,16537,2285,32944,734,11301,200,506,989,61631,40,366,155,18600,5,17113,12,46394,130,263,208,274,759,165,1200,628,2016
766,58989,40349,4812,48212,837,16503,1059,34258,1010,10413,2414,612,912,60769,53,391,160,20412,16,17111,4,46478,134,288,132,286,257,179,462,734,1962
731,59187,40310,4497,47214,2212,16140,1140,31738,494,10801,876,490,564,60362,58,396,133,17913,7,16685,16,45959,138,230,131,246,256,209,454,797,1960
705,59454,39992,4437,47465,1615,16204,1102,33076,2146,10931,203,564,244,62881,129,358,173,19355,15,16727,14,48182,126,280,133,247,796,170,1168,832,1987
680,59286,41023,4390,47358,2160,16277,1644,32399,1286,11210,314,688,146,58686,65,363,265,18930,10,17437,12,43794,134,235,138,339,272,235,1808,1026,2018
757,58340,39966,4905,47690,3253,16226,1478,33319,920,10094,263,374,76,61357,84,419,275,19962,112,17086,8,47346,130,276,130,260,248,202,248,654,1933
740,59841,40070,4397,48976,1673,16932,881,32965,1568,10470,1210,511,182,60300,30,421,194,18724,12,16827,116,44432,134,234,139,248,258,178,500,943,1992
743,58910,39800,4836,47405,2530,16214,1284,32451,1235,10596,635,525,415,62573,56,373,195,18725,20,16620,196,48062,193,306,300,282,312,224,458,1040,1958
740,60632,41661,4320,48027,1944,16471,1776,32360,862,11747,264,609,602,59320,26,405,138,18527,12,17519,176,44284,130,259,130,264,153,324,186,950,2234
653,57814,39585,4729,46352,2534,15786,1054,30442,2250,11073,531,516,22,60454,20,370,127,16837,3,16497,167,45520,134,294,128,239,128,188,138,809,2087
710,60334,40604,4620,48877,2337,16674,1495,32562,1704,11070,322,614,224,62474,40,372,145,18600,19,16877,200,47317,140,234,140,244,135,150,251,999,2418
706,60159,40968,4507,48066,2444,16412,708,33364,873,11183,612,624,404,60417,22,398,128,19782,9,17371,164,45459,131,257,132,372,132,111,128,852,2108
739,59612,39533,4353,48952,1807,16988,1259,33480,1191,10774,1092,898,247,58233,146,490,135,19320,13,15722,173,43632,126,352,128,236,126,99,100,950,1994
691,62109,41839,4767,49386,2226,16872,792,33331,2188,11954,1161,709,15,58968,32,466,135,19050,11,16914,164,43553,128,265,132,262,138,92,140,821,2095
686,60947,41314,4727,48803,1819,16615,2892,33851,726,11741,484,461,44,60509,20,428,130,20149,14,16847,42,45819,179,256,206,238,129,122,116,760,2065
730,58030,39587,4743,45960,2576,15679,860,31565,1340,10763,1344,767,802,58718,24,374,134,18542,8,17081,12,44507,128,275,131,276,126,107,644,708,1944
782,61187,41000,4275,48732,1151,16782,1321,35216,564,11541,1042,958,1365,61727,210,398,144,21296,11,16476,56,46480,136,294,130,312,132,180,126,999,2052
713,56740,37498,4379,46591,1078,15993,1878,32232,1315,9297,534,671,600,62216,151,429,194,18892,32,15602,33,47426,146,316,193,300,161,189,293,836,1905
868,55518,38648,4605,43860,2286,15129,861,29011,368,10526,2030,963,60,53676,20,467,151,16668,26,16771,29,39685,142,412,141,326,143,364,290,1415,2006
