1320,642,12509,3194,28477,7476,15427,4318,23383,1790,11499,1579,2498,5379,17673,4710,3778,9869,6929,3193,5820,14644,19636,7395,707,4233,774,2462,680,1549,1366,1403
2605,315,12605,3575,29489,7070,15453,1770,21852,1016,12848,691,4535,1045,18851,1802,4953,2286,7134,3261,7688,5161,19336,12131,6836,3573,3322,5110,6364,2302,1887,2354
1231,251,14721,9176,28063,3972,14933,4905,23264,3341,10254,4868,1972,8140,19658,1288,2521,10332,8013,7493,7686,5377,20614,3147,2938,1225,2135,2140,2233,2362,1153,2375
568,233,9485,5313,27679,3988,14232,6733,21534,6562,11575,1870,1368,4335,21821,4386,3057,8882,7871,3533,7780,8369,20259,6967,466,4065,644,8700,435,3185,797,2981
823,263,12216,3289,27220,5827,14605,4770,21537,3336,11059,3707,1095,3179,18389,3879,2885,8813,7549,6840,7668,5571,19725,2707,438,14316,519,7533,609,2412,724,2959
1431,306,10280,9352,28595,8143,15120,10178,22297,4165,10421,3282,1206,2534,18627,5469,3004,3125,7551,7926,7396,1028,20049,7463,1168,3164,1525,1424,1435,3036,1220,2904
1698,242,8613,1694,28699,5817,14592,13745,22117,7722,10947,2497,3208,3145,20585,3072,3044,551,8209,4730,8020,5453,20470,5420,5401,1358,2809,2474,4446,2722,2266,2675
965,493,8451,4926,26931,4368,14734,2989,20615,6862,12302,4762,2928,10736,18462,3514,4074,3915,7807,2874,8019,3088,18777,4096,4663,636,1628,5007,5823,2211,869,2502
1141,262,13704,5847,29709,5239,15159,2929,23349,1731,11175,1304,3268,3725,20471,3270,4873,3500,7875,2027,7970,737,19443,3562,3418,5098,5392,11796,7892,3003,2450,3902
828,252,13971,13794,28798,9959,13875,10246,22161,4959,11133,2689,1053,3741,20035,1103,3148,3950,7710,6452,7712,3412,18346,5242,397,3134,456,4720,466,3195,778,3318
831,253,11402,4916,28798,2487,14806,6615,21442,5647,11200,5143,1383,4214,19568,7412,4131,2370,7769,10198,7762,5735,18796,1853,1415,1275,1632,9114,1702,2870,1381,2457
2364,252,9543,8254,30259,6158,17416,3312,22240,3595,12314,417,3336,1466,20155,1156,4947,1200,8283,5304,8043,9064,19809,4352,8000,2510,6681,559,5146,2863,2621,2918
973,269,12810,1487,25894,2973,15272,1386,23116,13025,11681,1911,1782,5384,18058,6207,2247,3113,7640,7633,7737,4226,19631,4537,297,16163,1187,1648,2057,2940,938,2284
508,427,11274,680,29093,2235,15866,4863,21710,2023,10572,10217,856,8513,20631,5110,3119,11795,7498,16467,7408,1539,17653,8328,184,1292,184,596,302,2816,599,2933
405,272,7589,6529,28159,2039,14675,5067,22558,6856,10790,8001,1147,17653,20273,2996,2608,8269,7708,6156,7561,1478,18618,4957,126,2012,159,790,319,2650,572,3366
581,253,10727,8730,28665,2167,15330,689,21085,3784,10709,1458,1107,13292,19853,3406,3200,7724,7740,2227,7439,3689,18828,4813,216,15400,213,4776,327,3560,744,2521
888,277,8454,10864,28583,11973,15220,2422,21190,2542,11511,1919,1189,3690,20618,5030,3239,4850,7736,10329,7316,3389,18955,2622,412,8632,452,5315,513,3258,796,2535
568,245,12236,1579,28293,693,15602,3777,19468,5416,11791,8680,1138,6947,18896,4989,3196,16565,7622,11246,7600,3435,19196,6307,393,3701,431,900,324,2209,516,2136
936,278,11703,10462,29306,2214,16329,1578,23007,4650,10745,3253,2359,3529,18175,3540,3869,4992,7947,7810,7504,8193,19708,8674,3149,4444,532,3787,716,3106,677,2834
1088,370,10973,5174,28917,13612,16696,11534,21475,4721,11259,5205,1854,1030,23058,10596,4176,588,7977,514,7341,1047,18936,6092,1794,4654,1222,5549,687,3067,916,2877
454,273,13272,5372,28454,6754,14178,2730,20966,7936,10121,8580,1402,8618,18017,4833,2526,1530,7496,4289,7252,3451,18412,3364,227,6274,353,10874,303,2548,653,2298
607,283,11451,2451,28407,6398,16129,3046,22523,1307,10918,3762,1175,7876,21286,5818,2588,3725,7866,7296,7588,2620,18235,4915,287,12038,495,12863,635,2763,693,2753
758,255,12523,5451,28808,10689,17686,9014,22313,2909,11721,6711,1408,6804,16866,2850,2914,8251,7820,1930,7747,4778,19181,2325,268,8599,443,3495,643,2633,758,2634
603,268,11101,3636,27528,6436,15195,5835,22433,8757,10796,5851,1087,9052,20564,10823,2576,13295,7628,5531,7376,4412,18043,367,269,363,272,718,461,2306,523,2295
1317,295,10913,549,29147,1714,16343,2818,21804,8656,11636,3840,2033,6274,18334,12048,3711,4452,7353,7370,7690,6131,17938,7512,982,5512,1644,836,2190,2219,1120,2751
810,287,11838,5351,28757,617,14794,8330,22980,8607,11546,437,1358,2500,19316,8561,3622,2787,7691,6056,7588,4166,18508,4140,584,6311,2004,10924,391,2571,917,2765
2296,240,11443,9152,28587,3277,16937,8208,21984,13209,10589,4110,2654,5387,21987,4506,3116,5175,8061,2319,7653,3915,20241,3828,1861,2548,1052,658,1655,2246,2074,2388
1787,307,10802,9329,29439,2953,17210,12751,22285,7866,11093,5494,2921,2851,21129,4951,2623,731,7901,7698,7675,4707,18868,2626,3473,543,2154,475,3266,2505,1297,2656
1373,271,13029,940,29140,3448,14420,5686,23756,6623,11322,5444,1069,9434,19746,1091,3377,3501,7646,17991,7678,10343,17914,5773,308,2526,276,1526,344,2668,803,2459
692,278,11318,4151,29428,7183,16288,7072,22115,12094,10936,13404,1268,5403,17228,5064,2619,6632,7731,1767,7730,5225,19135,2679,317,1737,249,773,398,2810,647,2414
640,246,11464,1627,28217,1366,15452,13115,19938,3366,10644,1781,1529,4755,21677,13920,3328,2323,7904,5180,7796,11159,18866,6823,583,5802,525,3095,604,2574,646,2541
388,253,11334,5310,28729,1347,17327,22108,23033,4491,11002,11421,1072,1450,17122,1221,3160,5497,7957,5774,7586,12793,19432,1600,283,1199,239,665,373,2650,496,2149
526,257,12247,21431,28866,4330,15951,4495,22283,3329,12049,1690,1046,1013,19541,10127,1413,477,7901,5301,7492,4989,19761,10231,197,2044,263,3487,310,2727,478,2402
316,264,9610,6057,29154,18880,15817,5044,22180,10062,10547,5358,991,1413,20092,3252,2858,7089,7703,3690,7479,4177,18758,639,344,5926,171,455,123,2697,442,3149
948,244,12177,22887,29114,4127,14565,6216,22192,3606,12776,7541,1497,8476,18132,3064,3355,703,7633,1190,7676,3422,18409,441,294,9884,433,2062,647,2534,794,3224
639,256,14538,4942,27031,5828,15201,1015,22551,3429,11322,19162,1075,5805,20324,6163,3018,9692,7841,1699,7572,4544,18215,4358,307,4349,296,3433,432,2345,603,3005
744,260,11722,4084,28315,4438,16056,2590,21965,1299,12059,5485,1442,5150,19495,7716,3064,11202,7935,5976,7588,7306,19165,4459,498,3757,767,10466,608,2549,615,2692
1110,253,10271,826,28994,4351,15873,16980,20950,3301,11302,4492,1545,9066,18134,9334,3411,1997,7611,6082,7535,7624,18500,2830,1140,1071,896,2324,783,3328,1013,3457
691,259,13423,3551,28897,2421,15401,10134,22527,11180,10897,13807,1386,3113,20962,2284,3647,7657,8014,5541,7539,10525,20251,3310,722,211,600,274,711,2548,770,2482
698,264,7599,4875,28260,5404,14330,4138,19573,3330,10596,12675,989,4072,19043,725,2108,3516,7889,5487,7720,13865,18918,9858,406,3188,345,2931,678,3171,687,2645
678,236,10960,7502,28997,3780,16061,3445,20145,3562,11422,7317,1292,4579,19336,12649,2619,1116,7922,4208,7490,12226,19487,6527,262,1644,282,4858,165,3181,488,3144
831,265,8710,3396,28221,5216,15042,6840,21498,490,11798,8340,1146,850,20220,10496,3061,4588,7884,9991,7626,2329,18843,15466,313,960,454,5701,501,2667,745,2138
721,244,11417,4665,27074,3949,14738,12782,20538,3088,11383,7970,1147,1218,22723,1041,3193,1804,8017,10303,7729,3035,19874,11699,684,3350,327,8320,341,3248,661,3737
456,441,12155,12992,28026,635,15964,7298,19854,8169,10313,8664,1177,2215,18779,2775,2970,1121,7609,6192,7478,7334,18386,12126,738,3164,331,1434,286,2364,626,2917
607,271,8572,2405,29413,1992,13863,549,23872,8589,9975,348,1391,5206,20819,1145,3179,3701,7912,5511,7859,13283,18649,20315,684,5636,735,3990,727,3057,698,2786
605,261,12248,3391,28325,5552,14283,5449,22462,12629,11020,2240,989,2265,16333,4623,2940,4721,7600,595,7458,9569,18359,9342,681,10391,435,3848,489,2552,576,2451
809,257,10012,7084,29170,10150,15725,8831,19550,5611,10392,910,1065,990,21611,3801,3139,18975,7810,2389,7468,3108,18414,766,835,5850,345,5885,461,1814,644,3526
643,246,10510,1489,28896,6095,14904,2721,22716,3207,12511,2671,1209,7733,18473,9891,885,2048,7995,3294,7519,12513,18837,11975,564,4906,613,5342,525,2067,691,3313
749,257,9352,7780,29071,9156,13701,5752,19408,9434,10689,3744,831,1238,19957,3336,2368,1135,8072,5143,7473,5278,20005,4917,287,3165,406,10969,589,3018,655,5765
799,237,10433,1081,28961,5095,15007,12025,22529,714,11250,3089,1754,5349,19446,4632,2622,11917,8023,20482,7473,5749,19084,1206,409,1101,352,1268,436,2717,1160,2730
527,256,11212,10143,28865,4282,13782,3422,22549,7648,11555,2497,1012,10148,18649,11350,3658,2097,7912,3021,7356,2897,18736,1432,717,5835,502,6370,472,3984,633,2303
935,257,11556,5804,29064,4627,14336,4469,22994,10679,11464,6776,916,1579,18525,2463,2707,5310,8017,13608,7541,3166,20693,685,169,5905,262,5037,214,4064,541,4279
1758,253,15693,6064,29017,11050,15904,1969,23139,17192,12103,5274,2087,1109,20396,2202,3684,308,7822,5964,7545,4771,19401,2384,695,2861,1879,7127,700,2576,2183,3051
3440,267,12287,1601,29975,1205,16907,5947,24479,11239,12029,2092,3084,2275,16061,734,4814,1051,8430,757,7996,21623,20719,466,4897,6613,3942,1289,4683,2248,3047,2760
2487,244,11851,1524,29669,3481,15762,1444,22236,4384,11369,11036,1580,17526,18603,4649,3905,1246,7974,1859,7787,4356,18784,3333,2487,5591,2090,2613,3264,2466,3336,2252
741,275,13072,4666,29112,6443,15188,1798,23771,9397,10863,13633,1179,9856,19122,10309,2754,3036,7740,2947,7495,705,19214,1234,480,3838,206,6123,631,2840,628,2715
1022,258,11617,7319,29067,5724,14082,3945,22941,5756,11057,6728,1089,5271,21447,6189,2884,2784,7888,10701,7402,6331,18921,5661,309,2695,302,5076,322,4185,590,2934
577,266,10665,7294,29833,3150,17910,4090,23827,6278,11473,1701,1892,4663,19261,10002,2942,2063,8034,5065,7458,1757,18870,14556,587,3866,2342,5236,376,3233,548,2681
2043,258,9819,9199,29363,2310,16858,1281,20758,1127,11295,3182,2596,8011,18825,2097,530,7244,8152,2765,7745,597,19941,7280,4407,10908,3143,3395,4366,2508,1122,2715
