788057,4027743,34788259,2291062,48356289,47766,40208168,600091,43502583,847939,41087254,1014995,3958796,288825,34096578,640807,6184245,229935,27608875,142625,23878051,1245232,13332783,34585,3723354,116321,23160599,1792548,30888531,1954065473,153152967,1159085297
1509845,1378552,25942704,238969,52105119,327364,29234494,138741,64176792,302904,44395610,73714,20825347,10277,34549259,127984,5861141,54168,97249234,372867,17284064,101300,17721163,185176,760391,121591,1005250,125420,3945931,79302058,22233149,53323868
35000875,1446278,27767971,196032,50647969,2029185,29759207,177803,44766452,11018,30604094,1229597,4901700,237467,32124924,1320252,5182382,258821,25470891,76939,23729746,556076,25107500,77013,5535873,601365,4596227,1946273,3028160,29341929,21933908,30602598
3970626,1315376,14492968,152958,39650579,164979,29524856,109922,35955843,615729,31529465,374109,4954000,155380,33801049,407464,6272504,268743,23822574,697359,20243207,524447,14311625,3265451,769655,3238263,223593,334732,1700020,57934102,18769566,53371379
29762460,1446944,24143965,420423,46689285,117942,27994619,294955,39704792,193138,29949605,82723,3716383,708838,27856012,459475,6379400,378892,17486074,582553,11978230,533650,20535201,1861127,2203811,167076,124076,255544,187654,10825299,34402292,9214233
848127,2572743,29200948,631371,48004941,5506754,28759473,130249,78184431,2432182,30175934,410829,16952777,64200,32592681,259256,5694390,2045260,64611931,315172,16744878,2244589,34447952,259541,5134029,272036,111812,286297,4649949,20020598,38816184,12250746
7452497,1312797,22885912,201397,49557677,125805,39401039,1168463,42240792,217000,38070020,118432,6477000,78269,33246948,1189869,5912390,1405471,33160367,21344,20596240,139140,25937303,67384,3621929,199056,7478702,3360615,2803124,14304743,99164078,30369545
28938728,1815662,12600209,82474,46289214,47349,23964771,35873,35726827,319127,32166438,206589,4544428,144705,27767445,396188,6738724,152100,26690287,216234,13732213,203784,162710670,128476,1034631,102261,749957,93863,4483347,17691690,27794757,13392083
14267368,1314713,22485087,45095,48897555,156595,29736476,207240,41309575,93632,25082094,91129,3592706,16700,32405165,153725,9087239,38499,32421021,65556,12388743,39055,16306310,950615,2351014,471757,571474,113008,3913870,12516726,20790972,13944974
1790696,1416869,36309597,234831,52307719,321687,27369567,225314,39179880,147393,27374241,390850,5680173,2443146,31088751,99681,6339710,369103,61808380,87465,31031124,123867,15298798,3891194,220797,35430,1897533,219011,141482,5948137,22687541,24663413
449673,1347260,22703332,119286,48278880,133699,25302804,221681,36976660,28441,29901335,48485,4044303,106840,43315763,255800,5884688,2884616,53777648,235008,10295261,608609,15511405,117000,13575518,227577,182401,673177,220482,11317753,42924049,12382461
25845507,1427364,14936697,156820,43857458,3165575,26475511,5858678,36258995,264972,33120112,45056,9077484,3814355,37071660,10331988,6430211,32753,60962625,47562,17344577,3898470,21432489,155202,24119595,55424,457728,161146,1557573,28928649,21765267,16403329
719855,1374099,20844172,198858,40300793,50099,23418261,356218,39800370,1497183,26722974,645297,4318028,195161,30554393,308879,4873821,77309,51295347,143309,10348236,151815,12869782,1418982,299977,198396,15391002,106527,309205,5695321,20348448,6383632
32880820,24012045,19447291,144093,56171746,135771,27523002,187144,36843450,131123,29273633,124306,3284139,74983,45683924,125197,6505541,157975,45275612,117900,11007099,62455,15214449,190021,651206,124942,1772609,174500,1346576,1827280,20699204,3924565
33469947,1327058,12496893,206183,48350537,20061,23494037,47227,46764065,176202,30673888,90949,5695045,675873,29884407,277846,5413431,595436,25196671,1661960,60752231,54391,15119182,113850,40290,99877,27505,17696,6051817,10347573,31527037,10140480
12248092,1268286,23951559,496156,48413938,688911,28549110,1285943,35393534,79378,30139312,355701,4434799,144294,36418897,171943,6399556,12114584,17827179,1042290,71691368,829535,17118079,138578,10356093,283768,493726,64852,43026,7006254,38104082,9559815
6104264,1623432,15880629,1687361,49527142,1077772,34860946,2102985,35792860,153409,27081765,2140211,5816513,119466,38438619,1319373,6607944,955822,20000827,3547228,68791691,1090061,17189112,1471793,10725340,213664,1211266,968649,115928,24272389,21415073,8452834
1423780,2614120,28864207,540394,51618796,488779,25791644,128418,31873862,235190,30656919,275925,4734355,77045,29411271,66426,6744600,90404,19083681,72956,49414025,75702,15891587,87169,18513212,67046,170879,11092,49056,11566840,18536464,4733025
4602931,1379298,20316300,1877388,44547210,9186568,29446959,3024728,42151045,174783,30179403,4023928,4987823,975052,28765240,4018953,5964201,3337343,26796258,2921154,68490235,1391231,16663604,586035,364489,1132152,2012009,6063484,1244748,45589194,32637840,19231959
1243878,1567108,16848598,1307205,52928158,687623,26261992,166490,38994002,1360595,28329696,1227095,9044098,359459,38566276,198597,6945829,988998,16726082,358995,52264648,2152341,10698896,184961,7296034,92266,561020,222423,1064622,4685070,28624987,3426021
2088504,1390401,20045827,310752,51175965,187055,25396555,202527,34506146,255482,28984130,341807,5021646,223830,25583709,166705,5500785,57241,18338450,109033,52176496,184744,18187662,185730,15140308,74265,4216577,67759,657278,2095425,59696512,7454462
8980226,1508971,19280913,184522,53882060,400192,27448054,106205,37194240,353583,26129398,209661,3847806,184577,34932396,162133,5139377,110595,21313037,100387,18251982,224126,13677811,722180,12023670,357792,238579,295957,412601,2796490,18479282,3062502
1147327,1354238,26057727,207459,41371232,235801,37378470,113026,46874235,106917,26691587,127864,10387512,86306,30226649,67009,11955002,94923,19010120,44294,11882055,2318126,12636683,55444,148356,43465,8030076,1107927,2206811,576704,28513600,14239529
1314870,1483450,21317976,538604,45715446,136717,29747338,735919,41872091,280159,30958392,133859,4232510,87002,31056660,117385,5532823,263102,23499451,433682,17747010,76660,12979697,51870,18036210,668396,866441,514932,434491,10381378,15055376,7093473
2790567,1341274,26725157,40683,45984226,75904,25569709,274996,39709593,1189303,37172461,132833,5095137,274089,28325816,58944,6295132,92928,176215470,1285467,15673789,135284,20665704,432916,11726069,89458,1015090,1232646,941233,4608885,38119581,14721890
5947864,1421232,21177384,120192,45619400,89192,27944896,4337128,44309674,160077,26644409,43518,7637425,77945,33804203,4689994,6233829,1256080,19779577,2223334,175067800,266039,11861119,407632,9595809,187602,461156,382113,37949,14771388,29091297,25616611
4761571,1285810,20824243,9210356,55079627,477291,32526042,685713,47318360,2153874,28255195,2719822,8450235,3381884,35778446,1392596,7173897,1967587,38626293,77762,16350281,42182,11878504,85603,1200852,723725,1853739,1696888,299013,20565008,18511525,7806645
1498274,1558266,22471428,1002301,44538189,75059,30863461,173241,36087713,94009,25948980,1315060,3841462,1066389,33681162,87012,5069034,269588,24238776,1845780,14184702,2292921,153348622,443843,1196166,1857689,312371,300289,7235380,22901677,25242180,5418143
3178086,1344935,26334046,62435,43369714,146644,24147642,674228,39713664,184851,27763480,109684,7520157,164008,30306137,380218,7200128,191120,19664100,398219,15937545,722024,15020708,146606,8026093,1858275,6268456,261636,2549367,5120001,39812046,3144512
344826,1476988,18190787,97705,53172994,268119,29724613,753127,35904618,83000,29329585,99773,4115243,79492,29379381,67850,5262307,386820,19010233,2363930,14565305,115245,9842166,23198,442657,395323,9252050,48633,122342,4593243,25717475,4110006
20281964,1251739,20416093,75726,45741176,58004,29401479,824197,41181065,843209,31246503,179229,9140312,148672,33519535,240634,6676824,247783,25703414,91159,15087640,83036,12294640,324080,8896606,326821,3840131,77729,767412,5338545,41017823,10117445
1683867,1405466,27465007,1467861,47657181,44911,30892992,110284,38849694,2844459,30431505,947394,9108535,3544040,30429411,83960,6240238,571230,21425931,476374,21928674,3599971,27830589,113325,27694795,3311663,6763559,8213,672414,28488390,31041133,16626106
5161134,1363518,22410920,5392501,46579564,3291639,30605592,41237,44790572,142440,27294023,104570,4240293,339418,31041755,144278,2972165,1390125,21881545,134463,11880758,2022764,9655857,1864498,51391,4157630,105122,104508,309768,14757205,19766340,2788291
2877888,1385904,14590236,182102,46420151,139920,34167742,200855,41032346,233382,30122021,41639,3868996,117026,35151104,59489,5635087,67983,18216171,242579,13040505,64082,15067105,644677,824081,54392,1065170,37044,68126,2205773,16881989,343233
801482,1228436,24888856,222746,44178364,264024,28201802,118857,39038214,29198,32620933,61539,3912557,114062,25488949,212692,6091415,67673,20985141,19672,18729359,27828,17266589,16574,2244911,107922,3659592,33377,3955057,4334593,17574053,4243171
556208,1341540,24508360,312936,43818355,59587,24006009,47761,38081509,13828,26203035,153777,6284278,64571,39124556,101911,6171735,130559,23567295,233240,13257370,249639,12542645,331894,19363736,141718,104458,124433,311331,3595481,23487392,25711795
7451882,1325987,19981401,76378,51721555,2348128,32509814,1065405,43129871,178233,37711887,1972873,5345200,646481,34358947,399267,10842290,240569,27365998,1206123,18866916,236777,18772904,142818,13126027,174233,14422684,138514,10332858,12910710,25854858,29648465
1291138,1427097,15682610,1156172,44872098,4832559,25930676,209411,38359526,684577,29310782,1105477,7031160,45424,29034957,390590,11151932,74880,19917563,92647,14469573,1441622,13319299,65748,8396092,176479,593900,253656,802485,5837240,21143423,4654893
395514,1276416,27482996,63585,51026738,80170,24334894,98689,36688997,7378504,29802333,4151855,10006350,75305,35842277,59525,6947189,44492,25167784,70588,24545127,147113,11052015,89725,1103730,36582,180479,13375,1074422,1635445,21682355,2185601
1307561,1335792,19952999,652315,44496091,76524,26399973,277853,34419669,1392342,30081221,206547,3671639,222130,28133827,909000,4127291,297087,22814149,11152105,18674062,220551,16980597,169989,18486526,142341,2792117,139040,190995,16195434,19807743,21173618
4306030,1397071,17201332,100942,47498276,93138,29876351,106227,31960036,861133,30812360,123422,4759141,83105,37681284,117005,5216809,74286,21694469,165377,19512407,107386,10113745,97015,47337,607524,7799172,115111,202023,7575817,37363851,4986298
15590873,1393134,12144375,1290960,45883661,36994,29990775,129857,35274816,251583,31017206,148875,3745994,464432,33525922,49407,6203508,130390,19622588,141974,11123259,221987,15072480,127582,124705,20611,214072,99793,3333384,9054037,66854018,17838582
39294795,1349064,20317830,158289,51957745,77380,27266572,367432,34192416,115155,29900714,41617,4734291,345531,35615463,61032,6267787,44419,22187932,488522,14085286,3124797,11438061,138745,68152,330609,4654074,170453,168184,2493914,18997431,7025510
2344167,20026655,20246572,325880,46047395,85662,24941434,137716,35713102,137286,24988420,98790,14357127,440433,31536380,252180,6209408,50221,16539922,213572,11891637,143256,17745192,214129,80873,79221,7237456,59331,182165,10902752,29358750,743363
3620333,1479669,13655740,1344062,42176390,77932,22842503,46256,46046352,190849,23041851,289883,5946264,26499,33596864,221159,6321440,3259063,21264331,9210337,12450216,251510,20339481,2848163,375811,73470,8600327,2933649,661394,15241883,33984939,17780789
2536597,1431610,22994632,551997,41360697,103042,28832713,885034,37367776,113367,27726751,90544,18840547,293788,27290738,69395,6212769,97472,18860015,196667,18444311,163622,18763159,367868,338463,232205,16568241,397041,2724043,4176364,23358536,3053673
2152124,2189350,18780175,325814,50409123,2386006,30429801,132760,37604074,1959340,34912585,748277,9360654,161290,38148377,768208,12123296,499698,22078643,1546695,24374323,2500632,15817463,28012,1575115,897490,2490085,121873,227515,22882670,24538577,12630819
4232005,1318393,23146802,395838,51317870,449191,24263286,220890,42509252,231636,33186399,196824,16791900,1175843,33026797,584412,2360680,471754,26685498,48945,26722903,150989,26527049,379121,143839,66347,425553,855772,376472,15253117,25760153,5153330
825585,1267195,19319447,232848,46510255,104811,26906069,75300,31264696,187098,27563380,70362,7806088,49872,42452036,96828,5045373,80807,17575194,25597,13543884,50517,11047493,233404,18290858,1624026,20532613,105465,453738,9015245,18288464,14957072
1076905,1366513,16124279,208669,46901419,175160,36559046,384461,40652514,4984,26872516,118556,4404545,88643,29096380,100878,5707363,4174158,25653464,103305,21662094,58878,9872472,36175,991068,205910,158025,161768,110458,5536067,21642520,8506468
2832436,9339791,23808693,111104,42489643,100672,23581288,113979,36457828,112279,27198063,180171,21131681,127181,32465886,370046,5647634,733664,19189099,25311,12243519,69923,11426454,351199,103698,125247,4640212,161385,154318,1791513,46548834,392709
3917206,1428462,23459186,71287,48890176,60160,22662706,58396,43037372,2621282,26822867,133773,7126384,2455773,34590062,33151,5930307,30388,15778710,172264,10988251,66790,14142830,45441,4044480,114189,50628,62868,26942,16312418,34956797,5077169
6848465,1391203,30265434,126756,49004663,150664,31399366,141957,45314235,119627,31380808,118440,3410547,89467,30322611,215904,6776788,9397,18152012,138025,11166102,96724,14532688,80965,1305034,10646,231287,240545,107206,238070,18197155,3069023
34920286,1313290,19701750,124861,51163902,99627,30648904,121437,38480783,197894,32395570,219717,4521196,1504636,28146855,123120,6255796,1629163,20003813,269131,12113226,96799,6626628,143743,356762,212948,776355,1454468,611345,3035276,40017490,5895691
32719625,1288777,18932333,66342,42132192,18164,29291945,39621,38978489,1981326,30690537,122781,2970908,101166,28748780,121012,5656829,77428,20494165,81774,17156964,1241019,10592300,70813,349927,49249,263540,42442,286686,13085008,47243235,38808692
2522068,1418242,26704732,1881096,45190179,42331,24129845,395239,44002636,103951,34178759,82675,20951820,83378,33433258,57852,5833516,83710,17398362,64779,12059224,40095,17322884,99360,430408,120807,239205,108128,147200,12852809,15920365,2570079
501470,1385100,21357956,872303,51190790,442901,24801368,334086,44771211,928998,27891075,158448,5231310,196249,34877993,571646,6217688,162166,24959996,170103,15415862,439313,14065905,96397,7812301,169143,324451,57345,22068331,3643438,21237988,2243128
14177034,1470818,26886332,1658072,50771007,146314,33820039,1791738,45532179,545298,31639108,4051234,4485906,1283155,41844516,1883650,6133376,5669770,30010827,5543238,29538427,587929,15891177,3895539,1556405,419553,4231265,6790381,3958661,10016065,67420457,35262971
23990851,1328057,14609158,3170763,54054051,22509,31969282,14727,36206460,72624,29685605,36599,4604912,128880,44503037,507481,1623874,68963,25547541,158514,17242332,40068,16882477,99412,1053140,36310,190837,44037,474986,8740790,48332455,267019
