6388,5535,6752,5824,6430,5633,6234,5130,5831,5361,6268,5614,6290,5108,6413,5072,6397,5582,6142,5582,5774,5179,5884,5229,6015,5579,6335,5749,6614,5618,6573,4929
6702,5433,6745,4963,6606,5272,6609,5413,6833,5677,6700,5318,6835,5364,6546,5591,6462,5494,6150,4970,6883,5095,6428,5370,6449,4976,6414,5392,6825,5966,6742,5472
5526,5924,5997,5468,5469,6069,5806,5886,5819,6070,6151,6035,5584,6043,6115,6230,5931,5770,5760,5929,6174,5793,5723,5825,5849,6114,5449,6175,5425,6113,5931,6371
5875,5855,5675,5479,5991,6140,5802,5608,6173,5951,6271,5768,5839,5929,5862,5887,5804,5656,5930,5669,5734,5807,5849,5751,5486,5909,5886,5793,5702,6248,5559,6446
6076,5367,5955,5209,5906,5010,5852,5161,5514,5832,5683,5244,5710,5428,6219,4934,5997,5174,5520,5070,5698,5311,6337,5354,5938,5335,5873,5910,6078,5282,5996,5957
5987,5009,5511,5696,5593,5114,5663,5147,5904,5219,5701,5114,5709,4904,5824,5561,5443,5198,5571,5709,5711,5365,5241,5136,6001,5298,5752,5144,5696,5135,5940,5844
6148,5725,5579,5840,6082,5446,5884,5244,5768,5624,5557,5712,5944,5703,5590,5369,5538,5717,5938,5687,5951,5508,6088,5471,5624,5351,5951,5820,5726,5641,5905,6399
5490,5506,5380,5297,5786,5160,5968,5273,5881,5197,5436,5103,5966,5598,6088,5625,5884,4932,5682,5054,5712,4992,5666,5368,5791,5081,5822,5226,5494,5726,5997,5979
4841,5632,5230,6402,5141,5815,5610,6230,5243,6448,4742,6147,4910,6780,5218,6263,5329,6468,5426,6398,5104,6058,5024,6409,4574,5975,4670,5769,4896,6145,5051,6870
5337,6021,5381,5787,5606,6421,5833,5946,5488,5767,5338,6334,5384,5995,5436,6039,5378,6017,5468,5829,5673,6190,5304,5739,5624,6035,5369,5642,5440,5691,6090,5877
5773,4479,5393,5011,6289,5322,6290,5154,5897,4945,5627,5050,5482,5199,5871,5234,5682,4606,5828,5200,5548,4961,5401,4753,5680,4754,5789,4781,5626,4977,5434,5285
5733,5886,5782,5762,5563,5474,5515,5594,5604,5454,5463,5454,5600,5765,5350,5662,5403,5227,5486,5402,5418,5265,5612,5174,5863,6104,5958,5537,5623,5806,5358,6512
5316,5577,5769,5462,5505,5822,5485,5674,5287,5658,5601,5955,5702,5728,5338,5612,5647,5271,5287,5619,5665,5626,5295,5543,5582,5369,5883,5438,5401,6027,5424,6410
5233,5393,5131,5189,5258,5600,4836,5475,5076,5615,5570,5347,5122,5348,5628,5193,5113,5573,5557,5500,5564,5604,5683,5368,5366,5391,5308,5112,5381,5418,5730,6038
5579,4716,5608,4734,5890,5412,5629,5173,5515,5062,5312,5020,5655,4919,5893,4996,5444,4789,5544,4842,5028,4636,5366,4884,5209,5290,5324,5015,5204,5001,5247,5418
5607,5589,5766,5394,5590,5576,5469,5134,6134,5589,6359,5413,5634,5284,5773,5468,5879,5754,5225,5318,5584,5672,5578,5257,5741,5538,5797,5594,5827,5205,5944,5695
5808,5292,5713,5081,5742,5212,5795,5865,5758,5537,5776,5596,5721,5478,5935,5193,5858,5692,6166,5315,6104,5621,5697,5371,5862,5035,5783,5689,6034,4945,5923,5617
4967,4779,5523,4731,5373,4807,5147,5034,4914,4791,5153,5251,4926,4836,5497,4887,5508,5190,5413,5058,5345,5303,5177,5406,4965,5174,5463,4996,5303,5025,5284,5670
6384,5431,5922,4891,5801,5242,6229,5154,5743,4941,5959,5374,6543,4986,6043,5053,6004,5148,6436,4830,6597,5492,6442,5245,6088,5368,6129,5144,5748,5488,6211,6113
5902,5113,5726,5049,5601,4997,5315,4980,5590,4696,5509,5262,5784,4803,5912,4893,5831,4693,5595,4965,6276,4957,5417,4965,5651,4806,5587,4894,5589,4952,6201,5465
5633,4919,5131,4729,5706,4620,5620,4722,5367,4863,5732,4682,5548,5129,6010,4431,5790,4766,5420,4696,5811,4796,5931,5069,5817,4909,5637,4130,5417,4297,5552,5187
5657,4524,5739,4897,5427,4626,5753,4428,5372,4964,6080,4873,5797,4711,5416,4900,5385,4743,5709,5141,5398,5148,5899,4767,6095,4683,5782,5116,5428,4564,5645,5195
5369,5032,5611,5273,5149,6155,5043,5418,5506,5416,5608,5247,5545,5066,5961,5366,5309,5368,5313,5374,5369,4979,5317,4986,5302,5211,5418,4905,5781,5021,5634,5595
5471,5237,5299,4972,5310,5015,5402,5277,5606,5023,4981,4659,5105,5194,5320,5462,5228,4966,5533,5332,5940,5555,5576,5317,5626,5349,5428,5291,5263,5366,5697,6036
5762,5269,5470,4698,5575,4700,5209,4809,5447,5338,5815,5022,5247,4814,5217,4790,5833,5296,5440,4992,5385,5474,5637,4823,5918,4903,5708,5149,5830,5063,5883,5920
5554,5568,5420,5095,5183,5297,5389,5911,5569,5660,5380,5530,5188,5305,5618,5278,5788,5238,5229,5297,5560,5763,5522,5627,5171,5416,5584,5204,5352,5569,5877,5670
5426,6107,5343,5740,5213,5784,5542,5982,4870,5869,5130,5459,4995,5378,5197,5611,5021,5231,5308,5757,5436,5676,5289,5607,5081,6252,5261,5421,5030,5385,5296,6238
5003,5369,5074,5258,5166,5621,5174,5012,4949,5459,4739,5473,4817,5130,4779,5462,5123,5232,5213,5169,5353,4911,4905,5104,4996,5197,5118,5009,4721,5043,4592,6099
5366,5684,4580,5334,4995,4892,4833,5397,5612,5229,5240,5686,4737,5368,5018,5698,4931,5717,4733,5315,5555,5566,4834,5463,5104,5040,4935,5551,5193,5202,4491,5837
5366,5355,5165,5443,5236,5197,5044,5024,4626,5208,4896,4843,4722,5092,4917,5223,5048,5296,5113,5094,5529,5421,5661,5319,5328,5254,5528,5332,5515,5200,5331,5826
5228,5216,5372,5215,5709,4839,5401,5209,5117,5010,4897,5375,5337,4876,5063,5396,5118,5185,5086,5537,4945,5144,5293,5003,5394,5168,5263,4902,5085,4800,5445,5790
5771,5410,5645,5625,5376,5029,5459,5538,5402,5176,5302,5201,5808,5610,5542,5346,5389,5383,5853,4917,5614,5468,5670,5307,5463,5201,5360,5198,4917,5154,5739,5724
5602,4670,5569,4855,5939,4640,5435,4584,5814,4687,5276,4814,5915,5179,5574,4542,5344,5209,5632,5211,5954,4843,5443,4512,5036,4436,5623,4412,5692,5064,5239,5506
5635,4658,5402,4799,5589,4847,5886,4544,5831,4914,5492,4759,5665,4890,5321,4893,5291,4853,5589,5335,5413,4866,5568,4730,5564,5047,5555,4992,5853,4752,6426,5516
5704,5023,5572,5671,4974,5127,5505,5740,5306,4888,5436,5460,5428,5451,5282,5444,5172,5387,5013,5923,5353,5373,5367,5668,5237,5170,5243,5220,5558,5204,5606,5459
4656,5289,4510,5561,4414,6124,4876,5366,5133,5547,4531,5243,4608,5591,5089,5306,4994,5475,5297,5284,5315,5345,5232,5332,4678,5666,4967,5072,5019,5385,4538,5983
5024,5868,4676,6171,4813,5725,4925,5906,4693,6051,4640,5835,4736,6161,4534,5613,4981,5587,4546,5774,4669,5477,4716,5463,4772,5608,4860,5826,4586,5616,4798,6480
4860,5337,5085,4930,4622,4910,4842,4659,5345,5042,5675,5520,5229,4863,5213,5212,5634,5022,4948,4950,5060,4914,5160,5213,4994,5077,5040,4879,5220,4952,5046,5721
5338,5520,5225,5002,5147,5267,5332,5215,5387,5444,5109,5054,5248,5068,5502,4797,5090,4971,5868,4808,5126,4662,5257,5119,5452,5013,4778,5137,5688,5415,4972,5826
5497,5038,5152,5095,5100,5406,5232,5648,5153,5508,4720,5639,4811,5540,4949,5078,4730,5183,4739,5364,5007,5224,4879,5610,4865,5028,5117,5598,5420,4862,5534,6214
5247,5373,5239,5306,5389,5594,5407,5285,4965,5758,4971,5308,5268,5657,5196,5455,5092,4949,5309,5846,4863,5094,5313,5692,5327,5155,5477,5483,5433,5581,5155,6366
5362,5679,5306,5861,5428,4785,5547,5234,5525,5170,5212,5398,5606,5209,5116,5780,5514,5291,5396,5384,5098,5458,5353,4969,5007,5121,5344,5367,5200,5154,5330,6408
5529,5016,5386,5272,5728,5002,5261,4934,5493,4745,5384,4763,5696,4666,5742,5323,5514,4905,5679,5093,5473,5072,4856,4928,5350,4991,5351,4476,5810,4887,5472,5395
5403,5186,5125,4744,4943,4743,5289,4505,5582,4753,5732,5233,5538,4650,5795,4621,5201,4799,5535,5081,5079,5397,4790,4764,5208,5044,5510,4747,5763,4983,5313,5177
5058,6140,5026,5410,4895,5710,5149,5650,5171,5575,5393,5862,4813,6041,4944,5559,5227,4874,5232,5245,4653,5060,5139,5006,5069,5717,5391,5749,4972,5954,5305,5840
5748,4917,5640,5092,5201,5315,5292,5399,5299,5335,5430,5061,5370,5314,5078,5100,4995,5171,4888,4406,5032,4802,4930,5175,5253,5080,5399,4919,5472,5383,5028,5661
5215,5212,5619,4915,5759,5389,5339,4900,5460,5458,5460,5163,5294,5532,5393,5256,5479,5471,5238,5302,5623,5364,5490,5492,5114,5699,5123,5244,5674,5389,5856,6382
5814,5573,5582,5561,5263,5414,5612,5615,5379,5645,5374,5174,5442,5738,5610,5464,5094,5530,5367,5721,5573,5885,5438,5638,4992,5810,5380,5404,5224,5296,5420,6115
5147,5452,5347,5178,5381,5213,5359,5112,5155,5502,4912,5191,5339,4845,5014,5206,5228,5459,5453,5226,5415,5663,4995,5781,4987,5619,5634,5262,5477,5119,5696,5710
5393,5622,5130,4978,5167,5684,4746,4947,5166,5171,5051,5071,5116,5222,5640,4781,4940,5507,5229,4798,4932,5092,5572,4834,4995,5553,5048,4955,5137,5326,5020,6282
5164,5397,4860,4863,5382,5063,5261,5079,5338,4960,5286,4944,5886,5034,4962,5059,5357,4942,5071,5404,4920,5303,5466,4901,5096,5171,5263,5068,5374,5313,5174,5804
5483,5958,5745,5412,5273,5948,5403,5419,5041,5391,5499,5400,5112,5812,5087,5756,5210,5333,5228,5375,5203,6042,4634,5302,5605,5439,5693,5703,5624,5537,5300,6207
5203,4916,5268,5406,5258,5440,5249,4984,5191,4978,4867,5177,5245,5229,5088,4821,4883,5317,4829,4920,4793,5180,4566,4844,4798,5076,5242,5103,5223,4797,5154,5629
4893,4936,4958,5000,5077,4808,4957,5424,5370,5049,5080,5309,4665,5044,5043,5156,4798,5022,4843,5377,4798,4812,5282,5481,4758,4802,5280,5338,4949,5221,5004,5732
5081,4968,5159,5479,4548,4894,4951,5524,4666,5308,4052,5218,4723,5328,4702,5215,4686,4961,4532,5276,4908,5027,4751,5448,4712,4916,4870,5211,4655,5278,4699,5730
5235,5357,5562,5607,5586,5511,5554,5664,5658,5233,5181,5744,5020,5859,5391,5995,5131,5560,6022,5707,5296,5395,5033,5644,5709,5522,5217,5194,5660,5673,5566,6241
4950,5397,5069,5251,5320,5187,5237,4737,5138,5245,4877,4875,4741,5280,5366,4811,5225,4922,5307,5312,4730,5178,5413,5031,5090,5217,5485,5089,5107,4982,5455,5910
5053,4775,4892,4417,4747,4553,4521,4663,4727,4760,4791,4776,4733,4939,4595,4486,5199,4435,4860,4490,4921,4164,5210,4435,5155,4961,5085,4370,4744,4659,4799,4900
5626,4991,5442,5290,5303,4837,5851,4961,5393,5124,5325,4984,5648,5031,5529,4779,5603,4850,5732,4758,5690,4715,5532,4866,5374,5337,5425,5061,5260,5010,5424,5589
