29804347,35085486,4733845,24422010,12832849,18449361,6685241,43029145,7080354,4809751,40233997,22758145,35839263,4428307,37451970,4237679,18468315,21128297,19345778,19455248,83359030,20694337,24064384,5662038,31449040,4521434,18790944,5271980,5543094,25106676,23153344,379881948
35038733,23899556,34073815,19808577,32458481,52063262,50478343,17133384,16264317,53312392,36577384,20502392,67245303,36596439,3608421,37286075,15630598,12759431,21882461,45259742,24334837,7381842,91775859,14341099,49288608,47993806,6485092,9461700,4826744,43639077,35148228,86896933
10173363,16912275,4079918,75690570,4107001,32180574,3345476,7586400,26229738,8287189,16805115,53794502,28977259,47041138,19274321,44626927,57366714,22642535,19876770,11641421,26537697,17064489,20451384,20894775,23440404,10607298,20906180,43845588,58423619,26079065,29492038,76023786
74109603,91323765,48607558,37824780,28412697,27439134,24259641,65337776,4103166,76205251,48512896,5401453,59053509,25713426,23687155,46440633,5045339,53790652,31156015,39456757,44496323,27090246,37840393,27370383,22904250,40344510,46942962,47624113,6415548,77053364,15164935,50183333
24856253,53785093,3917396,40402033,65376320,5077479,48356389,35851088,24853125,44964566,61828068,23094057,4570624,35498361,33099787,45055861,48325360,67755366,21358472,47558749,52849205,58954308,37422309,16765561,31746322,98169557,26834776,49913558,73542834,9079363,52794007,86533134
23893345,51554273,28058350,22196023,10063906,42455301,4980267,20179919,55051513,34617091,31368948,39399941,27120072,23131115,53014321,29120484,45340323,44029613,21615963,7881600,7494937,23373852,34572082,31299001,95187757,32519290,62626222,6799245,6492679,38997987,50278184,92825021
70856216,17918881,28848568,32395179,44042411,49343905,49758879,12202317,23012877,4279360,4435326,33200752,63634040,10800451,52841387,35616642,58103119,44000198,97694014,21161491,113947988,10923150,40143587,4966461,35593531,53120724,55759555,19846036,29456422,43321215,133264288,94173813
4214434,17031047,36356860,24814891,24109377,70681586,32474021,33937569,32541289,21848332,3784508,65068747,65163237,22349667,6224711,31830679,65847679,6039155,4327141,20642292,16872954,39738328,5252302,4869056,81210120,25921188,6578177,15545077,32257399,26016377,6347599,47430905
50753593,31576267,27946062,41689510,3423067,46268439,32765883,179691787,105506816,65235245,86428753,64447626,28115427,134943581,19987569,26734760,89796755,4509962,44826415,41886447,51170407,117357078,93291612,91803323,137118441,29113803,27035513,20690920,62355025,45552588,28349259,165197688
31484387,21245605,12069099,9029751,5907467,4908046,25504688,84651695,41620169,156203442,4304937,30192755,19488869,73919070,4575864,33579810,7437388,13643442,21590964,142648318,5416447,64717951,30893315,78119739,16896108,10648936,29838481,8522161,47615800,68852300,45745829,85474576
40550020,5765194,29542458,61102009,79213852,32397226,57362646,58918209,75366356,36494503,102911168,31050181,26671109,31985181,73477148,20304436,23770031,3687264,111989046,88156118,27008081,2996528,17409938,30058415,83994162,27881542,4929313,30669741,76459382,61501657,36284758,74338674
62706439,31429147,4261743,69342331,43102893,41501243,33252418,8251564,7514119,30433137,27061013,22663259,19119880,14055272,29705080,9916627,25658047,11537108,56249115,11417554,20114031,21078572,40250795,17515459,29306356,11307128,53214285,19764748,49955780,70551318,41021309,90893406
4713635,5493855,22207444,41709824,9898704,42801318,8199866,20575170,31116096,4206540,4985225,141733908,30484875,4500230,3942384,14432834,7989363,21996536,3968862,25458905,26498211,70206792,38651263,71931101,46807883,38315590,50570998,63645503,23032897,10009111,49995809,43003000
91881890,39733238,47498044,76800841,129167993,80239888,6509650,10724473,66470302,44308717,5811054,37516156,101987703,75821452,45129340,46810848,58371984,61554822,13497168,11410172,45257058,69657306,42572383,107450063,62705680,72134875,11502811,4286775,90241607,39090296,33010120,52707719
5433701,80572872,31334217,37793974,103468399,52222347,68701078,29191513,24174808,57932372,47584502,3709484,6146399,83412267,29604652,5112553,39425980,29484527,16777282,3489092,51879489,42799687,52282717,24276221,52727746,49501577,47793386,141414539,29418753,54178987,20195684,56863473
13272839,24866887,7352512,22580313,3408419,56867779,29462895,42618020,34060301,25338057,27846741,31064624,66017670,31880332,51212811,7228245,4615210,10086211,49269576,48647992,4626372,20833025,23309225,31972241,30083725,58691278,29547544,84537370,6998466,37759030,4171149,38438333
59581833,48802493,5307480,85551470,31054911,141268364,94140902,19116235,173855994,22116689,28486563,62936295,102381784,9473668,65901672,80995907,90238055,70564266,133623872,130760371,87024544,36937299,46688916,22140082,73752971,45183744,175454745,107588825,8608061,240977508,10398131,53236613
30194179,31976892,104018846,37772331,27598936,6820881,28208305,19730321,4124861,14026468,24139465,3590746,5069556,2836486,47651451,4457674,37224094,53647624,125735198,30119126,100663917,36765935,33024730,50211419,3422392,60410641,31510360,48412376,85814149,35456743,26264420,62974997
19625622,37998951,26139904,42557039,268774851,19200634,77780840,27417962,37805890,79313691,35652616,51357413,102749756,19759651,61642706,58272993,59871359,54528314,11781613,49313037,20450308,25846103,75143209,108742808,31211197,22806242,76025340,40006204,18924680,40701889,25185685,86969421
19698473,2216747,25812489,6828118,38738634,50819479,81552125,32689813,7308741,18378960,46387794,35121845,24020360,3274914,86734334,70292532,34120473,31889893,19085974,18070835,21921825,56802271,32908411,27727148,4863532,50229675,31084193,12245608,58108929,27312953,26299160,16251031
6700992,98882480,92011130,33426672,34866553,99920103,3999216,3810702,40695512,16054869,34121761,58879819,36601707,53538594,54630682,3240490,98488376,22510052,5828559,5246216,7040125,20962608,58884116,2869238,66931294,2976282,50397779,3413422,19718404,4776016,102399499,73041719
65426124,7234844,12609407,4396780,94750919,69195982,104983250,11308064,39502901,48009369,6270769,36240376,67900904,6614807,13580836,75439905,12323257,44888430,67218697,34752758,39732591,26059597,64594131,38248403,27355911,8445137,71721096,65867371,80863123,149289381,106222448,81546702
119468071,5348660,14776685,25642734,3899879,23987425,30312582,3883578,79090760,75725856,74008055,63733075,63978438,23639153,57988524,4161597,46087640,33322290,22902508,45798857,14260944,95638901,14364804,4795436,15072012,30790383,27301588,4533962,5090137,6881335,33442250,46550282
108716461,17361286,326171980,248001245,21989242,63306270,112895705,20470767,108849057,581990964,48777762,125681483,762682339,135232110,22831308,77290643,7701145,298327914,83256298,39495010,91894769,34773410,4869642,5997213,7789104,495946891,199735525,87742128,60394195,94949494,70889394,40273432
54515809,30337163,31577853,60600346,12059862,12242980,53983380,29697222,52987157,29745546,22971711,42187674,24591600,87716559,39910448,4328154,17769745,91967152,5627266,18736119,7112655,23721505,64456868,3276828,62359622,57199864,57913493,96014445,8109455,29347800,39682224,31200515
81681878,15700101,83261280,5526802,3337505,39234590,48485914,35717267,51314919,27087023,40657488,4678797,4829078,60522136,6933612,54612511,81869390,26307674,51446846,26078058,25899019,30171920,5160831,59030111,63801234,56612029,72059059,33612767,25354645,42476240,13985205,48515574
95754929,146313145,270864543,94423882,204231502,73591970,373346835,8194939,93854005,152604051,98063421,171800299,72582021,95539044,122350983,159866190,348348970,208292383,117937162,97984914,192463564,213416845,89566966,185351709,148544033,23878189,246442757,134353596,167134286,62530986,166983720,159467200
83926673,62558154,30864546,63571127,50019271,84535350,45427216,29075837,41909029,10971224,8247346,57473812,35826608,69428030,34542016,32512069,37353907,68372032,67072268,41340143,27251769,3967579,51019118,102380367,47060042,80222910,27264318,54170137,58162706,4038772,45751250,39575973
3652692,40310008,45987696,51348750,104469854,12260001,34677943,22083661,47722713,25240207,67011510,36375413,5290508,85092135,75565156,7077783,32897553,42172126,5257438,43267064,16567656,68529014,4307768,3429131,53994418,3872353,25441991,62511023,6666046,4540064,30642591,61178427
89228062,31585670,9629606,102104196,7094150,9041675,4474579,36506985,54863036,78480468,30750352,176349880,52125268,38144466,15062543,28714109,62864941,42764599,4843534,80969625,64982808,64722212,33118720,61485336,74588047,33562852,33951778,4433441,22898142,5862943,59297432,96448824
70248170,51776656,53479656,112218626,52248959,30035162,3484919,56702032,59628246,121644877,59566042,24701363,32621047,7217635,3982257,5685479,5689844,20897320,28116555,3329355,38519867,5720782,108222380,4610270,111068144,4184367,97280324,7869645,111814926,25572955,32414041,143429062
25024897,56085911,14644181,31071834,112269490,33284923,79564882,61926309,9969713,32133812,64198361,11183446,94911705,32525978,10669036,36828922,50157425,22193434,10028912,9148616,97487753,27945712,58798433,7111333,11736542,29474181,12584390,6571588,62708463,29661114,76563726,97198744
75730087,32086594,11298876,30753873,26955733,80692558,61752019,56671879,5097064,62672703,51677485,6339037,27026403,26009435,4010103,37148067,4497238,53556276,51254917,4461210,5528022,24851962,51825293,3855115,46210469,3691526,48285502,7376185,48386309,4447889,67505616,63197904
223485264,56804359,174846437,34506374,103604916,83236365,52566807,205872959,116395170,105721428,96988906,226054396,109197892,139668861,221042859,55949014,205713708,64158668,178411102,65137191,238072093,99597598,118976929,94795056,265069143,89692525,268674779,194170051,141712545,5804604,405456896,129460005
30934379,29281731,56190866,69848388,46920102,19310520,21127797,20564686,23281350,33222936,30812163,30471782,5677091,60870378,59180721,34267717,33768758,5592440,52486375,6820499,99001394,29023187,4215748,8180623,30881757,31363556,5410690,144636726,30673774,30524656,97520647,78585774
61171833,59613380,33465583,30268782,55712168,32235731,27120245,113953848,3761525,78001145,5408200,31379443,30794679,22355985,4207451,4341750,3595004,5082198,178285447,4606603,37044818,4535891,5707021,4727429,60671678,58089320,61883487,3601618,6468365,32806786,54593924,90410106
4361868,32844177,42004625,54215068,37824794,29548321,10767834,31446223,13504676,3280541,44509775,5361909,7537567,39471826,11184626,63914280,8709320,103097680,63897995,22674407,63192831,22063210,5065802,6349675,30141646,5469723,6963201,7048598,32270970,5497085,39906514,19885204
24615386,38775917,14981242,26983704,31150138,72491726,25664671,60151019,33278598,63736538,21181515,26991189,3902229,73616589,22467534,59472531,59798825,58657656,22067838,84164367,5074939,24924858,28125779,36791729,34558458,34906417,15042767,34247216,4853538,2739917,28345663,22212033
30525547,68100241,51530674,30067272,28134022,29173667,34199671,12289776,6020296,5323298,60163076,34068900,100897802,9281380,4298568,55415543,21077032,29547885,3967025,30932885,55573069,63825978,191845212,3768837,81750147,58285149,31043859,35489120,89697551,34536411,83078499,86865171
31004013,3302991,32650397,37564152,31040037,29715252,26197927,4829894,53271715,76723568,30219517,4292427,8644155,33963157,31573869,60594499,137649985,26481857,80161621,71041876,95945869,26586457,61416613,55953109,76185469,4951063,6141455,29815580,49957197,73509185,48026401,68741115
25190225,30916635,24226337,5585394,4247226,34029001,73978431,43909821,53219150,34442520,4657657,57622468,11178561,9002864,5014999,6319414,40600449,10975583,35207004,34933224,70404428,34482110,7634335,69336116,73220734,24990032,71924296,26069384,121761278,19916664,10004325,88497718
232109639,319444489,206623959,80689592,252619250,239480516,247151922,256232244,234401021,350394858,131813960,138339255,264038056,383273759,291090681,114285368,204200019,429717029,201701203,301130819,102044617,327025622,310505028,179810963,225394303,429645862,149089313,152223083,277365419,224059257,249091788,232720846
25759425,4406710,42401163,7584954,5323012,54618174,35948623,29565795,30484663,2889670,85055532,14832651,66142897,14039611,27052345,4644678,47976998,4034626,6934921,55449932,38493558,29713725,29771040,5682135,185583361,3072302,29826275,58378328,103497764,4627674,115268114,16509248
61562233,4954209,83368500,99701801,29829532,20103204,4077782,57608137,69422226,23115538,10110845,3673100,52666426,3896059,5413458,24475221,41205591,33039684,21908132,3693331,5524712,63383866,116723913,34371163,52640622,4871673,64644344,3438774,60773965,11018449,82315352,62941846
24645703,35487963,88869563,67084610,65934910,44371053,81402468,10860583,50408806,6133730,32528178,5716598,62722141,166642469,112843822,5501550,22111363,4559313,76354699,3560487,60383145,36365069,33151999,32194973,35359509,53650257,37769198,26118701,33984520,63460321,63770444,91099150
62298263,17733676,156835077,7307812,9173633,7383442,87334025,5303647,96116099,26075924,97190982,54074823,67358372,28333491,25031666,4004192,17704234,6688198,5178484,4264232,6438321,27017393,39082402,37912613,5392662,32404021,26041014,25367984,12138621,67463933,6502151,72675711
74346275,13656181,6007152,90177511,61358675,103955651,34653911,5772107,82909287,5259713,36515147,31805209,22482940,30825604,34173030,48007592,27694115,61719513,63172674,58583848,5320763,114672753,60876392,79048899,5728025,56684027,9388542,42882876,79410526,83510536,52794522,45203839
19750949,68053483,6729235,28577599,48790411,6779428,4960876,84436023,4504904,100880488,21574663,44386186,22736709,52508205,3755467,145710487,3838096,23360419,41774158,62561722,4547717,24948972,31027907,61849319,22837552,53961229,41439774,105418275,6295808,7283208,39345153,150773809
27859172,75990590,54635122,3636656,106636768,28655429,126319475,70697496,62624577,10353190,57054727,59198126,18371291,33035760,29942731,6145588,6213221,6271210,27398999,6742275,84046906,4404999,5783013,45966729,4426159,25964782,70985192,32880918,11935934,30739023,7361201,59016568
9560073,95642606,37683242,65151403,57821856,6018437,49542121,35884580,74396058,29831147,3848970,14531165,47608416,16199619,90713065,18679328,24280450,10540505,6688815,58178876,68419891,5347016,4191967,4937867,70366129,54123155,86256206,19846446,18314504,6296436,24030383,36301292
359215618,359632693,326989865,345098176,321050429,376574562,448940144,330761830,223025648,386386528,344387966,245132309,280153024,345312338,235819760,361537452,253132593,418226399,354101920,392616485,311195611,317458370,37095094,358160851,457080110,321520614,324838277,244755504,372494544,171789299,395603858,391729636
29231577,16542120,169849811,43493288,60904526,61184257,263988857,138840813,35149929,32324135,6178611,206617638,162922268,73226807,115970974,139068702,23720173,34186731,27968483,66649164,71457046,11369672,30322038,165650599,6892364,64042656,228609679,9431295,107891974,32550578,9123091,137842377
4305651,32291354,89703987,4563002,59409688,59646601,58878415,4888592,54890388,66219357,26023631,108095433,12860291,47055561,57701750,85943136,110471592,6387376,33568546,14086748,104795604,34474491,30450026,126801362,5064506,58410994,31337672,86138857,34126885,64450304,67349748,121818071
5658858,37239008,93302775,60857713,31617280,70519827,20228900,56763327,8591757,8314398,3821670,4892443,36065552,26728530,4543748,5315561,112887335,32006216,26832337,113004277,86330622,32631653,29428037,33474862,3041620,5617433,13707117,114882893,7270118,36511359,5417344,16337368
26354393,56559409,27755391,51536095,3455064,3511931,18138582,58899390,3838177,37523792,2877613,35390084,3873817,26870467,35931997,37282669,56870605,7083980,41316215,24969040,33598876,90666450,38993366,11244080,119946132,27336994,5655844,28480941,6009032,20468168,52713481,103839115
26432980,21664672,24998998,31270533,27586929,46310093,8517798,32622201,89213302,26603565,46494228,10366881,46866771,4658775,23599470,23359750,55282860,9781140,36461113,7743725,7944028,42469724,4523709,5291839,66316144,34027491,48160128,5244276,89675076,4843940,113611092,97915421
75344468,114760393,75118488,34063932,38313451,30571071,5617137,32163827,4825862,77953364,3940408,58295337,31207735,29914145,30176557,5520576,5619503,29402457,29464538,27727901,85671336,25302431,78647492,86056460,4277089,6515036,62450329,77777686,59854732,3889552,52389888,62128908
6471269,25861088,4417890,51359516,53166012,43515922,27579498,28429990,66064855,3095252,28746145,3740576,65624953,74195726,32119272,2708404,31198883,8353292,39490307,42321131,30691613,11342706,67803669,41315991,21145447,37323655,31751081,34438917,6273238,88246915,59153507,39585070
36946693,27523240,33463613,66702184,5658577,54393764,6789144,53492597,60360788,29082672,4770330,53035678,33637818,43240336,94126323,16787941,59046781,3744504,59494572,64684131,55610816,36618341,3081226,112183733,55966529,29525295,82182175,34380705,3479640,55129356,65400061,70755955
