8391,2853,5229,2728,12729,4912,9006,2860,12855,2070,8509,1561,7990,13248,8490,2866,13630,4536,15839,5796,14004,2553,8828,1781,6385,1552,8435,1766,5520,1681,19057,2213
7569,4530,12908,3218,5159,4081,12745,8555,7418,4540,6981,2569,10931,6811,10452,16079,9059,4386,12514,4525,17562,2623,8803,2470,7021,4323,11902,4716,13612,1291,5506,3498
6586,3149,11850,18841,6198,12321,2362,6002,5267,11545,15177,3609,8480,8942,12183,3673,19238,2396,15745,2393,4673,1504,7568,8708,6196,12478,5492,5603,9609,5976,4018,6764
5984,11313,2160,8092,6557,1592,12340,7735,24544,4657,11723,5533,9386,9270,11889,1934,8736,2936,14134,8823,11855,6611,5827,3686,3954,8298,9124,11250,8369,5610,7474,5932
11273,18574,11787,6407,10758,3539,2436,2047,6412,8433,3492,5268,9004,6923,2599,8041,8990,2559,4821,10381,6097,16576,5499,1508,17696,5303,24445,8307,5724,1921,14290,6371
7999,4901,7941,13440,11034,7516,12557,1459,9107,19261,1323,789,6813,6000,2459,10299,3945,1362,2466,12710,38511,15286,12132,2751,12249,13871,4026,3923,14786,1921,1532,3366
29154,10373,7489,13483,5435,10420,2720,6120,18376,10926,4764,10294,3301,5529,1903,3865,4664,1326,5010,9783,5884,2992,1793,18322,9924,14605,19626,6116,7401,6038,4681,4364
3291,8051,4025,2027,6759,3688,5756,13239,6645,14907,7444,14194,5923,7223,17720,14177,9957,13543,2307,6211,8363,11214,5417,10155,4128,12893,9115,7126,5883,6787,4372,18591
4302,29727,5340,13154,5946,9778,2701,8459,6024,5141,1916,21517,2514,4356,1691,11305,5889,3644,4645,2296,5205,4355,21736,7196,8547,6510,12020,6946,14849,10715,2159,14354
15572,32438,17216,12365,4489,3422,2663,9134,4445,18398,2821,8117,4176,6422,6226,2837,2376,5603,12245,14107,4302,21334,1780,1669,10938,5592,18342,4530,4707,3053,3325,5347
2531,30874,14700,4664,4482,13411,12018,7539,7413,15866,9396,6938,25257,1309,7947,3377,2148,9276,1359,11926,1496,15563,7383,12692,709,8805,9592,19695,3013,3567,1503,2695
1159,15842,2106,12738,3031,24657,1218,2872,1268,4444,1381,1518,33969,3278,10236,2369,1248,5900,2863,22168,11959,9450,11086,15759,11709,10194,9341,6013,4944,1928,2433,20418
4073,22581,8615,5380,1275,16158,6468,12238,1563,9462,6064,6058,10161,9876,4534,6272,9406,6580,2881,7458,14692,4122,4966,4552,7603,12631,6864,9536,6553,6827,16648,17916
3221,10038,6933,7515,3836,16824,1869,16253,3544,2401,1928,9846,720,6248,7803,12628,23347,3769,4325,9833,7556,3805,6030,11666,760,5583,12576,2485,12811,12096,3983,33605
6094,6069,8629,8871,22222,9380,10124,7356,5424,3462,5232,16459,2968,17908,4899,6598,2780,10689,7598,7485,5440,6811,6761,3111,8126,12084,756,30276,13103,2876,6964,2769
1539,15777,3311,1567,10137,4753,8316,10992,9342,9711,7646,10502,1878,3685,9034,5099,20935,22363,4057,6998,2312,6809,3669,5981,7841,7139,17097,11243,5874,32662,4773,7661
3234,19847,2376,2333,5755,14055,11400,12261,15766,12985,20083,919,17098,5468,2715,10851,3571,13404,5059,5141,10005,17192,4406,7085,3770,13299,2761,12640,3846,2881,8527,4084
11526,8899,3524,9430,10331,18891,3277,14785,4914,11593,17756,2720,8598,4875,1494,15290,1858,8874,2263,8212,3374,10730,5582,8844,13361,14644,3595,17866,4607,2752,5586,3310
2590,5256,6488,4266,6420,2411,4634,9094,13364,16728,16681,8441,10354,15269,8751,17037,3214,20944,11523,17853,9046,5903,2477,7193,3821,5390,2774,8402,4249,4152,2103,5625
12188,9669,5657,11584,3629,11009,3132,1543,3220,14520,3315,16307,1956,8865,5999,8589,4362,17354,26695,3294,16642,5180,14838,1465,7711,3138,497,14796,5635,7500,2608,10222
2568,4226,4789,13823,1898,12932,11029,24899,19966,5697,1211,7470,4435,7849,1338,4993,180,16071,4480,4544,28992,8796,2756,4349,6027,16268,9582,5905,6393,8118,3138,9342
5190,5051,7576,4438,14467,13638,3110,9379,9780,11546,1613,23821,9203,17466,3526,2403,2583,12212,10806,8773,8270,5600,6598,4489,3302,10949,1149,14751,11038,1510,7024,15494
1866,13673,6420,14743,18559,4693,10240,2722,11127,5888,5468,4051,9917,7364,15042,7860,3587,10098,4447,10423,1248,9901,9569,8878,9108,7204,1226,21691,5818,11323,5357,9038
1405,11412,4406,12554,1861,2178,9206,5137,3690,12295,6642,22851,15506,1638,6606,7422,17728,11379,5944,11755,11786,14897,7879,2587,2369,4620,3119,6518,6798,3475,4025,23911
3977,20906,6995,11462,3642,7544,7144,10397,3298,1717,10325,8249,9729,7448,13364,6094,5538,7566,2644,6691,7919,9459,3223,7307,11502,19328,8215,19360,3082,11762,4581,5195
5918,9938,5572,7689,4531,8152,10418,5079,6694,11895,3610,7254,1703,2910,3540,3750,8317,2729,4555,20255,2422,20304,8751,15385,17843,13724,5517,7558,9792,17691,6164,4351
7606,8605,2221,8173,3127,6696,3332,8142,4371,2053,4740,19128,3439,2790,3053,28710,1218,3293,1631,14723,24956,11885,11717,10932,11087,6441,27819,10617,2479,9368,2543,12506
5811,16598,5024,18039,11900,9373,15018,8317,9463,1651,9388,7737,6121,15134,3633,13993,5077,2290,7877,8265,2605,10749,1781,12372,1740,9530,1308,24753,14071,3810,6023,2981
1647,3147,6965,9350,6441,13449,7756,8814,11246,4739,3126,2263,3591,25011,6973,16321,9712,7295,3321,18279,3182,15088,5031,2446,3641,13433,12245,6459,14102,17589,4271,3011
2580,15132,8240,16979,4699,21207,6651,6610,9956,6597,24871,12891,3487,16821,4789,3005,8533,11210,8331,1719,4154,5157,1162,8205,3067,6740,4148,8674,10439,4167,3500,17271
2799,1507,687,26504,3042,11987,20238,16696,12841,6736,2261,12315,1986,10792,14803,7191,2234,3653,4866,12380,19020,17190,2290,1780,1248,11623,755,10072,4423,6827,3259,3958
7974,2067,2734,8910,4984,7825,4768,2574,3928,9701,17996,10064,8139,7572,6937,8020,2772,5960,1126,6476,19936,16902,4977,20939,2003,2211,2623,12121,2296,7187,8523,32262
12636,17768,8171,7630,1697,1457,13172,1981,10857,18363,1820,19141,3489,8309,6760,13854,13014,2434,2260,3097,15446,14474,709,6890,5501,6785,8945,11557,4925,9801,5642,15101
6292,21427,1662,6572,1671,2134,13976,15111,2251,10735,4607,4545,1652,8779,1281,12387,781,14458,6658,10326,1978,3378,15328,10557,20135,12644,20326,11348,10437,14239,2594,5181
13071,13706,8566,9621,6499,2166,6102,21830,4901,13786,2205,9601,9966,5496,10556,5631,3335,6836,1029,18248,6855,1925,3851,2906,5288,18328,19990,7468,6845,9105,4388,6737
3241,14210,2287,17183,10441,16138,11719,6662,8291,9379,12285,1881,2422,18586,3123,6267,39658,2666,16606,10462,4031,6726,3901,1284,1084,3861,2680,4315,1650,11533,5411,8195
2399,19858,1335,11398,3442,11348,15784,11839,5735,9653,9012,10474,4467,19835,1551,4080,1917,3852,17947,8613,7039,3369,8387,12773,12442,4655,12969,4017,4649,5232,4573,3659
1777,18855,10399,6908,7885,10237,3727,12460,1233,14293,12557,6968,19633,12364,11278,8527,2500,7173,4319,3715,7499,3051,4093,2987,17873,2563,2526,8178,6927,22886,2002,8375
2745,20916,10246,10170,3177,6577,18750,13630,4444,2785,6520,5474,7709,8410,2424,24592,4715,18530,6595,8340,10991,9767,7752,5828,2303,8482,2499,4518,11633,5174,5998,4421
1181,7768,2863,5871,1560,1534,15249,13384,2745,1839,9045,18988,22981,9928,21276,11270,3680,10210,7344,10401,2852,5053,4151,10552,2395,3355,3648,10952,10999,5680,3459,20643
8303,7622,7482,6888,1323,12349,4868,3971,4201,7977,9907,3196,11984,4977,5612,10563,5044,14524,1697,900,3096,10332,14662,11463,2872,12423,4325,18099,19864,20330,8376,11974
9761,2173,3183,10561,2234,6440,1262,5819,4102,7764,22324,2112,13524,6768,7525,5647,2704,6831,19175,5159,2794,22024,9141,13065,7567,20433,4372,20974,2383,6638,1457,9722
18493,2451,2867,9373,1729,2023,5064,10639,5163,12527,3107,20739,3534,21162,1916,3520,2992,5214,4388,11426,8174,13097,24032,18788,12544,10871,9448,7342,3482,3434,4431,3284
6169,2221,8335,5897,9417,11259,20493,2488,5773,21260,11382,26828,2192,8203,1140,12922,333,26478,5136,4186,1554,17418,638,1875,3620,6669,11610,5616,13202,5745,8146,6174
21353,10684,11449,6800,5240,10850,16603,3271,4565,2821,7353,7527,2509,11988,6215,8756,3804,7049,6023,8039,3480,8028,7562,14211,5847,16515,1301,16897,2856,6812,10078,5996
8284,22846,4433,31856,1590,14793,5447,6094,17051,5666,19864,6376,983,10964,2583,6978,4690,14837,4409,8990,5625,2957,3034,2486,5643,1300,1726,6409,10873,5697,13972,6941
2001,8760,1908,10193,4821,8978,3594,2999,1162,8692,5346,5540,15084,22699,21570,7998,6926,9188,19235,8521,3229,6549,6344,4393,12854,12720,7797,13657,2727,5464,735,11928
2396,8273,4038,3619,2901,20546,1184,18573,8295,10769,7322,7981,2680,6752,3892,8785,5054,4749,12080,15934,1255,9583,2912,5224,5396,16192,24825,16271,6273,5476,17692,7362
17500,8751,6520,11493,1658,7241,9357,15821,6486,12374,2761,5393,11940,14201,3896,10044,4482,10831,14238,10475,10043,12240,4244,5945,5742,4289,5196,9733,3155,10553,11303,4685
1370,3582,2096,13788,4566,13231,10589,6254,1654,3279,11502,22905,2369,15705,2931,12171,8678,13477,5212,14089,7450,4724,5701,2171,1574,16923,35771,8983,1214,1496,3138,3719
8026,4297,7809,6951,987,23885,1647,5181,1625,9309,1787,5314,5557,12363,7472,3500,15736,2628,6650,3422,16955,8408,10056,4095,12261,19802,12182,12099,7500,4543,3638,11156
5593,13793,4950,8639,7707,5846,5115,8968,2270,3439,7667,4952,1094,2284,1537,15188,11629,2984,8090,15170,18136,8771,3801,4872,22302,10100,25729,7631,6908,3736,16515,5571
14805,9961,4391,16297,3667,4344,19645,17964,13404,19670,9532,4084,4119,3806,3356,6695,5018,1876,5573,4053,4894,7493,14084,4661,11359,12004,2664,2464,13935,3891,13374,3115
10154,5501,9394,4672,5582,2379,2553,3551,15036,19775,13415,4627,11328,11111,18971,1670,8474,4416,19075,4077,14938,2779,7426,1420,13014,3871,11856,7802,12013,1793,13598,2814
7619,1767,6126,2695,6406,6151,3211,4027,1528,6095,9401,7871,6775,11101,3544,6109,12959,11035,18913,11820,19908,18375,13111,9358,23800,3330,3362,5138,13164,1825,9881,1684
12117,1627,15819,5783,12578,10997,2762,3877,7256,17320,1139,6257,12671,5335,5377,5153,13626,9033,8003,4903,9356,11610,14817,15548,15930,4429,13253,5386,5309,2584,7153,2152
6891,3157,12057,11196,13211,1403,1915,10979,9015,3610,4957,8642,1958,9752,1989,6539,19019,3290,11520,17588,12554,8646,22013,8440,9625,5333,16868,8975,4359,2363,12775,4542
11993,10545,11699,14134,3931,6705,6425,21843,6433,15033,11211,10739,1336,7656,16069,4497,10157,3869,3674,16411,2041,7303,8018,8546,5622,1696,4110,10900,14045,2409,2737,8365
9792,5008,4195,10565,5902,11282,10493,8079,3235,26759,1123,4731,1083,5115,9762,9273,6528,9511,6229,1843,16056,10007,6997,7059,17798,10410,9851,16457,4594,6582,5438,6410
