669,80512,58906,1869,62781,2008,22722,901,54555,1186,17900,926,1080,1015,105823,230,664,144,32991,143,31946,160,92770,283,594,16,1628,39,3385,465,7698,2222
668,77966,68348,1604,73604,1264,26789,799,61693,1301,21543,1097,1013,486,116062,168,567,144,40131,139,37789,150,105317,264,140,18,262,20,139,266,1275,4236
521,79818,68091,1874,72845,1138,26008,820,60468,1497,20103,648,1451,627,116010,149,552,128,39630,137,37524,135,104780,262,199,10,305,18,163,281,2481,3717
556,82733,70323,1573,75132,1244,27465,621,62960,1501,21663,646,1271,966,115676,408,552,143,41471,133,38634,135,104332,270,131,10,335,18,259,277,1624,4207
696,80997,67003,1914,73641,1577,26704,633,61244,1133,20661,1137,1163,724,115365,167,566,148,39650,148,35253,154,105145,271,144,15,253,39,199,314,1704,3962
700,80055,68964,1750,73898,1278,26696,931,62053,1219,22318,689,1116,657,116116,159,525,220,40760,141,37922,144,105063,264,144,18,315,26,168,288,1223,4167
681,79923,65803,1776,73658,1278,26803,1088,63397,1235,20044,707,1119,716,116181,469,661,283,42495,221,34863,180,105637,319,168,46,369,32,223,284,1671,3927
583,82690,70053,1674,73288,1412,26610,1289,60243,988,22904,433,1274,685,115706,282,537,137,39135,202,38395,220,104499,222,132,18,293,13,137,233,2118,4371
569,80400,67493,1822,72799,1349,26412,1405,62697,1348,20356,464,1099,525,117244,46,529,139,42392,132,37772,289,107283,246,105,12,214,49,146,264,1463,4208
569,79867,69413,1610,74135,1232,26587,620,62844,1239,21125,1311,1071,820,116332,278,557,161,41530,140,39627,179,105591,258,130,212,268,32,142,270,1256,4392
548,80796,67797,1418,75644,1593,27658,1220,65096,848,20993,539,1316,629,116048,472,526,144,44109,133,35938,140,105040,258,133,221,295,28,199,394,1637,4444
608,81826,70597,1540,77250,845,28178,872,66753,1712,22101,1128,864,616,115165,102,571,149,45170,146,38838,137,104258,253,207,31,259,209,194,263,1145,4651
595,81699,69134,1177,74662,1394,27183,951,63129,1097,22834,488,935,1009,115474,380,602,138,41722,144,37702,146,104838,221,137,25,230,193,154,254,1245,4552
550,82988,69552,1396,75862,1285,27412,1066,64195,1327,22668,545,1149,862,115740,128,558,136,42951,140,37701,144,104727,133,134,81,223,280,179,212,1718,4492
576,81380,68154,1672,75644,1633,27137,1050,65386,842,20128,496,1117,855,116624,426,540,142,43120,140,36676,142,105888,141,152,28,299,293,441,250,1475,4386
571,81947,69088,1590,75467,1952,27418,1185,63451,905,21611,636,1319,790,115590,290,582,154,41866,138,38002,152,104914,173,138,29,305,93,138,266,1819,4536
790,80128,70473,1484,75691,1312,27659,1114,62803,1258,21697,605,995,889,114988,200,603,292,40554,255,40705,234,104587,144,133,43,384,22,233,161,1186,4633
594,82538,70152,1658,74008,1618,27003,1214,64887,1279,22110,460,876,825,116093,258,646,138,43405,182,38812,433,105553,436,205,13,256,12,306,135,950,4392
556,82454,72415,1305,77937,1266,28481,1099,63918,1283,23383,1010,1057,741,116048,170,590,134,41304,138,40629,190,105197,336,121,112,284,74,141,151,1126,4691
563,79984,68429,1527,73417,1445,26523,1209,63431,991,20882,456,734,881,114060,465,583,153,42784,145,38529,148,104373,144,124,60,251,168,116,386,986,4340
596,80127,68529,1576,76118,1516,27927,1504,63137,739,20655,424,1072,674,116477,233,558,225,41483,130,37437,136,105601,137,136,8,280,83,130,256,1257,4421
637,79707,67359,1675,75102,1197,27052,963,61151,1521,19274,956,1237,765,115921,324,557,327,39736,136,36339,143,105663,136,119,29,306,31,124,262,1619,4236
668,80838,68122,1962,72699,1125,26243,824,61805,1280,20966,538,1060,1185,116745,1215,581,228,40804,209,37837,136,106710,132,104,13,282,10,136,238,1232,4324
587,81094,69597,1582,75482,1313,27351,891,61885,1539,22241,652,1194,659,116079,350,588,140,39994,174,39760,318,105154,369,125,103,313,18,139,136,1176,4611
613,81357,68318,1690,75590,960,26842,790,64418,1233,21117,1130,910,739,115540,92,564,137,42416,142,36397,164,105492,272,146,1166,241,192,110,132,1246,4317
685,80625,69246,1479,74922,1444,27013,1203,63682,1068,22244,524,1367,643,116154,298,649,170,42653,179,38094,182,106301,234,209,78,314,632,160,278,1300,4482
637,81144,72135,1327,77114,1412,28359,1335,67086,804,21675,431,826,703,115810,266,603,141,45659,137,41599,138,104765,133,158,94,252,338,134,374,697,4669
662,82156,70566,1662,73417,1685,26611,1060,60187,1083,22396,742,1200,674,115611,290,633,178,39408,161,39535,197,105424,140,146,18,305,36,131,710,1370,4584
665,84325,70562,1502,76598,1868,27806,1580,65522,964,21389,349,1309,728,114931,128,582,136,43328,134,37535,140,103964,302,150,28,268,4,115,260,1753,4544
593,81741,67342,1507,75040,1603,27244,1031,63142,757,20419,740,1587,947,116835,490,589,169,41650,233,35547,141,107177,154,160,64,341,12,402,244,1365,4302
565,83542,67936,1761,76093,1491,27761,1326,65164,1168,20062,839,1159,938,116152,572,595,139,43971,246,36315,198,105911,135,129,39,286,3,138,250,1105,4398
559,83330,69226,1531,76205,1536,27298,1261,63503,813,21675,895,1085,629,116966,408,540,144,42163,142,37040,173,107474,273,144,17,310,17,153,246,1237,4374
615,83279,72185,1393,77295,1391,27987,918,62927,981,22426,516,1319,587,114217,424,640,136,40390,137,40902,136,102856,318,161,19,272,6,196,452,1685,5240
539,81552,68981,1667,74927,1119,27241,861,62047,1396,22442,920,1097,739,115287,194,519,140,40474,150,38540,138,105135,311,146,14,313,16,153,162,1503,4507
546,80733,69333,1778,74436,1423,27153,1012,60837,851,21364,292,788,1447,116735,974,517,143,39569,152,39122,224,107231,267,199,75,269,13,182,130,962,4323
686,83151,71181,1364,76755,1153,27798,1046,65283,1268,22347,689,1222,975,115779,504,560,170,43323,163,40123,180,104863,260,424,194,315,59,211,160,1375,4657
656,85910,71106,1418,76369,1392,27349,1017,65091,1297,21988,556,952,727,116785,339,587,168,43366,142,39054,278,106029,286,172,340,234,70,134,134,812,4595
626,81974,67375,1708,75229,1403,27108,1156,65193,1136,19874,482,1175,750,117127,239,564,188,43720,151,36425,135,107096,264,133,16,277,490,199,166,1021,4290
570,80316,68819,1794,72755,1319,26238,1193,61315,1067,20965,965,1156,926,116198,146,527,161,40760,323,38175,140,105990,247,145,42,295,206,175,134,1244,4377
559,83078,69918,1670,75622,1260,27185,1412,64567,1171,22067,879,1151,820,116386,440,564,142,42855,315,39005,144,106313,260,153,40,268,518,169,149,1032,4549
535,80396,70324,1610,75862,1135,27523,1235,63358,1061,22573,668,849,756,116876,174,591,134,41370,311,38834,138,106555,238,148,16,293,187,158,186,1003,4563
603,83591,69547,1506,75194,1145,27073,799,63341,1513,22317,788,1087,754,115460,190,512,149,41922,193,37905,276,104888,143,150,23,249,42,179,542,1252,4715
614,82816,67893,1718,75707,1523,27720,1384,63885,1495,20894,392,1409,491,116694,461,603,136,42687,138,35692,252,106148,139,174,84,242,9,185,256,1566,4444
621,82893,67998,1453,76397,1440,27404,2281,63051,1142,20987,463,946,689,117380,126,564,145,40613,147,36405,138,106861,153,166,220,291,22,140,260,992,4424
565,85269,71283,1396,78923,1192,28760,935,66907,1087,22308,1146,1221,770,115901,312,575,138,44017,138,38755,142,105169,136,208,91,418,148,424,246,1260,4647
611,82148,69847,1793,73383,1381,26620,1182,63126,1216,22169,658,1334,716,116030,783,599,254,42818,170,38905,261,105873,177,197,46,514,241,259,246,1458,4591
634,81892,68196,1885,74725,1279,26666,832,62074,1302,20707,1039,1207,564,116814,583,571,273,40332,355,36469,144,107526,142,116,18,288,22,178,142,1295,4306
574,81849,70010,1474,74589,1392,26887,1228,62617,1048,21979,1367,771,1187,116899,1139,619,141,41699,222,39051,142,106464,130,213,12,352,8,365,154,1039,4488
647,80224,68989,1382,73652,1252,26802,1328,61346,1124,22112,748,1023,884,116614,1856,546,142,40227,150,38320,170,106387,144,320,22,296,10,165,130,840,4397
539,84113,68765,1856,73653,1483,26525,1434,60127,912,21252,622,1041,489,116864,589,597,150,39075,136,36164,191,107022,131,283,16,280,30,110,132,1116,4318
561,81621,69034,1960,75227,1327,27292,1165,61317,1101,21327,385,1227,1252,115490,306,475,168,39543,154,38120,248,105303,495,127,239,468,92,134,131,1380,4447
506,80767,68504,1839,72328,1644,26003,933,61988,752,21347,606,1077,931,117073,396,526,142,41797,329,37802,140,106911,135,116,1148,304,522,131,234,1120,4436
622,82350,66998,1825,74962,1573,27087,1295,63334,1135,20675,820,1526,516,116886,58,543,138,42078,292,35019,136,107029,145,246,237,316,4,224,201,1323,4366
529,83476,70478,1300,76647,1660,27399,1625,64781,682,22575,466,1386,517,116070,264,575,143,42251,317,39512,185,105374,531,136,35,329,12,141,129,1521,4622
617,85731,71589,1622,76223,1536,27535,1104,63935,1053,22892,1020,1472,620,115725,162,548,142,42461,335,39841,255,104868,169,132,176,310,16,167,134,1586,4656
609,81604,71595,1461,76179,1181,27701,952,63409,1611,22232,815,1283,802,114897,264,635,173,41226,220,40897,307,103662,222,487,501,346,45,205,156,1464,4687
668,82268,70393,1337,75674,1815,27883,1251,64267,1064,22314,454,1311,759,115366,162,500,139,42141,140,39287,136,104565,160,124,586,311,1072,297,132,1588,4581
685,78909,66965,1760,72635,1252,26218,1168,62485,876,20439,757,893,601,117278,229,502,150,41571,152,36491,137,107694,126,130,20,286,130,229,365,1388,4246
667,77007,64238,1946,69294,1550,24987,1106,57721,1493,19115,951,1158,715,110086,300,545,169,37902,395,33557,325,99560,162,211,25,280,203,164,289,1512,4421
