77767903,590823138,203413467,100368626,241413286,108834380,146237117,101245121,208148742,107915615,142778723,105564656,91554566,97263939,250751691,94587694,107024938,85772271,138206887,81592880,122230505,94959300,206967204,88170645,71928710,79605728,82720462,78543364,74756783,175974883,73434183,454200211
77768262,590884575,203470218,100369548,241474136,108835385,146257797,101245618,208201167,107916209,142794875,105565117,91555398,97264450,250854583,94587817,107025432,85772342,138237440,81592950,122259180,94959379,207056551,88170793,71929036,79605735,82721840,78543380,74760001,175975494,73441174,454201925
77768599,590943701,203536752,100370345,241545808,108835994,146282248,101246028,208260773,107916852,142814748,105565644,91556243,97264660,250969145,94587904,107025848,85772410,138274864,81593017,122293882,94959450,207159938,88170923,71929112,79605744,82721980,78543392,74760087,175975625,73442110,454204435
77768866,591003725,203603080,100371299,241617000,108836577,146306074,101246455,208319419,107917591,142833210,105565967,91557518,97264995,251083689,94587977,107026282,85772477,138311760,81593087,122328308,94959520,207262769,88171055,71929213,79605751,82722131,78543398,74760183,175975765,73444139,454206727
77769150,591066275,203671224,100372069,241689904,108837189,146330988,101246755,208380398,107918328,142852553,105566291,91558519,97265521,251198223,94588184,107026689,85772545,138350504,81593156,122362770,94959586,207365899,88171189,71929280,79605756,82722316,78543409,74760315,175975904,73445415,454209124
77769498,591127386,203736389,100373028,241761771,108837922,146355464,101247089,208439714,107918846,142871902,105566845,91559654,97265883,251311474,94588272,107027124,85772622,138387481,81593229,122395355,94959663,207468653,88171328,71929353,79605763,82722444,78543425,74760423,175976052,73446734,454211458
77769892,591188797,203804766,100373842,241834220,108838605,146380169,101247516,208500264,107919506,142893080,105567214,91560463,97266203,251425738,94588351,107027538,85772736,138426068,81593296,122431019,94959733,207571314,88171458,71929431,79605771,82722618,78543439,74760532,175976202,73447692,454213983
77770239,591248930,203868302,100374744,241906354,108839184,146404661,101248113,208561586,107920105,142911203,105567575,91561499,97266507,251540561,94588527,107028005,85772883,138465612,81593401,122462344,94959827,207675276,88171627,71929516,79605797,82722812,78543458,74760646,175976355,73448940,454216266
77770543,591310906,203935357,100375602,241977941,108839888,146429078,101248716,208619894,107920616,142931212,105567775,91562439,97266891,251655292,94588699,107028413,85772951,138501841,81593525,122496047,94959927,207778766,88171745,71929590,79605805,82722965,78543466,74760718,175976476,73450418,454218602
77770835,591372021,204001998,100376465,242048849,108840618,146453156,101249407,208680157,107921197,142950756,105568035,91563424,97267217,251770486,94588754,107028815,85773019,138540878,81593589,122531172,94960079,207883165,88171854,71929639,79605814,82723073,78543484,74760790,175976591,73451833,454220961
77771125,591432291,204069376,100377307,242121559,108841202,146477671,101249756,208741389,107921843,142969865,105568653,91564467,97267599,251884747,94588860,107029250,85773102,138579667,81593657,122567597,94960184,207986248,88171982,71929715,79605898,82723223,78543504,74760864,175976725,73452968,454223307
77771394,591494129,204135936,100377913,242195397,108841880,146503003,101250282,208804140,107922360,142989700,105568966,91565467,97267942,251999486,94589122,107029655,85773171,138620610,81593724,122600916,94960251,208089961,88172114,71929784,79606012,82723378,78543517,74760973,175976922,73454118,454225753
77771713,591556060,204204520,100378756,242270234,108842403,146528659,101250818,208868820,107923084,143009609,105569413,91566336,97268221,252113182,94589185,107030098,85773245,138663371,81593796,122635983,94960322,208192391,88172245,71929909,79606046,82723518,78543606,74761080,175977063,73455097,454228218
77772008,591617504,204272059,100379352,242343698,108843039,146553869,101251273,208930206,107923722,143030410,105569724,91567048,97268738,252227519,94589338,107030545,85773315,138702207,81593867,122670563,94960392,208295410,88172365,71929963,79606055,82723626,78543703,74761158,175977193,73456023,454230673
77772306,591679763,204338616,100380077,242417106,108843701,146578436,101251850,208992062,107924345,143050458,105570037,91567855,97269088,252342662,94589428,107030936,85773382,138741742,81593937,122703747,94960462,208399774,88172467,71930040,79606075,82723744,78543801,74761231,175977320,73456871,454233017
77772578,591742167,204407082,100380823,242491927,108844494,146603772,101252402,209056617,107924753,143069928,105570148,91568854,97269563,252457268,94589645,107031375,85773453,138783686,81594008,122739463,94960533,208502556,88172533,71930122,79606112,82723868,78543945,74761313,175977426,73458301,454235450
77772892,591804761,204474091,100381582,242566408,108845366,146629087,101252962,209118107,107925228,143089976,105570511,91569964,97269999,252570735,94589792,107031855,85773521,138822063,81594076,122772945,94960604,208604584,88172604,71930215,79606123,82724069,78544047,74761686,175977569,73459994,454237878
77773247,591864868,204541238,100382428,242639233,108846200,146654093,101253604,209178994,107925820,143108851,105570859,91570874,97270403,252684566,94589869,107032301,85773659,138860539,81594188,122809184,94960676,208707769,88172692,71930287,79606150,82724233,78544065,74761789,175977687,73460859,454240276
77773641,591926542,204609035,100383200,242711222,108846901,146678802,101254172,209239852,107926470,143129492,105571102,91571610,97270742,252798621,94589945,107032774,85773750,138899119,81594296,122844472,94960883,208811235,88172857,71930394,79606158,82724424,78544076,74761993,175977752,73461532,454242681
77773917,591989851,204681012,100383907,242786983,108847589,146704664,101254727,209302950,107927086,143150904,105571537,91572403,97271235,252913159,94590082,107033247,85773816,138938744,81594367,122883509,94961037,208914224,88173061,71930449,79606171,82724551,78544077,74762058,175977820,73462348,454245210
77774202,592052294,204750990,100384526,242862500,108848218,146730878,101255208,209366260,107927603,143171724,105571868,91573099,97271708,253028026,94590346,107033718,85773893,138979327,81594442,122920395,94961126,209018408,88173161,71930506,79606240,82724688,78544146,74762125,175977973,73463049,454247677
77774510,592112047,204814836,100385424,242934060,108849102,146754927,101256077,209425923,107927883,143189402,105572058,91573839,97272051,253140572,94590423,107034081,85773983,139017168,81594507,122952739,94961192,209120505,88173226,71930593,79606248,82724822,78544212,74762184,175978103,73464029,454249882
77774820,592171057,204879953,100386243,243005876,108849621,146779270,101256565,209484696,107928635,143207359,105572470,91574930,97272417,253255123,94590578,107034555,85774156,139054046,81594574,122986287,94961264,209223995,88173296,71930658,79606260,82724973,78544255,74762244,175978234,73465169,454252097
77775199,592233520,204947110,100387050,243080035,108850227,146804393,101257004,209546556,107929353,143226923,105572807,91575840,97272856,253370203,94591221,107034983,85774312,139093156,81594652,123020323,94961332,209328402,88173361,71930714,79606272,82725115,78544256,74762305,175978383,73466092,454254425
77775516,592293645,205014441,100387936,243151619,108850808,146828818,101257464,209606914,107930054,143246558,105573051,91576986,97273369,253484741,94591399,107035433,85774382,139131694,81594777,123057177,94961445,209431641,88173491,71930780,79606292,82725265,78544264,74762396,175978475,73467091,454256912
77775807,592355772,205080893,100388805,243225455,108851375,146853439,101257889,209667218,107930624,143265382,105573537,91577682,97273696,253599309,94591437,107035863,85774451,139169205,81594847,123090629,94961574,209535679,88173634,71930842,79606904,82725423,78544281,74762449,175978542,73468046,454259152
77776153,592417799,205149451,100389504,243299755,108851968,146878518,101258398,209729954,107931197,143286454,105573913,91578614,97274065,253713554,94591564,107036305,85774523,139209153,81594915,123125355,94961644,209639440,88173764,71930927,79606910,82725561,78544617,74762513,175978625,73468914,454261558
77776519,592477710,205218010,100390205,243373536,108852618,146903935,101259050,209793259,107931648,143306280,105574136,91579366,97274438,253827935,94591718,107036770,85774609,139250339,81595007,123162478,94961738,209743160,88173868,71931034,79606965,82725705,78544796,74762590,175978820,73469516,454263999
77776870,592539714,205287265,100391004,243446191,108853473,146928591,101259601,209854285,107932208,143326409,105574454,91580280,97274767,253942272,94591870,107037274,85774699,139289499,81595089,123199189,94961806,209846377,88173937,71931112,79606999,82725855,78544865,74762668,175979173,73470294,454266437
77777219,592603210,205356369,100391760,243520180,108854381,146953573,101260334,209915610,107932669,143346767,105574698,91581329,97275060,254055547,94591918,107037730,85774768,139328385,81595156,123234297,94961910,209948783,88174057,71931180,79607010,82725990,78544870,74762731,175979315,73471479,454268845
77777551,592666659,205423376,100392488,243595275,108855267,146979181,101261012,209977392,107933020,143366092,105575058,91582421,97275558,254170221,94592094,107038207,85774854,139367097,81595243,123266903,94961981,210052932,88174176,71931279,79607045,82726148,78544873,74762797,175979444,73472584,454271234
77777826,592728897,205488306,100393292,243669639,108855886,147004521,101261413,210040639,107933729,143383616,105575410,91583675,97276005,254285176,94592414,107038636,85774925,139407587,81595401,123298775,94962051,210156932,88174241,71931363,79607056,82726346,78544879,74763135,175979563,73473722,454273499
77778109,592791882,205555544,100394193,243742757,108856719,147029296,101262201,210103742,107934062,143403331,105575819,91584619,97276347,254400496,94592627,107039051,85774997,139449447,81595478,123332714,94962172,210262307,88174344,71931423,79607074,82726498,78544883,74763211,175979688,73474541,454275793
77778443,592854921,205626135,100394792,243818561,108857395,147055121,101262705,210164241,107934513,143423491,105576203,91585704,97276647,254514737,94592788,107039533,85775066,139486299,81595545,123369895,94962239,210365297,88174502,71931504,79607083,82726649,78544890,74763300,175979910,73475671,454278503
77778721,592917269,205693987,100395616,243892294,108858069,147079991,101263217,210223597,107935126,143444528,105576439,91586705,97277002,254627400,94592942,107039971,85775134,139522475,81595614,123405434,94962305,210466847,88174668,71931585,79607092,82726789,78544895,74763405,175980038,73477002,454280977
77778986,592977508,205760026,100396495,243963821,108858643,147104544,101263611,210283340,107935668,143464167,105576810,91587505,97277655,254741899,94593272,107040356,85775206,139560699,81595696,123440372,94962382,210571218,88174820,71931658,79607102,82726935,78544902,74763488,175980110,73478099,454283237
77779266,593040778,205830745,100397183,244039021,108859322,147130053,101264226,210344904,107936150,143484798,105576999,91588185,97278059,254856530,94593593,107040775,85775279,139599196,81595764,123478119,94962491,210674878,88174920,71931765,79607184,82727083,78544913,74763590,175980174,73478762,454285697
77779647,593105603,205900806,100397802,244115142,108860000,147155775,101264788,210408930,107936734,143505375,105577353,91589226,97278536,254970269,94593826,107041251,85775369,139640556,81595849,123514714,94962649,210777165,88175073,71931979,79607372,82727227,78544943,74763684,175980255,73479675,454288197
77780028,593166783,205965620,100398697,244186319,108860589,147179877,101265173,210470760,107937530,143523878,105577689,91590225,97278977,255086000,94593962,107041677,85775448,139680685,81595916,123547532,94962717,210882628,88175205,71932061,79607408,82727358,78545158,74763765,175980321,73480307,454290422
77780299,593230152,206034000,100399461,244260880,108861364,147205451,101265882,210533952,107938022,143543556,105577862,91591007,97279428,255200687,94594077,107042077,85775544,139721373,81596038,123583193,94962781,210986503,88175336,71932118,79607417,82727493,78545269,74763857,175980403,73481011,454292824
77780589,593290177,206098693,100400417,244331477,108861926,147229003,101266473,210593229,107938466,143561355,105578415,91592175,97279759,255315522,94594139,107042492,85775627,139758599,81596206,123615706,94962853,211090942,88175460,71932198,79607440,82727648,78545519,74763944,175980475,73481979,454295050
77780874,593352661,206167783,100401222,244405877,108862510,147254166,101267164,210654859,107939037,143582290,105578865,91592833,97280240,255430584,94594356,107042965,85775698,139797870,81596371,123652235,94962921,211195805,88175586,71932284,79607460,82727794,78545615,74764022,175980553,73482469,454297506
77781172,593414415,206235659,100402018,244480139,108863140,147279372,101267672,210715935,107939666,143602776,105579325,91593880,97280565,255545024,94594461,107043416,85775770,139836116,81596513,123687014,94963017,211299275,88175693,71932362,79607471,82727933,78545689,74764105,175980803,73483449,454299939
77781469,593475702,206301834,100402903,244551365,108863734,147303386,101268321,210777002,107940474,143622023,105579453,91594897,97280911,255659480,94594538,107043816,85775840,139875462,81596586,123720793,94963188,211403227,88175763,71932433,79607482,82728053,78545696,74764191,175980916,73484574,454302251
77781771,593539486,206368293,100403555,244627344,108864476,147329585,101269372,210839035,107941080,143641822,105579638,91595708,97281207,255774455,94594748,107044294,85775910,139914411,81596657,123752934,94963279,211506881,88175835,71932532,79607564,82728181,78545703,74764301,175981043,73485518,454304710
77782095,593603003,206435906,100404321,244702598,108865109,147355077,101270018,210901326,107941585,143661844,105580069,91596722,97281499,255889303,94594794,107044696,85775983,139953531,81596731,123787532,94963349,211611037,88175908,71932629,79607670,82728345,78545721,74764362,175981169,73486275,454307076
77782371,593666778,206504870,100405074,244777596,108865788,147380783,101270600,210965078,107942185,143682171,105580462,91597757,97281958,256004035,94595168,107045147,85776054,139994379,81596798,123822424,94963419,211714733,88175974,71932731,79607679,82728593,78545828,74764711,175981293,73487433,454309508
77782734,593728423,206573059,100405938,244848838,108866391,147404960,101270962,211025330,107942763,143702153,105580944,91598853,97282273,256118765,94595522,107045558,85776241,140033142,81596980,123857682,94963551,211819156,88176066,71932821,79607707,82728842,78545913,74764852,175981416,73488459,454311862
77783035,593791423,206640440,100406762,244922448,108867042,147429692,101271470,211086338,107943392,143721866,105581610,91599647,97282754,256234017,94596079,107046024,85776322,140072032,81597100,123892002,94963622,211924366,88176132,71932878,79607715,82728979,78545920,74764965,175981481,73489178,454314214
77783336,593851773,206708176,100407510,244994394,108867724,147454020,101272068,211146925,107944017,143741676,105582093,91600539,97283233,256348573,94596894,107046486,85776392,140110730,81597181,123927919,94963703,212028325,88176199,71933028,79607725,82729176,78545926,74765214,175981556,73489942,454316566
77783659,593912900,206774183,100408349,245066484,108868384,147478512,101272936,211204904,107944403,143760799,105582378,91601388,97283603,256463615,94597354,107046921,85776463,140146524,81597255,123961348,94963777,212132662,88176268,71933179,79607736,82729325,78545939,74765284,175981622,73490649,454318857
77783911,593976039,206841620,100409249,245137607,108869180,147502650,101273562,211264060,107944975,143780814,105582728,91602091,97283910,256578311,94597508,107047328,85776551,140183867,81597322,123995041,94963926,212237124,88176484,71933302,79607774,82729578,78545944,74765339,175981685,73491492,454321108
77784212,594038448,206909518,100410086,245212299,108869806,147528205,101274114,211323992,107945406,143800679,105582854,91603444,97284601,256691925,94597694,107047772,85776625,140220909,81597437,124030763,94964002,212339509,88176586,71933363,79608376,82729751,78546247,74765406,175981751,73492638,454323605
77784463,594099450,206974881,100411079,245282483,108870624,147551836,101274665,211383789,107945796,143819965,105583181,91604213,97284990,256807964,94597779,107048163,85776693,140259611,81597601,124063584,94964069,212445489,88176653,71933424,79608518,82729901,78546250,74765471,175981875,73493553,454325849
77784787,594161181,207039941,100411895,245355709,108871417,147576705,101275457,211444888,107946423,143838840,105583589,91605277,97285261,256923541,94597823,107048608,85776763,140298080,81597761,124095845,94964138,212551052,88176724,71933595,79608557,82730063,78546253,74765597,175981967,73494324,454328136
77785067,594225721,207110315,100412599,245431186,108872185,147601874,101276077,211509307,107946704,143860402,105583963,91606672,97285523,257037415,94597964,107049050,85776833,140339504,81597935,124132729,94964243,212653350,88177000,71933662,79608570,82730237,78546262,74765685,175982034,73495898,454330655
77785381,594289563,207179169,100413376,245504931,108872934,147626934,101276574,211569983,107947293,143880437,105584382,91607872,97285889,257152123,94598047,107049474,85776903,140377680,81598109,124168563,94964365,212757339,88177074,71933725,79608665,82730392,78546269,74765764,175982098,73496750,454333070
77785725,594351502,207248836,100414089,245579877,108873586,147652668,101277074,211631343,107948063,143901147,105584688,91609007,97286283,257265224,94598185,107049942,85776992,140415748,81598198,124205937,94964518,212858319,88177193,71933971,79608916,82730571,78546294,74765895,175982175,73498099,454335636
77786078,594413537,207317332,100414753,245653620,108874439,147677874,101277792,211694049,107948568,143921357,105584920,91610019,97286609,257379170,94598259,107050339,85777062,140455484,81598267,124242045,94964587,212961414,88177263,71934036,79609209,82730730,78546831,74766025,175982243,73499353,454338004
77786434,594473881,207382692,100415652,245723906,108875006,147701894,101278329,211753856,107949055,143940494,105585350,91610821,97286953,257494581,94598359,107050743,85777138,140494215,81598363,124274926,94964654,213066458,88177326,71934131,79609214,82730864,78546898,74766150,175982429,73500519,454340245