219,6645,2736,15,3851,0,1155,0,3495,3,262,2,18,3,5745,0,2,0,1989,0,1420,0,7913,0,4,0,92,0,205,8,414,39
230,6548,2898,9,4651,0,1395,0,3722,0,224,0,10,3,6257,0,2,0,2644,0,1872,0,9132,0,0,0,3,0,2,3,39,3
216,6492,2739,29,4550,0,1409,0,3832,0,236,0,8,1,5896,1,2,0,2513,0,1593,0,8137,0,0,0,0,0,1,6,64,2
218,6437,2687,24,4381,0,1334,0,3766,0,230,1,29,0,5987,0,3,0,2552,0,1670,0,8565,0,0,0,0,0,0,6,30,5
220,6560,2768,15,4654,4,1376,0,3773,0,205,0,9,0,6015,2,3,1,2362,0,1661,0,8838,0,1,1,2,0,1,2,17,6
218,6638,2911,24,4410,0,1421,0,3778,0,190,0,9,1,6064,0,2,0,2641,0,1817,0,8478,0,0,0,0,0,1,2,25,0
209,6573,2848,30,4526,0,1415,0,3860,0,254,0,8,1,5984,0,2,1,2204,0,1990,0,8067,0,0,0,0,0,0,4,33,4
200,6642,2974,39,4528,0,1414,0,3679,0,246,14,9,0,5860,0,1,0,2782,0,1579,0,7881,1,1,0,0,0,2,3,36,2
214,6486,2806,24,4724,0,1371,1,3851,0,215,1,7,1,5868,0,1,0,2781,0,1805,0,8701,0,0,0,0,0,2,4,22,1
232,6591,2835,19,4657,0,1453,0,3926,0,233,0,10,1,5935,0,4,0,2685,0,1750,0,8446,0,0,0,1,0,1,0,56,5
218,6640,2815,22,4678,0,1473,0,3746,0,239,0,11,2,6167,0,0,0,2001,0,1583,0,8631,0,0,0,1,0,0,3,24,0
227,6639,2733,14,4618,0,1404,0,3801,0,215,1,4,0,5764,2,4,0,2414,0,1820,0,7988,0,0,0,1,0,1,1,40,4
225,6657,2788,14,4764,0,1369,0,3830,0,219,0,8,0,6039,0,1,0,2558,0,1667,0,8930,0,0,0,0,0,2,0,29,2
200,6761,2678,36,4521,0,1444,0,3875,0,234,0,6,0,5927,0,2,0,2545,0,1609,0,8616,0,1,0,0,0,2,1,24,1
232,6715,2833,12,4602,3,1395,0,3888,0,217,6,8,2,5942,0,3,0,2223,0,1687,1,8790,2,1,1,9,0,21,1,43,2
239,6655,2780,9,4664,0,1484,0,3962,0,244,6,3,1,6218,0,3,0,2708,0,1478,0,8510,0,3,0,1,0,1,2,39,3
209,6683,2939,26,4754,0,1507,0,3850,0,202,8,8,1,6018,0,3,0,2358,0,1722,0,8205,1,1,0,0,0,3,0,21,2
226,6609,2747,18,4673,2,1406,0,3698,2,202,1,12,3,5841,1,4,2,2205,2,1403,1,8761,0,0,0,0,0,1,3,15,5
206,6702,2905,28,4641,0,1428,0,3869,0,235,3,14,2,6075,0,2,0,2295,0,1496,0,9303,0,0,0,0,0,0,3,13,2
230,6676,2833,13,4762,0,1491,0,3904,1,232,1,10,3,6021,0,1,0,2740,1,1727,5,8439,4,0,4,0,3,1,5,35,3
212,6680,2820,20,4539,0,1471,0,3859,0,237,2,16,0,5770,1,2,0,2656,0,1766,0,8080,0,1,0,1,0,2,1,26,1
230,6679,2960,17,4573,0,1447,0,3747,0,234,4,9,0,5867,0,6,0,2179,0,1703,0,8299,0,0,0,0,0,0,4,55,1
221,6593,2886,38,4699,2,1371,2,3747,1,199,8,18,3,5947,0,3,4,2710,2,1940,1,8799,0,1,0,0,0,0,1,35,1
199,6757,2894,43,4439,0,1422,0,3805,0,231,4,14,0,5776,3,1,0,2587,0,1785,0,8053,0,0,0,0,0,0,0,28,2
229,6640,2821,14,4497,1,1369,0,3768,2,214,1,5,0,5887,1,3,2,2229,1,1704,0,6932,0,0,0,1,0,0,4,50,6
200,6623,2829,29,4462,1,1378,0,3883,0,210,1,0,0,6191,0,6,0,2575,0,1855,0,8417,0,0,0,0,0,0,3,18,1
208,6619,2805,33,4617,0,1401,0,3801,0,267,2,11,0,5945,2,3,0,2905,0,1692,0,8762,1,0,0,0,0,0,1,36,0
212,6634,2804,36,4673,0,1367,0,3784,0,238,0,7,0,5860,0,3,0,2444,0,1618,0,7882,0,0,0,1,0,0,2,32,1
209,6683,2878,31,4511,0,1494,0,3829,0,220,4,11,0,5866,0,3,0,2388,0,1940,0,7573,0,1,0,1,0,1,3,28,2
232,6521,2815,12,4586,0,1428,0,3986,0,210,4,10,0,6072,0,4,0,2556,0,1865,0,8448,0,1,0,7,0,25,2,29,3
220,6543,2853,29,4623,0,1380,0,3747,0,245,1,17,0,5930,0,2,0,2510,4,2003,0,8678,0,0,0,1,0,1,4,31,3
195,6606,2807,39,4672,0,1422,0,3783,0,243,0,7,0,5982,0,5,0,3088,0,1688,0,8023,0,0,0,0,0,1,4,37,0
220,6667,2760,19,4648,0,1471,0,3853,0,214,1,6,1,6016,0,6,0,2304,0,1621,0,8784,0,0,0,0,0,0,2,34,1
181,6666,2946,44,4561,0,1431,0,3826,0,254,3,6,1,5902,0,4,0,2895,0,1803,0,8265,0,1,0,0,0,0,1,24,1
239,6339,2810,10,4348,3,1393,1,3647,0,227,1,11,0,5972,7,2,1,2585,1,1531,1,8004,2,1,0,1,1,1,0,38,3
228,6604,3061,15,4541,0,1397,0,3836,0,220,0,11,0,6030,2,3,0,2456,0,2116,0,8298,0,1,0,2,0,0,3,48,2
211,6693,2892,14,4803,0,1386,0,3721,0,240,0,4,0,6267,0,1,0,2447,0,1496,0,9210,1,0,0,0,0,1,2,28,3
202,6628,2896,32,4560,1,1400,0,3865,0,203,0,5,0,6213,0,6,0,2224,0,1936,0,8677,0,0,0,0,0,2,1,28,2
220,6531,2915,12,4601,0,1329,0,3722,0,243,0,11,0,5847,0,3,1,2452,0,1828,0,8992,0,0,0,0,0,2,3,50,0
221,6772,2912,18,4564,0,1419,0,3752,0,235,0,11,0,5934,0,3,10,2600,0,1699,0,8381,0,0,0,1,0,3,2,19,2
238,6746,2883,9,4613,0,1485,0,3765,0,233,1,3,0,6185,0,2,8,2252,0,1975,0,8129,0,0,0,1,1,0,4,25,2
194,6735,2889,39,4569,0,1397,0,3780,0,280,0,7,0,5896,1,3,9,2602,0,1685,0,8133,0,0,0,0,1,0,2,35,1
212,6664,2805,32,4629,0,1453,0,3775,0,202,0,6,0,5843,0,1,9,2812,0,1532,0,8571,0,0,0,0,3,0,1,31,4
212,6564,2897,32,4592,0,1312,0,3832,0,209,0,3,0,6189,0,2,1,2302,0,1738,0,9622,0,0,0,0,2,0,2,26,1
209,6525,2751,40,4600,0,1427,2,3691,1,192,5,13,4,5958,0,4,2,2639,1,1821,1,7988,1,4,0,14,2,25,5,23,1
204,6543,2768,29,4454,0,1438,0,3990,0,219,0,3,0,6233,0,3,7,2586,0,1677,0,8451,0,1,0,1,6,0,1,35,7
191,6578,2909,47,4730,0,1435,0,3735,0,210,0,14,0,6194,0,9,6,2529,0,1512,4,8779,0,1,0,0,1,9,6,16,2
227,6701,2939,15,4598,0,1374,0,3819,0,215,0,11,0,5978,0,2,6,2492,0,1940,0,9109,0,0,0,0,1,1,3,20,0
228,6672,2860,19,4544,0,1356,0,3599,0,274,0,8,0,5905,0,5,0,2393,0,1820,0,7970,0,0,0,0,0,2,1,40,1
234,6655,2797,8,4607,5,1393,1,3864,0,252,0,7,0,6053,0,2,0,2974,0,1814,0,8196,0,0,0,0,0,1,6,31,3
228,6609,2744,10,4777,0,1376,0,3844,1,226,0,9,0,5770,0,2,1,2562,0,1696,0,7956,0,0,0,1,0,0,0,17,1
208,6667,2816,31,4566,0,1411,0,3891,0,235,0,4,0,6136,0,5,0,2731,0,1729,0,7796,0,0,1,1,0,2,1,26,0
212,6592,2862,28,4723,0,1481,0,3683,0,200,0,9,0,6033,0,3,0,2822,0,1865,0,9006,0,1,0,0,0,1,3,25,2
203,6550,2939,36,4898,0,1400,0,3919,0,218,0,8,0,6212,0,4,0,2584,0,1509,0,9692,0,1,0,1,0,2,2,30,1
222,6670,2736,13,4606,1,1451,2,3632,2,249,0,18,0,5851,3,1,9,2517,0,1595,0,8447,0,1,1,1,1,1,1,27,4
199,6646,2824,35,4867,0,1375,0,3813,0,236,0,17,0,6017,0,8,0,3019,0,1458,0,8890,0,0,0,0,0,0,0,31,3
218,6734,2857,20,4502,0,1376,0,3648,0,250,0,12,0,5961,0,4,8,2512,0,1512,0,8648,0,2,0,1,1,0,1,17,0
224,6619,3068,14,4637,0,1399,0,3704,0,249,0,13,0,5940,0,0,2,2124,0,1658,0,8498,0,0,0,0,0,0,1,26,3
239,6596,2847,10,4650,0,1399,0,3931,1,259,0,11,0,6251,0,1,13,2619,0,1705,0,8814,0,0,0,0,2,0,1,25,1
