661335852502,1604671985252,695564017431,967138056196,675148395830,938051410441,684610349759,933362041187,691292832317,733898237971,677348354541,727873361238,680897460145,704716111293,678038448510,710781300189,567628680000,701175480689,673964071623,704292243510,679750511815,707382749324,681602376428,702724532529,695759021828,696413967872,685766892648,694220729014,699861120131,895515626479,1180178352723,3391290857157
661339972035,1604719021429,695611512615,967138314369,675189749150,938051535855,684637579170,933362125514,691341935132,733898265049,677380320155,727873479695,680901058044,704716111293,678082828089,710781306892,567633131920,701175480689,674070014213,704292263933,679764935622,707382770528,681617667460,702724701737,695759131271,696414060213,685779904436,694220797657,699903515152,895515696340,1180258642727,3391793974378
661340564207,1604773943738,695651964902,967138376461,675236259281,938051543449,684668602551,933362150768,691387059567,733898396378,677412912812,727873780814,680905512667,704716153481,678124805889,710781381443,567637552566,701175570331,674077742082,704292399076,679932810619,707382875720,681640463962,702724866120,695763010143,696414769258,685780364519,694220995758,699912805315,895515876802,1180275692609,3391808221149
661340949434,1604830293641,695694920549,967138563196,675283161827,938051657887,684700363438,933362185471,691429878968,733898445974,677445911111,727875446403,680909075367,704716282113,678169524344,710781388923,567642206839,701175600229,674086281314,704292416094,679981893183,707382929422,681661504436,702725056626,695765649552,696414895086,685780535041,694222055271,699913508978,895516150040,1180300487488,3391910786982
661341789414,1604879051603,695735131882,967144116804,675336579135,938053621150,684734650242,933362878668,691471186163,733900309835,677479668879,727875457053,680912595964,704716407225,678215631538,710781420109,567646734695,701177670588,674094725564,704292572259,679993271176,707388751798,681675782569,702725127019,695781414725,696415075590,685782729679,694225636599,699914075594,895516189917,1180314251108,3391933814592
661343763454,1604930035507,695778800175,967145545436,675396395717,938053798239,684772576359,933363779814,691519538287,733901438059,677514312318,727878721449,680917493892,704719574664,678266114317,710785342014,567650921556,701177727811,674114609794,704293043641,680007304475,707393714033,681704057109,702726386029,695799248052,696415137225,685785024704,694228193458,699914163282,895516429470,1180331247585,3392027362672
661345135241,1604969028181,695828557044,967145633964,675444446034,938053831424,684802331112,933363836736,691571400013,733903251784,677544445253,727879289525,680920900200,704719665850,678309569997,710786661002,567655547303,701177953409,674124104588,704293231463,680013585979,707394455495,681727069265,702726577039,695799292887,696415345611,685785513111,694228491317,699914676111,895516710584,1180348745036,3392089628122
661363434935,1605019899595,695874083335,967145741488,675490851350,938053966865,684833148461,933364051111,691613292071,733903371764,677583495123,727880390651,680922835309,704720153693,678356867955,710786690681,567660269809,701177991530,674137608197,704294336921,680020648358,707394498346,681749398976,702726807416,695818445571,696415395736,685785855005,694228579068,699915056872,895516788861,1180372291054,3392173063815
661364204528,1605064354506,695917355154,967145819961,675536845979,938054025115,684866988959,933364167115,691662189284,733903415671,677615938294,727880457820,680927788036,704720196585,678401811608,710786749740,567664461846,701178074485,674144959259,704294376447,680024115544,707394565208,681771117228,702726869831,695821430181,696415813724,685792920633,694228639050,699916224709,895516846927,1180385213680,3392267814358
661367896255,1605119834832,695966429761,967146112046,675579714677,938054093036,684896870123,933365561977,691704862788,733903616585,677644978646,727881998618,680931988801,704720440511,678449548558,710787742279,567668949176,701180319163,674155542660,704294592922,680033652622,707394783400,681793830415,702726993621,695825454619,696416167065,685793292873,694228745855,699917989269,895517025549,1180402102808,3392300953694
661368616196,1605178918771,696010880864,967146985352,675629096436,938054211560,684922492950,933365615624,691744426039,733903693832,677674263714,727882134374,680934133288,704720639641,678493389482,710787896722,567673007057,701180352411,674162691771,704295156025,680037197778,707394783400,681815943981,702727067573,695825623955,696416350571,685805855283,694228787092,699918125236,895517311956,1180420956257,3392397548776
661371490339,1605227963696,696053052173,967147742500,675679635583,938054374367,684953635460,933365812494,691785272367,733903735923,677703254133,727882255123,680943706174,704720773757,678539216732,710788045822,567677305330,701180484768,674170091999,704295354996,680041562519,707394908192,681831978098,702727409896,695826287818,696418932933,685806065452,694228880833,699941631001,895517383479,1180475045979,3392433937611
661380347192,1605299120062,696095025177,967148067692,675726150942,938055402286,684980899076,933365858754,691826306324,733903773753,677735422744,727882304030,680946606759,704722040982,678582675376,710788339225,567681723861,701182013356,674178992107,704295371477,680050228919,707396733747,681846036278,702727691913,695827355946,696420099460,685821813803,694229030745,699942356747,895518546560,1180507556549,3392484784106
661381071840,1605340954829,696137806679,967149892120,675772308929,938055517932,685014862690,933366016272,691870957958,733903914470,677765057220,727882331540,680953980951,704722072721,678627441421,710788414705,567686244762,701182295071,674187173041,704295503051,680054530151,707396858812,681860522390,702727870669,695827601494,696420132783,685824056758,694229112222,699943858629,895518610782,1180520716851,3392627928831
661384251341,1605391523234,696180857293,967149907486,675819378461,938057866421,685048841770,933367430323,691912308265,733903969147,677799759726,727883783132,680966072991,704722334242,678672424752,710789262083,567690740009,701182378276,674195624527,704295562232,680065962867,707396864396,681875580837,702727954235,695827813819,696421575036,685824595315,694229157358,699945790052,895518681266,1180534044829,3392654984196
661394966553,1605438188750,696224119206,967151799650,675873477790,938059218336,685077725663,933370207210,691954969089,733904818976,677835408867,727887254552,680968569573,704722371944,678722508855,710789335966,567696011189,701182835050,674215020741,704295673307,680075162816,707396894446,681897422902,702728994306,695827946648,696421632953,685826793896,694229357014,699951596806,895518727347,1180557604879,3392746078668
661396858507,1605495466944,696267330649,967153185511,675922744354,938059745732,685109441351,933370830179,691998894532,733904849632,677868959468,727887792200,680971071177,704722407041,678769153159,710790687608,567700776999,701182851058,674223597162,704295703682,680082036441,707397022866,681915053928,702730117585,695828610197,696421782347,685827536519,694229553397,699956386699,895519500725,1180587273279,3392816267138
661398367533,1605534233635,696315666978,967153712811,675971695876,938059856819,685141854624,933370887391,692041476659,733904883526,677898969129,727887855309,680974932949,704722483699,678813755901,710790740557,567705510639,701183183034,674229314514,704295817442,680087236246,707397094444,681925150917,702730330178,695829041751,696421822182,685828206218,694229881037,699957687338,895519974230,1180621813107,3392845657235
661398644314,1605584915928,696358663403,967153874730,676015444491,938059898298,685167234388,933371495671,692083078695,733905039000,677930176624,727888003042,680977039197,704722682934,678856960486,710791022540,567709302394,701183920633,674236902163,704296105058,680091202676,707397317011,681944985049,702732329755,695840296357,696422356105,685829975514,694230072725,699972787333,895520565690,1180637764311,3392935636273
661403324474,1605609936169,696401659426,967154291731,676064583912,938059974408,685196792177,933371571202,692127224521,733905084059,677958915728,727888134987,680980487215,704722713892,678902475057,710791030264,567713813670,701184076936,674244571818,704296173951,680095405188,707397379340,681954299323,702732329755,695844150910,696422626211,685830531616,694230265612,699992548455,895520773229,1180657772919,3392936635888
661403812810,1605650745535,696443732226,967154364911,676111056862,938060677897,685230080438,933371793558,692171435785,733907106813,677990059272,727888364037,680990431257,704723238525,678949022411,710791574109,567717814003,701185242235,674251208899,704296328112,680100216477,707397460074,681971220949,702732477359,695844338300,696422700536,685830607762,694231816431,699993050446,895520860160,1180713251508,3393028614004
661404702059,1605692569475,696487628516,967154573782,676158222983,938060824125,685264448388,933371849217,692216213581,733907170536,678019808039,727888391857,681004145481,704723278257,678997225634,710791609812,567721244748,701185492312,674258265558,704296663455,680104064284,707397610285,681986609217,702732715478,695844740020,696422826470,685830640447,694232023635,699993388979,895520924071,1180727746289,3393063584106
661408898443,1605740159970,696528975243,967154642490,676214861075,938060991727,685296035429,933371929620,692261261358,733908402032,678051855048,727888742331,681007105030,704723797741,679040751258,710791745701,567725814700,701185522154,674266448553,704298416456,680107949925,707397770308,682003138508,702732816417,695845093216,696422991742,685832230288,694232209017,700011449235,895521115638,1180745776519,3393145361083
661411422866,1605783294208,696576699456,967154786359,676263323828,938062543850,685325677303,933372381679,692302837623,733908776799,678084311091,727888860908,681009298000,704723877444,679084800877,710792156771,567730078555,701188322796,674281921375,704298590942,680113747072,707399664943,682018080598,702733456681,695845307047,696425823681,685832424282,694232700252,700012912072,895523911164,1180785083495,3393226332082
661411879550,1605820735465,696620339281,967155691510,676309267528,938062660539,685357094585,933372459910,692343954206,733908855469,678117465357,727889020243,681013851665,704724087881,679128147049,710792310815,567734257285,701189891709,674289276129,704298908694,680117440866,707399990128,682033352433,702733535066,695845566757,696426271870,685832529528,694232855481,700016114958,895524114881,1180797003318,3393265200982
661414542165,1605874077102,696672253018,967156317942,676362835687,938062901076,685388956172,933372746399,692390322485,733910694829,678147029882,727889395497,681024821292,704725640346,679175471693,710793323951,567738929232,701190082476,674302841135,704299477002,680132308060,707400443709,682055841518,702735006650,695848724220,696430145383,685832968328,694234845674,700020202282,895524848244,1180821639857,3393332232088
661418627567,1605920029602,696713985238,967157453515,676408765032,938063062360,685426436746,933374003095,692429927186,733910753922,678182714327,727890614586,681028645208,704725830001,679223639234,710793382083,567742219113,701190260707,674345172501,704299636286,680140108809,707400657463,682079931380,702735145626,695848968335,696430493262,685834290666,694237920208,700020987748,895526159156,1180872766105,3393409624785
661420636333,1605973948695,696761778887,967157519656,676452495577,938063186880,685460250885,933374146418,692470326133,733910951743,678212612936,727890660203,681031158012,704726025054,679267750576,710794205510,567746521547,701190597206,674352723299,704299766448,680143963629,707401513793,682092879868,702737033983,695849115881,696430706296,685834404028,694238144724,700035826949,895527173974,1180912989069,3393489776471
661423091611,1606029118282,696806282260,967157668258,676501602109,938063329884,685492599507,933374214473,692511126327,733911113477,678241224082,727890698438,681036947900,704726153364,679317049810,710794800353,567750977158,701190668966,674359816476,704300326101,680148491357,707401593769,682112454152,702737661256,695849421537,696430759971,685834534872,694238725338,700042756239,895527275059,1180928402593,3393549053164
661423789557,1606087448390,696847059082,967157786989,676555651522,938064995509,685521824160,933376798331,692552509851,733911225868,678274602095,727891766357,681038880006,704726349403,679360744106,710796681569,567754962053,701190867334,674365818189,704300866437,680152084126,707401783121,682127758460,702737970186,695854806699,696432506130,685840075577,694238863486,700049656236,895529745829,1180965286247,3393600366403
661424717757,1606140987497,696892035773,967157880306,676604732998,938065438529,685550850256,933376904560,692597087465,733911807267,678307691317,727891831739,681040849687,704726900133,679404625324,710796686622,567758687238,701191545472,674373925847,704300905530,680155588818,707401874871,682145926422,702738013049,695855019500,696432603037,685840792701,694238938239,700082146408,895529841625,1181070993295,3393666198086
661428585294,1606200928007,696935395344,967157944738,676670496540,938065590647,685583051269,933380008461,692641238062,733912106669,678342103872,727891879124,681043805029,704732948281,679450686066,710796704641,567762880653,701191571910,674380203353,704300951889,680163332228,707401975086,682162810566,702738394120,695855391167,696433066721,685841294367,694239049553,700096920122,895529887578,1181093220830,3393733716035
661433183674,1606246101038,696978863434,967159333596,676718673429,938067225089,685616479909,933380076578,692682464917,733913764027,678378717995,727891961028,681049211314,704733005822,679497372254,710797683778,567767612059,701191691475,674391654689,704300982877,680168308082,707402626717,682180458766,702738947073,695855654121,696433079399,685841569995,694239903037,700099039801,895531453700,1181118412107,3393795019962
661433851361,1606275743200,697022275111,967159731686,676767666110,938067395192,685643830934,933380518705,692725720621,733914280767,678408647656,727892130089,681051301930,704733302800,679543306810,710797854193,567772500174,701192109877,674399778129,704301211910,680173358246,707402979210,682201459001,702739542176,695855895172,696433383936,685841865853,694240236888,700099101357,895531628835,1181150742381,3393898063798
661446534165,1606315643231,697065042604,967159739550,676813319627,938067914507,685669851060,933380680254,692768750812,733914305803,678436956491,727892534081,681053887108,704733320291,679587192995,710797900069,567779608172,701192380459,674410452998,704301329285,680177089870,707404358251,682215162850,702739543891,695858805674,696434035992,685842322725,694241594026,700102155375,895531750743,1181164494821,3393932098429
661452457936,1606344101789,697112786788,967159820335,676855390055,938067990074,685696897527,933380804484,692811967452,733914310353,678466975529,727896152547,681059361868,704733408020,679630130363,710799293205,567783788748,701193834917,674421391948,704301719975,680187224739,707404370854,682229490049,702740267228,695858984740,696434748667,685842389614,694241596373,700102425098,895531856563,1181194799264,3394011036024
661453224782,1606396537449,697153870338,967159849791,676906236107,938068344636,685733101864,933381088681,692853487993,733915938056,678499348196,727896239924,681061572227,704734437178,679677742322,710799456718,567788674424,701193865685,674428763338,704304246320,680192305763,707404672711,682243468078,702741527308,695859698118,696434890873,685843131367,694241734706,700142308264,895532831540,1181248613148,3394030368593
661453834708,1606442504386,697197242310,967160102173,676955566431,938068431469,685761077156,933381236981,692896024269,733916071820,678527158520,727896367684,681064058037,704734573635,679722331711,710799602870,567793135267,701193970836,674436377784,704304349225,680196803918,707404738574,682259788082,702741661620,695859973254,696435379481,685843463946,694241943571,700143063947,895532947651,1181275513393,3394163910181
661454405470,1606488785323,697237655562,967161546421,677009276178,938069577505,685790584439,933381518321,692938150717,733916082399,678560052993,727896423542,681066571321,704734843996,679771534619,710799729857,567797309724,701194916213,674443837326,704304766932,680201053148,707404913062,682276666453,702743507240,695861374787,696435465839,685843775360,694242050822,700143141496,895533034867,1181313025065,3394214991378
661461253874,1606527609062,697281917474,967161622630,677062716646,938069702497,685822727444,933384944782,692978947079,733916630570,678588988638,727896650401,681068605335,704738576946,679817137981,710806108571,567802361429,701195019166,674450205689,704304789872,680217572282,707404923141,682287882407,702743543819,695864173069,696436070807,685844206592,694242067825,700150496624,895533131541,1181335080458,3394278585890
661461636219,1606569596840,697324252235,967161836862,677106058958,938069795685,685854958215,933384969141,693023527094,733916659382,678620752395,727896702169,681070687293,704738694057,679859368459,710806222404,567806935635,701195128451,674459036839,704307323547,680221377973,707406052897,682301323012,702743750517,695865086637,696436107026,685844300704,694242073461,700178839734,895533289917,1181387926404,3394352619737
661499541400,1606607804601,697367421788,967162725305,677148373633,938071423686,685882536382,933385036017,693067652284,733919628627,678652621406,727896775758,681081808539,704739926249,679906059043,710808343854,567811505331,701197507327,674469756702,704307482999,680227798244,707406342936,682315443305,702744342177,695865272704,696438147040,685844393213,694246087559,700179324878,895534877897,1181404168461,3394387857768
661502893509,1606658146031,697409954308,967163200149,677197836312,938071523309,685915645196,933385444686,693112357819,733919825293,678686557117,727897523722,681086049773,704740008073,679951385232,710808750535,567814756305,701197724783,674477392934,704307560745,680233116198,707406452630,682328789647,702744833744,695865411593,696438440328,685844428633,694246187367,700199023044,895535131018,1181429402240,3394501525181
661508998095,1606703754795,697453473506,967163479146,677253972409,938071599738,685949634474,933385498520,693153064953,733920013872,678718436088,727897665816,681088018209,704740359983,679997358564,710810062102,567818786006,701198199228,674487879887,704307704770,680237245706,707407526649,682342572118,702745515527,695866984078,696438683731,685844639373,694247223486,700209338066,895537871679,1181452558112,3394526645897
661511948578,1606752063910,697499870880,967163519448,677300658046,938072340215,685982883198,933385649836,693198597584,733920495438,678752977895,727897834880,681090247481,704740558403,680043284670,710810102776,567824992055,701198266801,674496288418,704308457797,680241258945,707407749435,682351914727,702745551378,695867232205,696439479683,685844693861,694247358812,700209371820,895537927349,1181474370317,3394589418996
661513742136,1606800269459,697539657361,967163692764,677348102469,938072597126,686013004639,933385764041,693238781145,733921661543,678782848603,727898044094,681096372436,704742453153,680087190763,710810192153,567829256614,701199020888,674503450299,704308617373,680244820177,707408005415,682366704559,702745705019,695867909912,696439634618,685844928677,694247549568,700210388002,895538115774,1181490108000,3394599862220
661516517072,1606866982361,697587269646,967170452303,677393728768,938075276007,686050201775,933391164800,693282639063,733921757703,678812239696,727899341459,681100041840,704745717789,680134875006,710816949621,567834004744,701203132527,674513230692,704316471280,680253522560,707408487135,682390365421,702747439453,695868089948,696441622393,685849773214,694248077686,700212999922,895538301718,1181538771061,3394725335661
661518866707,1606919226107,697629952583,967170538390,677439321141,938075379862,686080916573,933391229189,693326208321,733921921593,678845204209,727899363241,681104593277,704745836414,680180676621,710816956117,567837735855,701203430892,674522188615,704316569526,680257641186,707408523440,682406787471,702747616250,695872197089,696441689422,685849865966,694248137792,700224505102,895538784318,1181554723820,3394766719859
661525946539,1606957821882,697674438841,967170646275,677487089806,938075445905,686115443755,933391384771,693369880445,733921962486,678875840865,727899423424,681106353879,704745870012,680226003584,710817141608,567843029996,701203513078,674530703212,704316697254,680264761984,707408644805,682424818048,702747713185,695872374917,696441777155,685849963316,694248169959,700226539063,895538942667,1181583771858,3394829945616
661531566834,1607015685380,697717608473,967170734484,677537062725,938075475067,686145164803,933391503734,693411781365,733922001457,678908005731,727899910420,681108965615,704747712100,680270217574,710817234532,567847176854,701203552560,674538947895,704316802428,680269402428,707408745053,682441851256,702747765797,695872610145,696442028999,685850192613,694248348682,700226754406,895539203599,1181630707136,3394885251794
661536292359,1607065045364,697760953659,967170828352,677582936744,938075667903,686178215118,933391547491,693453253242,733922624226,678941885126,727899972833,681113848570,704747790032,680312880476,710817346373,567851909433,701203708510,674545168861,704317424023,680277212997,707409395815,682457999715,702747857237,695872736245,696442203424,685850268568,694248465922,700231458248,895539431129,1181683761618,3394946249098
661541182275,1607115942291,697806122708,967172624669,677631536940,938075737851,686212157394,933391604429,693494002043,733922743617,678973626862,727900122134,681116097578,704747842139,680356717799,710817981372,567855989582,701203834495,674554941351,704317504821,680285132719,707409543746,682477960598,702747896991,695872969109,696442213639,685850644929,694248654402,700256013482,895541458317,1181720581907,3395005897374
661545588439,1607173164781,697845994798,967172807085,677684050808,938075824565,686243217181,933391836767,693535530358,733922847822,679009651477,727900235079,681118513045,704748012583,680400297695,710818047112,567860032339,701203979045,674562705891,704317653550,680289185973,707409663710,682493961882,702747963425,695873109666,696442458632,685851058614,694248681131,700266045472,895541477240,1181737989213,3395067941386
661546496406,1607205365425,697892248228,967173131088,677734107623,938076103396,686272645404,933393182531,693576413666,733922951708,679043244279,727900510880,681128055013,704748095084,680444035229,710818157018,567863879656,701204085670,674570063483,704317859317,680296690812,707411275172,682507741147,702747986104,695876992441,696446979534,685851123368,694248715908,700266144634,895542481287,1181768492654,3395160515140
661547895262,1607249629165,697935409091,967173168044,677779845596,938076228192,686300264266,933393273440,693619207346,733922995327,679074612101,727901054470,681130160371,704749104590,680487083853,710818274857,567867980258,701204141322,674577968270,704318246611,680300557502,707411364262,682522377945,702748269472,695877376278,696447032238,685851761695,694248720285,700266489531,895542483153,1181833854429,3395227821380
661550029892,1607292730740,697984327605,967173378002,677826124637,938080065784,686326593417,933398832526,693663590441,733929938206,679108119527,727901150700,681135383037,704752293441,680530389149,710819047449,567872773883,701206384161,674588698802,704319551749,680304983483,707411465284,682536233835,702749526824,695877539468,696455250583,685852136463,694251273675,700266911167,895542508389,1181856347064,3395260780304
661555307573,1607342476556,698030984021,967173597360,677872290850,938080527317,686355633416,933399217850,693708933360,733929996736,679141076850,727901270304,681140593243,704753059032,680578519721,710819192187,567877169525,701206616592,674600980520,704319596217,680322366024,707412489610,682571994570,702749629480,695877690405,696456883186,685853366479,694251982025,700266923783,895542778392,1181897356314,3395330238706
661582109505,1607382211206,698072598709,967173775819,677917424377,938080758860,686389084622,933399326285,693750241986,733930043198,679173683369,727901333587,681142870851,704753129356,680623810333,710819434410,567881374637,701206674086,674607227722,704319740207,680325571860,707412520999,682585370939,702749759385,695877910636,696456929678,685853484648,694252053913,700290170492,895542983463,1181921399947,3395404790445
661583025036,1607438981450,698112658820,967173966056,677961640941,938080877777,686418197268,933399546739,693796530540,733930106434,679201883150,727901649578,681144974057,704753221851,680666380328,710821264266,567884734854,701206768138,674616500859,704319908758,680329942398,707412548125,682599470819,702749794833,695879895982,696457104159,685854072685,694252250505,700290235178,895543089828,1181935251613,3395438572266
661617186060,1607494801667,698155598662,967174046130,678010684687,938082327216,686444767159,933400014525,693838911666,733930393724,679238054698,727902871083,681151170179,704754551478,680710461749,710821323201,567888633427,701206816987,674626757494,704320839553,680337202822,707414607742,682613993671,702751704840,695880208801,696457165460,685854199519,694252359681,700290304898,895544467284,1181955926300,3395508014232