426,305,58893,577,61374,154,20366,99,53519,213,16683,106,892,27,105728,70,439,89,31872,41,28951,960,91998,463,221,57616,1627,990,2846,5309,7109,1751
360,297,66684,250,73117,679,24752,675,60507,320,19549,227,708,56,115240,43,425,81,37281,18,32317,770,104602,50353,200,4,199,857,149,14982,1056,2354
351,359,69629,15683,73995,22949,24703,575,61258,86,19890,417,888,433,114865,249,452,130,38798,14,35197,478,103376,2265,162,15472,128,414,170,11697,1232,2415
352,254,67885,499,72797,6832,24406,550,61498,70,20229,8853,1336,50716,114070,926,407,403,39851,71,34922,70,101384,752,124,28,138,120,114,854,2080,2451
342,76,70315,356,72986,247,24629,597,61591,199,21921,243,990,66922,113708,807,435,532,39592,390,35698,134,102020,681,126,35,150,8,146,538,1676,2567
359,232,67170,665,72936,920,24700,175,59437,205,21135,14118,996,5593,114974,767,450,38129,37662,2426,33893,1639,103549,423,164,4995,150,111,151,171,1351,3089
348,826,69777,601,73937,60,24951,602,59727,690,19794,417,1184,39,116228,65,442,20,37463,10,36456,107,104526,487,113,66883,109,4,120,918,1391,2396
347,767,65636,276,73240,354,24705,205,60397,859,19396,986,1041,656,115586,334,435,70,38079,31,31508,138,104082,6,131,64969,111,8,135,794,1239,2359
335,624,67286,310,73666,810,24845,68,60522,561,19617,429,1055,570,115521,705,419,175,38372,88,33638,94,103885,8,116,6721,108,59093,138,101,1338,2424
351,460,69748,227,76761,125,25757,68,64798,70,21724,647,1023,758,114359,997,429,428,41711,294,35256,130,101806,151,125,263,151,38630,135,30364,1462,2497
331,635,67329,266,75573,220,25422,70,63061,68,19124,133,960,624,116250,50725,431,784,40019,255,33723,770,104902,653,144,87,229,971,126,15429,1045,2363
350,626,67502,105,73851,221,24881,110,60324,70,19858,64,651,656,116902,66289,440,964,38023,3,33449,876,105988,82,120,424,124,68,126,433,868,2320
373,516,69250,378,75521,229,25247,164,62957,67,20907,72,1007,669,115013,12101,456,909,39816,52367,34324,915,103082,4002,133,267,113,159,138,263,1210,2512
357,612,68405,82,74135,220,25211,164,62090,89,19664,104,1011,438,116229,528,429,1048,40059,100,35716,226,105206,65869,121,840,107,754,142,93,853,2383
355,589,69588,116,74214,448,25266,586,61898,100,20379,219,749,16,114825,69,472,828,39549,39935,36166,515,103259,26506,156,668,196,381,137,74,989,2466
363,54,69694,3449,74544,2271,24953,10281,63535,171,20666,1482,1258,236,114349,53,562,905,40672,98,34565,367,102404,50777,169,1119,174,649,422,233,1717,2469
382,150,65266,104,74564,25,25331,72,59944,81,18274,256,907,903,115290,437,443,746,36699,800,31831,412,104621,337,131,34036,120,31055,136,366,1286,2337
386,385,65711,81,70372,61,23544,69,60181,192,19331,106,820,775,115395,282,434,856,39458,10,31958,708,104680,604,140,150,124,63952,144,1382,941,2275
359,224,67328,67,72259,57,24138,115,60060,148,20150,9476,908,854,116244,4668,463,400,38071,815,32917,14289,105618,650,136,234,162,3852,131,25202,1130,10801
336,195,68546,125,73136,94,24613,78,61245,108,20156,80,911,751,115956,15561,415,3719,39358,7,34329,47954,105158,714,123,668,149,609,128,528,1131,2468
393,79,69974,68,75558,62,25371,243,62161,74,20803,160,900,692,115160,410,423,108,39306,12,35750,67791,104243,862,176,658,207,857,149,228,824,2443
361,86,67789,65,73868,68,24584,173,61017,310,19746,79,801,771,115625,463,453,197,38475,10,34220,66192,104878,996,131,710,120,794,136,222,1075,2305
445,244,67274,163,73328,108,24553,74,62127,191,19381,156,1124,769,114688,111,434,217,40144,9,34005,65990,103582,1006,208,643,238,843,218,408,1086,2369
372,292,69382,116,73346,131,24673,100,59994,110,20955,154,927,761,115917,151,460,35,37684,8,34186,67602,105256,972,136,474,161,713,150,459,1198,2343
370,536,69762,159,75529,89,25538,158,62412,447,20559,70,644,626,115455,141,414,14,40221,15,34706,40141,104280,28414,152,449,178,788,134,870,1105,2387
376,597,71852,785,76668,161,25612,165,62541,199,22380,77,839,561,115952,206,480,131,39143,15,36152,58,104925,68826,145,378,116,999,205,793,866,2486
438,63943,67738,113,73956,260,25319,745,62126,247,19608,284,1035,78,115239,744,456,568,40503,294,34368,98,104260,1724,166,13,126,881,136,641,1018,2424
368,62459,67249,71,74906,130,25323,3358,59974,167,20080,568,808,43,115873,776,460,780,37094,280,32648,98,104571,70,149,0,125,785,124,668,1129,2339
396,66554,68486,199,74161,470,25211,343,61793,115,20475,263,1218,413,115059,771,449,742,39913,11,35321,100,103107,53,154,110,125,794,146,151,1112,2508
358,61610,66833,3968,73565,14,24817,400,61746,299,19574,171,856,525,116246,806,424,814,39558,95,33191,97,104951,72,169,67,138,1043,133,63,907,2378
404,43411,69340,2990,72940,131,24196,1083,59302,67,20531,71,880,567,116000,745,416,19086,36685,579,35443,327,105313,95,171,39,212,771,386,159,1021,2361
361,5,67211,65,73545,9,24669,180,61536,156,19117,94,929,525,116724,755,476,41624,39447,24774,33047,966,105550,68,208,342,136,721,167,543,915,2300
356,13,67264,105,73104,25,24738,70,58999,266,20291,378,950,253,116254,703,421,317,36401,30059,33298,875,106222,35717,170,224,133,830,163,431,762,2255
352,524,69169,68,75382,35,25445,136,64989,202,19960,332,1104,373,114876,647,427,201,42733,34062,35741,719,103809,32954,149,35,120,393,155,765,1078,2465
344,386,71609,67,74738,12,25200,98,61809,169,21238,622,1169,231,114836,623,486,969,39480,351,38056,593,102667,46015,159,388,152,22549,144,184,1200,2513
353,193,69717,433,75058,8,24943,70,59851,92,21031,228,1197,65,115370,649,421,946,36474,426,35223,713,104264,228,144,553,117,65222,121,1650,1476,2432
386,227,65543,2592,73292,592,24471,312,61153,2602,19190,130,942,570,116209,756,429,814,38705,65,31860,55206,105282,646,252,118,171,4814,169,417,1021,3060
362,188,67228,102,74935,8,25159,315,59766,81,21417,379,998,782,115880,727,409,697,36409,298,32865,45661,104850,492,148,11,131,21984,118,309,1033,2453
329,144,71764,433,74976,137,25212,68,61895,333,20581,91,858,774,115914,694,449,973,39188,535,37669,93,104115,518,119,6,123,62721,118,5244,977,2491
369,200,67479,70,73205,454,24542,68,59266,338,19757,75,660,911,116221,745,429,803,36740,13,33976,688,105623,459,126,91,180,54254,123,11851,713,2308
347,211,65577,69,75337,156,25581,72,63037,481,17440,119,958,999,116043,854,466,863,40138,14,32207,317,104309,11517,141,85,152,527,131,26579,1312,27876
369,313,71649,78,76308,169,25821,8142,62394,362,21756,92,919,991,115102,535,504,827,39282,10,36982,473,103598,57852,129,109,181,380,172,65,1069,5337
369,278,68288,67,72120,84,24160,14868,59023,456,20564,5060,665,765,116493,528,414,895,37133,277,35550,1083,106181,45859,140,68,154,640,140,69,742,2347
366,237,70183,370,76207,2,25874,31104,63183,24736,21679,13151,966,858,115434,85,405,563,40341,936,34875,356,103594,7,119,45,160,653,157,114,1378,2518
363,302,70234,118,73322,41,25022,115,60650,12563,20990,19692,1035,18022,114834,17628,452,600,38535,873,36870,446,103437,202,158,273,185,73,132,531,1049,2422
375,524,66002,326,71509,95,24255,80,60471,71,19725,68,710,6,117210,4440,400,729,38956,59687,33171,919,107735,718,138,277,256,250,395,655,819,2251
507,706,70625,9748,73527,22820,24707,14325,61925,10239,21371,302,1100,49,114984,32,469,695,39719,6155,37298,3019,103089,177,149,499,164,230,268,3069,1273,2495
384,897,68634,494,75913,537,25593,32430,62605,4400,19138,22414,1160,229,115465,48,462,602,39251,7469,34056,88,104016,64,124,12,147,671,152,155,991,2448
341,825,66193,212,71502,73,24200,3927,60272,784,18653,746,879,536,117376,231,392,561,38696,60148,33256,379,106830,82,122,222,117,27,282,152,960,2165
446,105,65456,219,72550,79,24100,413,59554,915,19409,622,907,735,115919,422,423,327,37203,65315,31710,724,105321,11,133,91,145,24,132,200,879,2341
368,521,69951,200,74665,36,24931,124,63434,1104,20366,681,1030,838,115398,483,437,342,40614,43645,36775,23311,103665,372,166,13,128,47,117,138,747,2480
403,11,67429,270,75159,164,25482,468,62761,358,19834,248,868,741,116058,483,474,623,40137,579,32877,19381,104250,781,151,46749,260,705,108,123,860,2391
396,75,68469,73,73414,67,24250,383,61111,89,19755,69,866,955,116203,330,390,1022,38690,474,35109,133,104952,698,170,2,131,66321,108,126,1195,2375
370,27,70440,68,73117,26,25081,137,61456,360,21141,329,1013,988,115136,751,409,904,39419,372,37498,363,103663,576,313,178,173,67067,110,134,1116,2489
377,142,72546,64,75785,17,25677,72,64984,74,22401,459,823,143,114830,848,459,673,42626,740,37695,399,102873,577,163,402,159,69426,137,75,869,2632
423,64,68227,118,75142,5,25302,66,62606,68,20212,315,689,7,116018,925,398,493,39623,16607,33726,1178,104987,689,186,8001,142,22592,106,20644,877,2467
431,681,67327,234,73378,198,24668,143,61960,122,19007,178,1020,21,115860,150,478,1159,40142,12285,33661,694,104091,52673,143,1022,191,730,134,411,1014,2485
386,1913,69423,26047,73949,31715,24435,239,61671,71,20059,127,959,14,115618,5,511,357,39595,261,35567,16,104201,720,150,1420,142,716,119,5059,1223,3610
366,706,72051,910,75311,51771,25365,16159,62435,221,21372,108,552,9,116761,4,399,452,39711,457,38021,18,105710,9,135,588,131,649,113,295,647,2541
