204,492,42,505,84,475,34,468,148,50,145,89,32,58,6,22,10,60,586,19,359,30,155,51,14,33,22,36,25,356,49,451
160,565,53,535,77,494,44,553,143,155,142,113,26,121,0,115,10,76,898,52,290,27,279,39,34,25,55,37,36,103,35,99
175,576,36,542,105,542,32,536,151,94,142,46,71,40,3,104,14,97,727,45,364,30,230,47,13,43,27,59,68,43,22,65
216,552,21,559,62,563,39,519,137,148,167,182,43,54,2,46,2,26,730,31,364,70,241,57,41,44,97,57,48,60,13,45
171,567,45,571,84,575,36,530,129,107,132,35,34,156,2,34,11,69,682,40,341,61,203,33,16,50,34,56,20,27,16,35
189,595,32,567,94,530,24,565,126,110,131,73,31,50,2,34,4,54,892,36,345,33,215,40,4,95,15,37,11,41,12,47
174,559,41,521,120,499,28,531,117,83,151,72,32,76,1,68,1,57,839,11,357,25,252,32,1,50,2,46,2,40,22,29
159,596,30,530,96,566,38,565,136,125,186,154,25,52,2,35,14,49,697,42,256,47,279,36,22,44,14,34,25,42,16,45
188,629,46,540,97,537,31,568,119,100,151,40,16,24,3,16,1,24,863,30,332,43,223,102,2,14,5,54,33,46,10,38
232,567,42,517,111,543,25,576,144,39,134,52,10,34,0,28,2,25,885,22,391,93,229,62,2,15,1,35,1,31,4,48
208,598,26,525,106,570,27,578,141,64,133,23,15,93,4,18,2,67,804,37,374,51,216,44,2,70,7,31,12,28,25,36
205,585,48,541,83,555,37,570,146,80,162,40,18,37,1,34,9,44,890,54,366,39,225,20,3,15,2,47,8,32,12,66
206,539,44,548,81,586,29,551,137,102,161,49,17,34,2,17,1,38,716,30,320,35,200,24,0,47,2,27,1,54,13,41
219,586,37,570,87,533,42,578,160,133,158,42,25,56,3,12,2,23,978,28,390,29,190,18,2,13,2,41,1,45,19,31
210,608,23,583,75,569,39,568,121,162,163,35,12,18,0,28,1,30,700,40,286,28,255,43,4,44,7,41,5,35,13,37
268,587,49,546,94,518,34,561,141,84,137,67,39,66,0,34,6,53,586,39,268,40,220,97,2,15,4,15,16,32,17,36
176,544,51,572,111,532,24,540,113,55,169,47,21,31,3,23,6,12,687,60,380,33,201,90,3,67,14,35,28,43,8,33
190,514,37,537,108,529,49,568,135,149,137,11,37,41,2,46,3,41,823,31,356,41,210,16,13,20,6,38,12,30,30,39
169,599,37,548,70,559,34,574,131,85,142,17,30,33,7,106,4,50,778,14,353,11,225,52,15,51,12,30,24,47,33,25
218,565,31,551,81,570,34,552,158,41,125,73,33,37,6,33,0,56,770,16,374,23,266,45,7,32,12,19,3,35,21,44
157,548,36,543,107,547,49,573,118,87,148,112,33,37,3,19,7,45,769,34,295,34,299,31,9,11,11,43,13,41,34,57
206,577,38,549,100,576,25,546,148,121,116,61,31,78,2,21,0,17,836,51,358,59,228,33,25,18,3,28,13,44,14,29
171,571,32,514,128,529,38,540,137,139,146,37,31,18,6,48,7,91,706,49,320,20,225,49,5,34,5,21,8,56,10,43
154,591,32,571,102,573,48,551,138,140,144,60,20,85,2,31,0,70,623,45,356,45,224,10,4,10,4,33,4,39,11,41
209,566,13,589,117,538,26,511,104,44,144,59,20,39,3,21,1,24,681,63,393,16,243,54,5,27,4,52,4,39,9,48
176,552,25,540,100,585,19,583,122,56,161,77,18,74,1,26,1,45,738,22,396,39,277,63,4,19,3,74,0,28,6,69
206,549,47,541,97,540,33,581,134,66,131,64,22,128,1,27,13,31,720,68,347,35,296,87,12,63,21,84,10,87,8,76
190,555,30,576,84,540,29,531,94,125,144,61,24,36,7,70,3,27,786,17,381,32,250,28,1,25,3,85,3,42,6,46
183,639,19,595,94,571,34,521,133,100,129,82,20,33,2,37,0,20,819,30,399,21,212,26,1,30,3,38,5,58,4,70
184,537,24,559,99,508,23,518,151,72,124,107,40,36,1,85,0,49,322,40,329,40,191,49,2,27,5,38,3,27,37,52
166,606,33,600,79,569,33,546,123,114,159,68,36,78,3,131,10,34,739,48,412,32,206,42,7,62,2,43,7,37,11,67
162,542,43,529,102,524,33,564,177,84,135,31,25,45,1,60,2,62,689,100,397,26,243,59,7,42,4,30,1,50,18,40
186,603,66,556,82,554,39,537,134,115,148,66,22,88,2,38,3,24,749,19,384,30,232,29,3,39,3,12,1,40,21,66
190,573,45,563,67,543,35,561,144,75,132,58,26,54,2,60,14,67,684,37,383,59,219,26,4,32,4,81,2,40,16,93
198,539,50,543,80,507,43,583,105,91,130,102,28,31,1,25,0,60,854,44,323,11,260,38,1,47,4,37,5,36,14,49
226,588,40,548,94,573,22,553,158,68,147,52,17,47,3,23,1,50,723,55,361,60,290,84,5,38,0,37,0,58,10,38
178,550,31,581,70,542,34,557,122,85,152,19,32,56,1,99,0,114,772,37,317,12,232,30,5,46,7,45,6,31,17,41
177,566,30,573,78,565,21,567,112,71,144,33,22,45,0,39,0,53,708,22,368,46,265,81,10,72,3,63,5,27,18,61
149,565,25,580,74,561,36,584,121,108,165,139,33,101,2,22,6,17,708,7,347,32,203,69,16,23,9,18,15,35,16,34
165,609,39,600,64,523,28,594,145,152,123,66,20,84,6,23,7,46,852,17,390,24,189,51,8,42,0,8,2,36,16,110
207,591,42,591,93,564,41,585,109,53,130,122,15,29,2,57,2,45,770,32,321,82,212,40,2,39,3,8,5,40,10,50
191,593,40,583,81,554,37,566,120,85,154,49,25,132,4,16,3,115,561,31,391,34,216,10,4,44,2,37,4,45,2,54
188,510,38,530,68,517,36,519,122,106,158,79,26,15,3,44,3,39,567,29,284,22,220,31,0,47,1,30,2,46,8,34
180,539,76,531,101,532,45,558,125,90,149,61,19,33,1,90,0,131,844,18,353,30,203,27,2,22,2,36,5,23,2,31
197,575,33,595,74,568,33,573,114,45,131,108,26,67,3,18,0,23,945,53,312,36,225,33,6,46,4,35,4,70,7,46
198,582,23,617,103,579,29,537,97,77,136,38,24,58,2,44,0,61,775,26,337,59,218,57,1,38,8,100,1,38,8,68
159,585,35,573,77,545,28,574,135,124,161,54,23,70,1,40,0,53,688,51,316,32,210,15,6,41,1,69,1,44,15,43
175,582,35,587,57,525,37,619,127,100,179,57,33,21,0,35,1,47,574,86,337,26,187,14,4,33,2,10,10,12,9,33
210,581,30,558,55,601,38,557,116,77,150,44,23,38,4,49,0,97,771,37,388,50,320,43,3,30,7,46,4,38,4,71
193,590,25,553,81,576,45,585,151,51,136,159,14,72,2,69,2,17,721,24,370,17,271,39,1,32,1,32,1,57,6,72
179,568,24,600,92,600,33,621,163,84,149,60,27,44,0,10,3,60,723,28,343,27,227,56,3,75,6,16,4,47,12,57
196,581,31,604,80,551,21,569,105,76,133,53,26,43,3,30,2,90,737,37,346,34,194,28,3,130,3,26,4,53,14,48
185,553,35,511,54,567,37,533,112,66,133,43,15,19,4,31,3,26,731,33,398,45,212,81,11,73,2,44,1,27,8,45
194,567,59,570,100,570,35,520,114,59,138,54,27,31,2,27,7,17,684,90,306,9,168,61,5,93,2,110,5,24,8,43
177,609,54,595,116,550,35,523,136,106,144,102,24,50,3,75,1,58,745,82,344,23,209,36,4,37,2,50,7,66,25,68
177,574,25,582,102,584,36,575,161,97,135,64,24,68,2,51,0,38,906,106,373,52,213,28,1,26,1,51,3,37,5,45
183,526,49,559,94,493,32,513,122,100,136,93,25,115,4,45,0,27,796,26,344,25,246,40,0,26,2,29,1,31,14,23
206,550,36,566,76,528,38,573,157,111,134,53,24,54,2,32,0,28,681,23,376,52,277,39,2,28,2,40,4,40,3,76
206,604,54,493,109,567,31,555,144,52,127,85,36,67,6,22,1,23,738,34,332,59,226,21,0,31,2,31,8,17,8,42
