31336139,747373328,814331849,729306704,803364510,721122564,639104646,722916347,665887076,96076036,414524236,199792250,82436837,141841938,984079687,113557589,415844846,166138481,273766302,97761578,266804447,185742118,486830803,130183557,51963343,136292034,67208764,112279602,81972202,700006683,157782609,682544137
89531061,733744512,810861793,736425736,821453335,731208532,648603582,723351952,655326248,109293904,403697169,77625446,82971191,134784355,994408642,219094541,464237761,107622746,283127595,93536143,267535476,77587731,512301204,53167543,84193361,94952398,127811103,112777668,163107290,316621932,115537519,325431193
98886793,770380094,816816971,751764375,829980901,754268351,651863642,752370011,662388389,108351355,423320814,75758864,108309502,124398411,982422190,175730255,522636020,216372470,289900884,178012304,281549281,133724557,509414121,107074138,74677080,115287608,67626791,156960799,79254882,212175386,138393121,210680574
68224330,765231071,825671292,774297569,822628248,748996228,656258984,766167352,666644913,171074918,425883262,177172595,70831229,75451475,983641496,89707795,440607665,110730466,285760779,50697526,278139516,125494342,504902564,114911250,89737509,142154786,91563227,189077641,122484788,194709996,115433603,176647585
80686373,762110672,816293735,740826335,828573310,754213294,650973524,746192265,667413585,102430961,414003423,110645060,107004197,201344135,998287748,104545314,468608415,138505932,289331925,82841896,273689163,105536809,511570338,127571908,65091081,121349619,56551036,158970847,110652203,180730846,118376750,190686916
52094036,763778914,822216001,764776637,823232253,762762297,646883143,766624313,652591021,197411480,426864749,154561429,61989636,71913291,991261800,110342850,482150640,179964137,285521493,157576015,274820120,171087546,505596931,114177008,50584469,125378038,44525460,107701219,44876380,199772705,110285701,190798778
43244779,777397934,833155862,771094094,828105444,760194499,655612430,765796844,661261475,153335186,412267137,169406766,62082300,195228711,968324562,209204486,554411723,126545850,280373953,75202042,277439890,111890188,496464638,135568800,29962353,133837538,26013021,169485531,29563398,188165036,140405555,194510571
64555122,773385939,820745319,757905137,825760292,744574453,649467760,752782130,664163625,89018551,424326684,152060543,81461851,165296742,979763329,130936784,388566707,80553381,285495272,126946486,276350544,119869742,505408368,189030050,63847087,183979861,69462866,142698009,53700465,204255999,135374490,188970468
28864473,753665012,827039520,752921017,831723560,738923378,648983235,760746565,667515917,186995548,420008945,134165335,64797292,128645654,983681108,73692407,573963571,118307969,282043230,154561283,269594424,132867292,498512874,249992611,33493323,91190105,27006725,159400522,76464717,186910256,123927574,186711995
25163180,778636585,805375091,771683756,828529196,766639320,644544724,758415457,666811865,216666666,413219847,217777137,54276400,189101776,987747944,71093329,352915509,102976210,288045940,70309431,269246330,219927376,505776155,128931669,20379664,90206518,25214978,186995827,22984208,199589575,121235730,187930966
32813659,771308932,815324415,765311122,826320644,770106569,649052399,767407380,658163075,94713341,422049016,141433615,73258835,216166685,983592976,101871601,618654887,76124436,287865406,113092778,276777561,224060409,505628748,160890032,39081063,165536973,36849166,174383831,43342723,157023505,178178715,167788975
38502755,772546196,796792226,751113033,808750230,746239726,642586577,751498117,659737954,161682913,406831304,135438603,58766528,221016649,984218447,128227408,342088012,162978765,287251946,121414453,269828105,147412790,512419688,70700180,23648445,75315670,25229548,230694289,35516130,143428454,124704944,158893708
42434012,768539341,818686906,748113767,811435026,750777700,637690174,760319850,663498133,238585808,415133386,120013053,78890769,140847501,983210768,154945086,689894102,157319441,289266975,95170730,277855684,207894237,507119825,105118059,45354000,180961338,39858554,108518776,30517611,169789467,178522086,172165706
28351126,762859901,816348029,765875220,808239337,764475176,647146293,758038003,665488420,330816613,413040203,213107654,64431810,98949103,984066124,84118755,347838860,87755349,286740590,67543826,275601450,127983850,509221064,113919119,20558865,83137616,19431409,230133027,26217633,157723472,141263511,132654333
26783162,779543050,812746078,757023389,811476466,758984239,650347700,760228802,674844819,301965864,413081791,115786521,72524608,73608366,983867034,91334859,354583630,135301866,285799301,169278913,273048063,183566390,503964209,147941909,55926136,84405579,26642056,139404629,29365971,151737011,149850480,157542146
52341068,744636827,810354778,727784609,825493865,730968999,643775841,723158882,663729781,119605550,398724627,180276787,63533477,145570587,996616161,180304782,819387264,187010335,291122806,195693739,265305598,155480346,505363469,92634861,47079863,80973135,50104684,84652466,46471317,124623203,153126879,148781387
35988097,758033455,808750208,748413667,818205680,742740745,647460700,760685651,663098330,100783978,409048272,117844934,65320927,84724014,987475924,96033539,361182674,43090544,290626392,184362779,272670589,202996869,511737230,240560174,30945376,175498841,43266961,189266169,27637510,155159018,132376282,150788355
47762805,767938417,809561109,742985158,822635786,749322560,647562845,755073835,659522276,265553616,415864120,34275281,52405977,96461436,982273939,199119297,326983949,179182264,284771757,201691657,273490439,112577075,510651807,43229058,31792567,111127327,33056810,198599215,44354308,145811811,109891376,149517000
45724436,765546593,802321925,759473272,806565200,740988243,648769099,746768952,646393007,156603717,413870131,110204187,62909595,69085222,978443913,220300964,403954171,88386055,281429064,85741709,273024140,79624573,496777354,210377985,34835232,196545022,31468501,231473986,35651867,147454882,123076583,171976375
27849974,757061652,829741725,761727728,827335916,749387659,650382749,745820840,668124517,110021877,413788748,274309622,57791529,205284933,979573707,143198223,861504375,190943370,288365567,145922159,273274756,88925507,504113893,98183747,40656952,91016003,30355182,84339214,26181508,137131539,82046840,157049159
72594385,779298123,821994857,765824837,835312767,754644369,659937251,769728790,671852382,56003921,419558415,318268867,75438483,202302930,974826417,128552781,364401944,213969060,285775890,223230507,282960612,158385531,505688245,75435456,31979242,35351734,37746244,45954490,39235423,145036828,132497768,155923789
42712120,774529987,812636631,764690690,833401190,764981906,658473418,759516223,673156011,178559627,415140313,180889203,97628918,190049401,979316516,56120681,366200680,99283405,284246726,225269062,278898193,152317295,506106636,155805987,33513512,80180781,31452133,155508324,34106618,124742411,96090610,167432412
55838604,770639101,801105463,739493418,828944810,753708637,647067138,754050010,665124228,261160659,405012645,93329136,70094272,80984093,986862398,133086158,362531582,141935871,287585447,190637668,274216059,141581201,508567270,192265563,45089833,186769419,42219527,103110681,42400092,154721129,114274740,173571693
38319501,778558060,820359470,758529970,818626223,750618905,644018674,767324912,659120842,175699039,422605946,197218345,85244506,200122020,988622453,125905345,796627217,212586252,278948531,122830907,274459053,121321434,511029717,40314925,37418029,88450779,29987262,157764850,27767968,162977575,93331086,142803545
34501687,768891139,812287706,765237179,832542807,763929250,652230073,759366537,655953262,124671101,413039197,127994923,99363243,167778337,980934898,39346001,646538887,103349873,283781027,179166023,273975876,169666119,505733633,197572993,36561359,155041118,29501306,184204316,31245075,161723469,94971349,168387369
39379442,790625561,828111658,781254867,834793735,765104052,658359868,770138393,669170502,151855974,424917969,185050329,52522172,148008128,972364608,37448844,358478648,77131509,281510589,86429436,277526561,217669863,498731629,165090491,35924382,151404950,27108712,256136147,31244928,162707586,72236208,155140315
44939588,761856384,813188178,759218094,829975566,754578038,653064056,761277127,681282283,113581682,408917532,181040058,95276640,138143771,976713409,95380431,368967619,85226157,288629763,89003531,273972970,159189720,504530600,220193348,70740941,169266935,65195975,132593158,47425052,140919536,95177782,174673328
30895132,774443831,807390962,760495088,813204910,751321651,638666842,759565635,661816050,202860462,413042597,159789827,86965965,143969809,984269030,238411025,357709027,146263227,285913781,74897920,271881340,98370142,508325073,90886225,42073811,167035444,29506279,146577660,32183853,166241963,110821752,141791980
24254333,777939668,805118075,768060106,823524546,767714740,649161149,761545424,664740752,266564437,413485994,122733156,52303405,153993812,982571454,160119380,411895404,132223909,285990227,171015043,273796740,149565447,504254822,115861274,41532035,107232687,24639437,142352821,28907481,150257387,73047535,159151452
40724549,777570943,828502296,768089667,831176510,766503138,636054094,748866656,662002808,81297042,423968076,149187096,88656050,137891176,972265541,204116298,1006032502,115622284,279068587,149629048,276039641,195612981,505412776,122471066,35531086,122250454,30274829,196590487,36710626,129376511,119774567,153342489
37940875,780700813,814483829,771607747,821111742,757510723,652052313,759892599,667795400,119686028,411151865,168377112,91019656,210084936,989303256,131529475,554894730,177885491,284069187,157814780,274083966,106591424,506595353,162029450,41746729,112292351,27835237,149309007,48237830,157332775,96145225,139892406
39708705,775353107,802924769,768782312,817739527,760385605,643158091,763120016,675835807,93829320,418834575,175103196,54978943,173757545,983961882,121282879,348058338,133070843,286899526,132872123,271775914,71003883,512388354,243370024,30581501,176661259,27886535,144384293,22864503,155916408,83257841,182257073
45453085,777257728,815512785,767862726,814947328,752385834,647585660,757704787,665876532,226616248,416084691,198422688,104024717,132405373,986654467,184800529,358008124,121733346,285981604,67555205,275642457,115795579,513695049,154988594,53122722,173782242,41065375,139312439,28565860,152815395,141443472,144729104
24376850,786662024,815343548,770366216,818041178,777984624,658963339,774018067,672934286,147956113,415343943,113122976,87158632,200240253,985248290,224824522,351700729,202542022,286062880,123008204,272078641,52045492,513234811,196736397,30455561,145778396,23212609,96075512,21773470,170832370,94656108,129466754
38108987,772539990,815298044,763822914,811829022,768741572,650993279,768180581,668217246,230459001,411069268,247361689,50789196,139451318,983055467,61927759,372947143,149266288,286549218,92122130,271277259,102142602,510484117,111440675,19551697,80209078,35884002,240036259,27406002,141181287,88797612,160748226
30683019,778402662,812720564,761137618,825255563,756766734,638042128,754285077,668513757,174342898,413701263,184530106,92123682,182222343,982388558,106644720,535126093,204619222,283305120,144382901,272581451,91469047,510486849,143235823,38830313,109868650,36751521,146545725,27843338,139400799,92055178,158697205
39865422,771023280,829887127,758031176,830812413,766782921,644842359,748163772,670012490,206791108,420110778,176036772,104055992,165562101,990365087,173379611,1006042172,73863459,284456736,38208599,274187075,120170641,506870755,91853452,37334815,193774557,41925089,217789731,35245339,138827058,114472928,159393072
34867748,781765159,824953300,762157472,832326256,775854033,658844479,772188461,663888001,166504682,423269025,82900988,60072433,100453419,976442862,184374377,698863073,129737977,282235848,125733878,275424666,188515147,505764192,168086629,28212247,116381349,40332904,210984560,34521229,172947221,109430178,146398600
43265060,765447479,816230880,753358373,833383145,757620908,660225167,760276571,672998979,227609396,416731114,218719233,109187019,111806152,985797558,82833638,351878213,89589318,284532340,48385306,276266846,214187337,511564657,151816667,43449190,162380131,55400981,112321282,47585793,145001432,115356118,131505320
33532767,797319522,830561811,777477993,827777893,778579690,670802185,777507590,667480617,172343859,421164514,180760391,86391214,172092349,987887450,96660695,355110219,182329310,284010479,73332431,278182935,153432888,500686869,191912251,34885460,208081446,51497469,47080460,33687129,172438953,105254637,135017950
39444385,768639119,819625098,763884834,822033510,758217582,651999900,773628532,669217255,86419131,415995278,147963194,52619416,84307761,984160588,208627193,349281078,169043353,281321154,202340165,273357361,208485382,503921710,214301276,29559826,146784155,31827624,41217133,24437588,168414193,89865909,146407639
33531204,776523980,814908599,764730689,818203190,777618298,659221842,763204628,667907220,155994065,420044740,173507461,61523318,200867358,978638187,61715505,388012783,101323428,280759377,209266732,277048732,151993959,500842382,125682563,36166704,217373497,44501362,74131169,34178025,159286762,74571700,141855821
57298348,744598390,800058643,723448904,790160323,724728209,637060729,746114888,648655903,240698238,403583169,203605648,79992046,123312179,968333468,104078037,378254858,153981228,307041524,136773681,263973929,168948308,496474976,100802279,46976411,119223026,73718906,121192033,46593276,131341240,104464182,162826706
32082993,762500911,807014244,753914239,826227073,747143294,649056902,756018578,663149382,177923347,400447319,109238739,52858712,100072922,984969646,265966224,359201845,119676686,281686084,101100050,265053475,185176585,512895117,190441106,38091305,136723057,47390148,93357983,34312664,149622461,67470036,156549907
37172093,794569401,829577838,776758813,816214021,760069495,657571248,773224489,647320865,158132220,423306639,163995155,69795810,216660571,974352204,133853385,750778831,136221611,281486578,125680212,282658785,99876330,496020238,126091387,32323891,197751561,46899244,94278026,33277597,146373814,92541511,154282032
34210325,768499704,807223071,756423849,825018342,758767613,644095466,750397227,656111682,219586702,415116780,138308435,60871198,137301634,975623963,160417923,1006029863,189242392,276374156,106916777,269301684,85063510,492693109,168351125,33781677,163256869,30887980,95812124,32232635,169011823,64393365,151370370
35355495,770269430,818176065,770333731,824450098,765644905,655228088,761204511,660407864,172977745,419933596,98714542,62822774,177918331,983127075,162603783,812143331,163916100,281223070,205919442,272003991,168320348,508668634,51683141,33273917,179373029,41181800,126914514,32833282,139850650,110943868,148436831
38434244,791305952,831173983,769375390,819910464,774807921,663439664,777284195,671816953,122380397,416844490,193033889,64245773,88342688,996326465,189664871,361221942,204576286,286550765,301428579,280157067,139355803,510381156,77207021,28297410,129951313,38533857,67484296,35972756,127714968,87075014,157869927
29104871,789601960,820177397,754177689,803090603,779818262,651174964,777768461,660519840,97318701,424932837,74330618,51172868,121241089,983428679,122003791,358265951,209166478,280751033,154919534,278143923,174592959,507533673,211262946,18930860,135859136,24555143,178414604,24036966,170214088,72191701,151263400
34422795,784818238,832275946,778866512,824422351,781980720,657695992,765116727,672269512,236571539,428392732,148539635,54242832,229124328,977083299,239416843,349504496,65935516,288523971,42450851,282911527,128800634,511480288,136449141,31534423,135008316,36069058,188594433,34282771,168313794,90899976,152499275
33157972,774849865,816262817,773013691,824275675,769911968,646514331,777725272,675427492,207954915,425032844,158511773,56960759,188736023,977889264,156841507,347316438,143429178,284264405,98235925,278186097,131020229,505500026,184508394,25791834,182913165,35259746,61856314,25397611,148052300,83531993,133498533
35284127,777915832,819001349,771029637,823018374,764585279,650701886,773804374,668705046,79194744,420113289,225407804,65065816,151780278,989447432,158870049,355766132,238196518,285333413,107842608,276187206,138633088,508725253,198566385,22645812,121838731,33173652,65297365,27980411,141230261,97914940,138120835
46253172,774446194,802397939,757768718,815581764,760192009,661552364,771448317,664745490,147057959,414180594,77466610,82501993,94775526,990007313,143114935,347227384,180475683,288207106,218799236,270089139,226838087,508367316,219483822,48290852,136437174,33918436,108686379,46434573,139801736,103041101,172964879
28777898,753968489,807271031,739807206,811920970,740515051,642944870,749781850,654494222,194349381,407000190,181938966,54685311,59878716,992717848,106993068,356743984,86745396,276756134,130685454,268543685,81345637,514066441,174173166,30976547,257474124,28186794,169703947,27044328,114091935,107496959,160315426
25304594,774650525,809477561,769750632,814797953,759264883,653424790,768946536,663986036,121240589,418688611,150530179,58427636,147079341,988064688,208284302,380932766,171372977,282878423,158620792,269810043,97859041,504517520,124391821,23185323,90163569,22914057,156654959,25682628,158120904,104061828,135892686
35193236,765996095,812265175,756481375,827796534,757968682,640053958,765586385,671693307,157180945,418226124,137056763,68831507,178383962,992478216,114391235,702861757,115770480,284047880,154480033,276885188,168589063,511045070,162701239,35038739,197666838,32812825,123990025,29842149,147514329,107316721,126011363
42992080,770158044,813532096,754358635,816304684,750016067,646525466,752894445,660146089,178624064,411882864,128577773,62948776,151794840,979056972,172310174,1006006212,102102220,281431909,128523472,267994443,138405904,501610838,166051965,31855432,194305724,28368427,151244834,34218211,131810222,89108257,130539268
39436371,773339909,795090731,753360653,809677018,750273757,656540975,759413176,667872842,191480214,405390499,188412488,55385593,131856273,977147679,184203671,1005998165,130635608,282643327,73861920,268304555,153809469,495175639,112118774,28188990,149195992,30722000,133189075,23304930,164400544,101184609,141812103
39337420,768814749,795378747,752706767,815071415,740348596,649568878,753280926,670898627,193297508,405033637,160056630,53705933,240699164,976155041,161247701,575402563,80222413,282494364,113412402,267131143,162970648,501854859,123108630,34422073,128796604,30402227,121155792,30322726,167123286,69866147,147600460
