77221615,567825732,179191786,99350168,214932615,107816419,136792317,100307360,185919747,106987134,135368195,104665817,90804492,96488193,209284022,93843812,106459933,85118058,123961950,80911378,109462355,94341201,169359814,87526494,71467401,78940540,82235384,77844798,74292672,175083675,72593008,452802889
77221982,567886315,179248191,99350891,214993408,107816580,136813753,100307413,185974319,106987220,135383832,104665900,90805145,96488237,209384510,93843832,106460409,85118097,123993465,80911382,109492393,94341331,169447018,87526590,71467531,78940607,82236958,77844912,74296512,175083755,72600309,452804835
77222280,567944048,179314983,99351321,215066969,107816649,136839957,100307417,186036761,106987287,135402516,104665902,90805930,96488240,209499190,93843877,106460864,85118103,124031506,80911387,109529989,94341397,169550558,87526664,71467586,78940675,82237086,77845070,74296637,175083826,72601631,452807617
77222549,568000372,179379993,99351829,215138134,107816769,136865118,100307505,186098328,106987378,135420956,104665929,90806746,96488275,209613422,93844144,106461314,85118142,124070842,80911406,109566203,94341490,169653367,87526739,71467644,78940760,82237201,77845193,74297145,175083933,72602878,452810379
77222811,568062495,179444683,99352401,215211011,107816832,136891093,100307601,186161138,106987445,135438265,104665935,90807705,96488279,209728407,93844212,106461758,85118149,124110974,80911411,109600916,94341553,169757440,87526804,71467703,78940822,82237295,77845258,74297269,175084003,72603855,452812870
77223086,568134386,179509509,99352936,215284356,107816900,136916896,100307639,186223239,106987518,135456530,104665996,90808561,96488282,209843805,93844277,106462200,85118159,124150104,80911423,109635787,94341634,169861085,87526879,71467760,78940890,82237347,77845324,74297404,175084079,72605100,452815465
77223358,568192896,179573473,99353475,215354128,107816970,136941320,100307642,186283492,106987585,135475503,104666093,90809477,96488285,209957400,93844343,106462593,85118166,124189122,80911456,109670978,94341700,169964773,87526944,71467839,78940954,82237426,77845388,74297520,175084152,72606419,452818009
77223654,568251636,179638904,99353900,215426426,107817037,136967082,100307651,186343907,106987654,135494685,104666178,90810271,96488286,210073265,93844410,106463031,85118187,124226716,80911465,109706752,94341767,170069909,87527013,71467894,78941022,82237491,77845455,74297567,175084222,72607699,452820660
77223964,568307858,179700595,99354457,215495202,107817117,136991257,100307655,186403185,106987724,135511784,104666184,90811054,96488290,210188162,93844471,106463427,85118340,124264895,80911485,109738809,94341831,170174768,87527082,71467947,78941092,82237543,77845519,74297623,175084293,72609065,452823003
77224233,568375922,179766537,99355037,215566540,107817186,137016713,100307662,186464089,106987793,135530800,104666189,90811920,96488292,210304163,93844539,106463843,85118346,124303440,80911651,109775442,94341897,170280156,87527148,71468003,78941157,82237603,77845583,74297689,175084366,72610033,452825593
77224543,568435111,179831691,99355570,215637912,107817266,137042362,100307675,186524728,106987863,135549909,104666204,90812755,96488297,210420163,93844570,106464280,85118392,124342342,80911792,109810811,94342012,170385584,87527218,71468085,78941227,82237705,77845649,74297767,175084440,72611031,452828176
77224845,568492162,179895621,99356131,215707701,107817330,137067253,100307684,186584990,106987931,135567681,104666213,90813401,96488298,210535659,93844577,106464733,85118421,124381411,80911953,109845847,94342158,170490651,87527293,71468145,78941293,82237785,77845712,74297826,175084510,72612253,452830584
77225145,568551507,179960785,99356659,215777716,107817396,137092194,100307690,186644722,106987997,135586987,104666221,90814189,96488305,210651853,93844588,106465160,85118428,124419258,80912021,109881252,94342295,170596593,87527460,71468200,78941369,82237873,77845774,74297893,175084580,72613399,452833062
77225463,568606694,180023910,99357243,215847498,107817525,137117049,100307742,186704659,106988106,135604029,104666242,90814898,96488320,210767451,93844612,106465668,85118448,124457427,80912119,109916593,94342412,170702332,87527890,71468329,78941500,82237937,77845863,74297982,175084752,72614153,452835472
77225741,568665153,180089237,99357677,215919686,107817698,137143260,100307767,186768782,106988182,135622890,104666247,90815822,96488324,210882386,93844622,106466122,85118453,124499921,80912181,109954101,94342500,170805895,87528028,71468443,78941563,82237999,77845927,74298061,175084837,72615517,452838012
77226063,568722789,180151911,99358337,215989518,107817796,137167752,100307882,186828204,106988250,135641404,104666255,90816569,96488330,210999079,93844628,106466565,85118470,124537235,80912330,109986714,94342582,170912661,87528167,71468525,78941839,82238058,77845996,74298126,175084911,72616340,452840401
77226386,568781444,180218282,99358768,216063668,107817859,137194068,100308012,186891458,106988327,135659951,104666260,90817337,96488336,211114018,93844636,106467068,85118477,124577183,80912510,110023953,94342647,171016732,87528232,71468623,78942002,82238268,77846263,74298586,175084984,72617709,452842917
77226732,568840315,180282582,99359269,216136947,107817926,137220236,100308039,186953135,106988401,135678557,104666330,90818220,96488347,211228503,93844643,106467448,85118482,124615843,80912580,110058165,94342717,171120903,87528305,71468685,78942262,82238327,77846327,74298658,175085054,72618662,452845366
77227116,568898588,180346663,99359693,216210737,107817993,137246585,100308052,187015372,106988484,135696258,104666356,90819047,96488445,211343339,93844662,106467909,85118490,124655050,80912646,110092854,94342782,171224708,87528375,71468762,78942430,82238402,77846460,74298763,175085131,72619682,452847888
77227415,568958559,180415617,99360180,216284928,107818061,137273287,100308067,187079948,106988551,135714978,104666363,90820071,96488451,211458375,93844756,106468366,85118494,124696452,80912716,110133211,94342846,171328529,87528441,71468838,78942602,82238468,77846526,74298873,175085202,72620614,452850508
77227714,569015980,180476991,99360656,216355384,107818134,137298063,100308109,187138657,106988621,135732182,104666415,90820750,96488459,211575085,93844816,106468815,85118544,124733040,80912726,110165863,94343019,171435444,87528511,71468926,78942785,82238547,77846596,74298964,175085283,72621365,452852803
77228043,569083020,180540161,99361252,216428026,107818211,137323438,100308116,187199434,106988701,135750804,104666421,90821427,96488468,211690890,93844823,106469218,85118636,124770727,80912732,110199653,94343135,171541390,87528577,71468993,78942916,82238623,77846663,74299056,175085354,72622447,452855237
77228335,569143035,180603558,99361758,216500876,107818279,137349004,100308120,187260876,106988768,135768701,104666427,90822310,96488474,211806520,93844828,106469651,85118717,124809052,80912755,110233222,94343265,171646755,87528644,71469075,78943393,82238710,77846728,74299152,175085424,72623512,452857657
77228670,569201056,180667685,99362298,216571305,107818389,137373676,100308138,187319320,106988871,135787488,104666456,90823431,96488498,211921718,93844855,106470110,85118756,124844811,80912848,110268388,94343432,171751070,87528772,71469264,78943509,82238808,77846831,74299248,175085525,72625140,452860090
77228942,569258914,180729715,99362891,216643073,107818466,137398995,100308155,187379689,106988947,135804841,104666464,90824248,96488504,212038077,93844858,106470553,85118765,124882480,80912854,110300920,94343564,171857747,87528934,71469332,78944025,82238885,77846895,74299336,175085594,72625969,452862418
77229252,569317501,180793677,99363412,216715907,107818535,137424852,100308164,187440774,106989016,135822933,104666473,90825192,96488512,212153017,93844870,106471007,85118770,124920613,80912857,110335940,94343679,171961780,87529040,71469391,78944165,82238957,77846968,74299415,175085733,72627250,452864877
77229594,569376761,180860165,99363849,216789052,107818598,137451142,100308171,187503426,106989089,135842269,104666480,90826529,96488517,212267876,93844873,106471521,85118776,124960706,80912857,110372986,94343742,172065235,87529166,71469477,78944299,82239032,77847036,74299504,175085915,72628510,452867492
77229937,569434707,180923853,99364326,216860833,107818665,137476904,100308178,187563296,106989154,135860689,104666490,90827164,96488522,212384568,93844882,106471938,85118779,124997389,80912858,110407187,94343806,172171763,87529299,71469534,78944403,82239083,77847135,74299570,175086073,72629328,452869989
77230311,569515356,180988290,99364861,216932656,107818768,137501928,100308184,187623467,106989237,135879370,104666497,90828332,96488525,212500527,93844889,106472348,85118783,125034898,80912863,110440247,94343870,172277543,87529432,71469607,78944475,82239138,77847259,74299631,175086265,72630422,452872404
77230617,569598900,181056439,99365346,217007671,107818939,137528599,100308216,187686103,106989303,135899261,104666506,90829365,96488531,212615920,93844897,106472837,85118788,125074585,80912864,110477225,94343934,172382135,87529561,71469681,78944877,82239199,77847323,74299704,175086337,72631329,452874965
77230910,569666102,181121311,99365923,217079066,107819100,137553707,100308224,187746777,106989372,135917958,104666512,90830339,96488535,212731661,93844906,106473249,85118794,125112928,80912865,110512108,94343998,172487341,87529692,71469794,78945015,82239258,77847387,74299774,175086407,72632491,452877410
77231217,569725074,181187271,99366388,217151005,107819192,137579718,100308282,187810337,106989524,135936965,104666519,90831079,96488542,212847136,93844912,106473682,85118797,125153958,80912866,110548293,94344061,172592223,87529822,71469887,78945147,82239421,77847450,74300203,175086477,72633400,452879944
77231514,569781969,181247619,99366895,217222890,107819258,137605041,100308288,187873132,106989677,135953139,104666526,90831764,96488550,212963587,93844918,106474146,85118799,125194251,80912866,110579112,94344123,172698901,87529955,71469962,78945285,82239501,77847512,74300274,175086547,72634026,452882242
77231835,569841118,181311256,99367473,217293530,107819345,137629823,100308313,187934444,106989756,135971078,104666563,90832498,96488643,213079929,93844947,106474580,85118820,125233720,80912897,110613087,94344211,172805368,87530107,71470043,78945736,82239647,77847594,74300369,175086636,72634780,452884599
77232312,569898363,181375887,99368022,217365901,107819536,137655624,100308408,187996359,106989923,135988945,104666569,90833236,96488685,213194347,93845090,106475109,85118865,125272879,80912908,110649511,94344276,172909680,87530238,71470168,78945976,82239804,77847669,74300686,175086714,72635663,452887097
77232605,569956198,181438008,99368628,217439346,107819605,137681533,100308416,188058271,106989992,136006216,104666577,90834001,96488691,213308961,93845179,106475530,85118880,125311816,80912914,110681849,94344351,173014139,87530326,71470242,78946048,82239879,77847782,74300743,175086819,72636780,452889409
77232924,570014800,181503771,99369194,217510635,107819672,137706752,100308422,188118136,106990073,136024212,104666583,90834885,96488695,213424385,93845273,106475947,85118887,125349074,80912914,110718668,94344414,173118924,87530391,71470341,78946111,82240049,77847909,74300816,175087127,72637753,452891900
77233239,570073448,181568770,99369698,217583779,107819745,137733112,100308430,188182039,106990142,136043516,104666594,90835808,96488704,213539642,93845370,106476369,85118891,125390359,80912915,110754458,94344483,173223443,87530460,71470406,78946178,82240124,77848039,74300873,175087269,72638691,452894521
77233511,570131406,181635421,99370174,217654355,107819829,137758123,100308437,188242673,106990210,136063034,104666607,90836721,96488710,213654509,93845477,106476808,85118898,125428753,80912919,110792263,94344549,173327475,87530526,71470483,78946246,82240207,77848154,74300938,175087410,72639991,452897092
77233776,570189422,181698870,99370672,217725770,107819895,137783258,100308445,188303679,106990279,136081070,104666617,90837417,96488716,213771025,93845572,106477231,85118904,125467531,80912919,110826337,94344617,173434294,87530591,71470548,78946311,82240324,77848282,74300994,175087553,72640770,452899535
77234054,570249021,181766286,99371164,217799335,107820023,137809603,100308455,188367723,106990353,136100666,104666641,90838350,96488722,213885826,93845676,106477692,85118918,125508473,80912936,110863779,94344683,173538064,87530661,71470645,78946381,82240493,77848376,74301071,175087673,72641861,452902260
77234324,570306585,181829863,99371604,217870717,107820181,137835129,100308468,188427293,106990426,136119342,104666650,90839372,96488728,214001663,93845691,106478126,85118951,125545119,80912985,110898554,94344747,173643743,87530727,71470725,78946445,82240594,77848439,74301164,175087807,72642975,452904697
77234615,570362721,181893627,99372073,217943163,107820497,137860952,100308479,188492398,106990510,136137215,104666662,90840071,96488742,214115632,93845700,106478564,85118957,125588078,80913096,110933322,94344811,173746903,87530800,71470823,78946512,82240661,77848508,74301261,175087945,72643538,452907242
77234902,570420486,181957330,99372573,218015251,107820746,137886620,100308500,188552959,106990586,136155060,104666676,90841018,96488753,214230671,93845727,106478989,85118971,125625775,80913127,110968021,94345020,173850942,87530897,71470898,78946584,82240717,77848573,74301393,175088074,72644735,452909708
77235196,570497276,182022479,99373159,218086607,107821051,137911809,100308558,188613997,106990705,136173957,104666704,90841939,96488776,214346276,93845798,106479451,85119003,125664955,80913155,111002822,94345121,173956270,87531006,71470989,78946722,82240773,77848660,74301499,175088214,72645876,452912135
77235519,570555698,182088787,99373748,218159336,107821250,137937887,100308638,188677255,106990829,136192793,104666723,90842724,96488785,214460807,93845808,106479975,85119018,125705523,80913163,111039819,94345187,174060853,87531077,71471109,78946799,82240846,77848741,74301607,175088365,72646551,452914677
77235787,570624448,182153258,99374365,218230053,107821422,137962997,100308651,188737919,106990901,136210708,104666788,90843302,96488793,214577379,93845816,106480410,85119018,125744394,80913163,111073947,94345250,174167380,87531142,71471185,78946862,82241019,77848803,74302076,175088526,72647438,452917054
77236151,570681452,182216202,99374852,218300640,107821568,137988217,100308671,188798785,106990984,136229124,104666810,90844184,96488802,214693373,93845876,106480848,85119020,125783173,80913165,111107769,94345317,174273593,87531215,71471261,78946941,82241109,77848870,74302230,175088684,72648470,452919409
77236438,570741189,182278277,99375367,218372088,107821737,138013357,100308685,188859340,106991053,136246671,104666819,90845038,96488807,214809821,93845950,106481278,85119023,125821461,80913169,111140686,94345381,174379813,87531280,71471324,78947006,82241159,77848934,74302345,175088846,72649306,452921796
77236722,570799583,182342383,99375841,218444664,107821935,138039397,100308697,188921934,106991121,136263966,104666827,90845771,96488814,214925565,93845998,106481757,85119055,125861528,80913177,111175635,94345447,174485499,87531346,71471387,78947070,82241214,77848998,74302504,175088942,72649979,452924167
77237026,570859469,182408860,99376432,218517673,107822219,138065267,100308790,188985300,106991189,136282996,104666843,90846667,96488823,215040975,93846002,106482177,85119125,125902031,80913179,111212380,94345510,174590059,87531413,71471476,78947136,82241286,77849061,74302571,175089006,72650949,452926667
77237357,570917294,182471599,99376871,218590009,107822400,138090974,100308806,189045643,106991357,136300579,104666853,90847710,96488831,215156544,93846006,106482587,85119190,125939626,80913179,111245395,94345573,174694805,87531479,71471550,78947199,82241492,77849124,74302642,175089069,72651966,452929186
77237749,570975739,182535045,99377420,218660518,107822540,138115823,100308883,189106453,106991544,136318211,104666981,90848756,96488840,215271014,93846011,106483025,85119244,125978058,80913179,111279784,94345635,174798944,87531558,71471625,78947264,82241598,77849188,74302736,175089131,72653098,452931570
77238053,571033220,182598635,99377939,218732926,107822760,138141654,100308897,189168673,106991615,136335763,104666994,90849767,96488925,215385165,93846048,106483454,85119314,126017591,80913185,111314972,94345700,174902211,87531624,71471790,78947330,82241638,77849253,74302796,175089203,72654379,452934008
77238342,571099944,182663472,99378495,218804355,107822933,138166773,100308991,189231340,106991705,136354668,104667016,90850658,96488944,215501178,93846077,106483904,85119392,126058050,80913281,111349869,94345780,175008357,87531698,71471867,78947411,82241693,77849347,74302885,175089279,72654994,452936405
77238635,571168589,182731663,99378976,218878121,107823015,138192877,100309090,189293687,106991782,136374670,104667027,90851449,96488953,215616393,93846081,106484360,85119456,126097169,80913387,111388900,94345845,175113227,87531766,71471983,78947477,82241786,77849410,74302958,175089345,72655496,452939043
77238946,571233600,182796470,99379548,218950199,107823086,138218633,100309096,189354347,106991861,136392870,104667036,90852428,96488961,215731874,93846088,106484755,85119517,126135306,80913456,111423753,94346007,175218566,87531829,71472095,78947539,82241836,77849473,74303031,175089407,72656529,452941399
77239278,571318205,182862566,99380112,219024454,107823172,138244449,100309102,189414724,106991935,136411982,104667047,90853148,96488968,215848017,93846096,106485171,85119571,126172234,80913540,111458026,94346157,175324746,87531898,71472179,78947606,82241917,77849543,74303120,175089567,72657303,452943780
77239628,571386541,182928836,99380649,219098489,107823244,138270781,100309106,189475929,106992015,136431074,104667055,90853984,96488975,215964235,93846102,106485617,85119762,126210793,80913548,111493903,94346303,175430666,87532249,71472248,78947671,82241966,77849608,74303242,175089746,72658210,452946261
77239946,571444944,182992863,99381167,219170379,107823313,138296870,100309108,189538406,106992085,136449229,104667065,90855102,96488980,216078406,93846108,106486087,85119829,126251038,80913553,111528882,94346367,175533542,87532492,71472356,78947734,82242017,77849672,74303333,175089920,72659555,452948805