105182933,581001473,154891905,127824453,172158173,125380757,143083289,125921097,165255676,130098800,135105441,121890702,105132476,116873230,155980058,112112482,117463982,114976983,130946354,111181111,130359949,109895797,175835982,103705612,97802463,108223696,95651375,104623265,99653396,285849495,95788419,702347947
105184923,581004773,154904309,127828212,172171883,125383756,143089937,125924027,165265626,130102311,135109947,121894424,105133570,116876963,155996359,112116324,117467569,114980770,130948679,111184082,130361878,109898768,175843070,103708934,97803803,108227064,95651974,104626188,99655772,285853490,95789525,702349741
105185898,581007601,154915299,127832146,172183699,125386615,143095966,125926340,165274645,130105248,135114883,121897472,105134814,116880125,156010321,112118476,117469509,114983394,130951031,111188163,130364001,109902523,175849061,103711933,97804203,108231888,95652529,104629051,99656693,285856117,95789986,702351699
105187788,581011516,154926250,127835866,172198011,125389982,143102647,125930811,165283487,130109294,135119055,121900174,105136457,116882526,156024956,112121791,117471438,114986992,130954314,111190602,130367131,109905926,175855609,103714785,97805248,108234767,95653010,104632004,99657206,285858758,95791033,702354361
105189748,581013768,154938574,127838804,172210461,125392939,143108846,125933591,165292716,130113045,135124101,121904749,105137737,116884831,156039334,112124451,117473820,114991033,130957638,111194131,130370510,109909047,175862768,103718097,97806496,108237862,95653237,104634890,99657429,285861983,95791799,702356742
105190491,581016519,154950321,127842159,172223076,125395055,143115001,125936965,165301793,130115158,135128442,121907881,105138127,116888383,156053030,112128410,117476524,114994668,130961066,111196735,130373666,109912192,175870292,103721470,97808225,108242332,95654417,104636716,99658467,285865158,95793156,702358695
105192366,581019188,154960704,127844513,172236032,125398048,143121414,125940021,165310366,130118703,135132455,121911167,105139308,116891147,156067474,112131505,117478934,114998282,130964526,111199740,130376609,109915593,175877247,103725064,97808720,108244471,95656457,104639421,99659772,285867231,95794432,702360687
105193947,581023094,154972097,127847567,172248931,125401236,143128151,125943841,165319984,130122183,135136999,121913565,105141513,116893132,156081982,112134159,117480604,115001853,130968114,111202193,130379836,109919760,175884023,103727764,97809704,108247759,95658015,104643851,99661653,285870425,95795623,702363580
105195952,581026386,154984313,127849955,172262229,125403907,143134581,125945685,165328838,130125896,135142285,121917643,105142360,116896551,156095385,112136669,117483912,115004821,130971686,111204551,130383150,109922324,175889736,103731400,97812407,108251322,95658435,104646929,99663342,285873390,95797268,702365893
105196929,581029966,154996357,127853418,172276511,125406786,143141924,125947807,165338762,130127318,135147875,121920721,105145089,116899052,156111296,112139640,117486801,115009002,130975596,111207411,130386775,109925195,175897364,103733897,97814895,108254118,95661495,104649245,99667322,285876913,95798468,702368158
105198715,581032710,155007191,127857308,172290530,125409375,143148697,125950126,165348485,130129868,135152417,121922842,105148393,116901901,156125605,112141911,117490357,115011057,130979090,111209951,130389858,109928151,175904093,103737064,97817242,108257134,95663451,104652680,99669977,285879493,95799167,702370632
105199538,581036004,155018572,127860740,172303947,125413167,143155219,125953163,165358304,130133660,135157051,121926013,105150358,116905311,156140318,112144795,117492015,115013895,130982862,111212703,130393148,109931525,175911163,103740388,97819846,108260601,95665376,104655137,99671344,285881371,95801001,702373236
105200418,581038372,155029716,127864786,172316685,125415967,143161534,125955697,165366860,130136265,135161883,121928700,105151824,116908334,156154395,112147732,117493726,115016146,130985977,111214679,130396446,109934760,175917822,103744229,97820001,108263723,95670314,104657535,99675784,285885213,95801387,702375207
105202204,581041662,155041952,127868518,172329449,125419218,143168233,125958491,165376289,130139309,135166355,121931888,105153470,116911607,156168608,112151549,117496685,115018925,130989279,111218988,130399579,109938825,175924046,103747064,97820760,108266335,95671099,104660221,99676924,285888652,95803434,702377469
105203553,581045107,155052899,127872032,172342962,125422743,143174932,125962062,165385901,130141850,135170913,121933513,105155748,116915176,156183680,112154944,117498011,115022160,130992625,111222206,130402756,109942232,175931695,103750395,97822964,108270321,95672259,104664564,99679191,285891783,95804643,702379750
105204731,581048138,155065038,127875324,172355329,125426094,143181485,125966019,165394879,130144331,135175806,121936516,105158658,116917683,156197582,112156737,117499689,115025270,130995955,111225915,130406123,109945022,175939167,103753310,97824794,108274237,95673151,104667845,99681576,285893633,95806255,702382079
105207309,581051878,155076524,127878296,172367395,125428568,143188347,125969180,165404142,130147359,135180185,121940538,105159270,116920633,156211404,112158736,117502461,115028661,130999015,111228603,130409153,109948301,175945299,103756777,97827474,108276522,95674347,104669956,99682214,285896575,95807083,702384476
105209719,581054413,155088342,127881681,172380133,125431176,143194836,125972248,165413566,130150306,135185066,121942376,105160251,116923709,156225018,112161937,117504112,115032629,131002489,111231910,130412382,109951786,175951913,103759375,97827957,108279988,95678147,104673700,99684731,285899950,95807524,702386836
105210750,581058156,155099341,127885275,172393441,125434565,143201341,125976074,165423156,130153799,135189154,121946005,105162280,116927011,156239867,112165091,117506545,115036202,131006285,111234855,130415355,109955359,175959804,103762168,97828097,108283129,95680493,104676773,99685953,285903099,95808110,702389254
105211882,581062444,155110157,127889202,172405644,125438900,143208319,125980006,165432349,130156793,135193755,121949004,105163294,116930080,156253356,112168502,117508305,115039288,131009717,111237700,130418596,109958242,175966622,103765893,97828587,108287143,95680941,104680358,99686546,285906504,95808498,702391728
105212748,581066318,155121135,127891789,172418510,125441449,143214274,125982816,165441315,130160149,135198403,121950827,105165614,116932935,156266952,112172362,117511062,115043700,131013273,111241077,130421828,109961499,175973644,103769177,97831231,108290268,95681226,104683373,99686984,285909095,95809632,702393848
105213300,581069858,155132122,127895264,172431183,125444150,143220559,125986024,165450072,130162908,135203553,121953617,105166111,116936287,156280010,112177280,117512726,115047069,131016971,111244413,130425119,109964849,175980435,103772020,97832730,108293520,95682163,104686521,99687579,285912407,95810061,702396372
105213874,581073818,155144231,127898970,172444888,125447792,143226830,125988335,165459239,130167170,135208046,121957089,105167544,116940337,156294174,112181488,117514143,115050677,131020554,111247751,130428322,109968855,175987918,103775001,97832838,108296016,95682395,104689257,99688331,285914906,95810428,702398848
105214952,581077426,155156422,127903321,172457384,125451852,143233295,125992244,165468213,130170135,135212950,121960390,105169624,116943218,156308863,112185606,117516191,115053382,131023957,111251341,130431595,109972328,175994908,103778096,97832979,108297975,95682658,104692942,99690748,285918108,95810761,702401127
105215499,581081594,155168545,127907411,172471193,125456192,143239879,125996614,165478045,130174272,135217563,121964304,105170178,116947176,156323137,112188771,117520105,115056991,131027670,111253274,130434857,109975395,176002222,103780377,97835906,108299710,95682779,104696536,99690883,285921994,95811138,702403545
105216996,581085270,155180493,127910225,172483905,125459283,143246038,126000131,165487520,130176975,135222222,121967572,105170698,116949334,156336471,112192085,117521091,115060824,131031035,111256724,130438115,109979445,176008494,103784103,97836085,108302469,95683427,104700094,99693766,285925013,95813120,702405926
105218497,581088943,155191704,127913296,172496350,125461972,143252421,126003288,165496159,130179610,135226642,121970800,105171453,116952510,156350019,112196144,117522695,115063659,131034296,111259753,130441236,109982701,176015101,103787112,97836403,108306276,95683854,104704110,99694470,285928623,95813931,702408231
105219583,581092720,155202966,127916370,172509084,125466078,143258105,126006331,165504527,130182709,135231746,121974383,105172248,116954768,156363398,112200109,117523945,115066182,131037229,111263418,130444394,109985100,176020737,103788879,97836764,108310038,95684934,104706395,99695150,285930930,95814989,702410665
105221050,581095515,155213558,127920737,172521747,125469771,143264313,126009203,165513414,130185576,135236733,121978318,105172662,116958496,156377915,112203981,117525017,115069798,131040701,111266240,130447610,109987992,176027652,103791922,97836971,108313129,95685608,104710304,99695668,285934097,95816189,702413057
105221993,581099692,155225133,127924891,172534076,125472911,143271103,126012640,165523027,130189396,135241196,121982550,105173093,116962525,156393018,112207801,117526205,115072699,131044307,111269719,130450902,109992083,176034771,103796386,97837247,108317311,95685897,104713641,99695794,285937653,95816682,702415991
105224136,581102706,155236938,127928133,172546063,125475702,143277180,126016170,165532141,130192537,135246010,121986098,105173308,116966849,156407513,112210907,117527718,115075396,131047631,111272965,130454110,109994808,176040964,103799826,97837944,108320160,95686699,104717202,99696896,285941643,95817686,702418340
105224991,581105822,155247662,127931542,172558505,125479064,143283549,126018781,165541231,130195917,135250283,121989264,105174395,116970532,156421701,112213823,117529183,115078451,131051284,111275892,130457167,109998725,176048203,103804065,97838063,108323798,95687107,104721226,99697492,285945831,95818047,702420726
105228231,581108468,155259586,127934739,172570484,125481225,143289824,126020802,165549700,130198598,135255819,121991845,105176838,116973225,156433905,112215975,117532081,115080835,131054606,111277520,130460797,110000875,176054960,103806185,97840037,108326274,95689916,104723935,99700393,285948097,95819637,702422735
105230286,581110554,155272277,127937743,172583395,125483729,143296123,126022408,165559177,130201135,135260602,121994527,105177858,116977861,156446834,112218835,117533765,115084051,131057807,111279444,130464019,110004377,176060658,103809564,97841607,108329985,95693397,104726488,99701778,285950703,95822046,702424767
105232124,581114172,155284393,127940588,172596162,125486887,143302448,126025131,165568715,130204658,135265226,121999687,105178642,116981222,156462503,112222777,117535050,115087014,131061156,111283997,130467220,110008435,176067449,103814002,97841889,108333057,95695949,104729397,99701999,285953575,95823264,702427154
105232910,581118266,155295892,127944193,172610112,125490505,143309952,126028318,165578150,130209066,135269378,122004458,105178975,116985137,156477513,112225771,117536256,115090870,131064775,111287926,130470235,110013114,176074114,103817803,97842024,108337282,95696033,104732488,99702187,285957535,95825028,702429735
105235089,581121228,155308148,127947914,172623143,125494606,143316789,126032139,165588194,130212271,135275018,122009028,105179445,116989257,156491656,112231114,117537637,115095356,131068427,111291688,130473724,110016827,176080792,103821686,97842206,108342067,95696223,104735320,99702478,285960424,95825416,702432106
105235714,581124916,155318596,127951443,172634951,125497794,143322644,126035836,165596550,130214112,135279066,122011338,105180364,116992310,156504469,112234198,117538963,115098467,131071771,111295090,130476746,110019463,176086379,103825270,97843073,108344608,95697352,104737856,99702831,285964839,95827153,702434446
105236640,581127631,155329202,127954914,172647751,125501486,143329280,126040357,165605146,130217877,135283767,122014185,105181139,116995547,156517981,112237792,117540388,115101960,131075310,111298876,130480044,110022876,176092486,103829582,97843401,108348481,95698214,104740722,99702994,285967629,95827869,702437001
105237330,581131947,155340720,127957786,172659348,125504711,143335803,126043926,165614736,130221535,135288280,122017811,105181702,116999184,156532362,112242492,117541447,115105008,131078972,111302194,130483130,110027255,176098921,103833818,97843505,108351810,95698303,104744554,99703072,285971631,95828200,702439733
105239077,581136212,155351971,127960628,172671947,125507885,143342552,126046628,165624372,130224805,135293423,122019817,105182579,117004275,156546997,112244804,117542614,115108061,131082521,111304754,130486503,110030100,176105788,103836983,97844301,108354936,95702335,104747104,99705494,285973992,95829323,702441751
105240314,581140090,155364141,127964510,172684891,125510776,143349139,126049231,165634373,130227529,135298033,122022184,105183503,117007121,156561983,112248564,117543974,115111327,131086265,111308222,130489763,110032766,176112342,103840732,97844928,108358103,95703774,104750404,99710464,285977475,95829950,702444373
105241292,581143447,155374463,127968288,172698278,125514511,143355321,126052699,165643374,130230480,135302558,122025182,105184983,117009849,156575813,112252188,117545606,115113905,131089725,111312263,130492868,110036047,176118374,103844206,97846528,108361389,95704282,104753604,99711187,285980912,95830458,702447131
105242430,581146557,155384931,127972562,172711016,125517440,143361983,126056423,165652125,130233857,135306469,122028576,105185720,117013292,156589134,112254728,117547743,115117045,131092882,111315030,130495595,110040079,176123568,103846603,97846635,108364450,95705740,104756100,99712034,285983433,95831601,702449329
105243126,581150846,155397128,127976112,172723419,125520392,143368342,126059526,165660326,130237379,135311499,122032093,105186197,117016113,156602510,112257756,117549983,115119573,131095908,111318249,130498828,110043940,176129035,103850781,97846786,108368703,95705821,104758693,99712542,285985712,95832278,702451555
105244725,581154043,155408341,127979617,172735786,125523019,143374499,126062252,165670036,130241155,135315636,122035727,105186546,117020810,156616413,112261230,117551607,115122906,131099418,111321455,130501683,110047103,176135724,103853556,97847849,108371523,95706782,104761688,99714502,285989546,95833153,702453864
105245718,581158334,155420257,127983452,172749281,125526281,143381481,126065753,165678775,130244203,135320485,122038269,105188498,117024429,156630968,112264447,117553545,115126301,131103124,111325514,130505015,110050109,176142908,103856891,97848475,108375605,95707835,104764684,99714869,285992677,95833913,702456578
105246396,581161421,155432380,127986908,172762117,125529909,143388375,126068608,165687506,130247408,135324873,122041839,105189210,117026617,156645219,112267844,117554984,115129590,131106373,111328427,130508196,110053378,176149418,103859653,97848569,108378118,95709084,104767935,99716280,285996258,95835793,702458785
105247263,581164136,155443322,127990198,172773786,125533792,143394451,126073132,165696502,130251228,135329669,122045702,105190069,117030269,156658362,112271169,117556794,115133551,131109832,111331877,130511528,110056415,176155593,103863047,97848734,108381728,95709510,104771319,99716390,285999129,95836171,702461335
105247796,581168240,155454691,127993775,172786992,125537337,143400890,126076898,165704801,130254139,135334351,122048611,105191005,117033811,156672140,112274281,117557970,115137290,131113046,111334959,130514730,110059894,176161322,103867067,97848875,108386093,95709748,104775272,99717484,286002448,95836501,702463862
105248952,581172173,155466254,127996490,172798979,125541600,143407787,126080732,165713978,130257453,135339138,122051995,105191345,117038148,156685455,112277355,117558910,115141004,131116530,111338201,130518085,110063717,176167618,103871036,97849010,108390191,95709875,104777915,99717694,286006890,95836929,702467102
105249501,581176238,155476790,127999997,172812886,125545820,143414474,126084893,165723563,130261457,135343540,122055294,105191699,117042501,156699487,112280914,117559904,115144333,131120063,111341952,130521265,110067429,176173485,103875176,97849134,108392978,95709988,104781449,99718018,286011074,95837766,702469491
105250051,581179843,155488296,128005366,172825957,125549687,143420983,126088812,165732929,130265359,135348184,122059479,105191870,117047736,156714233,112284335,117560950,115148064,131123362,111346333,130524466,110071090,176179161,103879152,97849249,108396354,95710096,104784761,99718240,286013750,95838121,702472472
105250561,581183305,155499810,128008383,172838249,125553124,143427576,126091815,165742302,130268116,135352773,122063690,105192651,117051011,156727714,112287719,117562789,115151720,131126760,111349834,130527700,110073863,176185274,103882696,97849367,108398974,95710194,104788255,99718318,286016848,95838500,702475286
105251905,581186890,155510828,128011960,172851375,125557252,143434177,126095769,165751021,130271119,135357443,122066979,105193468,117054904,156741277,112291060,117563960,115154295,131129908,111353446,130530780,110076595,176190672,103885179,97849531,108401526,95710959,104792369,99718402,286020548,95838874,702477581
105253228,581189555,155522095,128014632,172863116,125560023,143440139,126098579,165759671,130274561,135361303,122070321,105195189,117057978,156754445,112293690,117565329,115157350,131133126,111356357,130533872,110079035,176196941,103888596,97850101,108404532,95712922,104794451,99720869,286023153,95840798,702479758
105254846,581193367,155532346,128017326,172875775,125563663,143446235,126102473,165768640,130277050,135365758,122073245,105195756,117062198,156769067,112296113,117566608,115160172,131136468,111359510,130536661,110082071,176204117,103891832,97850656,108407441,95714552,104799054,99723371,286026897,95841670,702481891
105256831,581197235,155543894,128020409,172889149,125566872,143452950,126105125,165777998,130280457,135369820,122076205,105197432,117066623,156783295,112298317,117567909,115164427,131140001,111362366,130539541,110084540,176210188,103895069,97851049,108410100,95715940,104802260,99724729,286030430,95842480,702484248
105258304,581200510,155554767,128024422,172901989,125569625,143459389,126109396,165787277,130283080,135374523,122078875,105198518,117070261,156797310,112301784,117569151,115167723,131143651,111365851,130542737,110088060,176216453,103898154,97851560,108412530,95717719,104805343,99727535,286032854,95843005,702486296
105258991,581204333,155565778,128027884,172912760,125573067,143465207,126112336,165795870,130287105,135378837,122081680,105198729,117073311,156810209,112305122,117570119,115170459,131146903,111369546,130545991,110091607,176222335,103901366,97851909,108415989,95718100,104809348,99728211,286035740,95844518,702488501