1001,1655,9520,1881,10816,1508,5635,1473,7926,1758,3812,1869,597,1872,12857,1927,2190,1926,1218,1502,1015,1494,3848,1673,728,1728,361,1468,1238,2002,709,987
486,1415,8627,1965,9138,1428,5127,1162,7104,1467,3913,1500,637,1579,10770,1080,1410,1305,1159,2035,1045,1774,3093,1455,202,2318,293,1383,461,1189,276,1012
953,1884,8115,1652,10582,1628,5350,2095,6693,1925,3389,1225,819,1087,10833,1437,1263,1675,1652,1198,1523,1702,3337,1472,530,1469,221,1432,240,1407,547,1355
951,1078,9360,1631,9492,1366,5206,1400,7202,1572,3897,2229,699,1152,11278,1446,1653,2039,1703,1617,1723,1523,3926,1573,621,1502,133,1301,134,1524,417,1238
380,1397,9278,1611,9898,1122,5124,1724,7197,1436,3566,1660,280,1743,10296,1839,1957,1828,1752,1413,1590,1651,3733,1672,872,2239,377,1082,446,1392,542,1044
823,1266,8464,1093,9883,1435,5290,1571,6562,1655,3347,1727,584,1498,11262,1678,1668,1714,1786,1468,1470,1378,3808,1766,255,1139,1204,1365,680,1253,765,1064
962,1945,8249,1540,10036,1622,5581,1706,7448,1809,3719,1164,1191,972,10827,1423,1331,1750,1836,1210,1600,2429,3590,1320,243,1407,777,2157,831,1582,644,1478
889,1613,9449,1293,9767,1337,5344,1173,6871,1822,4071,1919,543,1722,10534,1108,2155,1357,1847,1095,1703,1175,3229,1724,1560,1773,239,1353,922,1238,837,1083
562,1837,9175,1668,10976,1408,5825,956,7258,731,4376,1535,1042,1223,11421,1371,1477,2096,1897,1299,1773,1331,3494,1342,1080,1472,1448,1339,1843,1752,515,1235
945,1303,8408,1769,10754,1061,5598,1007,7471,1077,3739,1068,2064,1172,11729,1222,2762,1257,1957,1471,1661,1575,3964,1487,1116,1588,930,1610,1426,1444,539,1247
404,1670,8946,1815,10801,2107,5673,1650,7894,1783,4038,1723,851,1759,11424,1532,1207,1276,1893,1301,1647,1694,3801,1850,1449,1838,637,1158,539,949,714,1445
364,1289,8731,1888,9842,1199,5400,1229,7191,1507,4039,1244,658,1592,11118,1302,1233,1206,1671,1136,1719,1691,3562,1784,201,1390,2642,1365,2530,1900,377,1073
915,1613,9478,1936,10180,1977,5655,1488,7430,1624,3474,1560,1207,1483,10990,1758,1854,1451,1698,1742,1624,1987,3271,1373,318,1308,570,1261,442,1747,1049,1214
744,1646,8408,1804,10511,1529,5327,1607,7440,1326,3624,851,1026,1937,11230,1987,1188,1458,1710,1800,1540,1461,3928,1684,1173,1818,612,1988,842,1496,586,1112
599,1470,9094,1545,9474,1574,5365,1776,7108,1221,3811,1399,1359,1279,11262,960,1317,1783,1750,1894,1716,1622,4322,1299,933,2029,393,1902,1292,1198,647,1238
1133,1859,9253,1561,9007,1380,5620,1876,7045,1337,3894,1812,632,1467,10725,972,1712,1468,1560,1186,1574,1565,3243,2032,925,1241,651,935,605,1289,690,1276
1241,1433,9189,1529,9650,1315,5388,1511,7195,1384,3986,1150,506,1578,10314,1447,1418,1920,1666,1756,1680,1715,3415,1107,664,1617,1573,2065,1052,1564,220,1284
676,1628,8781,1894,10645,1733,5655,1554,7665,1556,3277,1408,988,1454,11524,1669,1698,1716,2047,1442,1567,1865,4219,1286,62,1681,1592,1324,874,1535,304,1146
259,2276,8222,1871,9282,2014,5686,2081,7075,1561,3661,1842,628,1692,10491,1703,1295,1783,1777,1495,1582,1353,3618,1874,144,2002,134,1727,56,1633,188,1316
745,1721,8244,1430,9154,1498,4956,1288,6859,1588,3580,1044,1018,1491,9809,1801,1663,1793,1700,1595,1547,1537,3705,1719,964,1152,276,1469,448,1395,580,1114
274,1620,8501,1683,9693,1232,5028,1769,7053,1504,4027,1316,550,1310,10258,2431,1474,1902,1981,1630,1616,1459,3725,1375,1222,1853,197,1173,71,1343,289,1259
272,1978,9189,1694,10591,1532,5305,1352,6999,2280,4053,1731,723,2172,10677,1706,1091,1756,1792,1512,1661,2120,3698,1653,64,1334,398,1639,382,1416,183,1310
356,1834,9502,1912,9977,2162,5342,1669,7175,1392,3709,1299,274,1453,11716,2303,1454,1517,1729,1874,1654,1652,3767,1412,61,1071,129,2115,1449,1696,189,1214
474,2096,9283,2258,10766,1884,5583,2094,7460,2038,3937,2129,1089,1921,10681,1700,1909,1626,1878,1302,1704,1478,3643,1331,813,834,72,1570,75,1815,227,1229
390,1791,8962,1559,9976,1738,5115,1981,7290,1328,3619,1557,358,1245,10380,1716,1542,1883,1774,1308,1627,2278,3489,1581,719,1392,252,1718,1128,1873,679,1328
1060,1852,8519,1452,8789,1105,4795,1300,6649,1326,3551,1558,538,1100,9533,1523,1230,1360,1597,1708,1553,1245,3061,1603,180,1463,256,2073,585,1119,723,1178
408,1896,8996,1615,10665,2239,5270,1698,7050,1454,4136,1726,324,1431,10981,2091,1127,1420,1654,1804,1614,1692,3558,1072,226,2065,322,1378,262,1818,398,1212
918,1493,8606,2056,9747,1920,4998,1508,6724,1432,4099,2072,352,1604,10688,1994,999,1383,1649,1521,1706,1432,3470,1078,106,1427,572,1472,452,1208,753,1307
501,1657,8366,2081,9543,1548,5455,1493,7271,1781,3653,1630,253,2078,11444,1946,1009,1643,1826,1249,1593,1851,3459,2373,161,1668,142,1743,61,1666,291,1437
670,1981,8998,1825,9284,1521,5240,1665,7256,1951,3915,2226,222,2001,11286,1782,1029,1436,1810,1958,1675,1332,3622,1719,232,1982,218,1769,196,2133,361,1391
851,1410,8441,1461,8754,1243,5066,1490,6958,1265,3546,1591,363,2035,10552,1509,1466,1671,1746,1401,1521,1663,3397,1540,181,1656,389,1998,660,1763,413,1111
1263,1193,8874,1377,9614,1620,5378,1328,7070,1630,3872,1534,983,1475,10175,1021,1647,1356,1775,1218,1729,1577,4432,1720,356,1692,777,1375,952,1782,420,1215
1034,1476,9421,1882,9807,980,5256,908,7101,1183,4184,1129,1076,2029,10333,1361,1503,1216,1736,846,1757,1331,3399,1418,1259,1091,1373,1408,1151,959,1350,987
1083,1690,9432,1432,9710,1542,5387,1141,7606,1560,3865,2105,281,1873,11082,1864,1088,1452,1709,1575,1590,1768,3326,1916,318,1767,2348,1330,134,1555,699,1179
497,1667,9148,1608,10384,1759,5747,1550,7526,1923,3748,2565,317,1747,11918,1705,1045,2102,1788,2366,1647,2515,3718,2085,48,2097,51,1737,100,1720,924,1408
1192,1753,9079,2169,10297,2003,5791,1550,7376,1991,3659,2013,343,2307,10344,2150,1091,1834,1824,1625,1615,1941,3375,1919,115,2331,90,1312,133,1480,413,1340
316,1712,8512,1342,9167,1644,5136,2120,7431,1376,4208,1987,248,1710,11046,1701,1081,1933,1854,1889,1696,1563,3421,2075,269,1659,211,1447,112,1927,682,1270
454,1617,8138,1667,9864,1577,5026,1822,6371,1086,3266,1024,657,998,10138,1867,1227,1804,1678,1735,1600,1702,2984,1865,341,1589,800,1249,209,1792,560,1446
329,1771,8675,1869,8872,1943,5779,2220,7438,1951,3886,1713,409,2170,11226,2162,951,1521,1872,1816,1581,1613,3275,1840,51,1897,48,1610,47,1731,256,1095
513,2171,8377,1448,9837,1875,5574,1569,7107,2144,3870,1588,338,2021,10217,1785,909,1509,1788,1692,1674,2149,3327,2259,259,1548,48,1875,40,1656,163,1386
1028,1958,9201,1526,9957,1284,5536,1083,7902,1276,3891,1053,452,2078,11637,1253,923,1399,1920,1010,1609,999,3664,1564,460,1624,2688,1293,2049,1055,759,1012
285,1783,8821,1927,9534,1574,5093,1486,7255,1293,3647,1268,560,1485,10837,2010,1127,1498,1750,1784,1577,1699,3236,1539,391,1749,56,1418,1657,1823,143,1510
536,1532,8068,2004,10240,1528,5537,1740,7084,1532,3317,1723,842,1312,10350,1294,1747,1244,1816,1710,1518,1380,3073,1785,468,1307,481,1597,600,1496,333,1257
584,1829,8193,1870,9532,1457,5081,1682,6716,1853,3338,1449,251,1491,10256,1680,1533,1627,1565,1758,1507,2354,2972,1255,74,1636,504,1034,404,1171,718,1143
266,2132,9845,1869,9703,1712,5331,1729,7185,1356,4221,1973,302,1565,11275,1669,1115,1534,1660,1467,1653,1889,3163,2056,84,1994,46,1779,41,1714,179,1319
976,1333,8305,1530,9652,1247,5356,1259,7168,1883,3442,1408,468,2363,10230,1644,1366,1438,1844,1778,1494,1504,3719,1184,609,1398,483,1225,986,1655,449,1111
336,2009,9228,1702,10027,1574,5269,1618,6247,1901,3701,1374,799,1541,10556,1157,1232,1815,1695,1781,1594,1268,3247,1741,226,2044,604,1650,191,1304,381,1325
462,1546,8620,1877,10099,1846,5707,1580,7033,1537,3361,1747,431,1216,10997,1811,1266,1670,1761,1475,1648,1632,3642,1342,76,1332,669,1602,723,1977,1018,1265
308,1479,8809,1660,8920,1842,5258,2271,6832,1586,4268,1905,695,1884,10064,1612,1204,1875,1736,2017,1682,1511,3120,1908,75,1533,122,1449,516,1350,169,1236
556,1989,9243,1611,10501,2123,5475,1807,6969,1580,3749,1528,260,2052,10916,1507,1033,1881,1703,1244,1614,1745,3257,1996,73,2663,115,1938,88,2057,200,1576
288,1996,8964,1622,9459,1873,5622,1972,7538,1972,3717,1786,264,2077,10533,1728,832,1783,1799,1606,1713,1939,3281,2094,64,1593,59,1475,110,2018,446,1559
270,1934,8138,1767,9625,1952,5294,1933,6886,1685,3643,1544,226,2126,10324,1486,1060,1606,1695,2280,1591,1948,2765,1752,64,1564,61,1852,180,1811,210,1331
280,1871,8168,2542,10474,1915,5807,1870,7623,1690,3677,2003,196,2678,11512,2081,1025,1891,1795,1994,1551,1608,3192,1930,61,1678,55,1470,89,1485,207,1484
635,2131,9431,1637,9833,1853,4991,1568,7269,1568,4155,1940,422,1287,10267,1483,1415,1710,1685,1554,1735,1478,3160,1737,62,1043,54,1787,42,1721,229,1574
317,1436,8510,1939,10097,2054,5610,1992,7001,1461,3314,2053,781,2109,10627,1955,917,1259,1625,1750,1536,1318,2988,1405,86,1572,389,2081,45,1896,198,1232
802,1324,8558,1121,9140,1601,5002,1402,6745,1821,3496,1165,668,1641,10796,883,1311,1769,1696,1404,1564,1309,3510,1772,435,1258,1242,1163,1482,1132,1021,1072
790,2044,8309,1458,9774,1719,5103,2044,7015,1402,3404,1826,369,2192,10892,1387,1050,1316,1725,1633,1354,1368,3604,1359,141,1256,568,1887,1109,1725,486,1019
991,1748,8106,1454,9841,1252,5408,1201,6977,1290,3509,1329,858,2109,10601,1067,1105,1990,1767,1613,1523,1225,3186,1727,232,1568,1114,2105,748,1685,374,1236
668,1819,8815,2009,10070,1626,5417,2018,7770,1676,3660,1225,462,1584,10990,1671,1045,1604,1920,1761,1613,1873,3421,1707,240,1227,480,1371,1373,1201,361,1152
