80,54,102,117,60,86,116,64,101,71,69,74,127,64,63,61,56,66,63,65,78,45,108,59,90,55,166,77,104,50,42,1435
91,93,72,152,81,92,82,107,104,78,88,68,201,61,120,65,79,96,86,59,75,85,83,95,91,104,83,71,79,77,90,1920
81,103,139,99,81,85,55,64,139,87,76,86,124,82,71,89,127,60,69,94,59,79,131,97,82,72,49,64,76,85,75,1821
80,75,134,98,105,105,149,81,88,74,96,65,72,56,68,69,74,101,76,115,58,44,49,113,50,81,95,55,117,88,89,1600
95,54,156,85,102,87,71,56,58,103,61,110,93,69,70,82,49,156,46,67,87,74,30,80,65,77,55,56,71,98,114,1833
50,45,144,69,146,119,109,99,108,59,82,121,92,63,94,61,66,62,56,107,38,47,77,74,51,87,83,45,80,54,88,1268
74,83,76,91,126,69,93,91,64,50,83,74,58,81,103,90,55,70,97,58,50,72,155,84,74,77,109,64,100,80,117,1244
113,91,79,117,93,89,84,104,67,83,74,64,45,58,110,77,122,86,110,99,114,113,108,68,97,79,168,92,107,78,91,1279
83,105,130,95,82,61,55,114,51,76,59,102,189,82,82,72,47,85,40,104,50,91,128,98,69,58,73,48,101,71,67,1462
58,80,108,76,127,73,161,55,59,112,56,81,94,80,156,63,134,57,74,120,48,95,76,83,116,105,103,94,81,68,68,1379
54,49,110,63,74,73,85,76,86,156,116,67,121,56,111,62,126,45,119,96,44,76,75,70,63,61,77,60,62,63,61,1306
50,57,87,79,66,86,61,63,47,73,77,86,89,73,197,60,62,78,64,81,23,64,67,77,153,48,76,56,57,68,93,1506
116,70,115,99,79,75,154,53,55,80,128,57,64,65,74,75,64,71,79,83,51,53,25,84,39,118,65,29,75,75,132,1249
64,88,81,67,127,121,126,69,94,61,108,83,138,66,76,86,52,64,78,80,106,121,62,63,76,76,60,68,31,69,66,1640
119,115,75,82,73,85,124,79,82,90,68,49,59,87,38,74,88,60,68,116,80,82,52,77,116,117,152,92,44,34,95,1451
96,62,96,83,79,83,72,77,58,48,84,73,93,63,93,34,36,40,47,82,78,59,61,66,77,62,97,96,52,61,162,1376
112,60,56,78,127,64,66,80,19,68,95,43,76,52,47,70,71,60,87,65,64,74,64,64,96,93,141,49,37,72,159,1581
88,92,84,87,125,98,93,71,32,134,99,66,170,71,50,80,125,96,70,96,45,97,61,134,47,96,69,77,64,108,77,1557
112,128,64,170,49,119,89,110,75,75,101,127,158,79,124,92,33,98,74,58,73,88,53,86,60,89,95,93,66,79,64,1885
140,72,84,90,64,80,70,77,162,97,110,67,49,75,70,74,64,53,94,83,121,87,42,70,123,92,87,65,58,64,85,1282
95,68,142,89,171,109,35,99,104,80,64,86,65,71,120,61,54,47,93,56,49,75,75,91,123,62,59,53,77,41,108,1245
68,79,77,81,102,82,164,82,70,96,78,95,88,61,55,84,68,68,75,74,52,110,101,102,116,68,69,81,72,78,57,1886
77,42,137,91,82,51,191,88,90,105,164,90,73,69,59,84,40,105,66,93,93,71,46,73,55,91,60,57,130,68,98,1769
70,66,126,98,64,110,147,120,74,90,106,74,130,84,45,62,95,72,37,91,60,69,69,81,107,66,66,47,39,66,94,1444
35,93,77,128,52,133,108,99,77,100,71,88,86,72,73,65,67,94,49,94,127,58,137,77,132,90,89,77,87,75,112,1392
56,72,72,101,63,76,155,112,38,106,146,74,137,78,46,102,37,70,97,97,78,106,108,77,70,67,74,96,76,58,71,1669
86,82,50,126,99,108,132,122,63,98,121,107,112,77,108,81,79,98,57,99,95,108,84,99,108,79,19,81,64,90,126,1461
171,54,60,85,75,76,81,112,69,110,115,80,206,66,38,79,52,57,53,73,88,124,76,84,48,71,46,49,110,139,67,1258
91,58,152,98,93,89,136,119,37,104,87,110,190,60,29,89,66,109,44,99,23,76,46,139,56,61,86,44,62,80,88,1531
69,84,112,86,31,96,86,98,71,81,71,87,182,54,71,98,43,80,87,97,44,61,128,82,92,74,61,107,67,88,77,1524
76,85,66,115,70,78,67,96,97,96,50,93,41,65,95,113,59,60,80,102,51,89,79,108,71,114,160,56,63,76,94,1451
133,117,89,135,70,124,90,123,122,74,107,93,172,89,65,107,80,78,80,79,54,56,54,99,68,77,124,78,79,90,85,1633
76,97,101,103,79,70,107,62,51,91,137,121,130,89,74,86,97,92,91,129,110,76,94,78,88,75,38,96,76,74,42,1508
61,60,96,90,96,98,122,70,52,87,119,78,101,74,146,71,63,107,40,83,60,83,32,126,112,69,47,74,44,72,68,1577
49,89,62,116,51,100,143,61,83,97,59,67,53,89,195,65,58,55,45,108,77,65,58,105,62,71,49,101,136,76,98,1426
80,53,102,85,110,135,84,104,103,120,91,94,42,49,189,40,50,62,74,77,47,91,78,45,133,94,64,63,74,91,99,1602
59,77,124,84,113,93,116,61,134,90,58,87,88,101,81,105,127,90,77,148,32,94,175,92,114,71,54,95,85,94,86,1510
78,53,64,99,71,108,97,60,84,114,110,135,212,90,74,64,39,113,91,92,79,140,94,87,78,121,61,80,112,80,56,1549
78,81,82,101,233,71,40,69,61,104,59,89,121,70,69,88,29,93,47,74,52,55,63,102,73,135,77,109,117,40,66,1228
88,87,88,94,85,89,88,103,147,93,69,96,114,53,60,59,132,43,80,71,70,65,62,93,50,79,71,81,48,131,76,1501
65,89,61,97,66,117,97,103,114,120,67,121,61,86,136,89,70,88,81,108,83,118,107,144,40,66,147,77,60,84,61,1620
117,85,78,132,31,97,88,98,101,60,179,113,53,59,84,87,77,62,84,95,65,91,90,93,88,81,98,80,53,50,136,1301
57,107,110,116,93,76,105,121,81,92,218,72,61,59,59,96,64,60,79,89,137,100,48,52,96,46,34,62,64,74,106,1091
55,112,81,100,60,61,48,77,54,133,200,105,73,110,51,74,52,65,59,60,46,98,82,72,87,78,167,66,49,77,70,1433
118,52,70,100,62,81,89,62,95,74,164,165,54,112,85,94,48,110,72,99,49,82,58,98,71,76,101,82,56,75,61,1583
63,83,49,108,71,91,68,74,79,104,124,112,193,106,127,129,116,79,120,100,95,79,116,92,76,76,38,74,76,108,89,1544
71,73,137,121,63,130,107,115,57,88,78,106,131,63,79,60,56,59,70,95,63,62,88,90,84,107,95,87,56,103,59,1587
98,105,87,119,157,129,177,52,62,113,87,53,58,68,65,69,75,87,55,109,64,103,74,115,67,83,73,75,81,73,126,1420
62,110,86,125,73,105,154,103,125,118,95,79,97,73,61,45,104,98,98,82,74,82,81,115,88,79,109,74,109,63,80,1562
47,73,69,89,86,63,174,137,56,83,97,63,71,42,70,51,117,37,49,62,53,112,152,65,96,78,65,39,78,68,86,1244
118,68,122,83,49,90,49,101,62,82,88,113,61,97,74,75,67,73,98,94,122,70,113,102,93,88,102,55,133,70,80,1283
57,71,76,153,78,92,79,113,43,81,152,89,57,125,60,111,60,70,60,76,99,106,65,102,88,73,209,95,63,66,100,1154
92,81,132,136,64,71,72,114,22,106,69,114,77,60,69,136,77,76,57,61,109,128,87,83,125,71,100,67,92,82,99,1475
64,95,198,90,60,82,71,100,45,87,132,91,56,77,77,99,64,95,56,78,64,77,91,93,54,75,63,90,62,77,63,1492
85,81,118,98,151,71,104,101,120,115,119,84,56,137,19,76,53,111,89,113,37,102,95,97,56,61,62,51,105,72,113,1456
79,93,72,92,74,104,152,79,73,113,112,100,149,82,86,88,54,112,94,141,67,92,69,99,119,81,81,91,93,87,85,1434
110,110,107,90,144,124,57,111,69,94,62,73,55,72,49,57,64,70,36,91,58,81,47,95,88,99,80,86,103,68,56,1452
73,84,88,84,87,115,52,90,69,72,191,109,32,119,70,98,41,103,60,87,88,63,94,83,95,74,103,93,96,109,73,1499
26,77,133,135,81,101,63,90,79,89,167,84,126,78,66,82,75,86,81,117,50,84,93,66,88,54,59,58,76,95,82,1108
