831587981992,1009816919892,1728464650048,991205085181,1787542216150,962247902172,1419804212810,991130874833,1619115704086,1018707985201,1273322460316,937307772300,833495499429,946842216263,1835564980051,935229287245,951344117001,927414586731,1356979965513,959007618504,1267105299534,972364642846,1708404269000,966971114405,808118177862,895363033996,798064932376,922808008247,813859729302,883305346240,863928954209,760729009894
832187710074,1010321937412,1729006389952,991836181858,1788119934038,962657671981,1420405746838,991713410884,1619623323294,1019215798303,1273892546208,937824560354,834228319112,947431334840,1836085334285,935687465775,951864576291,927883927073,1357542875833,959461265310,1267655537792,972810833479,1709025649949,967390032956,808689242440,895843223226,798784470702,923328378239,814556079481,883726637196,864605339994,761733231135
832680107576,1010824823075,1729644474985,992528732810,1788768782390,963149500176,1421063925521,992168835813,1620157610440,1019736154528,1274388884912,938381765172,835098860096,948006552779,1836669709973,936104274372,952407047940,928430860910,1358080905637,959886188690,1268293604077,973349582168,1709577179678,967911642766,809265263050,896497508788,799408354798,923873302374,815151314801,884274454330,865137735593,762430041409
833227986919,1011406829541,1730275883779,993135195455,1789222499937,963713105629,1421481237278,992702019858,1620847181008,1020230580291,1274901099321,938935638626,835877760500,948577019261,1837228384932,936746884592,953040109962,929013981717,1358557489892,960529149507,1268852267728,973937919937,1710388845149,968450083370,809915097287,896990966114,799899042680,924447978462,815625820990,884853012590,865748721101,763186992433
833834588658,1011947580184,1730923584277,993660336809,1789841316897,964256277795,1422464238344,993319352516,1621460696108,1020760793316,1275495537376,939475444677,836308154877,949115539280,1837781713836,937251228597,953552610402,929575354996,1358996916194,961131341069,1269292250900,974495610981,1710807484521,969130166976,810420574945,897548885860,800506497587,924958431141,816228454683,885496535170,866298740070,763792784767
834356359658,1012519590086,1731713919576,994270729544,1790430518500,964758985812,1423073003655,993789613864,1621938409105,1021330257967,1275894235912,940100089068,836818183926,949671149918,1838264276105,937892592684,954158170130,930262191076,1359492386056,961763026968,1269755155314,975052613067,1711431917075,969659326057,810908810686,898117044097,801004477169,925584601778,816692223857,886152502328,866871098051,764283597818
834820606939,1013067860642,1732368256975,994878097262,1791314360408,965357502287,1423691952713,994421075991,1622495898215,1021799375534,1276455517252,940570679952,837556814175,950251940728,1838811828793,938478553854,954645861590,930817948631,1359924481491,962363004175,1270414765371,975581042936,1711898393416,970310623972,811354432920,898707061114,801473007170,926137783405,817166701690,886657759459,867365316903,764657992321
835256271043,1013658990791,1732838951551,995380038051,1791927178658,965844155748,1424279575191,994926420633,1622971656477,1022336363780,1276938538205,941138839535,838226051502,950806208017,1839463307089,939135584540,955254086537,931447898918,1360472335044,962870777097,1270906764134,976166611962,1712553684441,970847857727,811892670095,899253898100,802127363927,926691109983,817819535021,887219730360,867970674218,765036976353
835693328717,1014197260108,1733564389097,995859324137,1792402125277,966472719053,1424752745422,995408324034,1623392506322,1022915948894,1277514199948,941722018039,838823845303,951284181420,1840167139398,939609238914,955834360953,932021080886,1361097043868,963508969745,1271521991721,976702342165,1713157506018,971396480877,812397938132,899786072253,802961126926,927380202796,818442650531,887669351212,868529592003,765412074118
836229720633,1014799259652,1734503132540,996490598050,1792972255874,967015267049,1425387160957,995999274994,1623806278842,1023504800656,1277939764340,942307398342,839563373933,951860105734,1840601412890,940269753325,956468430382,932548249905,1361502685508,964128197942,1272004014521,977268603377,1713709441335,972025356479,812883864211,900306638169,803437861689,927909158218,818961993358,888199008687,868998932638,765751779897
836690633624,1015432387394,1734930514972,997041822206,1793532629267,967605199326,1426159490810,996508940781,1624384062681,1024099768627,1278711338552,942881811616,840126601566,952481408543,1841296394503,940792108854,957095736009,933013447081,1361943746213,964776198739,1272585450155,977926407079,1714270754886,972513628599,813410496328,900887139130,803980729506,928434123663,819531563271,888723172200,869552219249,766105392966
837141189664,1015986086228,1735413709362,997566325922,1794109849944,968192663012,1426703412778,997103311559,1624968927208,1024823984212,1279317762907,943434652333,840736188218,952958497097,1842013740036,941318227010,957745340337,933562836988,1362576779228,965309817607,1273069828656,978487129976,1714803137608,973040241030,814103148307,901392897317,804454168592,929024389630,819953153047,889231636375,870132141969,766446753727
837563210049,1016579702691,1735771225445,998237695311,1794738987203,968823700991,1427159304955,997608028961,1625536069085,1025599036299,1279959872510,943981948221,841472024435,953566644227,1842903159953,941833960029,958431987430,934146500685,1363139799596,965807927928,1273617122181,979060480598,1715204173681,973649715596,814922839246,901931401306,804936670416,929584632946,820345008996,889812914007,870715276205,766851447784
838138914867,1017301833335,1736212935215,998901706277,1795529211108,969380904909,1428037056318,998141186465,1626026849436,1026067215125,1280449258563,944562964312,841944073938,954057416358,1843380947813,942362779805,958927609265,934643242335,1363681342482,966345175211,1274102318136,979541531595,1715842818368,974237107660,815382157521,902600080899,805320110609,930148112467,820864780942,890424069407,871440793526,767172197089
838594392327,1017918922755,1736726371153,999463003752,1796042021294,970099205832,1428582908666,998686489765,1626501699288,1026645382694,1281287084982,945253476615,842762057299,954672277358,1843774520773,942969352784,959341706798,935146467803,1364125722326,966924584103,1274646143103,980204705411,1716623798808,974759327748,815929085861,903153909088,805826837139,930733119835,821533266250,890959033043,871842954288,767554260006
839032039036,1018598247982,1737463115628,999998573113,1796493558746,970755859705,1429149969801,999259663743,1627058254832,1027240071202,1281726506210,945736155293,843237463223,955283750022,1844351758942,943580928518,959875645132,935762401711,1364496388700,967565908543,1275250905539,980733249135,1717165994020,975455695973,816522536285,903780747311,806653786658,931251636068,821980836217,891473110039,872353484516,767914349586
839567493993,1019227216354,1737977473834,1000498680881,1797006918004,971445619935,1429802608292,999895658970,1627539017541,1027956667092,1282174595368,946239243207,843846224165,955784835051,1844943675367,944140235425,960786292949,936275732664,1364942438395,968166771338,1275803564816,981281470100,1717621683781,976005662909,816940016104,904332047416,807220249362,931920222101,822435127935,891957217328,873225072459,768269184487
840196473404,1019794865609,1738489502399,1001169707607,1797476551391,971959147164,1430355874561,1000535097537,1628303069870,1028497717368,1282684859826,946756383098,844406861876,956317732663,1845503189626,944738884371,961325133314,936840113708,1365438693534,968751593714,1276186430137,981867886409,1718068170094,976640580351,817491966073,905026686407,807849663305,932449676027,823034067600,892528430450,874009724820,768625432786
840630935275,1020489213724,1738937183936,1001750197074,1797993432395,972482564250,1430861582664,1001046451354,1628992538079,1029216341019,1283330053342,947285672870,845185643194,956850969528,1846006396536,945363141880,962022813801,937427345465,1365942344682,969419776161,1276709765772,982419499786,1718540549493,977233985186,817985958625,905653419954,808309437086,933049269246,823440966678,893156953279,874738202090,769007146027
841142552545,1021116665885,1739565853438,1002471151034,1798376300110,973115446935,1431401203596,1001700048321,1629357380429,1029859576578,1283823884393,947826636549,846218237980,957552624363,1846537582370,945859500863,962540108025,937947439435,1366522797933,970007769091,1277106830349,982983660456,1718933856926,977883089274,818598825859,906208658438,808955252197,933644628276,823911745789,893725008301,875182042212,769422815305
841832325407,1021715522112,1740087836580,1003158504274,1798819194568,973757484498,1431824358148,1002258195190,1630188658326,1030511108150,1284226304474,948392195659,846845825647,958136847908,1847210151195,946348608371,963072368166,938505808281,1367167661922,970540378363,1277757624640,983526269162,1719388419470,978459279742,819254281656,906769354062,809518144018,934179982767,824563744225,894274391873,875719872862,769783332271
842501870516,1022219490790,1740827644777,1003764696082,1799432873069,974443742268,1432501177940,1002801834701,1630718343415,1031082137947,1284747897128,948957890490,847312823401,958693805895,1847828400855,946883875364,963571256805,939101440526,1367830888461,971060541626,1278216489500,984160146276,1719906008427,979022257015,819830027116,907262523836,809981092103,934724687857,825065029174,894880177518,876332709050,770136122984
842924672211,1022846995588,1741393538523,1004326374043,1800073680049,975012735857,1433270914732,1003262972476,1631373262403,1031725433767,1285271193657,949620351058,847968318109,959278546585,1848219061371,947429914277,964029478531,939667306457,1368454171420,971601015416,1278676406130,984759819265,1720397617206,979709376501,820463194315,907863704579,810403649055,935359709920,825526931270,895493200414,876712993261,770535592027
843438134992,1023464931486,1742105182935,1004963667146,1800518912375,975602644988,1434411358902,1003833305853,1631860007778,1032353303521,1286015487487,950119611198,848551863810,959782146289,1848749899792,948074655508,964553207347,940401768556,1368943509853,972183268194,1279180637584,985204159048,1721107334269,980298959577,821046512643,908397435418,811010727936,935897464833,826018421099,896203479190,877261042704,770943322996
843873716704,1024036532840,1742779073151,1005497095694,1801073211097,976217748928,1435117039418,1004461682562,1632323049199,1032895484293,1286569654775,950729239890,849294185154,960362060130,1849239422347,948648780529,965137400450,940976079469,1369607521135,972759649750,1279621429523,985722782578,1721531061109,980922169125,821606422073,908962333670,811505183541,936435326191,826548754222,896791445577,877777549430,771308868194
844589170289,1024618531419,1743233939446,1006200384658,1801534512574,977021375367,1435597776859,1005028520070,1632726655096,1033456651827,1287026561984,951249820304,849864854685,960934248896,1849783617821,949294861980,965670561587,941511218409,1370079709987,973354473909,1280196713701,986253940687,1722103142569,981571201206,822417016408,909567932897,812063958991,936881268037,826970207832,897416520408,878294080433,771662399692
844963447741,1025195322346,1743864528122,1006876625552,1801975624513,977738987703,1436206381553,1005636398563,1633580376273,1034102098019,1287778197919,951870130433,850471802556,961519904036,1850258809933,949838389646,966071864503,942037941585,1370628691867,973919356839,1280564336107,986827034095,1722609570407,982083971977,822896202650,910162324911,812506707192,937428284804,827408608190,898047350019,878890217221,772049404646
845393636279,1025853077984,1744550269090,1007546459309,1802409547316,978405346131,1436733804520,1006310281547,1634156347615,1034696395116,1288369495116,952521559795,850940515747,962074307857,1850940553949,950474812714,966688352128,942695905000,1371175203366,974494305051,1281098069842,987416333680,1723201462567,982747386941,823332820055,910674440602,813252294543,937984727625,827934426054,898612559341,879571709407,772420734014
846025921186,1026395801630,1745110828209,1008134558024,1802799214079,978943220781,1437173716482,1007056865806,1634566046863,1035381061649,1288779042738,953019193400,851792653168,962643282679,1851525439379,951170442464,967139826988,943235951410,1371687091023,975058710972,1281687216668,987979075023,1723599244783,983345138027,823816536936,911290253178,813929930551,938471455590,828472396957,899350414687,880075508243,772744733685
846502376390,1026965397936,1745696460123,1008689003769,1803206687790,979492068381,1437848316221,1007622522041,1635122748776,1035985580892,1289221396795,953703356820,852856684840,963162885623,1852205337851,951770698881,967585790276,943903580826,1372249063343,975700225090,1282289860020,988504791640,1724059196331,984033607551,824238922406,911954698911,814355214226,939050223761,828825393712,900021770368,880546557240,773093345011
846918797025,1027660249998,1746061350571,1009307330998,1804039256185,980178241763,1438375324227,1008147521652,1635540329392,1036520144513,1289779908163,954320139019,853941477335,963698016897,1852602654087,952368224062,968079146896,944638089988,1372617917464,976466463360,1282933147268,989038050711,1724695439654,984646871371,824706028259,912527727523,814847789134,939676995018,829272888390,900553464021,881058878798,773443202668
847382856170,1028298817488,1746510618733,1009861056927,1804561060239,980808479929,1438892931199,1008750865920,1636081207327,1037063581411,1290309290249,954834281679,854723597870,964211440272,1853130178779,953094534745,968471517071,945202801936,1373108062650,977096153781,1283319885212,989550321206,1725197314324,985341171742,825153612708,913200239815,815632734659,940223952706,829783648059,901089720517,881660509016,773791731783
847963476599,1028905051900,1747022172880,1010534711015,1805108108508,981446891548,1439316265034,1009364691409,1636549375164,1037748692945,1291044760655,955505945564,855469174131,964819816804,1853573509740,953696451723,968938615665,945736864357,1373527795117,977688696622,1283882950554,990124762474,1725726385543,985885918183,825715673171,913807787410,816247197451,940777049142,830467980021,901652861068,882367152317,774186838098
848504989758,1029595906769,1747389854050,1011180736012,1805692919307,982030052733,1439825651859,1009986010878,1637068206507,1038311745594,1291748988231,956108583226,856228790927,965419595308,1854040552429,954288826714,969354644639,946324113182,1374138679801,978269976323,1284503121970,990704400977,1726262700279,986458521998,826189362637,914407986785,816850477096,941355252860,830876068547,902254066991,882905781028,774554877049
848906782143,1030204497503,1747736209080,1011731277353,1806153982238,982679521971,1440477295234,1010507159821,1637516125681,1038869709371,1292220833585,956794687037,856890051129,966004368355,1854882900528,954806074759,969757011850,946971557563,1374683986192,978896754005,1284891384723,991291611777,1726856651674,986982291072,826996390240,915045822246,817281185918,942007430496,831343808036,902900383693,883330864625,774892049870
849404913317,1030744414333,1748250764640,1012346270326,1806595184544,983249919799,1441100409081,1011104694131,1637938276493,1039530775365,1292675373981,957364539946,857382814389,966740858599,1855881898230,955353766218,970193293196,947526045942,1375092008866,979464938246,1285263130141,991765890577,1727412562476,987648356914,827460754764,915664293282,817827942289,942635429196,832220561439,903441824120,883852045847,775259926724
849810334434,1031213107433,1748772598209,1013018698444,1807285746320,983873093276,1441681050730,1011757380989,1638425632228,1040332444440,1293202203160,957966065428,858046823857,967370086608,1856888740286,955851134446,970643757462,948089850457,1375578435606,980020660837,1285698168772,992342494946,1727824419019,988244071611,828086632620,916195983396,818308014235,943070423589,832685335123,904056401558,884430996693,775642194013
850494428323,1031771406004,1749309550332,1013692051048,1807714948364,984436996140,1442122576119,1012294038467,1639106693350,1040939361459,1293844649150,958595528676,858454351736,967948828719,1857381323087,956481790752,971253815345,948677160663,1376053621033,980795334684,1286501370290,992948097904,1728498207016,988886932910,828555396868,916736224939,818782702460,943698587023,833174783451,904616197664,884994957544,776039475825
851079363945,1032372257616,1749923837484,1014311206918,1808339617755,985001910886,1442595976804,1013113529634,1639590494636,1041516961003,1294302179576,959300098562,859454587556,968541709531,1857917266768,957047093968,971863566703,949199083065,1376691358659,981396616663,1287072812194,993530012786,1728925511790,989464264115,829059607492,917332356887,819381888078,944338729375,833791890674,905142159262,885471938796,776406657963
851572556930,1032989113254,1750679999160,1014981216187,1809183810454,985480068467,1443297276201,1013659263235,1640018376801,1042089814575,1294716850182,959897539084,859995782183,969127738823,1858360364826,957649676167,972340075047,949848110728,1377115538934,981923750425,1287520725673,994210907456,1729346017364,990050638447,829466708856,917991771295,819844783102,945043254157,834433141586,905744012250,885961397125,776753492864
852019815731,1033564296814,1751087440798,1015646675540,1809834886771,985987923917,1443794160327,1014283392994,1640822633269,1042612378587,1295223204563,960560165073,860593566958,969697886740,1858863911627,958249139583,972995594334,950351667625,1377547947861,982490865230,1287939681347,994750835194,1729891126334,990631159759,830107817153,918648878211,820345217564,945497929451,834917849173,906431948635,886466212843,777121475261
852568227779,1034182984581,1751731316237,1016350706971,1810436140537,986726044549,1444266113524,1014804877746,1641331205139,1043174356795,1295613220203,961030486636,861038548352,970291213829,1859578170221,958904745467,973498786420,950919638709,1378040391577,983145309421,1288401526209,995374714553,1730313911006,991217224116,830729465274,919239737696,821183922479,946102803569,835358455780,907058253645,886927815859,777492795886
852974567759,1034764378406,1752171738292,1017094849504,1811255699618,987282414581,1444742047607,1015371225105,1641920784515,1043745370807,1296448028556,961626299961,861623288759,970799715815,1860172716336,959491134683,973980383697,951497001619,1378531041989,983813328957,1288774431704,995927418515,1730763395118,991822020692,831261514291,919814888406,821791734933,946634714900,835798382611,907646343106,887449134143,777831468806
853435537615,1035304754259,1752731774872,1017718135840,1811743866518,987772077550,1445150999352,1015944195661,1642470861597,1044390795712,1297465908640,962117413435,862178490492,971273443658,1860630253450,960107750667,974570198358,952021094140,1379005447935,984471377252,1289323240489,996536453011,1731378545069,992333895155,831723550125,920435706947,822484963628,947153844416,836447155573,908182306153,888083840551,778180049955
853928138471,1035952742957,1753194254283,1018264835261,1812252817432,988243983970,1445777101955,1016545811624,1643091136825,1045110303490,1298351555067,962748901917,862653508020,971922011395,1861071712179,960775526889,975048537365,952646445895,1379481859110,985023905066,1289745296077,997134489335,1731766487818,992970702142,832175993447,921047043985,823245630697,947653475385,836904542265,908732924752,888551468121,778542289499
854458367924,1036483720156,1753677771067,1018797768863,1812823584772,988832761100,1446287751201,1017082388724,1643619631906,1045687248706,1299495812108,963452938587,863118215974,972623445406,1861556773901,961414088141,975479352011,953276728004,1379943537768,985575349962,1290162300432,997797926383,1732199969201,993639889885,832768573166,921595592521,823767560538,948183442489,837317956357,909321412153,889017022763,778938894798
855022455067,1037062860447,1754285752767,1019453597650,1813305253216,989430496409,1446810922234,1017680235868,1644061029195,1046338082032,1300073480852,964074109084,863957305110,973249721377,1862277067248,961977894206,975986629937,953862414121,1380479724446,986185508274,1290916949752,998417252364,1732802684311,994202885291,833346338405,922235037271,824360787263,948804946822,837766779938,909937620673,889534760150,779316263746
855414172705,1037601679182,1754952783663,1020063098700,1813842417909,990144481919,1447254686228,1018293886499,1644506554716,1047014132871,1300468184996,964767654749,864891477854,973770036664,1863045540938,962591436761,976410416847,954348716095,1381032927379,986757488736,1291330625274,998940495309,1733298784806,994740296291,833845721013,922955188060,824919481295,949385817550,838362273613,910561368751,890061335350,779703175609
855844734566,1038237429002,1755476602379,1020709199876,1814481897389,990743514841,1448251575935,1018774619386,1645156452274,1047544705026,1300879512527,965318157321,865498436511,974227530139,1863505670497,963175835346,977072098534,954962601297,1381457554706,987370417466,1291669913158,999529404942,1733741591128,995414984055,834272447995,923489252410,825328101656,950068991685,838812771759,911261957986,890714092218,780042499499
856272369779,1038882299448,1755966726900,1021396414844,1815099814288,991360347669,1449115078381,1019424596387,1645653782571,1048175896217,1301498420511,965874254632,866166408067,974789051454,1864028384916,963789170135,977578291551,955575825638,1381915467881,987928341051,1292127993126,1000115713934,1734198466655,996017157231,834692285336,924249963888,825912783905,950617266791,839333367529,911804429096,891282724322,780405942440
856696754069,1039566426341,1756432157075,1021948510730,1815528216683,991866979435,1449843058838,1020133857856,1646186429180,1048819152509,1302118675816,966396891261,866735646585,975206493012,1864584651688,964313907623,978226999284,956034190622,1382593422764,988515453677,1292874845193,1000828421646,1735015637838,996496588330,835168635151,924795308380,826329542017,951139736661,839916988503,912363814058,891723884598,780748343609
857285892357,1040055148018,1756884055548,1022538036234,1816223157821,992354976980,1450397334119,1020673457437,1646672037352,1049381246997,1302697832180,967060581052,867372576707,975741010970,1865120967198,964923534974,978617505047,956514962096,1383183622247,989090708971,1293436256077,1001344625848,1735664657676,997136720044,835808868778,925430993626,826721183539,951710186688,840548115818,912947363362,892262146147,781112093349
857711031225,1040591515270,1757462901264,1023206411581,1816690160757,992854562643,1450830723080,1021253923588,1647402442068,1049897342087,1303357085211,967574322874,867956417225,976358304405,1865509238747,965467730161,979111798497,957114854958,1383686285822,989638097236,1293936671659,1001826061026,1736081772306,997742564312,836253462950,926049947879,827677152400,952398585085,841067817815,913511496106,892831592730,781472338854
858124868425,1041134654841,1758212877450,1023799834706,1817348096785,993439838066,1451333920435,1021905540493,1648049187032,1050475369926,1303815617097,968187344048,868563040497,976966277594,1865881284050,966174691734,979715367837,957737862347,1384168568561,990281338817,1294505768281,1002449331894,1736615819407,998267702919,836897426261,926554777037,828189461142,952932968858,841578580931,914099569886,893267708850,781815602818
858625897873,1041680185661,1759187416438,1024461527011,1818022219880,994020087406,1451869643294,1022611514904,1648618821196,1051013836418,1304407469762,968780385976,869093239557,977534968449,1866487203805,966782233613,980123980139,958453788265,1384687623095,990858653394,1294907062862,1003117555903,1737158821809,998857436117,837306061860,927191083120,828713633864,953455736154,841979007952,914699250653,893646475996,782181643822
859091060795,1042414353462,1759887049096,1025106720625,1818877573128,994568746844,1452509094124,1023228213999,1649122428864,1051663306153,1304924495614,969301293857,869554847327,978162109212,1867217481754,967363471600,980513247700,959063901591,1385050456794,991407085536,1295508250013,1003722110705,1737595487374,999506055331,837817510587,927780273283,829120561063,954020829799,842450656166,915282255413,894198566122,782566109398
859553355222,1043047518554,1760684752070,1025754983120,1819534154694,995125645179,1453179401923,1023808910700,1649773368255,1052285727806,1305547285966,969902045859,870141106876,978661607762,1867646614689,967890370047,981043998550,959724914786,1385471415506,992074918643,1296107617973,1004311178715,1738236136628,1000111526232,838422336516,928372333592,829753595958,954587153180,842947021390,915872883828,894817712071,782947202452
860055154649,1043809588785,1761210737072,1026389991520,1820276075946,995642048861,1453652961319,1024451017948,1650533260577,1052946361004,1306008268018,970470922100,870640186035,979174727479,1868089542679,968482473893,981414890635,960327082597,1386002266688,992594104309,1296610350739,1004905997580,1738761614313,1000648357857,839113841745,929041183851,830572928880,955187769490,843499153229,916481342974,895185550250,783308757433
860536108065,1044358169295,1761704790089,1026980978290,1820792304050,996220062432,1454154921425,1025043788245,1651018399567,1053570224346,1306807592658,971091478321,871297896605,979681384493,1868644063996,968969177118,981826654482,961002448288,1386410654988,993252111814,1297077702408,1005488800952,1739259481968,1001187069484,839617580922,929654476038,831192497883,955931798255,844114569318,917005958519,895670370325,783670738872
861281724727,1044938513039,1762273457297,1027626581480,1821223447636,996970739169,1454803287137,1025653797419,1651469292616,1054117173772,1307875576370,971735514853,871946879714,980268486082,1869181296186,969476962265,982327310731,961630573993,1386834700645,993861846233,1297515085841,1005997269311,1739777737680,1001763767329,839999275432,930183737482,831646709034,956510963651,844550186092,917618419376,896099495847,784010837905