16100187,15904403,44385419,16105292,48623025,16782797,26229747,15916211,39125247,14782546,22693595,15874399,16894808,15586219,58955049,15327561,17455426,15659254,30994408,16368945,27521985,15782517,49441606,16974287,16313540,17398891,16920970,16375442,16403641,14572218,17399945,9436548
16100814,15904409,44440162,16105363,48682025,16838250,26251287,15916293,39180081,14782622,22708136,15874458,16895835,15586226,59055826,15327570,17455858,15659328,31028094,16369014,27551969,15782523,49529823,16974352,16313874,17398916,16922278,16375545,16406885,14574033,17407044,9437002
16101095,15906611,44499897,16105522,48752039,16839107,26275956,15916385,39238331,14782745,22725150,15874474,16896461,15586765,59171463,15327632,17456247,15659420,31063444,16369098,27581124,15782562,49636310,17025716,16314002,17398980,16922405,16383868,16407045,14574992,17408218,9438261
16101374,15906621,44565348,16105594,48824365,16839203,26301858,15916451,39299239,14782819,22744157,15874496,16897120,15587269,59286902,15327645,17456678,15659508,31101962,16369173,27616113,15782579,49741570,17090776,16314120,17399055,16922455,16384497,16407179,14576094,17409459,9439612
16101652,15906627,44628540,16105660,48894759,16839299,26326690,15916517,39358297,14782886,22761766,15874502,16898124,15587775,59400846,15327649,17457107,15659573,31138446,16369241,27648985,15782584,49845366,17154435,16314249,17399111,16922530,16384615,16407316,14577208,17411013,9440783
16101960,15906631,44688697,16105730,48963221,16839387,26351367,15916589,39417342,14782955,22778366,15874527,16898971,15588364,59515945,15327658,17457521,15659719,31176080,16369354,27680671,15782603,49950414,17204546,16314378,17404872,16922604,16390370,16407474,14578469,17412002,9441700
16102233,15906638,44756556,16105800,49036498,16839475,26377803,15916653,39480153,14783026,22797356,15874530,16899630,15588763,59630731,15327735,17457952,15659789,31215674,16369417,27718767,15782608,50054680,17271218,16314516,17404878,16922679,16390769,16407620,14579748,17413022,9442909
16102502,15906639,44818738,16105867,49106754,16839573,26402588,15916719,39538646,14783089,22815034,15874545,16900777,15589428,59746360,15327799,17458370,15659863,31252149,16369483,27750559,15782616,50160710,17334278,16314648,17404882,16922747,16390916,16407742,14581089,17414793,9443755
16102791,15906649,44887382,16105939,49182665,16839673,26430386,15916785,39602032,14783155,22834636,15874568,16901412,15589678,59860709,15328019,17458802,15659983,31291140,16369958,27788650,15782631,50264154,17394354,16314770,17404900,16922820,16399291,16407879,14582298,17415536,9445214
16103088,15906655,44949746,16106011,49254468,16839761,26456100,15916853,39663270,14783225,22852565,15874586,16902176,15590166,59975971,15328078,17459225,15660060,31330090,16370192,27820519,15782637,50369638,17459273,16314900,17404902,16922899,16399355,16408011,14583832,17416239,9445987
16103355,15906657,45013521,16106078,49325386,16839848,26481145,15916922,39722597,14783289,22870710,15874589,16902971,15590798,60092134,15328143,17459632,15660160,31366861,16370298,27853567,15782646,50476655,17523200,16315035,17404911,16922994,16399419,16408134,14584902,17417153,9447127
16103624,15906666,45080214,16106156,49399612,16839858,26507986,15917075,39787109,14783371,22889817,15874616,16903821,15591189,60207162,15328244,17460066,15660235,31408223,16370447,27888771,15782755,50581314,17590478,16315229,17404919,16923151,16399487,16408263,14586018,17418034,9448418
16103903,15906701,45142515,16106257,49472245,16891899,26534264,15917253,39847440,14783528,22906677,15874710,16905023,15591577,60320254,15328469,17460545,15664073,31445372,16371011,27921756,15787828,50684628,17593595,16315424,17404973,16923303,16399572,16408413,14586999,17418797,9449826
16104199,15906719,45204060,16106343,49545273,16953419,26561209,15920506,39909414,14783601,22924443,15874730,16906036,15591596,60435748,15328568,17460988,15664196,31484180,16371586,27953142,15788155,50789858,17593601,16315557,17404979,16923411,16399642,16408545,14588040,17419659,9451143
16104550,15906732,45267932,16106422,49617112,17011763,26586831,15926907,39970561,14783669,22942688,15874736,16906729,15591601,60551737,15328622,17461405,15664286,31523131,16371823,27986751,15788575,50896525,17593605,16315673,17404986,16923481,16399707,16408658,14589024,17420174,9452425
16104873,15906748,45334254,16106505,49690860,17059957,26613625,15942633,40033218,14785948,22961409,15874771,16907833,15591655,60665782,15328691,17461852,15664417,31562937,16371941,28022714,15788990,51000164,17593611,16315826,17404993,16923579,16399774,16408784,14590150,17421765,9453701
16105196,15906754,45400237,16106587,49764983,17059966,26640882,15976495,40096140,14817484,22979995,15874866,16908709,15591672,60779973,15328878,17462297,15664517,31602324,16372358,28058377,15789381,51104001,17593613,16315981,17404996,16923692,16399843,16409261,14591214,17423192,9455056
16105486,15906765,45464529,16106669,49837294,17059980,26666619,15991847,40157741,14867547,22998236,15874882,16909666,15591720,60894660,15329109,17462711,15664604,31641253,16372834,28092527,15789915,51208925,17593625,16316099,17405013,16923744,16399910,16409409,14592634,17424244,9455980
16105787,15906774,45529124,16106755,49911424,17059995,26693599,15991923,40220023,14893779,23015688,15889397,16910562,15591733,61009351,15353756,17463153,15664743,31680154,16373017,28127110,15790334,51313793,17593702,16316220,17405087,16923797,16399977,16409583,14593886,17425232,9457076
16106100,15906779,45591171,16106834,49982185,17060003,26718960,15991994,40277683,14893849,23033258,15889405,16911433,15591741,61124655,15411688,17463562,15664816,31715353,16378943,28158591,15790839,51419925,17593762,16316329,17405224,16923843,16400119,16409729,14594952,17426010,9458263
16106372,15906783,45653732,16106901,50059042,17060012,26746828,15992078,40340054,14893921,23050555,15889408,16912243,15591744,61239948,15472680,17463991,15669910,31753126,16379010,28190452,15791255,51525147,17593765,16316442,17405293,16923909,16400353,16409870,14595742,17426726,9459875
16106732,15906803,45718091,16106973,50130231,17060023,26772588,15992158,40400623,14893997,23069350,15889428,16913173,15591757,61354302,15478962,17464444,15701420,31791260,16406491,28224515,15791646,51629568,17593782,16316597,17405463,16923979,16400758,16410030,14596783,17428048,9461353
16107026,15906846,45783183,16107075,50203534,17060136,26799139,15992266,40462656,14894089,23088329,15889468,16914230,15593563,61469008,15533364,17464895,15709281,31829790,16407695,28258921,15791740,51734329,17593840,16316736,17407084,16924049,16401139,16410150,14599194,17429078,9461853
16107337,15906856,45849747,16107146,50278962,17060242,26826512,15992349,40527448,14894158,23107162,15925704,16915213,15593572,61583172,15564916,17465361,15709354,31870195,16407765,28295108,15791748,51837841,17593861,16316874,17407154,16924116,16401436,16410269,14601817,17429961,9462261
16107625,15906859,45915081,16107215,50350857,17060350,26852410,15992428,40588118,14894229,23125498,15982849,16916044,15601631,61699675,15564924,17465793,15709425,31907668,16407833,28329941,15791753,51944751,17593865,16317001,17407218,16924192,16401795,16410412,14604174,17430686,9462832
16107908,15906904,45976432,16107284,50423991,17060451,26879346,15992517,40651354,14894301,23142029,15982851,16916720,15621473,61814730,15609060,17466252,15709498,31947303,16407903,28363109,15791763,52049958,17593881,16317137,17407290,16924314,16402119,16410540,14606140,17431293,9463601
16108236,15907273,46038203,16107354,50495608,17060461,26905861,15992595,40712345,14894471,23158968,15982857,16917852,15643074,61929218,15649476,17466696,15709572,31985416,16407972,28397651,15791764,52154694,17593886,16317269,17407342,16924420,16402428,16410662,14607548,17432435,9464533
16108550,15907618,46099730,16107420,50568753,17060471,26933113,15992674,40775175,14894546,23175913,15982860,16918712,15643084,62043812,15708793,17467162,15713322,32024670,16408121,28430736,15791770,52259880,17593900,16317399,17407412,16924501,16403014,16410805,14608911,17433301,9465535
16108867,15908012,46160518,16107492,50639362,17060479,26958857,15992759,40835682,14894620,23192832,15982865,16919731,15643089,62158895,15759740,17467576,15716917,32062930,16416415,28462706,15791786,52365397,17593907,16317533,17407475,16924559,16403149,16410960,14610382,17434481,9466361
16109189,15908350,46222916,16107561,50711526,17060488,26985375,15992844,40895899,14894694,23209990,15982869,16920653,15643091,62273200,15759744,17467977,15716986,32099527,16421097,28495555,15850992,52470015,17593961,16317661,17407581,16924614,16403450,16411112,14612103,17435596,9467022
16109447,15908687,46283930,16107630,50782040,17060502,27011126,15992928,40955802,14894770,23226875,15982875,16921540,15643094,62388738,15759745,17468409,15717054,32136622,16421161,28527671,15913238,52576168,17593965,16317795,17407650,16924676,16403717,16411273,14613326,17436695,9468115
16109756,15909019,46345613,16107697,50855304,17060515,27037758,15993012,41019562,14894847,23243293,15982890,16922452,15643103,62503886,15759747,17468814,15717124,32176876,16421230,28560905,15976441,52681782,17593982,16317945,17407721,16924781,16403999,16411725,14614354,17437599,9469360
16110030,15909304,46407063,16111032,50929856,17060556,27065935,16001666,41081762,14895066,23258701,15982923,16923109,15643138,62618081,15759834,17469227,15717222,32214640,16421414,28595718,15986535,52785758,17594011,16318085,17408000,16924857,16404751,16411936,14654811,17438544,9471325
16110329,15909611,46469091,16111107,51003153,17060563,27092895,16001733,41144275,14895250,23276458,15982939,16923961,15643142,62732589,15759839,17469653,15717295,32253587,16421481,28629227,15986542,52890454,17594027,16318211,17408088,16924928,16405005,16412102,14719165,17439496,9473656
16110596,15909817,46532554,16111179,51076141,17060567,27120192,16001800,41210407,14895430,23293997,15982951,16924899,15643147,62846540,15759842,17470109,15717364,32296383,16421545,28664854,15986546,52993749,17594031,16318328,17408156,16924985,16405292,16412272,14758249,17440234,9501813
16110866,15910177,46591959,16115234,51147552,17060580,27145924,16001870,41269891,14895603,23309529,15982962,16925974,15643151,62962151,15759843,17470541,15717430,32332757,16421610,28695693,15986548,53099967,17594045,16318451,17408230,16925073,16405491,16412411,14760282,17441271,9560106
16111248,15910411,46654642,16124628,51220889,17060589,27172795,16001938,41331955,14895776,23326085,15982982,16926618,15643167,63077763,15759845,17470987,15717501,32370617,16421673,28730527,15986554,53206016,17594047,16318627,17408298,16925164,16405789,16412555,14762353,17441900,9614563
16111535,15910764,46715626,16126545,51293103,17060601,27199498,16002004,41393083,14895866,23343039,15983085,16927524,15643177,63193524,15759846,17471408,15717574,32408997,16421740,28762491,15986559,53312144,17594061,16318734,17408607,16925232,16406378,16412711,14764444,17442958,9675981
16111864,15911064,46777912,16127176,51365637,17060610,27226147,16002070,41454865,14895950,23360104,15983124,16928452,15643268,63308712,15759848,17471811,15717647,32447543,16421815,28796171,15986566,53417727,17594063,16318844,17408914,16925298,16406999,16412868,14766759,17443831,9739532
16112150,15911464,46839711,16128614,51437888,17060621,27252515,16002139,41516001,14896032,23376653,15983131,16929507,15643322,63424946,15759895,17472211,15717717,32484832,16421877,28829887,15986573,53524428,17594077,16318955,17408985,16925359,16407238,16412984,14768910,17444637,9800397
16112438,15911795,46900687,16128685,51508087,17060630,27278140,16002212,41576684,14896119,23393285,15983142,16930402,15643336,63540612,15759993,17472645,15717786,32522885,16421944,28862358,15986575,53630571,17594079,16319077,17409287,16925453,16407901,16413105,14770991,17445593,9862969
16112727,15912082,46963255,16128761,51581464,17060639,27305001,16002279,41639398,14896221,23410081,15983147,16931427,15643372,63654096,15760111,17473061,15717858,32562348,16422009,28896479,15986587,53734723,17594096,16319219,17409362,16925534,16408062,16413220,14773169,17446416,9926789
16113006,15912408,47024568,16161852,51654411,17071768,27332098,16002370,41703115,14896328,23427349,15983178,16932350,15643422,63769017,15760182,17473477,15717974,32603167,16425105,28929298,15986701,53840248,17594127,16319354,17409435,16925675,16408364,16413361,14775247,17447046,9942687
16113305,15912703,47086150,16196874,51728148,17100108,27359362,16002440,41765780,14896420,23444188,15983188,16933004,15643462,63884135,15760218,17473938,15718057,32641850,16425269,28962123,15986710,53946060,17594147,16319471,17409507,16925740,16408664,16413474,14776493,17447673,9943800
16113606,15912954,47148347,16211080,51803151,17150431,27387210,16002509,41827615,14896502,23461479,15983197,16933894,15643502,63999026,15760245,17474372,15718128,32678844,16425432,28996424,15986714,54050692,17594150,16319585,17409575,16925795,16408926,16413613,14777481,17448646,9945322
16113903,15913315,47209922,16211156,51874897,17213877,27413304,16002581,41888433,14896589,23478451,15983208,16934786,15643505,64114276,15760281,17474786,15718220,32716859,16425598,29029108,15986722,54156650,17594167,16319732,17409649,16925893,16409095,16413731,14778452,17449320,9946630
16114181,15913729,47270110,16211219,51947387,17276186,27439774,16002649,41949720,14896654,23494585,15983232,16935839,15643514,64229174,15760318,17475210,15718313,32754222,16425765,29061112,15986728,54262024,17594169,16319877,17409896,16926023,16409619,16414136,14779373,17450608,9947967
16114553,15914001,47334375,16211286,52020286,17341677,27466530,16002721,42011333,14896721,23513061,15983256,16936784,15643538,64344062,15760356,17475652,15718395,32792287,16425893,29096131,15986788,54367380,17594188,16319990,17409983,16926087,16409911,16414316,14781295,17451651,9948502
16114855,15914258,47396187,16211353,52093460,17406013,27493443,16002794,42074065,14896803,23530725,15983280,16937583,15643557,64458887,15760394,17476082,15718478,32831056,16425967,29130143,15986900,54472427,17594198,16320107,17410187,16926145,16410446,16414445,14782242,17452376,9949994
16115139,15914489,47459465,16211419,52167247,17470891,27520440,16002866,42137884,14896870,23548717,15983284,16938339,15643582,64573921,15760437,17476527,15718557,32871294,16426042,29164455,15986952,54577419,17594281,16320217,17410241,16926193,16410737,16414692,14783393,17453216,9951234
16115438,15914763,47521420,16211484,52239910,17534592,27547187,16002944,42199357,14896939,23565794,15983289,16939366,15643602,64688927,15760445,17476944,15718641,32909082,16426121,29198026,15986963,54683132,17594392,16320328,17410473,16926259,16411305,16414824,14784639,17453868,9952381
16115734,15915021,47581662,16211561,52312175,17594567,27573796,16006611,42261464,14897008,23582624,15983296,16940669,15643632,64803233,15760458,17477350,15718709,32948071,16426196,29229974,15986974,54787474,17594509,16320473,17410545,16926312,16411592,16414956,14785778,17454744,9953607
16116084,15915428,47640341,16211681,52382820,17612105,27599846,16006701,42321656,14900626,23598917,15983321,16941523,15643668,64917724,15760493,17477797,15718820,32985572,16426308,29261485,16026897,54892167,17594837,16320604,17410666,16926504,16412271,16415081,14787141,17455343,9954787
16116371,15915788,47703169,16211804,52455370,17612144,27626577,16006821,42384535,14900697,23616311,15983327,16942771,15643688,65033050,15760502,17478221,15718896,33025208,16426380,29295900,16052682,54997643,17626962,16320741,17410675,16926560,16412514,16415194,14793675,17456605,9956179
16116685,15916136,47767086,16212149,52527208,17612146,27653148,16006892,42446731,14900868,23633421,15983332,16943756,15643704,65148400,15760508,17478639,15718965,33064424,16426454,29332234,16052687,55103382,17626964,16320966,17410682,16926601,16412644,16415300,14857375,17457268,9958494
16116974,15916615,47827085,16212687,52597913,17612152,27678869,16006967,42505621,14901029,23649839,15983340,16944325,15643720,65263860,15760518,17479060,15719032,33100882,16426526,29364309,16052690,55209850,17626969,16321090,17410688,16926665,16412912,16415430,14919087,17458107,9960610
16117293,15917031,47889963,16212922,52671804,17612157,27706086,16007036,42568106,14901190,23666629,15983347,16945365,15643742,65379615,15760528,17479510,15719102,33139605,16426597,29397823,16052713,55315962,17626981,16321254,17410695,16926748,16413052,16415557,14982856,17459000,9962864
16117620,15917435,47952575,16213513,52745012,17612164,27733093,16007111,42628604,14901271,23682609,15983438,16946523,15643774,65495255,15760534,17479935,15719171,33175818,16426669,29432911,16052746,55422046,17627000,16321371,17410705,16926837,16413414,16415697,15045271,17460070,9965059
16117882,15917624,48016822,16213628,52819532,17612291,27761357,16007185,42694142,14901338,23700019,15983537,16947432,15643795,65610788,15760542,17480339,15719245,33217564,16426740,29469758,16052782,55527580,17627031,16321506,17410715,16926881,16413549,16415838,15109797,17460987,9967535
16118127,15917886,48078851,16221379,52892490,17612617,27787950,16007263,42756269,14901406,23717193,15983639,16948214,15643817,65726192,15760546,17480777,15719316,33255426,16426815,29503352,16052822,55633149,17627060,16321619,17410723,16926921,16413686,16415965,15142398,17461509,9993355