442939587383,557713078087,889162362186,553409159170,928112345246,528258026973,739580739978,550438919192,821481210130,620536080826,680576147640,525886825537,468102913674,474977636986,918171122825,481116332697,495413460112,503535715120,716660894703,533071464225,645432969064,508389739160,824218907508,539569906322,473681865419,482075848251,446637907583,484700529569,463974129948,467490947865,474272888023,396337466440
443296649079,557714094939,889957263855,553411300139,928953395822,528609035311,740127033711,550442938587,822206252253,620537410793,680986812970,525903072941,468156889070,474979198611,919107343222,481118450272,495570186114,503538780244,717136980666,533074397974,645888009370,508393679970,825142834776,539587673342,473720162903,482083350426,446719156634,484704581727,464116957511,467967411688,474484956833,397191843176
443336544053,557737450119,890789941506,553422632331,929841221573,528621627740,740708191572,550459506873,822989064677,620583212179,681410071929,525924884922,468196446132,475908506340,920108570495,481131262212,495742578812,503560722738,717635410687,533100062133,646325494420,508415926976,826115690638,539908992923,473736525970,482123212875,446738841809,484764796323,464139484109,468131778030,474567232107,397359482598
443357755932,557740569273,891638125519,553425139074,930731293403,528623858652,741311948775,550463272697,823781525195,620585958282,681854716227,525948808641,468227986531,476864294729,921113637710,481134544337,495932253630,503562494548,718176511406,533102871420,646834275172,508435438185,827101795520,540284785975,473748734173,482135817286,446748040096,484772239143,464150954542,468354494776,474660279961,397554668293
443379898130,557744632203,892494052582,553428037275,931629053870,528626009028,741891620759,550467579183,824546266667,620587282077,682284631744,525959204278,468276592497,477782374016,922118544105,481153314424,496133941643,503564336240,718695638253,533105618361,647319999223,508436600925,828079906365,540653282334,473761826153,482137265867,446759040501,484774025409,464169386368,468507223914,474770502303,397663916988
443409699931,557746126631,893336604977,553431624593,932506439320,528627865711,742487312281,550471924325,825310586511,620591961450,682704185432,525975134525,468315653267,478784906293,923118199162,481161009587,496306901567,503572279284,719221279324,533107674168,647792655296,508438626646,829061029956,540945650028,473779371379,482192595446,446769280500,484812147553,464181890519,468644835169,474844334671,397801480825
443432406205,557748094717,894208583769,553435256320,933429081604,528629800933,743100258905,550475819767,826127338272,620598523869,683160725850,525987952398,468347028586,479733704347,924123112185,481171880896,496506636865,503574685074,719773901657,533108804497,648346834513,508440304946,830044614177,541323740830,473792680178,482209054492,446779653614,484815869622,464194515531,468717190979,474916759048,397903569789
443453751629,557748114579,895052913053,553438795941,934332671401,528631966154,743682493637,550479681193,826887792696,620599655162,683584166924,526002426738,468401025746,480690070385,925127519708,481184074160,496668368880,503581036874,720289327587,533111728798,648817133412,508459379532,831027087807,541690963329,473805685401,482210703453,446789236162,484818296106,464206076264,468808171303,475042080423,397995807040
443477282381,557750006546,895935433327,553443838921,935273585358,528634277964,744343446973,550483740092,827707529366,620600959639,684052964932,526018366127,468431050214,481663801340,926132033748,481197109344,496878716890,503585850913,720833389245,533115904272,649364179726,508463342431,832008828257,542030606759,473818068870,482232566769,446800365014,484872583867,464226216746,468921031277,475103743825,398087069300
443499607423,557750350949,896795584754,553447691102,936185910502,528636376144,744931116003,550487708079,828491807403,620603902848,684494194562,526030984497,468465001602,482655228747,927136780495,481206829588,497094084854,503592776413,721382514995,533120131002,649844399468,508477737309,832991515231,542400440136,473830811825,482234958483,446812627272,484873727803,464238720736,468992266637,475189420965,398161160280
443522903740,557750396787,897645744488,553451149725,937096279027,528638173668,745509802135,550491847400,829275755639,620605077819,684962622264,526042867744,468502300375,483624088422,928141588611,481216796076,497240874097,503595371405,721905127409,533139305636,650329865852,508481685043,833974810174,542769993157,473844423498,482240849108,446830489338,484876258481,464249788420,469076332559,475269180383,398226138972
443543791022,557752798758,898505286742,553456370853,937999889931,528638661747,746134879385,550497163564,830088240493,620606577951,685421400101,526057916518,468545336406,484606933207,929146404095,481229210603,497477502159,503604557187,722469859007,533142877908,650844142898,508485103926,834957549835,543150250107,473858541306,482258376010,446847075911,484879204608,464266985968,469151615934,475336561444,398299929872
443576423521,557782327187,899350773976,553484091958,938915417492,528969230495,746746800438,550521381302,830870752871,620624081361,685835450001,526086331063,468607006777,484667064391,930148646992,481267898861,497629641279,503644667978,722989981069,534061742157,651339603753,508531382831,835933319462,543190267760,473895364895,482271268727,446877172564,484905127194,464287403574,469266082994,475405660025,398397179111
443598468024,557784790636,900178084427,553489094198,939813869224,529321946125,747368933154,550546417022,831666832529,620630865509,686279478020,526101805392,468654518419,484668051081,931153618754,481281041416,497897281267,503648205879,723533782628,535031558099,651814647610,508537253521,836914980280,543194147910,473908171701,482287439151,446890787773,484908572859,464299107222,469341834891,475475520435,398474536651
443622431876,557788359510,901019714159,553494089212,940706231214,529653972583,747978883686,550590485988,832439754880,620636540049,686732037786,526114657395,468685701992,484671984697,932158458475,481291668563,498041649384,503650982503,724074256608,535368748758,652305424938,509176521200,837895993447,543195802132,473919586436,482303631951,446902770005,484909903022,464310119314,469413601206,475525744628,398545353262
443645582415,557791055943,901884803891,553499523922,941625206929,529928690228,748595772324,550687829750,833235131997,620653545817,687180811491,526129591941,468735914370,484676666922,933163406938,481302818309,498197034441,503654062510,724622721529,535370966674,652828310730,510121017131,838874200894,543197696610,473939920364,482324869998,446915775142,484911655300,464321656050,469501861199,475631203003,398616275435
443670089544,557792205122,902748216180,553504875053,942538118342,529933156139,749223293901,550890679422,834040035412,620839648965,687640573145,526146584521,468776342608,484680112252,934168229838,481314750142,498554758756,503658269131,725171908128,535392154835,653344872784,511104741865,839850378220,543199243300,473953784085,482324966520,446945020917,484913774632,464354168229,469588892544,475726501350,398717322564
443691300521,557793979777,903603979002,553510208453,943451701973,529936631489,749818532192,550985399869,834828215965,621127983077,688082223719,526161476622,468820855069,484681206174,935170662658,481328600493,498713774033,503665558460,725711811619,535396630887,653843071945,512094278061,840822776924,543216195047,473965237538,482326610660,446954197754,484915453769,464369086400,469666961118,475804209214,398773748907
443715325144,557796290974,904450683719,553516860099,944371651074,529941034970,750434538653,550991271153,835634726956,621276981548,688515861042,526261346783,468861429553,484684251528,936175628823,481475767568,498880465679,503671754560,726250206050,535410659155,654350063888,513065375989,841800642654,543235422372,473976743114,482327559883,446963212526,484916729482,464391155251,469730867134,475878824218,398844982380
443738250182,557797234562,905314090775,553521919669,945285582832,529941667410,751038775399,550995709247,836409637965,621282918292,688944743966,526274314539,468903821164,484688200028,937180443049,481809958926,499175066805,503674274902,726755003475,535447845946,654826670258,514039495151,842778455979,543252240891,473987893331,482341362960,446972016276,484920212083,464406646721,469815021700,475948166576,398919231143
443760697154,557798159584,906170227757,553525378721,946192159435,529945864715,751664175105,551001742890,837221457118,621289140344,689392690797,526286097369,468940431941,484689714623,938185243028,482155955294,499339266713,503708069833,727287080125,535450472434,655298590945,515016898782,843755513617,543268734016,473999244608,482351554157,446987627428,484923759378,464420809368,469881730998,476012413535,399006088956
443785830804,557800875251,907015833366,553529824986,947113136937,529954197169,752268876077,551008123777,838020079129,621292477100,689851981545,526302148619,468984345443,484692383579,939188002347,482192652577,499489901974,503893514294,727824257756,535615583825,655801300968,515961702692,844729906180,543286288622,474012290586,482365119591,446997648823,484929310315,464437129307,469957170680,476112921772,399074020427
443825213724,557839386302,907862860782,553543880642,948025558633,529976870524,752882684568,551043646488,838833094654,621306205726,690315760432,526338455802,469041959518,484716677354,940192966930,482519921693,499678832063,503950346618,728364230225,535643012881,656304537189,516177952386,845701452306,543300186379,474030124912,482397516128,447028542828,484944222475,464452328096,470073844092,476203828104,399887443168
443848725090,557840682259,908728439372,553547613603,948947111748,529980356857,753512687695,551050857992,839655303525,621312619318,690756691028,526542411109,469091174348,484735427501,941197747314,482696565287,500023773207,503955453697,728919380161,535645350444,656832261264,516196516340,846674050348,543302952600,474046329596,482409926273,447039013802,484947961034,464463618115,470217124738,476275795707,400868438041
443871069083,557841639698,909565116596,553551070280,949842338865,529982650944,754133787629,551056822527,840445165616,621314974425,691207277629,526868049534,469131154828,484784218456,942202443961,482714869351,500170957159,503958044755,729455324154,535647772566,657346451213,516219477080,847652879342,543304627200,474058423326,482422013653,447051609761,484951600825,464476717053,470297841769,476343895068,401820401219
443895978463,558137651995,910388980919,553554509617,950749065121,529985215319,754748514828,551062683582,841255061680,621318506685,691624127647,526868092948,469164713061,484898679487,943205630066,482964769221,500315538100,503976170283,730006525579,535650446548,657837306062,516239310893,848632718266,543306487500,474078012866,482433709297,447065924702,484955013389,464488891398,470406100967,476402305355,402447893278
443919853840,559196435779,911239224310,553558088700,951653722077,529991324442,755360770041,551068296972,842040873136,621324246916,692051334448,526869726734,469223024058,485026312784,944209012692,483198633800,500466907047,503993058652,730541512276,535667646080,658344537056,516240622033,849607254420,543306898139,474090242563,482445201603,447080843941,484958397496,464500708031,470485034181,476490389349,402521802476
443943228100,560158401468,912100411969,553561617265,952568134581,529995728000,755971638831,551073918760,842845094435,621326032189,692495516192,526874265527,469262002485,485027933901,945213169126,483542248791,500649131972,504031642747,731082682772,535670143118,658827917827,516256239819,850580224154,543308611899,474102143380,482456748486,447092806917,484963116590,464513631352,470570947845,476564008298,402607715314
443968005711,561157225093,912944501228,553565236079,953482666924,529999229802,756576062828,551080488183,843640673271,621329571565,692927899781,526876102209,469309166573,485032587957,946218142635,483833448030,501014354896,504067037612,731621070950,535722079634,659298179332,516272175845,851558392007,543310501232,474114699938,482463280757,447102242763,484965450429,464537109943,470647351902,476661768223,402682962883
443993798131,562114916071,913784822133,553568755793,954389499777,530002446518,757197086517,551087034482,844449130483,621331621159,693351954559,526881889795,469352542101,485032630089,947222911920,483833508967,501152129938,504083345628,732152979791,535765315934,659786928926,516612395385,852533073314,543311794908,474126764431,482477466754,447111260128,484969045921,464552805095,470711876217,476755203427,402740260116
444015290851,563113473518,914615987787,553572348122,955304371467,530009639114,757797619211,551093885421,845236181417,621335295548,693792752236,526883629335,469397306585,485032838529,948227929945,483833544220,501314305292,504096799211,732676828098,535767888621,660265421712,516972662555,853513409868,543328227654,474139192905,482486407216,447128513242,484972979442,464569749510,470793032300,476856405506,402813650095
444037725836,564041647514,915447681071,553575860747,956212531937,530013888777,758399539321,551101287217,846046215942,621337533478,694205441655,526888575098,469437864698,485033183172,949232730842,483833607503,501467079868,504112114674,733242264823,535769282059,660756924388,517335724094,854494741756,543346402453,474152403891,482497609343,447139576836,484976764486,464591429217,470862815316,476923332687,402901132346
444063076263,565079663090,916295612529,553617804141,957144481871,530049057796,759042364300,551167860539,846861636362,621366110909,694614741440,526904468850,469473288304,485062103628,950237226440,483858487995,501641324592,504142906145,733786425422,535799625901,661262410067,517409901251,855471879092,543395478679,474172588053,482523642434,447155506488,485004063653,464612397966,471131421456,477007466869,403000321344
444085009050,566048619684,917135303079,553622407206,958068721435,530051269042,759655616866,551171706432,847666363561,621371322854,695054243029,526907151429,469514034986,485066713537,951241960637,483860019343,501822401273,504158568765,734327784892,535800900669,661749701372,517427187142,856447267040,543397204514,474184411227,482535403867,447168577326,485007140746,464628113647,471499184192,477091181702,403107806449
444107390135,566993322121,917998490667,553626990922,958983098573,530053903350,760293356583,551179926180,848490460659,621376233691,695502491252,526909608209,469559894606,485068285703,952244786230,483860303210,502245681143,504174548967,734906558502,535802053260,662264288334,517444060501,857420133099,543398879034,474196598817,482546680686,447178191695,485010343193,464645351834,471745808356,477149841251,403330897203
444129344448,568003378387,918841356909,553655912722,959893186570,530058199744,760883827915,551188296197,849303394777,621380975310,695903787377,526911963829,469609807190,485068556715,953249589818,483860338052,502389415240,504188146981,735429601306,535818700476,662727285438,517445304897,858402851002,543399303514,474214372407,482555845441,447189997788,485012934306,464659944631,471854652577,477240974855,403670437642
444154216292,568969856861,919692444163,553715756486,960812871867,530062212867,761511417120,551196509410,850099633250,621385866826,696322728071,526914702227,469639085320,485069024901,954254356244,483860398856,502541397191,504204123090,735964543600,535819829532,663234517298,517460058705,859386558334,543399460689,474226816294,482567153118,447200742590,485016132522,464675037494,471978382901,477296134157,403989359023
444176404579,569978976606,920511718966,553732020278,961718060421,530067714665,762115434393,551200257012,850887599719,621389635672,696752846710,526917674101,469683358278,485075059967,955259130458,483860412078,502686182832,504223302554,736500678371,535838116105,663705212390,517461734673,860370162133,543399738911,474237557276,482581006304,447210976151,485021451405,464690581105,472091471514,477385623383,404344050091
444204754998,570964182201,921341289383,553742471955,962625511980,530075202204,762733592165,551204063658,851690432318,621393407486,697183591388,526920723996,469726915633,485077324735,956263944840,483860472994,502820939503,504242246945,737039278508,535857073100,664201122676,517464095656,861349445644,543399910444,474248353489,482595240021,447220804093,485027450894,464714416539,472168784834,477456972263,404706580059
444226852849,571909048117,922179797415,553756685858,963539588684,530078949823,763334048753,551212406514,852485887618,621398210720,697606156960,526921389731,469776898184,485078584979,957268745345,483861531016,502970313647,504255538203,737568949725,535858188941,664695517034,517479027716,862332837031,543401570047,474259632624,482603663755,447230288571,485030424704,464725935780,472265782987,477535256843,405058712004
444251208338,572913279975,923022218258,553761099981,964439852867,530083078548,763954960358,551221088155,853276612211,621401900934,698015228585,526923785168,469817932967,485080221431,958273443899,483863890519,503163460410,504274169691,738101060106,535875702317,665181396465,517480399202,863314166651,543401778714,474270853829,482619732319,447250337466,485036130869,464737135152,472379103179,477626822461,405420959675
444273608342,573881222681,923872887578,553766219271,965342552472,530091421426,764566508517,551224927432,854059118589,621407272724,698423238131,526924174083,469866740615,485084231268,959277342841,483867524115,503626199749,504287660761,738647308372,535876989660,665680959113,517495797121,864284314288,543403626330,474284258450,482628405065,447260991380,485038742962,464749145323,472500500669,477698851042,405786575480
444303239970,574871411414,924726701789,553972662960,966242374187,530181756602,765187827227,551239563377,854853405379,621432076627,698872422085,526951805814,469926346847,485097560483,960281309092,483880139962,503786927238,504332220660,739214216630,535911129688,666161330565,517527388225,865261058135,543416853161,474306803757,482648679539,447284228485,485062216192,464770270694,472579738743,477764318106,405934584203
444325732546,575850720886,925579537414,554181970652,967161856661,530349547582,765813980540,551245170862,855679563169,621440724042,699306415217,526959709213,469955547642,485101429544,961285670506,483882393619,503939820410,504348388598,739760001027,535913863821,666650976249,517545712660,866237798032,543419005336,474318397176,482659786921,447297905325,485065590717,464781530399,472638185196,477829289206,405997300247
444348294791,576841146750,926406828414,554264674795,968067081857,530637375236,766437429973,551250162972,856485704041,621446178800,699745031536,526961769198,469996698014,485109766718,962290467434,483886043099,504085974887,504364111312,740284035900,535916632432,667154156623,517563570729,867214769058,543419240053,474330254993,482670771483,447306964849,485068503276,464793874263,472712978172,477912541013,406060110188
444375191812,577803068170,927229104718,554266210391,968972657544,531000719725,767048612239,551255345432,857284168915,621453735450,700183565494,526970435337,470038158098,485110192216,963294348157,483889738889,504223292375,504379435064,740816820837,535919997406,667638087054,517579787932,868192405069,543419629382,474353111395,482679865555,447318567731,485071365297,464805660110,472790103830,477988178331,406166412554
444397895284,578789638174,928062428414,554267403086,969877862203,531361197406,767645665446,551260353675,858106027216,621458212228,700582590072,526974665583,470086342311,485115036533,964299252483,483895013235,504369994089,504399123172,741352383579,535923297853,668116128075,517595658617,869170157933,543419796542,474366347810,482692974429,447330223255,485076405290,464822785619,472858599443,478082501020,406249716470
444420766443,579768406786,928900262560,554269155432,970788383680,531731449044,768255026910,551265799453,858919149572,621460436049,701041213073,526980972492,470128846525,485121449504,965304187986,483898716608,504550410716,504415876351,741888354710,535926251855,668618639098,517597643699,870149612813,543437197975,474377804024,482705284030,447340055257,485080385919,464835626267,472934323687,478167424796,406309486736
444445665543,580762040364,929726160074,554270560576,971695724462,532094339746,768876513004,551271331464,859724471392,621465897891,701491187286,526984058972,470165675641,485128163829,966306801552,483903809864,504737758122,504435054624,742439171427,535944537306,669121086913,517600606321,871125452542,543439239691,474389631558,482718687827,447350422717,485085259320,464856305014,473005293122,478231742254,406378621759
444466605873,581749623414,930577935553,554271797708,972632540128,532461726429,769495695922,551276530990,860561552409,621469912366,701936884547,526985727795,470201046382,485135088758,967311760453,483909549496,504911257838,504452120140,742999461195,535962969902,669625406952,517603511217,872105352597,543441681516,474400891018,482729568526,447359252370,485088806684,464877229039,473061677429,478299797069,406444562040
444490993963,582732825718,931438469225,554273015869,973547779696,532825455499,770137929807,551282074233,861351821226,621474639168,702378601558,526987508750,470248981617,485141916308,968316688652,483911594334,505381974418,504472191256,743527706028,535966574307,670121662000,517620001938,873089087689,543444324811,474412004173,482744833957,447376066499,485094011223,464891214502,473140929490,478365775652,406529168070
444512714752,583709996665,932280070734,554274409122,974477415382,533169705768,770734221480,551309677926,862154779669,621477530550,702830372535,526996198390,470309164662,485146677886,969321588845,483913110123,505636149540,504487625355,744072055512,535969647102,670598167908,517637088849,874071753650,543447022234,474424923098,482755604723,447385345303,485097318046,464904517156,473215064994,478445593334,406607434848
444547433878,584685788140,933111904135,554289166679,975381219332,533291663569,771331607773,551335492956,862928060641,621507415084,703253203271,527013644671,470351880496,485179574185,970319809216,483928644821,505798597201,504528215563,744606292406,535989625285,671067136406,517892239772,875039239383,543474751476,474443474229,482786853319,447412915798,485124383916,464946912706,473293742273,478500267691,406687514741
444571836180,585667039688,933988661654,554291273282,976296652264,533296300816,771936029535,551341373089,863750196543,621512246548,703703545571,527015488178,470418295179,485181489714,971324707775,483933710292,505941704010,504546458288,745159445017,535996246512,671581100095,518063028728,876025412941,543660749752,474458818125,482792046466,447428651069,485142607222,464961080621,473389779977,478603649846,406752919171
444595824787,586647757903,934819164002,554294675301,977216751875,533296394588,772531460448,551346408174,864537798051,621516165579,704150184706,527019325853,470465149934,485187818046,972329238546,483935694653,506091716211,504561295950,745706184497,535998575699,672099231906,518080958038,877007365197,543662003552,474477596049,482792367825,447436842963,485154119655,464971404626,473754309928,478667276252,406853062639
444617661617,587606449885,935629152009,554299393829,978117895973,533297367087,773110342591,551351736420,865323281168,621519828069,704576397440,527023240109,470491550631,485194123798,973333633699,483937940237,506234785077,504578453947,746222781555,536001147765,672573089082,518098724359,877983481252,543663699736,474497229464,482792560084,447446475022,485168199777,464983195209,474111401184,478738512471,406965390501
444641105015,588579275700,936468901231,554302303543,979037463271,533298268990,773712258925,551356699394,866144070353,621523612968,704993348816,527028528462,470539123431,485201326001,974338441084,483940191189,506386724235,504592852233,746771144931,536003937243,673062818620,518118587256,878965066945,543666120793,474509361244,482792733825,447455835733,485180041938,464994094256,474477706430,478808651803,407058933844
444663325122,589551597341,937289807258,554307512233,979938300956,533299340171,774325301594,551361947819,866945263711,621526184302,705398872982,527032781620,470592533524,485208952322,975343243775,483941867688,506528187536,504609843817,747295310065,536006715611,673575394946,518139003139,879944930420,543669158432,474520207706,482793347276,447465885477,485194053797,465005740787,474839276429,478894111120,407160752627
444684315319,590477754255,938125207143,554309462910,980847346043,533301251163,774946735432,551367728473,867771479692,621528550214,705846457100,527035136658,470635868473,485217566882,976348202209,483943920553,506707525911,504625679823,747870561020,536009492773,674102661302,518159479797,880926284921,543673144293,474531945713,482794027919,447474263375,485205826867,465027444005,475206011806,478983793933,407249428762
444703781658,591520634593,938971425876,554360114610,981757479706,533304146004,775562762808,551373923778,868570225908,621533167844,706286950842,527039001043,470673378179,485224431738,977350567427,483945534330,506882184950,504642579004,748404180814,536012570862,674589649309,518180539926,881900164575,543676965721,474542914708,482794606821,447482277321,485220026463,465040095805,475452232122,479043469318,407433274817