1089220088847,3279981164570,1123802389855,1511380763496,1154617659971,1521984742651,1050600412656,1448862955875,1132321050759,1287270890219,1118125913281,1281709744474,1159390239016,1252684977652,1111814723047,1260046633373,1024557387163,1192994065080,1047859106315,1195267653866,1006914419831,1258764993676,1002472594981,1235540235848,1087995810930,1182767725033,1156060490993,1192785565615,1133644945870,1788262647889,1962820541175,7459490751123
1089220775628,3280185597203,1123925908869,1511380780525,1154753512588,1521984809408,1050668972998,1448863031528,1132436262650,1287270890219,1118182168747,1281709864072,1159392776641,1252685187230,1111984160080,1260047107928,1024561080167,1192994100520,1047931641547,1195268056368,1006989379117,1258765193356,1002591197102,1235540278364,1087996343192,1182767912715,1156070536591,1192785576122,1133655623589,1788262744861,1962869857836,7459618488247
1089221437324,3280412779897,1124058852121,1511380806765,1154908041944,1521984909751,1050749010623,1448863058329,1132559510038,1287270892149,1118240479116,1281710006758,1159395525207,1252685199921,1112171594692,1260047107928,1024563139995,1192994158303,1048010396252,1195268100796,1007062010893,1258765276695,1002725785465,1235540278364,1087996548917,1182767931120,1156071389790,1192785591159,1133656339000,1788262761035,1962894852852,7459665820307
1089221546922,3280635081876,1124189727539,1511380834482,1155057050994,1521984976986,1050826024533,1448863133697,1132684344482,1287271027061,1118296666633,1281710079054,1159399435641,1252685461967,1112367354478,1260047159064,1024564563943,1192994158303,1048087136007,1195268163206,1007132889053,1258765342666,1002869160579,1235540278364,1087996904503,1182767931120,1156071787642,1192785591159,1133656517031,1788262761035,1962924921333,7459691231612
1089222041986,3280867448278,1124324487973,1511380834482,1155218110139,1521984976986,1050907309282,1448863757905,1132808221529,1287271143647,1118356668963,1281710121615,1159402619637,1252685468469,1112563494504,1260047159064,1024566100056,1192994189139,1048160382940,1195268373305,1007206839544,1258765348839,1003006248096,1235540278364,1087997066783,1182767954475,1156072387289,1192785605305,1133656812617,1788262761035,1962941171980,7459707026299
1089222291747,3281094956185,1124459687745,1511380837363,1155374834680,1521984996411,1050986842479,1448863840866,1132931148037,1287271229690,1118415319148,1281710250630,1159407169577,1252685473748,1112764057012,1260047159064,1024567960272,1192994189139,1048235071624,1195268495951,1007281402788,1258765354528,1003141231862,1235540278364,1087997352350,1182767954475,1156072568431,1192785605305,1133656812617,1788262761035,1962958969625,7459709625768
1089222538083,3281327234618,1124596454370,1511380939638,1155535054468,1521985031319,1051067223994,1448863840866,1133063656948,1287271319413,1118477377573,1281710325304,1159411444297,1252685625083,1112950860317,1260047197710,1024569945715,1192994189139,1048312450205,1195268586851,1007357104518,1258765354528,1003277120038,1235540278364,1087997637289,1182768022964,1156073060254,1192785649501,1133656858322,1788262772385,1962978302048,7459743226522
1089222816812,3281558311556,1124733364345,1511380939638,1155693665073,1521985140584,1051147020659,1448863840866,1133189023761,1287271452899,1118536128605,1281710403163,1159414830337,1252685667206,1113145791436,1260047197710,1024574700883,1192994189139,1048386676663,1195268662534,1007430934686,1258765360812,1003410720005,1235540278364,1087997877716,1182768022964,1156073060254,1192785649501,1133656858322,1788262772385,1962996027279,7459749868734
1089223167077,3281785973850,1124868630938,1511380939638,1155848582127,1521985231983,1051227248435,1448863852130,1133316275110,1287271558548,1118594798916,1281710648189,1159426611686,1252685667206,1113334122852,1260047230437,1024576549745,1192994189139,1048463872539,1195268712561,1007506540114,1258765360812,1003542066948,1235540278364,1087997935929,1182768053821,1156073066304,1192785673460,1133656913174,1788262798212,1963011471073,7459786219315
1089225461587,3282015315236,1125005506271,1511380982316,1156008188774,1521985231983,1051314134250,1448863988336,1133440403812,1287272074948,1118654564736,1281712774807,1159431025784,1252685679723,1113533121409,1260047765628,1024578372688,1192994189139,1048536011165,1195268890964,1007581683635,1258765427527,1003685011867,1235540278364,1087998444866,1182768053821,1156073401097,1192785673460,1133656913174,1788264053790,1963024592994,7459819334211
1089226128405,3282251100130,1125142817822,1511380982316,1156167319174,1521985231983,1051395344455,1448864011917,1133564589297,1287272254294,1118717941648,1281713120456,1159437396055,1252685743445,1113725689479,1260047819060,1024580575079,1192994196052,1048608745501,1195269026579,1007655909020,1258765439375,1003817216027,1235540278364,1087998704888,1182768085856,1156073885733,1192785682161,1133657050041,1788264053790,1963055720948,7459831106457
1089226692582,3282481558051,1125278406146,1511381017032,1156321611672,1521985342100,1051475276383,1448864126291,1133686889516,1287272347741,1118778920717,1281713196164,1159442766613,1252685798224,1113908481208,1260047832531,1024582219994,1192994936476,1048685075216,1195269403942,1007729945506,1258765505549,1003948470066,1235540283876,1087999299931,1182768085856,1156074469310,1192785682161,1133657091441,1788264053790,1963073082976,7459858714033
1089226960573,3282709247499,1125417114776,1511381017032,1156480825771,1521985361016,1051555096198,1448864180457,1133808976397,1287272448082,1118837732332,1281713293041,1159446246703,1252685847328,1114096607443,1260047857263,1024583973634,1192994936476,1048757890258,1195269440971,1007804117928,1258765521137,1004080192078,1235540283876,1087999501381,1182768116718,1156074587592,1192785699196,1133657237885,1788264053790,1963091696956,7459869155508
1089227734385,3282933939342,1125548936389,1511381042304,1156634280335,1521985363505,1051634712131,1448864232649,1133935047623,1287272448082,1118895156785,1281713540519,1159450318394,1252685911914,1114296620815,1260047883436,1024585549798,1192994936476,1048833068033,1195269569209,1007878767786,1258765525204,1004220893856,1235540283876,1087999598550,1182768116718,1156074600280,1192785699196,1133657369226,1788264088832,1963120619777,7459892012590
1089228072924,3283161003255,1125686189830,1511381042304,1156789829750,1521985363505,1051714382896,1448864264507,1134057950059,1287272448082,1118955328407,1281713835937,1159454159826,1252685938736,1114484923253,1260047907551,1024587226535,1192994936476,1048906383556,1195269630137,1007954286867,1258765554004,1004356786681,1235540283876,1087999673492,1182768132210,1156074641448,1192785710914,1133657992489,1788264088832,1963132143857,7459909426781
1089228576171,3283385424211,1125820856827,1511381042304,1156945576456,1521985388248,1051793089348,1448864278969,1134184867881,1287272448082,1119013819225,1281713892630,1159458152369,1252685968013,1114678299075,1260047907551,1024588863080,1192994936476,1048980613653,1195269739522,1008027064711,1258765588943,1004492826254,1235540283876,1088000173439,1182768132210,1156074652513,1192785710914,1133658100906,1788264109363,1963147658696,7459919586361
1089236953444,3283618568839,1125956231920,1511381162338,1157106400440,1521985404218,1051873536537,1448864284529,1134307672930,1287272461691,1119072339794,1281713927971,1159462520187,1252686093583,1114870127654,1260047955537,1024590401473,1192994948652,1049053343359,1195269829493,1008103841302,1258765659778,1004627768510,1235540283876,1088000464965,1182768163444,1156075852357,1192785723793,1133659324692,1788264109363,1963164182842,7459936796135
1089237459627,3283845005538,1126089773793,1511381167225,1157264099437,1521985404218,1051953657160,1448864384558,1134433574666,1287274749150,1119129592749,1281713984272,1159465321342,1252688377001,1115062948646,1260049776622,1024596786729,1192994948652,1049127443376,1195269943718,1008184478636,1258765713674,1004770135058,1235540283876,1088000773385,1182768163444,1156075888518,1192785723793,1133661573461,1788264152067,1963181271154,7459949023147
1089238246944,3284077648274,1126222679170,1511381167225,1157424026470,1521985421166,1052033386974,1448865118334,1134556719386,1287274749150,1119187935653,1281714106140,1159469460476,1252688421433,1115256782667,1260049776622,1024598643416,1192994957768,1049202330408,1195270056830,1008258637539,1258765776378,1004907531728,1235540283876,1088001161823,1182768177709,1156076024844,1192785742665,1133662412912,1788264166948,1963196236714,7459965297609
1089238901651,3284302349342,1126373795192,1511381204965,1157577797382,1521986082465,1052112173978,1448865245087,1134688773657,1287275155199,1119246213016,1281714708444,1159477252716,1252689070232,1115447896663,1260049776622,1024600355612,1192994957768,1049280764704,1195270408450,1008337589695,1258766084801,1005044124978,1235540292320,1088001451001,1182768378646,1156076319589,1192785759314,1133662973375,1788264166948,1963212782828,7459983723745
1089239139574,3284531882815,1126502264766,1511381204965,1157740449792,1521986082465,1052193516235,1448865305677,1134817473499,1287275163041,1119305268379,1281714734306,1159480784852,1252689079987,1115644924966,1260049776622,1024602143980,1192994957768,1049356466170,1195270593077,1008409031484,1258766084801,1005183249755,1235540292320,1088002147351,1182768394063,1156076482127,1192785768208,1133663810141,1788264166948,1963236501359,7459995423538
1089240123445,3284759930378,1126636647163,1511381258201,1157897761711,1521986082465,1052274464269,1448865367297,1134940298449,1287275166653,1119365003570,1281714843473,1159484438451,1252689090885,1115837998320,1260049776622,1024603935273,1192994957768,1049429045266,1195270631635,1008482209640,1258766169890,1005319699879,1235540292320,1088002675541,1182768396322,1156076571615,1192785768208,1133664274836,1788264166948,1963254968767,7460018186494
1089240547956,3284990628532,1126775714255,1511381379721,1158053646033,1521986082465,1052353279405,1448865449133,1135060966027,1287275168205,1119427654752,1281714991246,1159489090071,1252689125445,1116031932314,1260049776622,1024606288983,1192994957768,1049501562718,1195270674144,1008557017658,1258766253773,1005456039545,1235540292320,1088002806294,1182768427807,1156076671061,1192785780300,1133664274836,1788264240306,1963273484188,7460037676548
1089241371181,3285220012972,1126908469221,1511381551771,1158213720053,1521986103594,1052433879878,1448865516876,1135187840857,1287275168205,1119487542871,1281715159256,1159494052650,1252689775108,1116223723356,1260049776622,1024608058229,1192994957768,1049576594502,1195270738600,1008630000602,1258766282802,1005591155625,1235540292320,1088003007960,1182768427807,1156076921580,1192785789096,1133664324543,1788264240306,1963302413557,7460063670571
1089241410465,3285449706813,1127040304133,1511381551771,1158375210822,1521986103594,1052515131574,1448865550678,1135314262028,1287275168205,1119544724526,1281715238832,1159496467893,1252689832202,1116431912806,1260049776622,1024609976441,1192994957768,1049652563652,1195270752565,1008703060975,1258766330990,1005737011615,1235540292320,1088003064550,1182768442842,1156076921580,1192785798482,1133664608911,1788264267281,1963316684356,7460092741065
1089242198464,3285676207814,1127176139453,1511381551771,1158532786776,1521986103594,1052594595025,1448865569164,1135434049653,1287275168205,1119603253272,1281715378651,1159502537763,1252689986482,1116628772795,1260049776622,1024611522222,1192994957768,1049724723543,1195270833601,1008777898949,1258766355167,1005879041863,1235540292320,1088003445318,1182768442842,1156077316305,1192785798482,1133664748051,1788264267281,1963332390782,7460098815137
1089242631009,3285905248844,1127313074775,1511381551771,1158687620007,1521986103594,1052672036644,1448865569164,1135555679519,1287275173222,1119665181060,1281715465623,1159506378862,1252690094819,1116827680423,1260049780019,1024613540029,1192994957768,1049796286057,1195270977639,1008854168247,1258766452137,1006016074836,1235540292320,1088003738270,1182768483079,1156077591950,1192785813631,1133664787872,1788264280903,1963347769440,7460103717139
1089243348560,3286127190560,1127440677031,1511381551771,1158843466820,1521986117763,1052753839276,1448865589897,1135684366109,1287275178231,1119721099439,1281715524096,1159510831048,1252690140321,1117026143293,1260049802331,1024615621389,1192994957768,1049871971220,1195271013650,1008924339371,1258766471247,1006158596288,1235540292320,1088003919966,1182768483079,1156077682272,1192786084283,1133665004427,1788264280903,1963364437758,7460139073052
1089244199324,3286350930195,1127578685666,1511381551771,1158999463874,1521986166899,1052833576109,1448865630145,1135810936406,1287275178231,1119780891238,1281715555957,1159514976197,1252690219689,1117223871811,1260049802331,1024617120635,1192994957768,1049945385250,1195271050613,1008996622901,1258766478597,1006298946984,1235540292320,1088003979392,1182768483079,1156077882748,1192786106730,1133665091841,1788264280903,1963378338416,7460150775311
1089245281221,3286581632345,1127710797482,1511381566672,1159160905715,1521986217822,1052915947023,1448865671357,1135938488969,1287275198252,1119841071444,1281715883738,1159519363362,1252698875369,1117414504836,1260049827664,1024619041604,1192994992888,1050018880001,1195271138130,1009068538417,1258768246414,1006437768295,1235540342585,1088005602662,1182768918962,1156077882748,1192786106730,1133665091841,1788264748320,1963393704314,7460182447081
1089245762773,3286806699616,1127843552226,1511381566672,1159316764549,1521986217822,1052996118456,1448865676909,1136067542014,1287275198252,1119899690461,1281715883738,1159522536026,1252698962491,1117609502013,1260049827664,1024620907653,1192995164663,1050098085014,1195271334807,1009142002897,1258768284619,1006583895988,1235540342585,1088006020484,1182768921717,1156077977445,1192786119473,1133665124230,1788264748320,1963418343076,7460198835883
1089246284567,3287031438089,1127974187969,1511381566672,1159473642555,1521986217822,1053075991672,1448865684136,1136198960679,1287275198252,1119955325024,1281715914386,1159530576775,1252699106768,1117802220197,1260049827664,1024622644608,1192995164663,1050175290400,1195272030671,1009215422647,1258768338364,1006722346678,1235540342585,1088006621896,1182768921717,1156078892308,1192786227688,1133665958057,1788264835590,1963435180893,7460222320527
1089246320482,3287258306427,1128108419559,1511381566672,1159634002497,1521986246410,1053156398146,1448865684136,1136324328923,1287275203231,1120012712533,1281715985614,1159532887515,1252699275824,1117988985818,1260049827664,1024624311136,1192995168902,1050250754596,1195272530737,1009289939724,1258768338364,1006859991039,1235540342585,1088006683719,1182768924792,1156078983570,1192786237471,1133666202207,1788264835590,1963449457140,7460250076590
1089246622915,3287480053477,1128239737305,1511381566672,1159789633454,1521986255748,1053235412007,1448865728320,1136450933593,1287275203231,1120066680915,1281716146018,1159536057563,1252699387420,1118181472667,1260049827664,1024625942614,1192995185558,1050326957253,1195273384358,1009361496740,1258768413163,1007001340420,1235540342585,1088006965535,1182768924792,1156078983570,1192786237471,1133666360866,1788264837047,1963466369796,7460263335221
1089246647232,3287710100774,1128371692133,1511381566672,1159952350341,1521986255748,1053316249643,1448865768427,1136572675560,1287275209156,1120127984280,1281716172992,1159537929065,1252699438050,1118370166712,1260049827664,1024627809131,1192995246954,1050405560232,1195274040177,1009436662675,1258768456107,1007136770071,1235540342585,1088007235874,1182768927746,1156079021958,1192786238783,1133666623466,1788264837047,1963479358160,7460280266815
1089246964251,3287939839644,1128505112915,1511381566672,1160111035635,1521986256894,1053395713912,1448865811293,1136700564513,1287275209156,1120186679019,1281716270085,1159542496660,1252699514901,1118571319046,1260049827664,1024629377251,1192995246954,1050479979528,1195274382512,1009507718585,1258768619305,1007281315590,1235540401509,1088007679193,1182768927746,1156079074805,1192786238783,1133666674798,1788264933299,1963497051283,7460295587495
1089247036196,3288161795485,1128632229705,1511381566672,1160264751312,1521986268605,1053477797059,1448865864472,1136821439307,1287275209156,1120245064385,1281716304660,1159545072582,1252699618082,1118777612653,1260049827664,1024631017103,1192995252424,1050552940334,1195274415868,1009578196336,1258768821364,1007427405373,1235540457994,1088007987839,1182768930581,1156079311358,1192786264572,1133666706084,1788264933299,1963511603637,7460317753208
1089247746682,3288389635634,1128765693203,1511381566672,1160423024600,1521986283830,1053554335804,1448865907576,1136941762782,1287275209156,1120303988694,1281716362946,1159546821738,1252699643043,1118965142816,1260049827664,1024634223849,1192995252424,1050626090004,1195274462238,1009653141282,1258769215011,1007564930921,1235540587662,1088008378886,1182768994155,1156079364678,1192786274261,1133666739770,1788264949019,1963525233867,7460321954161
1089247904367,3288616950942,1128902652067,1511381566672,1160577017327,1521986299691,1053633221533,1448865918919,1137066466436,1287275209156,1120363812522,1281716395904,1159550761518,1252699660252,1119161169441,1260049827664,1024635763997,1192995262497,1050697959719,1195274558871,1009726455923,1258769230307,1007708346270,1235540587662,1088008915511,1182769032626,1156079390276,1192786298435,1133666795567,1788265157038,1963540767742,7460341651076
1089254637051,3288842019347,1129034853202,1511382865500,1160728064873,1521988919156,1053721415688,1448866029067,1137192564978,1287275235782,1120423500421,1281716420296,1159555679916,1252700323052,1119357019302,1260050192019,1024637076665,1192995262497,1050773096293,1195274861587,1009800076510,1258769334178,1007849761638,1235540587662,1088009172152,1182769623393,1156079457318,1192786320660,1133670105353,1788266479500,1963558508406,7460353017334
1089254804886,3289079224331,1129170004619,1511382927608,1160891160121,1521988919156,1053803816761,1448866577561,1137315651604,1287275235782,1120484504846,1281716514264,1159559244323,1252700436903,1119545772986,1260050192019,1024639036440,1192995267902,1050846561890,1195274942068,1009872609029,1258769419228,1007980839614,1235540587662,1088009283493,1182769625707,1156079840846,1192786346896,1133670125550,1788266479500,1963588440715,7460365350542
1089255494623,3289304850249,1129306056684,1511382927608,1161046904983,1521988995397,1053883106915,1448867358519,1137440699597,1287275235782,1120540601721,1281716583805,1159563056948,1252700491249,1119741387593,1260050192019,1024641028567,1192995267902,1050921506172,1195275033986,1009945766284,1258769465177,1008115057549,1235540600861,1088009920015,1182769625707,1156080126510,1192786346896,1133670192732,1788266479500,1963603604849,7460374224566
1089256097454,3289531617121,1129438363456,1511382927608,1161205182887,1521989286291,1053963653191,1448868078469,1137567390764,1287275241040,1120601133230,1281716701470,1159567383445,1252700640815,1119943933340,1260050192019,1024642540283,1192995274269,1050994739312,1195275054243,1010018542599,1258769593256,1008254334355,1235540600861,1088010534898,1182769681758,1156080167510,1192786376135,1133670224573,1788266479500,1963620242991,7460405069426
1089256634180,3289756607612,1129571177385,1511382927608,1161357122638,1521989286291,1054041357110,1448868795852,1137685870078,1287275241040,1120660215918,1281716880110,1159572551647,1252700678696,1120142149697,1260050192019,1024644397356,1192995328725,1051065393119,1195275114147,1010091590011,1258769674533,1008399181937,1235540600861,1088010973540,1182769681758,1156080289596,1192786376135,1133670618578,1788266479500,1963651651886,7460413535000
1089256677180,3289987008823,1129706068542,1511382927608,1161512123919,1521989286291,1054122925011,1448869412740,1137811930641,1287276504956,1120721968434,1281716885450,1159576063187,1252700704820,1120334450976,1260050192019,1024646006449,1192995328725,1051141592496,1195275129630,1010166296115,1258769741444,1008537851943,1235540600861,1088011086905,1182769706523,1156080378811,1192786398175,1133671176511,1788266479500,1963668306969,7460428633882
1089257036767,3290217967156,1129835602201,1511382927608,1161669119824,1521989286291,1054203455157,1448870188976,1137939455862,1287276504956,1120780567788,1281716915756,1159578799246,1252700900324,1120522137080,1260050198217,1024647663216,1192995360771,1051214612360,1195275184602,1010239603324,1258769863818,1008671991603,1235540635062,1088011764481,1182769706523,1156080385227,1192786398175,1133671391983,1788266479500,1963683381532,7460455527285
1089257235381,3290450811071,1129973821066,1511382927608,1161828279027,1521989310337,1054284078316,1448870832891,1138063881603,1287276504956,1120841699457,1281717027418,1159582767441,1252700940650,1120716686820,1260050198217,1024649491941,1192995364844,1051289978122,1195275225539,1010316147538,1258769889639,1008810262956,1235540635062,1088012182305,1182769721151,1156081470054,1192786412703,1133672163302,1788266479500,1963698838665,7460465474842
1089257894857,3290687199253,1130113416916,1511382927608,1161984789126,1521989314413,1054364540387,1448871402704,1138191127588,1287276525334,1120905254279,1281717175574,1159585030676,1252700981879,1120901559002,1260050198217,1024654749231,1192995377429,1051365792671,1195275247200,1010392508225,1258770008438,1008945574795,1235540658549,1088012298124,1182769721151,1156081490737,1192786412703,1133672630498,1788266499203,1963708073342,7460487922278
1089258336746,3290910136474,1130244175963,1511382927608,1162138907745,1521989318663,1054444064119,1448871544487,1138313675369,1287276525334,1120962614785,1281717716196,1159588068715,1252701149633,1121097892877,1260050245293,1024656620204,1192995377429,1051442423867,1195275315295,1010464684789,1258770087460,1009088472866,1235540658549,1088012574811,1182769744896,1156081560576,1192786442523,1133672861977,1788266499203,1963721110994,7460488396667
1089263241636,3291133664655,1130380164671,1511382927608,1162296017564,1521989444624,1054523753909,1448872285218,1138438637083,1287276542307,1121020276349,1281717809023,1159590942771,1252701764640,1121290297373,1260050278001,1024658465709,1192995459753,1051518932236,1195275478925,1010540276097,1258770498822,1009228254312,1235542169568,1088012872533,1182769748105,1156081646745,1192786926444,1133674439348,1788267016622,1963735487833,7460538086680
1089263650108,3291360193214,1130513900314,1511382927608,1162450816676,1521989451142,1054602143113,1448872290732,1138565203716,1287276542307,1121082063154,1281717843277,1159594461256,1252701925267,1121479248743,1260050278001,1024664003620,1192995513110,1051594966378,1195275647010,1010615494195,1258770755955,1009365704359,1235542169568,1088013185139,1182769762982,1156081789464,1192786946208,1133674530971,1788267016622,1963764798536,7460539138202
1089264045183,3291583423746,1130645651652,1511382927608,1162605894201,1521989451142,1054680586432,1448872302502,1138696057021,1287276542307,1121138425428,1281717870565,1159599205248,1252701953382,1121674748218,1260050278001,1024665397951,1192995513110,1051671224377,1195276221777,1010686946469,1258771057387,1009508781236,1235542175989,1088013654803,1182769762982,1156083184564,1192786946208,1133674530971,1788267016622,1963779352311,7460574173517
1089264641576,3291815506451,1130777090973,1511382927608,1162768501566,1521989457402,1054763282892,1448873104999,1138824897058,1287276574614,1121196352114,1281717956009,1159604351055,1252701958807,1121871719237,1260050278001,1024667264688,1192995513110,1051747153772,1195276256050,1010759814772,1258771411898,1009651259440,1235542194337,1088014131780,1182769777495,1156083264472,1192786968702,1133674562953,1788267016622,1963794271701,7460580839421
1089264682901,3292041809110,1130903379047,1511382927608,1162928929535,1521989457402,1054846073962,1448873145131,1138952809226,1287276596813,1121252807847,1281718190922,1159606741565,1252701981031,1122068601322,1260050281960,1024668717145,1192995513110,1051822889317,1195276266024,1010828711660,1258771737877,1009792083857,1235542256893,1088014550747,1182769809564,1156083370783,1192786968702,1133674600000,1788267016622,1963815276871,7460598703140
1089265540404,3292272360482,1131036553006,1511382966555,1163087895831,1521990014071,1054925781478,1448873190819,1139075993987,1287276596813,1121311170777,1281718251473,1159610658424,1252702026672,1122256485930,1260050281960,1024670134258,1192995525884,1051893783560,1195276283474,1010901409799,1258771787081,1009925251651,1235542256893,1088015749766,1182769971671,1156083370783,1192786985934,1133674949141,1788267041232,1963831874885,7460641206216
1089265717895,3292496285485,1131170150007,1511382971804,1163243270763,1521990168479,1055005582563,1448873199164,1139203808215,1287276614169,1121369774678,1281718287677,1159614769264,1252702247056,1122455096171,1260050285388,1024671842927,1192995525884,1051969283765,1195276304100,1010974690214,1258771813595,1010068407102,1235542256893,1088016015891,1182769971671,1156083575993,1192786985934,1133675273909,1788267158480,1963847015135,7460654429818
1089265859961,3292725514353,1131306030549,1511382976887,1163395686827,1521990452472,1055084562588,1448873205127,1139324630789,1287276619412,1121432843232,1281718320668,1159617869317,1252702258740,1122654204338,1260050285388,1024673260766,1192995530221,1052043605499,1195276333919,1011048324176,1258771884989,1010211800076,1235542278297,1088016145583,1182769976176,1156083717954,1192787012875,1133675309528,1788267293229,1963861523794,7460675790590
1089266246302,3292948069035,1131437422770,1511382982406,1163551248558,1521990821465,1055164738432,1448873228577,1139451809130,1287276628028,1121488629120,1281718372691,1159622459305,1252702258740,1122858204020,1260050291318,1024678861356,1192995530221,1052120315069,1195276374298,1011122047696,1258771900600,1010358647466,1235542278297,1088016334773,1182769991107,1156083924602,1192787012875,1133675416037,1788267512088,1963876758267,7460683101847
1089266577227,3293171240692,1131568897806,1511382982406,1163708479834,1521990951720,1055244625559,1448873259524,1139577985631,1287276628028,1121544510678,1281718438161,1159627730694,1252702344677,1123051660920,1260050343670,1024680304973,1192995535954,1052196067244,1195276509526,1011194011322,1258771921346,1010497607813,1235542278297,1088016753184,1182769997309,1156083924602,1192787036461,1133675493106,1788267625187,1963904628052,7460713860220
1089266900478,3293398912890,1131705002190,1511383004786,1163861030768,1521991177355,1055321066042,1448873942893,1139702420238,1287276629301,1121608084030,1281719433837,1159632649409,1252703184828,1123245756284,1260050371560,1024683285338,1192995535954,1052271124009,1195276663429,1011270278521,1258771996129,1010638886439,1235542278297,1088018227508,1182771270871,1156084158890,1192787036461,1133675621392,1788267752084,1963932355525,7460725505537