74,59,63,72,123,47,100,46,95,35,77,64,63,34,94,156,50,42,43,85,95,147,76,53,59,138,54,109,64,119,107,933
64,58,81,81,100,43,71,82,95,72,94,52,54,104,111,139,45,65,37,78,80,87,147,29,115,55,80,26,164,31,82,1910
93,80,102,111,215,55,153,56,72,28,88,31,56,49,65,55,52,78,104,72,91,27,73,88,74,40,38,49,71,73,72,1347
75,40,70,72,150,78,100,56,118,29,80,38,104,50,54,42,103,39,63,13,63,45,68,60,52,103,101,59,57,126,147,1245
69,25,44,92,44,54,227,39,49,15,130,20,80,97,67,43,89,139,72,47,63,30,58,29,59,48,41,37,136,63,55,780
46,65,77,74,51,114,107,21,67,33,157,45,92,46,135,20,45,198,78,33,77,21,96,52,79,33,33,107,78,58,101,640
57,81,42,96,60,79,85,100,37,63,88,88,101,74,231,77,30,41,30,32,137,39,41,37,83,20,43,38,54,29,75,1152
39,47,64,112,66,42,76,183,69,40,117,72,67,52,184,40,15,37,124,129,38,38,36,18,216,27,38,62,38,64,41,389
86,29,45,123,80,79,59,44,50,48,49,66,69,81,95,198,65,59,91,119,168,53,49,26,55,61,22,27,44,38,37,873
132,32,62,92,66,100,146,73,90,20,31,64,50,25,58,38,34,136,79,63,122,76,46,36,147,51,22,45,49,142,84,498
53,36,86,45,81,79,79,35,70,103,67,46,32,35,27,34,44,127,83,246,58,88,75,29,95,16,34,22,17,196,171,645
125,192,54,82,95,109,42,50,48,55,49,26,40,42,124,43,129,40,55,184,50,38,32,31,41,76,46,28,84,206,45,437
120,69,50,99,128,99,85,145,62,55,112,38,74,11,41,38,41,39,107,150,119,30,23,35,51,26,35,61,38,176,41,650
45,49,36,49,113,16,170,47,156,36,80,74,170,42,40,175,77,65,38,56,128,65,46,79,56,92,53,47,30,10,16,447
57,75,48,57,97,180,57,79,52,41,63,74,203,31,36,70,75,119,50,47,100,74,38,74,54,54,65,26,54,26,49,985
56,155,74,66,93,193,49,75,39,70,27,54,193,33,52,64,43,31,27,48,124,71,49,72,43,130,58,40,125,58,55,769
84,72,62,139,97,152,62,29,72,35,23,76,103,87,50,75,77,66,69,77,72,35,58,16,43,78,29,104,124,39,29,1031
99,59,50,229,95,75,60,47,77,52,48,69,49,32,48,71,28,94,25,23,161,134,58,26,32,12,63,72,43,151,124,819
69,59,61,187,56,108,119,95,99,92,56,38,73,109,50,81,66,27,50,34,192,98,44,22,49,67,25,50,50,76,50,861
60,89,93,215,121,106,94,136,57,109,49,29,37,21,31,65,77,75,84,69,95,55,77,63,136,34,69,35,58,19,61,851
64,32,80,189,147,114,48,82,49,33,26,141,71,58,76,180,110,95,87,44,57,17,47,21,64,22,35,36,155,17,47,579
84,58,85,109,122,46,105,37,85,113,81,75,59,76,43,145,40,131,24,103,42,29,25,60,26,65,50,48,116,33,76,1115
83,59,92,93,97,77,101,109,56,104,92,155,87,84,87,70,47,60,133,67,49,110,35,131,36,42,40,49,50,71,49,982
42,82,43,192,92,64,82,102,50,95,40,55,56,63,72,126,104,76,110,67,59,39,89,63,128,69,104,58,67,63,32,373
57,179,56,91,49,265,148,102,78,35,88,70,40,64,5,35,24,111,102,80,39,57,69,32,61,63,35,37,183,91,36,1024
103,144,100,54,109,94,80,53,95,59,74,154,27,74,66,43,46,134,112,34,84,89,22,77,41,82,23,63,42,112,30,615
46,36,55,56,150,152,52,96,49,44,78,92,88,81,172,58,39,105,34,142,46,50,82,63,50,126,43,82,49,66,40,958
72,71,74,79,69,48,76,84,50,77,34,59,27,114,59,37,49,250,53,42,43,142,199,103,53,118,66,73,146,47,75,754
64,102,59,65,102,76,169,65,40,66,62,51,41,21,72,7,74,189,35,27,96,108,156,172,60,38,89,152,35,142,81,416
57,64,57,78,80,79,141,88,98,39,82,75,90,32,69,67,57,52,43,46,98,104,24,141,100,165,51,132,50,92,33,860
58,108,28,137,99,56,49,92,114,85,76,52,119,54,52,46,40,29,55,77,89,116,20,49,136,299,68,94,99,58,16,783
77,73,55,32,50,67,83,124,49,48,181,71,48,126,46,100,26,191,27,122,31,78,34,78,95,73,79,44,98,55,91,669
55,122,79,102,87,71,118,84,85,37,193,62,68,41,57,59,40,42,37,242,54,16,63,33,33,88,73,50,159,107,62,551
69,83,52,134,55,124,62,104,119,49,153,126,70,54,38,69,26,18,41,41,55,56,106,50,53,96,56,90,46,196,57,627
63,65,44,76,95,85,72,135,73,82,112,26,125,95,51,87,38,53,95,51,63,74,54,49,65,65,58,79,97,304,110,797
107,59,57,59,66,126,23,68,83,150,79,93,29,135,63,106,31,68,70,30,131,73,36,56,71,89,59,54,157,173,19,694
75,95,79,112,78,119,11,68,58,101,62,38,90,138,76,79,53,54,91,136,77,76,132,51,21,50,46,46,66,32,21,918
51,34,95,50,69,138,52,81,51,88,42,47,47,57,52,82,114,49,51,79,74,65,74,101,29,76,136,109,41,149,87,581
55,191,102,46,88,139,90,86,117,68,81,26,54,33,88,116,50,45,29,83,24,62,51,48,27,62,56,70,191,153,37,776
87,86,54,67,139,158,73,53,75,66,122,199,60,121,38,53,61,123,49,45,55,27,53,84,33,39,41,55,51,64,89,549
40,56,70,152,97,98,83,48,135,72,147,36,100,60,85,151,47,227,61,146,85,122,75,40,36,96,43,44,50,22,64,401
38,63,106,88,54,33,122,28,61,50,44,36,123,85,65,62,133,106,81,197,40,48,54,121,117,107,34,53,130,60,29,648
37,88,93,88,127,148,84,62,63,55,151,38,60,107,117,39,52,112,45,56,29,18,34,44,61,64,62,106,48,129,40,626
43,68,31,134,99,161,75,104,80,96,166,54,56,50,41,57,76,70,26,49,132,22,39,143,43,115,53,53,71,41,45,851
92,92,12,160,101,43,31,133,49,91,67,108,59,49,54,54,46,46,29,55,63,99,111,30,138,99,30,70,94,133,81,1034
79,63,99,176,95,159,119,81,54,45,48,131,37,55,73,62,40,105,58,54,32,35,52,66,147,58,87,46,99,62,45,887
91,99,89,131,107,135,99,68,104,32,106,60,75,18,58,100,90,92,96,37,49,46,76,90,116,77,46,34,34,240,75,582
53,111,47,98,72,136,126,154,131,53,51,67,155,57,46,67,34,30,118,17,149,82,72,49,71,52,46,55,67,321,18,627
75,121,45,147,95,78,31,108,76,80,66,104,139,108,43,46,38,52,44,55,133,90,31,66,42,59,55,35,45,15,27,497
58,73,65,182,148,84,69,42,69,48,23,39,25,193,55,132,56,59,44,113,34,133,83,70,53,17,92,111,56,61,80,867
40,119,78,198,109,110,96,110,101,44,58,67,101,94,77,148,62,37,92,50,100,60,37,113,90,62,32,94,43,99,62,648
98,52,52,162,123,63,60,201,66,71,60,67,29,7,76,93,54,44,73,128,139,37,53,118,99,48,129,51,36,30,63,395
53,47,53,208,86,63,75,135,100,69,79,36,45,50,45,42,97,125,102,178,115,67,38,59,22,42,110,33,48,62,73,410
87,64,128,151,99,66,70,86,76,180,2,40,81,67,97,63,48,41,80,95,34,89,118,126,34,147,61,40,54,47,88,762
52,61,45,90,57,58,64,34,59,31,16,53,99,70,62,126,47,81,48,98,108,29,164,47,68,111,44,81,106,232,57,804
89,70,119,91,86,60,71,61,45,29,44,56,43,45,73,201,41,54,67,79,136,64,60,68,35,102,76,94,109,97,109,838
95,59,94,93,104,99,70,91,51,144,105,65,72,71,49,134,47,105,45,94,62,53,44,45,60,87,77,47,86,92,42,555
114,112,57,86,89,88,148,136,86,108,59,58,56,55,62,107,52,69,39,36,61,110,71,71,62,57,70,114,110,48,36,1161
83,133,86,55,114,67,76,214,107,146,68,24,49,122,76,55,84,68,38,92,38,50,31,48,65,84,57,103,71,67,67,647
