1205765,2399437,6155090,342970,6546744,207782,1614102,208006,3966824,218399,2629130,206170,1314892,168252,7235995,172663,163354,559320,2501921,210149,1599510,366883,8202853,251591,201096,181729,624326,221528,212468,200557,195998,934973
1205839,2399496,6155153,343042,6546867,207829,1614202,208052,3966919,218434,2629207,206234,1314955,168286,7236089,172819,163404,559362,2501964,210234,1599605,367030,8202929,251644,201155,181867,624380,221637,212532,200676,196105,935906
1205903,2399554,6155234,343123,6546967,207872,1614273,208134,3967014,218506,2629301,206286,1315009,168390,7236200,172958,163449,559427,2502001,210312,1599685,367117,8203076,251673,201270,181922,624460,221663,212696,200707,196187,937816
1205996,2399634,6155336,343234,6547182,207927,1614426,208190,3967086,218534,2629389,206317,1315065,168439,7236265,173013,163501,559505,2502105,210384,1599776,367144,8203149,251761,201344,181962,624498,221712,212767,200780,196259,939163
1206071,2399674,6155406,343306,6547332,208005,1614526,208246,3967204,218563,2629469,206355,1315169,168489,7236319,173055,163604,559544,2502168,210397,1599839,367189,8203217,251821,201396,182065,624599,221771,212824,200906,196406,940408
1206140,2399699,6155450,343398,6547376,208059,1614753,208285,3967253,218578,2629599,206375,1315249,168586,7236386,173098,163693,559683,2502240,210444,1599902,367219,8203275,251850,201455,182113,624640,221808,212960,200969,196461,941188
1206186,2399764,6155527,343472,6547427,208173,1614860,208306,3967320,218611,2629756,206420,1315341,168632,7236521,173118,163738,559881,2502318,210477,1599979,367240,8203371,251902,201534,182146,624673,221915,213038,201027,196562,941828
1206243,2399845,6155569,343568,6547487,208252,1614945,208406,3967357,218674,2629844,206508,1315442,168706,7236752,173195,163768,559922,2502348,210509,1600116,367279,8203412,251939,201617,182166,624716,221953,213092,201056,196637,942980
1206282,2399892,6155633,343680,6547553,208294,1615021,208589,3967426,218714,2629961,206580,1315509,168758,7236936,173235,163783,559959,2502472,210638,1600154,367317,8203448,251957,201833,182193,624754,222015,213130,201120,196678,943369
1206368,2399921,6155678,343803,6547633,208373,1615080,208633,3967476,218762,2630010,206646,1315578,168839,7237031,173433,163848,560018,2502563,210757,1600322,367370,8203497,251983,201888,182254,624776,222042,213174,201158,196715,944242
1206500,2399953,6155740,343895,6547699,208473,1615226,208706,3967566,218782,2630041,206710,1315628,168864,7237089,173471,163882,560154,2502642,210820,1600444,367446,8203543,252019,202035,182305,624798,222087,213223,201300,196799,944740
1206553,2399989,6155826,343940,6547780,208552,1615305,208741,3967636,218885,2630108,206756,1315660,168899,7237116,173505,163926,560281,2502725,211066,1600502,367534,8203618,252048,202130,182321,624832,222109,213240,201496,196970,945385
1206678,2400181,6155880,344022,6547875,208661,1615347,208791,3967684,218940,2630157,206782,1315700,168941,7237240,173548,164055,560321,2502780,211250,1600552,367572,8203650,252079,202171,182397,624878,222137,213324,201702,197015,945822
1206798,2400250,6155930,344121,6548003,208760,1615432,208936,3967746,218995,2630269,206820,1315774,168952,7237281,173586,164096,560360,2502887,211400,1600671,367602,8203673,252114,202222,182423,624913,222198,213362,201878,197056,946472
1206843,2400299,6155966,344170,6548116,208776,1615602,208983,3967902,219031,2630349,206894,1315944,168994,7237321,173761,164173,560425,2502925,211456,1600799,367667,8203719,252193,202278,182515,624966,222245,213392,201888,197072,946919
1206900,2400374,6156014,344227,6548213,208956,1615659,209062,3967954,219072,2630412,206968,1316147,169025,7237357,173831,164248,560544,2502975,211503,1600899,367741,8203757,252267,202332,182569,625031,222271,213446,201914,197121,947904
1206956,2400529,6156088,344293,6548306,209149,1615708,209137,3967993,219142,2630439,207022,1316340,169058,7237409,173895,164291,560575,2503002,211551,1601023,367812,8203806,252339,202375,182699,625089,222311,213571,201972,197176,948673
1207040,2400601,6156150,344432,6548403,209301,1615770,209166,3968065,219177,2630462,207098,1316443,169145,7237459,173970,164368,560641,2503071,211628,1601095,367847,8203864,252355,202418,182777,625118,222415,213695,202011,197205,949704
1207139,2400660,6156200,344661,6548498,209376,1615830,209213,3968142,219229,2630510,207167,1316492,169177,7237507,174041,164396,560735,2503096,211651,1601256,367981,8203922,252381,202450,182789,625181,222487,213738,202162,197329,950523
1207208,2400719,6156261,344848,6548554,209484,1615949,209308,3968241,219321,2630566,207205,1316565,169286,7237557,174122,164462,560762,2503146,211685,1601448,368079,8203966,252403,202499,182856,625206,222537,213788,202238,197379,951384
1207268,2400808,6156354,345063,6548675,209590,1616043,209444,3968298,219430,2630615,207234,1316602,169307,7237588,174187,164539,560837,2503230,211754,1601543,368134,8204043,252466,202635,182890,625275,222572,213846,202257,197440,952235
1207332,2400840,6156434,345252,6548822,209704,1616091,209526,3968347,219463,2630641,207375,1316673,169365,7237664,174367,164649,560932,2503317,211798,1601600,368151,8204090,252487,202699,182912,625310,222608,214001,202274,197487,952814
1207416,2400898,6156519,345361,6548944,209750,1616196,209563,3968432,219576,2630722,207450,1316732,169441,7237707,174512,164689,561063,2503341,211901,1601642,368180,8204115,252547,202725,182977,625360,222656,214117,202307,197563,953929
1207499,2400957,6156611,345454,6549041,209827,1616297,209672,3968488,219680,2630814,207605,1316819,169525,7237794,174582,164736,561123,2503474,211968,1601691,368290,8204150,252678,202761,183019,625400,222705,214167,202378,197612,954911
1207541,2401039,6156654,345646,6549133,209891,1616379,209774,3968538,219775,2630854,207660,1316875,169588,7237866,174708,164840,561199,2503584,212035,1601750,368329,8204239,252741,202889,183088,625504,222763,214234,202441,197644,955284
1207598,2401218,6156710,345737,6549182,210156,1616527,209876,3968616,219810,2630942,207730,1316915,169652,7237871,174743,164864,561310,2503686,212115,1601789,368386,8204308,252773,202950,183151,625539,222800,214417,202532,197680,956308
1207701,2401362,6156810,345791,6549291,210250,1616607,209929,3968711,219869,2631016,207884,1316942,169726,7237937,174786,164910,561444,2503798,212149,1601873,368475,8204330,252850,202991,183233,625562,222863,214459,202644,197710,956923
1207747,2401398,6156865,345847,6549441,210402,1616659,210025,3968760,219913,2631094,207976,1317030,169807,7238109,174844,164949,561549,2503832,212291,1601919,368525,8204412,252913,203041,183359,625605,222945,214508,202710,197750,957881
1207819,2401469,6156939,345926,6549510,210450,1616735,210109,3968810,219990,2631128,208035,1317057,169921,7238168,174881,164998,561799,2503885,212333,1601962,368667,8204611,253016,203094,183477,625671,223018,214654,202757,197825,958635
1207883,2401571,6156998,345991,6549612,210526,1616904,210174,3968850,220056,2631190,208086,1317098,169942,7238240,174888,165072,561988,2503920,212360,1602058,368775,8204767,253188,203154,183515,625760,223170,214689,202899,197906,959051
1207940,2401635,6157055,346069,6549692,210605,1617045,210262,3968948,220095,2631272,208161,1317188,169974,7238309,174955,165129,562040,2503963,212406,1602156,368879,8204791,253329,203254,183680,625811,223302,214739,202991,197939,959911
1207998,2401743,6157083,346206,6549791,210661,1617094,210354,3969062,220180,2631348,208213,1317307,170028,7238361,175001,165169,562069,2504018,212483,1602245,368995,8204811,253378,203390,183979,625879,223396,214838,203049,197955,960694
1208075,2401816,6157138,346238,6549841,210728,1617177,210478,3969111,220228,2631529,208284,1317355,170154,7238407,175101,165195,562260,2504045,212605,1602276,369073,8204845,253456,203485,184052,625958,223440,214936,203104,198046,961363
1208130,2401938,6157217,346340,6549928,210799,1617295,210562,3969196,220265,2631722,208346,1317423,170195,7238464,175160,165235,562302,2504082,212847,1602330,369089,8204908,253489,203518,184140,626031,223490,215095,203211,198108,961914
1208199,2402021,6157269,346474,6549983,210923,1617357,210666,3969315,220314,2631875,208472,1317493,170249,7238502,175229,165261,562320,2504123,212888,1602385,369145,8205014,253539,203571,184236,626087,223580,215141,203407,198165,962541
1208262,2402086,6157313,346550,6550078,211008,1617429,210801,3969388,220396,2631987,208498,1317618,170344,7238553,175316,165299,562373,2504218,212939,1602448,369219,8205068,253588,203636,184301,626145,223659,215238,203711,198275,963338
1208369,2402145,6157370,346609,6550144,211134,1617452,210869,3969471,220546,2632066,208591,1317647,170479,7238616,175422,165330,562441,2504288,212969,1602579,369292,8205104,253644,203707,184390,626204,223713,215395,203884,198294,964032
1208444,2402240,6157449,346721,6550222,211253,1617463,210937,3969529,220647,2632128,208629,1317737,170617,7238692,175501,165383,562495,2504379,213105,1602656,369368,8205236,253695,203728,184440,626250,223759,215461,203916,198315,964950
1208495,2402274,6157544,346771,6550291,211391,1617515,211018,3969580,220735,2632170,208676,1317784,170674,7238744,175583,165497,562544,2504430,213184,1602730,369433,8205310,253796,203757,184516,626386,223868,215502,204065,198402,965531
1208550,2402465,6157646,346817,6550379,211530,1617605,211104,3969697,220803,2632251,208702,1317838,170707,7238832,175699,165547,562589,2504459,213267,1602754,369495,8205361,253844,203784,184578,626442,223938,215693,204218,198439,966307
1208637,2402551,6157700,346884,6550518,211688,1617678,211157,3969772,220869,2632373,208901,1317898,170828,7238870,175752,165608,562712,2504508,213312,1602809,369522,8205414,253928,203817,184617,626483,223993,215744,204282,198528,966856
1208677,2402607,6157770,347036,6550615,211786,1617761,211205,3969907,220941,2632520,208937,1317998,170888,7238955,175903,165655,562939,2504569,213458,1602894,369644,8205489,253968,203853,184713,626526,224037,215794,204304,198592,967257
1208715,2402670,6157876,347124,6550669,211819,1617883,211233,3969968,220991,2632564,208973,1318121,170973,7239020,175965,165788,563045,2504650,213655,1602934,369692,8205543,254089,203970,184820,626560,224090,215924,204364,198621,967905
1208752,2402758,6157969,347212,6550796,211967,1617967,211295,3970031,221046,2632715,209011,1318181,171080,7239137,176004,165840,563157,2504695,213711,1602963,369710,8205577,254133,204031,184884,626622,224196,215972,204493,198661,968531
1208795,2402826,6158000,347346,6550895,212128,1618042,211399,3970111,221142,2632881,209065,1318237,171130,7239178,176061,165916,563227,2504721,213760,1603095,369732,8205616,254276,204074,184999,626675,224249,216043,204534,198706,969382
1208887,2402918,6158012,347506,6550996,212171,1618073,211532,3970160,221233,2632948,209173,1318296,171179,7239232,176115,165962,563273,2504750,213815,1603158,369831,8205727,254306,204212,185098,626705,224319,216137,204667,198787,970416
1208966,2402981,6158111,347682,6551091,212330,1618192,211613,3970214,221278,2632996,209304,1318333,171234,7239305,176177,166002,563378,2504808,213869,1603190,369866,8205779,254372,204359,185156,626792,224365,216236,204729,198832,971303
1209057,2403080,6158200,347813,6551198,212465,1618291,211681,3970318,221310,2633102,209364,1318408,171252,7239363,176277,166092,563470,2504904,213906,1603239,369912,8205855,254462,204475,185233,626838,224399,216270,204969,198907,971885
1209110,2403191,6158247,347911,6551270,212601,1618417,211835,3970449,221363,2633153,209431,1318563,171309,7239409,176344,166126,563500,2505022,213923,1603388,369994,8205927,254511,204546,185285,626884,224454,216337,205290,198925,972512
1209185,2403312,6158292,348058,6551365,212679,1618448,211943,3970525,221443,2633219,209535,1318702,171417,7239452,176390,166164,563552,2505066,213978,1603521,370084,8205958,254577,204588,185344,626939,224489,216382,205305,198952,973009
1209243,2403385,6158357,348240,6551513,212763,1618517,211985,3970594,221491,2633242,209574,1318727,171610,7239507,176522,166220,563611,2505110,214091,1603555,370217,8206041,254647,204641,185361,627031,224600,216438,205366,199032,973876
1209283,2403504,6158435,348438,6551622,212873,1618613,212095,3970695,221535,2633300,209641,1318828,171704,7239584,176670,166282,563648,2505202,214141,1603655,370277,8206078,254760,204731,185423,627063,224694,216481,205465,199094,974524
1209381,2403556,6158487,348600,6551745,212936,1618673,212296,3970761,221606,2633360,209708,1318857,171711,7239660,176763,166336,563692,2505275,214269,1603794,370314,8206131,254878,204830,185471,627192,224745,216517,205495,199157,974919
1209434,2403603,6158540,348808,6551831,212999,1618748,212431,3970861,221675,2633439,209744,1318902,171761,7239705,176805,166433,563817,2505377,214447,1603909,370381,8206169,254937,204852,185513,627302,224778,216565,205557,199230,975329
1209521,2403667,6158668,348959,6551930,213065,1618818,212517,3970937,221855,2633441,209784,1318983,171828,7239802,176868,166481,563858,2505457,214542,1603943,370470,8206287,255063,204886,185660,627363,224818,216619,205604,199318,976091
1209573,2403728,6158713,349049,6551987,213123,1618882,212551,3970996,221886,2633457,209837,1319082,171898,7239864,176994,166528,563939,2505505,214640,1604051,370499,8206451,255110,204954,185771,627407,224899,216725,205836,199375,976895
1209662,2403798,6158832,349140,6552073,213183,1618953,212612,3971041,221915,2633501,209893,1319125,171943,7239937,177195,166569,563993,2505572,214719,1604187,370563,8206511,255178,204989,185873,627483,224993,216834,205933,199484,977733
1209757,2403857,6158926,349233,6552177,213282,1619023,212703,3971092,222059,2633606,209958,1319197,172014,7239986,177329,166616,564098,2505617,214813,1604249,370616,8206555,255223,205049,185960,627560,225040,216920,206025,199526,978288
1209871,2403969,6158983,349319,6552266,213370,1619171,212839,3971178,222167,2633665,210016,1319253,172069,7240048,177436,166668,564167,2505656,214849,1604310,370726,8206626,255294,205111,186017,627630,225154,217030,206073,199562,979449
1209954,2404102,6159069,349374,6552380,213437,1619247,213053,3971285,222313,2633733,210040,1319302,172191,7240124,177491,166752,564235,2505694,214941,1604348,370776,8206657,255342,205176,186101,627687,225257,217101,206140,199629,980096