1365089618679,1864664439230,2540572514334,1877233232689,2493778844329,1554894331909,1910618279251,1516491122868,2240564499589,1520126815985,1993645288218,1412407465295,1560393961671,1399518749242,2316175901692,1385224361870,1451615351655,1560707668304,1842303073060,1787905053096,1831306024996,1669839546668,2368936778531,1889989246627,1689911024312,1514654793283,1485201936574,1777453150015,1732825671983,1331972101453,1348548181594,1168223667124
1365490779489,1865072739287,2540952476345,1877693509957,2494388328832,1555426164832,1911114201933,1516976390119,2241139224594,1520552632570,1994114292298,1412814500865,1560890954255,1400106705383,2316755829845,1386044477672,1451938712061,1561230225297,1842657553340,1788348368758,1831864011879,1670482039909,2369357298872,1890442908154,1690393805143,1515349862570,1485667037361,1778255609777,1733227041552,1332767954664,1349086503539,1169144936207
1365899221375,1865475088730,2541456649719,1878166114689,2494884477815,1555984645303,1911496246514,1517527307431,2241610554986,1521123160772,1994771912638,1413359547884,1561335823640,1400781095010,2317388117973,1386745828058,1452418025486,1561896202642,1843073801189,1788840811627,1832478840293,1671025985781,2370151141806,1890727209328,1691002861038,1515687934545,1486133843293,1778672868888,1734061096004,1333422149716,1349598155007,1169928543916
1366494884300,1865909528369,2542093984398,1878459827948,2495759043500,1556381943873,1912343666255,1517826888503,2242113455686,1521690439927,1995329226750,1413883089644,1561948319139,1401341618542,2317884813226,1387146497553,1452955167656,1562426433764,1843867602395,1789513355481,1832972777529,1671283394943,2370696008392,1891298859901,1691522495891,1516127304056,1486548317742,1779057418486,1734560315221,1333925218104,1350301917715,1170566286621
1366936247661,1866582287900,2542496060491,1878934031868,2496641437722,1556851659798,1912918759865,1518324540057,2242534952712,1522012694800,1995814183668,1414416791308,1562763775978,1401767133928,2318373446636,1387653558576,1453554788007,1562808356933,1844392345258,1790228649589,1833503429677,1671610658902,2371173446931,1891737028329,1691859559039,1516990715285,1487254984116,1779638122414,1735046254818,1334792286945,1351063066010,1171149205283
1367407632007,1867048683940,2542957387163,1879303413367,2497035358386,1557490067685,1913858355560,1518827973988,2242945398046,1522547435555,1996368630359,1414848399887,1563327650740,1402605529449,2319070719974,1388020186404,1454173655955,1563732567636,1844883094081,1790657194893,1834054467328,1672142640985,2371598594839,1892327042938,1692413519072,1517580218588,1487778095916,1779989090018,1735657343635,1335361992224,1351392749878,1171551852990
1367962591216,1867427714305,2543337301141,1879749135379,2497476536158,1558103397045,1914556308052,1519342980056,2243250429567,1522989288790,1997090839054,1415292367071,1563937816080,1403137942398,2319625121320,1388547261327,1454682792054,1564677567468,1845398426115,1791232242611,1834488963217,1672666881131,2372239842667,1892731563261,1692903670101,1518147456486,1488217863728,1780855758245,1736094345372,1335749536744,1352070727224,1171841424616
1368458773248,1867993548434,2543731444574,1880437067245,2498022258816,1558620604623,1915040560843,1520041108925,2243640830948,1523411591019,1997783106602,1415827854911,1564473449844,1403702326010,2320572679133,1389190575199,1455093264847,1565381137380,1845744172997,1791682080412,1835253181901,1673062370461,2372686514432,1893199865564,1693337842830,1518658664914,1488610482336,1781373769725,1736576023245,1336414963017,1352551276894,1172200108047
1368959669392,1868469756101,2544167155899,1880738244519,2498502948571,1559129922840,1915378595513,1521052402506,2244156592737,1523871208927,1998610024658,1416186353682,1564880815282,1404096313030,2321409110527,1389650730368,1455545214398,1565817559624,1846342267001,1792561427529,1835661533705,1673501341430,2372997416056,1893671020153,1694394753558,1519287394579,1489102072803,1782001262208,1736923143104,1337046591236,1352889232994,1172434046287
1369241839241,1868975064714,2544418801343,1881514666547,2498958431315,1559657173009,1915676528021,1521490032765,2244610398896,1524340620014,1999060515244,1416731340761,1565357546368,1404875492984,2322017288670,1390469302382,1456122519080,1566582106147,1846963139890,1793495997987,1836432314427,1674033163453,2373369186634,1894037053450,1694785984719,1520095605779,1489534312178,1782462739723,1737436699037,1337474351464,1353288034034,1172786870276
1369684144973,1869459722733,2544826170576,1881901928897,2499444276515,1560316689677,1916374126752,1521915931856,2245029536841,1524910947332,1999620644012,1417277709490,1565728705245,1405358602882,2322565816244,1391014829216,1456409312883,1567238480806,1847401599811,1794141697923,1837242790884,1674615419832,2373771398481,1894677891651,1695626174587,1520786047071,1490098719292,1782947560209,1737838958531,1338297763682,1353763929291,1173081884650
1370255610135,1869960615026,2545171561725,1882573992137,2499869268035,1560971900560,1916697104052,1522443240767,2245416996349,1525665279655,1999996697956,1417815328637,1566125688912,1405789329255,2322870007835,1391668967931,1456762186907,1567832311269,1847881328708,1794940338777,1837658564119,1675293182954,2374114589266,1895078266945,1696328701717,1521413444462,1490615951194,1783435918180,1738173152378,1339344375116,1354660200340,1173442638857
1371043237410,1870646158696,2545510363162,1883248422628,2500324930058,1561879785410,1917372650969,1522880005166,2245795144086,1526093664111,2000502846379,1418328510299,1566585719983,1406123806201,2323497197898,1392256927350,1457294766494,1568272412565,1848239662397,1795632286110,1837964855769,1675943021239,2374457032093,1895544775331,1696699526166,1522101270595,1491115608741,1783859174800,1738716005336,1340351119572,1355153613301,1173851619172
1371726046870,1871403819067,2546069451312,1884056987931,2500948149638,1562574821414,1917806873326,1523574336318,2246186321502,1526711824063,2000931639808,1418907318818,1566962033611,1406880341773,2324069606002,1392721441466,1457627290781,1568788010258,1848769736648,1796297295888,1838653061240,1676360334724,2374652961139,1895937146857,1697279883025,1522531329553,1491361722047,1784486379745,1739014067473,1341268937367,1355462244453,1174168288302
1372100554060,1871885507272,2546388678949,1884510420716,2501396048088,1563178625132,1918377026405,1524123111153,2247085316751,1527205661301,2001412747937,1419502725599,1567813471638,1407526948615,2324521580375,1393541609486,1458251309838,1569199966040,1849173265209,1796837985939,1839333209005,1677014115740,2374985377231,1896552039954,1697714708544,1523449661026,1491766337990,1784830738421,1739341151022,1341830848663,1355709491414,1174489896266
1372492627640,1872499897524,2546772278901,1884918486156,2501869166365,1563975258447,1918706511487,1524702577441,2247473462993,1527772040817,2001953430252,1420120608930,1568748849312,1408070975562,2325112501169,1394173513633,1458912666588,1569828804944,1849527162659,1797344515423,1839995607085,1677605715528,2375317574971,1897275106827,1697959608785,1523937313726,1492301794985,1785481422253,1739692103168,1342385103270,1356087488580,1174837211504
1372820964899,1873146152725,2547298426614,1885335954003,2502156000151,1564754221197,1919012030956,1525344237787,2247923103735,1528298537649,2002407265561,1420665422667,1569714181261,1408646945606,2325448863880,1394960382121,1459241367294,1570334863083,1849842946008,1797944995479,1840854641532,1678102324971,2375644279427,1897883055588,1698310942166,1524761767735,1492764903393,1785990377053,1740089412298,1343020194253,1356562411835,1175159827570
1373201688497,1873780891051,2547762472397,1886085902520,2502512124487,1565547918241,1919395577946,1525977511406,2248409429787,1528914652352,2003152593467,1421177727496,1570422110149,1409382034460,2325715489164,1395651425022,1459753361146,1571022276115,1850147411497,1798510535128,1841354878206,1678600858362,2375992347956,1898378185314,1698685655717,1525401272387,1493121349746,1786610306835,1740782516298,1343696211661,1356884248519,1175476197610
1373442160498,1874441376081,2548096546354,1887088009601,2503191499139,1566360963352,1919784386562,1526494060865,2249054245410,1529470236919,2003530786706,1421666121754,1570819374313,1409862689287,2325956489594,1396205640620,1459991670031,1571668153626,1850398663563,1799115739672,1842301822977,1679436933913,2376403263716,1898929559099,1698960935575,1526039742912,1493374053655,1787273791201,1741349160726,1344549490862,1357287884975,1175872011708
1373878565392,1875084293974,2548511069680,1888048953525,2503517493374,1567185531189,1920094676273,1527014074929,2249547160142,1530041309321,2003868384090,1422285115234,1571296348152,1410568814047,2326347060480,1396858222392,1460473882279,1572175842236,1850774234318,1799715625046,1843228635931,1680158812491,2376828328756,1899539260835,1699374574139,1526695011256,1493793981645,1787779771321,1741831046734,1345066552529,1357568716003,1176167966203
1374329455472,1875734452258,2548894208518,1889043817629,2504122485674,1567865809016,1920464260811,1527820188645,2249851477959,1530577756709,2004246527979,1422774776167,1571627072206,1411226429715,2326629625796,1397422222932,1460883387151,1572892805536,1851150848988,1800234934021,1843747417917,1680658172425,2377268317710,1900030493041,1700200516676,1527269788584,1494431417458,1788166886429,1742234837973,1345737976095,1358062457450,1176437755674
1374828658872,1876303304041,2549222936487,1890033123548,2504901077623,1568527286471,1920910658822,1528343246739,2250204095052,1531081928085,2004926506455,1423406769262,1572022649920,1411743743255,2326933789224,1398499226448,1461587736017,1573294056809,1851486676393,1800725772952,1844263543421,1681208136860,2377664241698,1900633655819,1700666442304,1527676111575,1495005956687,1788636039720,1743091713088,1346279747311,1358411986572,1176695803015
1375296753655,1876803915756,2549579913098,1890574592990,2505745671630,1569150651996,1921292735680,1529030440034,2250655250331,1531791955110,2005555095088,1423967850069,1572383758833,1412331704111,2327436713061,1399186643822,1461933228688,1574123303107,1851811852732,1801308209905,1844780544684,1681727693126,2377953372231,1901167671141,1700927551263,1528186102330,1495287792055,1789201353028,1743752415519,1346839826613,1358792162232,1177015183226
1375652783451,1877435986805,2549834530842,1891235265404,2506087806390,1569688300407,1921884047950,1529656765861,2251050459725,1532500901048,2006221587504,1424591074917,1573042430365,1412923635106,2327994902982,1399776656415,1462355462363,1574630510946,1852617621560,1801783009548,1845176366512,1682352823552,2378502759109,1901768263588,1701402189218,1528673632632,1495749885660,1789721559240,1744127253753,1347309516255,1359119020189,1177297330264
1376183076720,1878267291194,2550242948502,1892125209056,2506506558193,1570206102937,1922339856568,1530021060786,2251418419803,1532963672971,2006712855703,1425080500605,1573437592743,1413410950145,2328566309668,1400660531447,1462848720465,1575244526736,1853325341555,1802150571858,1845763742396,1682849863519,2378990425127,1902228367254,1702205746029,1529067326475,1496252068985,1790301551117,1744608826129,1347891750425,1359580140322,1177600234287
1376638762636,1879119782568,2550480477018,1892787846183,2506909306481,1570993596511,1922685639894,1530615459235,2251741843478,1533632785349,2007192112154,1425584432318,1573711809529,1413939768886,2329389923218,1401277376619,1463180036987,1576025422722,1854210073517,1802870613381,1846234397532,1683291859319,2379328798796,1902857229084,1702519739641,1529659432770,1496500301557,1790782619541,1745546325568,1348619576176,1359914633443,1177929289198
1376908375952,1879936677790,2551097612147,1893373311604,2507566885248,1571536854201,1922915264479,1531311319801,2252132125970,1534094621832,2007551104884,1426232624951,1574020188981,1414581929569,2329810677265,1401848274936,1463392009633,1576716548461,1854920107784,1803470193321,1846806920083,1683833726977,2379547609777,1903520652472,1703038958722,1530431171419,1496905798502,1791265494475,1745927828683,1349225818943,1360337845804,1178222813304
1377263820903,1880619577512,2551508965569,1893926531930,2507965514278,1572461700502,1923420691420,1531988963256,2252532911880,1534759912426,2008034119708,1427017287409,1574454259168,1415163996612,2330573722759,1402398789381,1463806207141,1577434670003,1855184680728,1804180915464,1847172598445,1684318662988,2380097307678,1903956156137,1703424067226,1531037426335,1497375579698,1791757913910,1746338832513,1349942134567,1360853641473,1178559350955
1377606085384,1881081713847,2551902491107,1894360301111,2508465311441,1572889386873,1923902566122,1532595576818,2252941478103,1535242834484,2008402750201,1427501828256,1574792691538,1415916004057,2331061336367,1402997551200,1464458277593,1578341589349,1855651204413,1804939497905,1847463601129,1684895676248,2380995895415,1904722632303,1703863420237,1531816323778,1497635458026,1792303127643,1746942234523,1350464111783,1361322417180,1178875947537
1377970760039,1881862005618,2552202882786,1894853806838,2508971632033,1573245163238,1924327270111,1533014063106,2253326417261,1535784490136,2008880960571,1427936270310,1575201876845,1416379301621,2331622422692,1403498348177,1465026828769,1579029551045,1855992750055,1805314703747,1848096028807,1685435734041,2381689342119,1905688339377,1704346199259,1532522823784,1498390855271,1793113210173,1747374809743,1350906581982,1361952115833,1179128530325
1378354255546,1882355276022,2552689397490,1895344350663,2509377155283,1573607279171,1925212861725,1533589949701,2254005276506,1536273400330,2009192421654,1428471429831,1575603516297,1416940612783,2332023587442,1404070976030,1465481937185,1579473681107,1856538742218,1805718536088,1848698954069,1686035326594,2382446400065,1906319471365,1705021215381,1533284785812,1498965579626,1793962316148,1747745210864,1351378972202,1362539202701,1179503630558
1378872895623,1882727932907,2553062347857,1896100740905,2509737430263,1574048716110,1925578382476,1534011280877,2254719251045,1536737038843,2009815655338,1428920707979,1576255007219,1417516076187,2332516059220,1404576370331,1465945992095,1580130806442,1856852780822,1806275397714,1849373345845,1686663998693,2382967295864,1906807691443,1705868746751,1534299002956,1499456816590,1794572674924,1748070829271,1351871654811,1363011893825,1179810332829
1379262732586,1883491958310,2553426827417,1896832008097,2510288781989,1574598901129,1925948401035,1534856922222,2255014515937,1537217177718,2010738374777,1429545867102,1576738955734,1418415192444,2332880113181,1405146891943,1466324028118,1580882452777,1857218523447,1806878705646,1849666060379,1687223392779,2383466144157,1907386999824,1706535208600,1534788341288,1499824114631,1795047909821,1748569232962,1352412159629,1363539453129,1180072066806
1379811663881,1884302434783,2553811758627,1897326777623,2510700081474,1574942668995,1926617125113,1535527742733,2255417455059,1537543980391,2011714618234,1430106116422,1577028213707,1419195988091,2333430206434,1405581395066,1466683690116,1581330227896,1857618695553,1807862212615,1850001653185,1687930602261,2384024331358,1907945695040,1707034217957,1535257838499,1500309767244,1795460871885,1749443415898,1353042150181,1363986059720,1180285846532
1380335063177,1884736776552,2554260869707,1898197638192,2511195492087,1575356467840,1927015516627,1536002591744,2256172796207,1537909287484,2012672126389,1430758060733,1577486927090,1420066230967,2333792192664,1406130435405,1467129336455,1581904123225,1857948689850,1808346756061,1850504058102,1688394083895,2384569476469,1908533792427,1707412866387,1535900946359,1500763272465,1796009204202,1749871594165,1353699554650,1364323835242,1180537311926
1380647339559,1885224928589,2554691607592,1898748907444,2511501174451,1575887669062,1927539826402,1536953012882,2256510357717,1538312233110,2013203421410,1431082781825,1578280088474,1420826659399,2334155244916,1406636745700,1467615503830,1582507605931,1858530739745,1809073874129,1850918606912,1688919509616,2385285540192,1909119018898,1707965948669,1536535805158,1501104885064,1796583368727,1750372838128,1354487126798,1364684459669,1180848737594
1381065939184,1885678368659,2555108777598,1899406476798,2511817386013,1576650051647,1927921296842,1537559346740,2256968122924,1538964870437,2013721686399,1431664160030,1578663257606,1421379530128,2334385946168,1407416706644,1467868423928,1582981401596,1859164330190,1809545394830,1851544911303,1689408837567,2385618280356,1909548884134,1708461226258,1537277086438,1501616645937,1797164146789,1751315902977,1355276788604,1365044430011,1181122047478
1381425734723,1886339445506,2555463489765,1900118396938,2512253533028,1577395535789,1929034601030,1538283033877,2257319098771,1539574630209,2014164572774,1432106423534,1579167316047,1422065763867,2335070017575,1407965964418,1468181215486,1583568997702,1859591443003,1810204872146,1852094617396,1689939563858,2386226554478,1909938564827,1708897468409,1537970167678,1501935168045,1797864236497,1751914567286,1355783717476,1365615981914,1181418245255
1381862485795,1886910338118,2555868435929,1900831647098,2512562481731,1578396465622,1929447162724,1538983724243,2257779614668,1540189821963,2014562799336,1432593343589,1579646499068,1422579907346,2335378292237,1408483126158,1468712335907,1584095313757,1859903824386,1810852889573,1852413570178,1690375034861,2386695699114,1910667235047,1709202099964,1538579003170,1502611615722,1798563235184,1752460472448,1356459405798,1366242580727,1181730555702
1382194977363,1887666919726,2556392784520,1901665898447,2512928004057,1579177427694,1929855843598,1539662531354,2258244623125,1540642322424,2015029873772,1433223737722,1580279608560,1423082546163,2336072408902,1409193951234,1469257909259,1584646644386,1860215484765,1811459541942,1852865064949,1690796181750,2387089748674,1911102556536,1709600145005,1539048908198,1502996989741,1799000854390,1753301557646,1357208363442,1366486314203,1182007911446
1382466658437,1888258433023,2556720761187,1902122744337,2513862089089,1579779258369,1930199207672,1540174542458,2258503498330,1541144597536,2015623152543,1434067885981,1580671588052,1423702996961,2336393638515,1409892959633,1469840067883,1585559685814,1860850948530,1811986546378,1853426336421,1691259216923,2387593430709,1911580543633,1709996321176,1539429478210,1503475521659,1799449378461,1753987951943,1357654002335,1367122833198,1182270431711
1382927712011,1888689324691,2557377301770,1902926064723,2514307565475,1580203469991,1930759957932,1540684897727,2259349929353,1541405971120,2016424963396,1434595223941,1581304386277,1424148378360,2336957129402,1410614383855,1470258023588,1586449906955,1861323401946,1812853786622,1853766032840,1691840314788,2388000650412,1912186392122,1710386563352,1539987138783,1503863449805,1799807774329,1754264626710,1358273158821,1367734942512,1182491572687
1383339941103,1889123584220,2557756081422,1903580929044,2514653324849,1580632164350,1931524331696,1541236251940,2259763142049,1541845591654,2016851868818,1435115262398,1581797996676,1424887746078,2337499035354,1411050206526,1471099106386,1587289510911,1862067148992,1813476358851,1854107346710,1692202331675,2388385645273,1913156896107,1711249108310,1540479905007,1504173733171,1800327715308,1754654892947,1358875085053,1368096117165,1182738944572
1383695301882,1890078522605,2558028197361,1903985113878,2515018088010,1581247122459,1931895397684,1541854877793,2260083311386,1542397148253,2017687196210,1435596071490,1582248500856,1425605900471,2338355945333,1411509241244,1471438451438,1588199601924,1862611109037,1814088416616,1854560518866,1692815606072,2388856211840,1913856903022,1711673958273,1540853641973,1504599366901,1800875211071,1754999990754,1359544159226,1368556132415,1182987201550
1384085738616,1890706604406,2558635813841,1904817562642,2515357568317,1582165241017,1932343661447,1542333384440,2260581513435,1542944255639,2018486745855,1436073797311,1582605433834,1426167783610,2338831250360,1412052197847,1471847548778,1588772383030,1862946509040,1814711737972,1855320844548,1693289351312,2389450959646,1914475449290,1712246818022,1541587841857,1504928382492,1801369297329,1755357133481,1360045821741,1369035371773,1183298317670
1384463874410,1891277844057,2559517120015,1905651117606,2515698384663,1582859887825,1932941340377,1542877880628,2260960091664,1543511660676,2018788678861,1436539323108,1583085859919,1426708181093,2339335192830,1412511678802,1472093901707,1589384499169,1863309662238,1815348337148,1855780910609,1693925090746,2390250850184,1914945308792,1713182753946,1542063958303,1505251037154,1802075291968,1755724876349,1360927654953,1369330601297,1183689164005
1384917911442,1891897105235,2560056644551,1906609366522,2516138289337,1583328099401,1933475189702,1543596201327,2261330423271,1543932467401,2019250332553,1437416749428,1583467784206,1427191656343,2339685716174,1412924289466,1472504179438,1589894931707,1863699221915,1815950687994,1856434609511,1694367379876,2390644193468,1915402602173,1714131503745,1542499537062,1505791154690,1802636372664,1756460467342,1361506381112,1369723430214,1183941695869
1385390853171,1892398610872,2560544391072,1907376966943,2516520580571,1583971336314,1934358746219,1544155690908,2261706019437,1544484400613,2019612929169,1437877415392,1584001077415,1427764154643,2340173559163,1413649768292,1473032268299,1590328848800,1864254638276,1816425638561,1856914623318,1694787227412,2391302290190,1916035464122,1714859202122,1542978861791,1506242017056,1803194233133,1756845739790,1362211881815,1370110650896,1184201989077
1385784818041,1892892272496,2560949941726,1908093954820,2516862840121,1584439432291,1935156107190,1545067067048,2262354113015,1544935641609,2020120897522,1438314744472,1584578591138,1428337811822,2340483887740,1414201389654,1473353518172,1590961236436,1864872375125,1816946107481,1857636349351,1695327110715,2391776607973,1916505027424,1715560107101,1543482711162,1506587821029,1803706883577,1757282492327,1363152250326,1370530944147,1184441401723
1386061653554,1893591549317,2561498342531,1908907843583,2517249077044,1584913434305,1935760431876,1545961032165,2262701497421,1545802883891,2020368934337,1438880829543,1585469039979,1429128123535,2340814372768,1414585735742,1473672042366,1591434924099,1865201443461,1817544270837,1858575138089,1695853112026,2392076707747,1917053503916,1715925036441,1544021224649,1506923766401,1804272895096,1757775343971,1363658401600,1370996118647,1184665402186
1386419997920,1894088065326,2561851620806,1909910137622,2517941815323,1585315890342,1936336312383,1546478986157,2263087313065,1546243330719,2020555865336,1439450052192,1585966501026,1429975948401,2341345913957,1415306557208,1474112979179,1592021520960,1865631472211,1818408248658,1859003984676,1696638228862,2392618315878,1917540021143,1716260205790,1544654937613,1507287747239,1804858663554,1758307379361,1364257991662,1371553576100,1184922990114
1386838169140,1894563310533,2562162853680,1910879977900,2518692004089,1585993451057,1936821886075,1547037704872,2263610152708,1546858605608,2021022454917,1439993112114,1586487242468,1430404050811,2341724168941,1416302003650,1474438561743,1592419293327,1866099726147,1818868575822,1859590271213,1697328775424,2393021777507,1918034019860,1716741007848,1545247269445,1507617326486,1805246520426,1758702616460,1364926258868,1371970059928,1185166695510
1387332854226,1894959486078,2562500222631,1911878243189,2519344624017,1586519266138,1937220997221,1547508209045,2263966903373,1547207857291,2021408851229,1440354324856,1587044370205,1431226666088,2342248786218,1417131112558,1475040621050,1592969062753,1866631434803,1819548069693,1860256183305,1697840289113,2393477252057,1918763777148,1717371610604,1545667228848,1508198168862,1805727621510,1759102368186,1365321043461,1372584440176,1185350820011
1387652161044,1895406692854,2562984739881,1912853616609,2519712263338,1586901027760,1937702646103,1548250803967,2264394202597,1547719887133,2021858104051,1440827309890,1587578922183,1431749462636,2342654308617,1417622877113,1475523484462,1593666487702,1867320515416,1820675578906,1860932403973,1698347425943,2394058998507,1919192390420,1717699242183,1546284750591,1508883098085,1806270367665,1759339540674,1365782829883,1373050534739,1185604941458
1387916406399,1895834564408,2563368953771,1913390410762,2520000258422,1587619877929,1938171866648,1548974187858,2264975718457,1548538274408,2022779456330,1441443921408,1588160983152,1432378556644,2343240987574,1417997934598,1475828055637,1594157044763,1867960597246,1821201974753,1861186527889,1698828792301,2394645642448,1919998426226,1718150544465,1547249259610,1509223313931,1806830510251,1759660554613,1366261623159,1373733100075,1185933895773
1388312746008,1896418978003,2563673045165,1913848955263,2520322242876,1588205023427,1938538145758,1549676738683,2265261943069,1549092823409,2024054178115,1441971643203,1588525247232,1432985544664,2343713929918,1418566326897,1476168018729,1594935688953,1868332819270,1821782020918,1861917844678,1699475874789,2395534974353,1920510140637,1718757435369,1548104876668,1509542541387,1807363861575,1760056465259,1367107596026,1374038205819,1186288751980
1388712797300,1896988072498,2564267547554,1914416587892,2520660397510,1588741810258,1938931277388,1550270393704,2265651485478,1549733615203,2024400312327,1442582152873,1589094729577,1433476327266,2344014957249,1419593838683,1476506363147,1595642135792,1868650608476,1822304052627,1862670545048,1699952237343,2396015634801,1920936223218,1719210775573,1548725501253,1509983033575,1807831123113,1760796750059,1367862164975,1374533092056,1186607547864
1389033833265,1897463338103,2564839170652,1915151939133,2521101749492,1589450082513,1939388522973,1550763630945,2265979523047,1550481150887,2024743176403,1443099585299,1589618150666,1434092434332,2344454592009,1420338077511,1476835388628,1596479468670,1869252059125,1822939252257,1863240548082,1700504228344,2396422157000,1921481117689,1719618873322,1549364412669,1510625896861,1808454618337,1761285482019,1368549606529,1374955317592,1186843973094
1389781986126,1898276694061,2565399575179,1915661032267,2521531591255,1590065668052,1940120476148,1551379347540,2266382214480,1551038241118,2025295800302,1443607775958,1589915887597,1434712705761,2344740453682,1421072205812,1477143981190,1597036435941,1869562081086,1823374906906,1863585518598,1701241500468,2396795118466,1922116121723,1720206548909,1550000251791,1510941744688,1809153218195,1761826614384,1369188986066,1375435913657,1187165344082
1390315483098,1898724437747,2565794887813,1916147716146,2522231060608,1590568407012,1940561404386,1552259409144,2267181990782,1551970850399,2025849340734,1444261601190,1590441732268,1435313084414,2345090196383,1421517526733,1477815738058,1597673406739,1869935483384,1824168559741,1863921688127,1701841687530,2397082719883,1922469636172,1720768754571,1550503705226,1511278056127,1810092037152,1762207067627,1369684780166,1375799232188,1187436723066