119,148,107,165,62,138,6,126,51,140,37,127,4,90,87,115,1,100,14,117,11,93,126,117,0,116,7,106,31,100,23,90
112,133,78,114,60,100,18,125,62,113,42,115,72,110,123,116,34,98,39,79,21,80,184,97,52,105,60,77,20,99,15,92
159,136,74,42,46,60,17,123,39,130,23,107,46,90,83,114,1,102,19,91,9,100,189,64,68,84,66,78,73,50,50,63
127,144,60,74,37,89,9,89,45,96,28,97,32,85,118,84,4,108,35,152,12,105,170,109,105,109,3,119,68,51,16,47
98,103,67,106,44,122,19,72,60,108,32,113,3,119,89,116,1,127,36,79,14,84,180,121,44,94,92,104,40,110,52,62
179,134,88,119,66,90,14,99,35,81,23,63,8,73,117,51,0,134,44,101,25,121,102,90,1,133,111,109,95,92,56,50
155,127,72,134,45,82,11,127,45,104,25,125,51,90,97,115,0,108,43,132,12,118,201,118,4,104,3,90,58,60,48,43
147,100,74,144,42,118,32,110,49,112,34,130,77,142,127,100,0,70,37,130,12,111,195,96,10,134,1,117,14,97,7,64
103,108,67,147,52,153,14,116,64,136,31,132,2,137,113,113,21,120,29,123,3,135,133,114,6,117,1,121,2,100,1,115
111,127,77,125,53,164,17,97,43,144,29,150,46,148,102,140,51,157,39,143,7,115,81,157,1,138,1,135,0,142,0,114
135,149,68,115,42,104,14,108,39,132,38,120,20,101,116,97,3,106,10,79,7,86,99,84,0,105,1,126,0,110,39,102
143,149,96,144,55,133,40,129,46,112,54,106,1,130,96,132,14,148,17,139,13,68,166,114,4,131,1,132,0,103,38,137
122,172,75,133,52,122,19,128,42,148,40,139,3,132,82,138,66,136,34,149,14,127,111,132,0,124,0,148,0,136,1,105
120,125,61,147,60,127,14,82,51,117,27,114,3,102,94,101,62,121,14,159,13,98,110,119,17,112,60,134,37,121,15,82
150,133,77,102,64,100,17,121,36,110,37,123,1,96,90,106,2,69,11,120,12,97,145,99,1,105,50,87,83,79,58,68
148,137,58,105,43,98,12,74,36,134,36,131,90,117,106,79,42,96,38,96,10,90,173,100,27,86,4,108,86,85,31,61
97,109,48,128,44,77,14,100,44,109,21,89,32,110,101,89,56,71,15,76,12,102,198,93,64,114,95,126,69,60,26,95
104,121,58,73,32,59,6,117,44,93,26,92,101,78,99,53,32,101,20,85,8,84,159,76,53,94,88,107,81,76,51,53
114,106,69,82,57,26,28,113,45,83,23,109,5,112,92,109,70,104,27,90,16,70,184,112,57,49,85,122,62,41,108,40
148,145,60,73,71,67,40,116,42,96,34,95,106,86,94,70,56,103,28,133,6,112,200,97,68,77,57,86,51,24,69,47
136,165,64,94,53,111,10,90,28,92,30,137,103,135,115,106,69,73,58,96,22,73,92,108,1,120,2,134,105,56,48,98
124,134,70,127,57,130,26,107,38,107,34,108,78,130,94,145,46,113,17,99,38,144,127,100,4,139,2,124,31,121,52,123
111,135,73,127,56,111,10,97,41,155,32,102,4,129,100,143,0,123,17,148,11,133,181,131,6,132,1,103,2,115,8,118
103,149,77,115,43,108,18,121,45,125,45,134,0,137,102,149,33,88,33,172,10,150,174,133,7,132,3,103,4,126,19,104
102,151,61,125,53,99,9,188,52,139,31,127,36,175,121,129,3,183,16,131,10,155,155,142,4,152,3,142,1,111,2,108
142,143,52,58,57,85,23,85,53,87,25,121,32,89,126,83,38,66,23,56,15,83,120,77,51,84,124,110,86,64,89,74
158,128,76,98,63,120,21,129,39,89,41,100,38,82,78,95,37,117,25,104,22,104,71,94,48,100,65,113,2,67,0,122
103,135,54,127,46,118,13,144,55,127,31,142,71,151,114,114,17,149,33,165,9,135,185,137,4,110,0,142,0,119,0,85
99,135,66,114,37,108,13,138,48,116,27,119,44,131,77,104,1,122,25,155,13,124,78,132,0,104,9,101,27,94,17,89
117,124,66,108,37,117,14,136,31,135,34,114,42,139,95,77,49,154,50,145,20,134,151,116,96,95,44,89,24,86,14,84
157,140,78,102,55,109,33,119,45,137,29,103,88,71,124,82,14,145,5,96,17,101,82,122,1,107,53,114,24,92,60,115
144,134,64,128,65,110,18,99,57,135,30,109,22,112,92,142,0,144,22,119,9,121,124,138,2,118,43,143,32,76,35,83
114,121,71,109,43,116,19,115,46,121,30,113,1,127,106,124,0,134,25,132,8,116,98,115,0,132,0,104,0,88,26,101
117,133,72,126,60,102,25,145,34,111,36,134,35,114,113,123,16,135,29,88,7,121,152,104,50,126,38,132,54,92,44,98
135,119,64,107,42,86,14,103,34,128,25,116,36,95,107,109,20,121,19,94,5,96,185,56,97,48,102,87,55,62,48,100
150,105,70,109,39,91,10,56,43,81,23,109,80,98,79,92,8,105,8,117,11,109,188,109,1,114,87,85,92,61,66,79
109,166,70,113,47,105,12,100,44,120,32,139,26,147,94,129,28,96,7,114,14,138,107,135,0,116,0,130,18,102,1,69
137,176,100,110,37,120,16,104,40,148,38,138,12,135,97,128,0,134,25,142,2,147,160,138,0,115,0,151,2,109,46,110
165,146,76,127,45,98,25,124,49,95,28,65,1,100,84,116,2,53,16,115,14,69,186,106,54,115,47,115,52,68,50,79
141,170,67,131,47,122,21,123,64,110,28,115,71,113,125,95,6,111,15,98,11,138,198,113,0,82,12,115,30,93,22,100
112,134,86,140,41,154,22,124,44,126,39,142,3,120,114,133,0,143,29,125,20,162,182,124,0,145,0,115,0,98,1,116
138,167,63,144,58,140,15,126,52,147,38,152,2,107,105,109,31,93,22,124,10,124,86,134,1,140,1,109,1,89,1,112
111,118,63,108,39,101,24,132,38,129,35,103,80,137,111,128,41,129,33,99,17,155,196,143,2,134,0,141,0,125,0,106
121,108,54,133,58,137,18,122,38,151,25,114,54,125,94,86,18,130,14,145,9,138,138,149,23,124,1,118,0,76,2,126
105,142,76,142,34,127,11,111,35,112,33,140,6,117,100,121,9,140,20,146,12,140,69,162,2,135,0,145,0,136,0,115
102,123,47,132,56,155,15,112,43,134,31,133,16,122,83,145,84,163,26,143,16,128,143,135,1,163,0,127,0,118,0,131
102,164,74,122,55,115,9,106,36,100,23,88,45,137,131,158,4,125,20,106,10,100,140,124,48,128,21,97,0,103,0,119
125,131,59,88,55,98,10,91,42,123,37,125,23,91,101,90,12,116,19,133,17,130,116,134,9,132,72,119,95,131,47,94
88,132,79,129,39,100,14,127,41,113,36,121,26,116,75,122,0,127,25,94,12,128,87,93,5,121,0,126,7,104,3,99
98,128,64,121,62,130,10,158,27,132,25,124,18,98,88,93,36,154,16,110,12,100,138,150,5,139,80,110,57,66,10,81
108,111,70,144,45,125,13,102,50,92,40,145,1,125,79,128,0,126,17,120,17,110,157,124,2,124,38,145,34,117,32,90
116,157,88,115,51,88,21,121,52,108,44,98,67,111,78,126,18,129,11,115,11,99,110,122,3,127,63,76,48,75,28,102
102,81,54,100,41,107,21,129,47,66,27,85,11,97,108,139,41,101,34,73,17,73,138,93,4,121,95,109,79,51,46,72
132,144,60,115,48,123,19,95,32,90,25,145,30,96,104,119,0,134,19,148,15,128,158,120,1,141,132,110,95,81,18,131
151,115,65,72,46,96,14,95,46,101,30,79,37,61,92,90,51,148,40,112,13,84,172,120,42,91,37,122,58,87,36,99
99,125,57,117,46,93,12,90,45,138,33,97,94,118,93,119,3,89,40,92,19,125,113,66,65,88,68,98,47,67,57,125
132,113,75,113,54,89,16,86,38,61,29,92,69,107,105,86,50,124,45,94,23,99,131,120,49,95,76,130,80,68,58,77
130,106,79,64,54,118,9,119,37,116,35,104,78,61,92,89,4,115,36,120,13,92,150,122,51,103,74,94,47,88,37,82
122,144,71,171,50,97,26,136,41,138,34,147,56,128,131,128,1,143,17,136,7,108,184,119,0,128,16,159,3,110,20,103
