3928191977940,9767520199665,5054851331996,8403444066782,4892721233694,6704345571332,4612323041763,6438707508017,4518123084844,5054595619468,4282699036513,4668786237596,3782300535554,4046581922613,4968486874111,4024879488013,5558383355278,3484272104488,4067851861217,3523242164884,4008373782579,3637307962069,4204836367999,3451151892861,3740503293440,3667061313457,3644261858071,3608138815197,3687760201410,4984439012259,4241405535773,7854010355057
3928201031506,9767631164252,5055052520765,8403552396582,4892927644128,6704444841737,4612476608203,6438792647164,4518288279524,5054674533081,4282802015922,4668877890109,3782318060686,4046663665159,4968717375870,4024957244633,5558432618461,3484355811176,4067905642946,3523315180576,4008433785937,3637388157701,4204934965858,3451231840907,3740509146351,3667137245233,3644302064555,3608218347582,3687800810115,4984590444498,4241485955298,7854121085110
3928233044814,9767739401089,5055237775162,8403641837414,4893121196581,6704536521257,4612626897564,6438886253311,4518440973209,5054768716341,4282920124037,4668964837633,3782390580446,4046741071319,4968939285933,4025043519107,5558540061595,3484427062649,4067968442076,3523381722282,4008495115526,3637465522732,4205047443138,3451319020210,3740567995074,3667211960693,3644351355025,3608296106170,3687857139670,4984666329086,4241539950836,7854199138014
3928283274280,9767813215635,5055416178756,8403690962134,4893298462853,6704596297341,4612761274464,6438958188239,4518576679500,5054833971018,4283018395444,4669030088643,3782452004191,4046798371393,4969136676033,4025110115065,5558643930473,3484491464002,4068023885355,3523466587032,4008546658491,3637537623386,4205151639828,3451370783803,3740627458776,3667263764735,3644416933412,3608360817960,3687903871244,4984710876567,4241593343684,7854245846482
3928338002749,9767892574120,5055586820819,8403740863773,4893475265239,6704661242715,4612895748643,6439030000881,4518715562975,5054904645871,4283111707166,4669085492009,3782478220051,4046864082539,4969335808201,4025161593586,5558735199804,3484553382712,4068078440900,3523543598186,4008596944730,3637604716547,4205251108981,3451435332551,3740698032632,3667339262792,3644457629571,3608444727467,3687971057260,4984759186509,4241641090541,7854314687546
3928361372608,9767959367616,5055758324415,8403821111179,4893661004840,6704740949519,4613031642213,6439090348967,4518855535673,5054972430798,4283201607303,4669153824857,3782516709739,4046934644320,4969523974560,4025222707790,5558808945756,3484633620882,4068129994795,3523615051877,4008644051010,3637674146297,4205347965694,3451507474628,3740736018772,3667404006612,3644513402631,3608506818884,3688014963655,4984823760253,4241689966109,7854362209638
3928430439363,9768043443847,5055932684883,8403893106613,4893841474936,6704814810721,4613168721446,6439157388678,4518991917372,5055035147524,4283287832010,4669203231876,3782541169707,4046986445986,4969719352422,4025279423204,5558894884299,3484722098552,4068180356743,3523673493271,4008689395498,3637735419493,4205447669921,3451565335090,3740751485039,3667480444089,3644587376941,3608575351664,3688065906052,4984888095097,4241761470052,7854407422978
3928469553788,9768123918697,5056110869293,8403985937619,4894024361082,6704877675077,4613314417391,6439233615587,4519131622583,5055104738408,4283374811156,4669282010632,3782584144038,4047043042775,4969915455918,4025352553242,5558973040476,3484801939974,4068232591084,3523755295770,4008735088930,3637810727615,4205545087295,3451637512345,3740775715750,3667559129968,3644621938540,3608634454924,3688117599936,4984943583267,4241810681666,7854449191560
3928498711717,9768207533893,5056292864672,8404057884731,4894212495305,6704952712321,4613454922294,6439316176002,4519273745491,5055183875701,4283466120893,4669371103398,3782648331140,4047138344494,4970118170325,4025431535886,5559058595284,3484869045975,4068284579723,3523830692392,4008785133646,3637890708993,4205645647862,3451703520618,3740802413126,3667619083969,3644638275434,3608689223418,3688134130757,4985010802867,4241840838081,7854517203871
3928508902326,9768300548282,5056468341701,8404138014011,4894394023531,6705040300779,4613594396468,6439381852331,4519411305675,5055274529890,4283559581124,4669462373129,3782678217928,4047210433504,4970315092807,4025492270646,5559130087976,3484941380045,4068335267499,3523911887704,4008830999001,3637973296032,4205740364035,3451781461068,3740822059457,3667687439867,3644656573774,3608746024542,3688153365576,4985087588062,4241877621736,7854596787028
3928518629278,9768392513903,5056651907762,8404212700706,4894578503010,6705120993515,4613733555827,6439443649528,4519555704889,5055358223195,4283653822451,4669550863467,3782732424227,4047296759955,4970512440792,4025575022525,5559240856788,3485034074279,4068388847528,3523995166579,4008879939054,3638034847377,4205839847287,3451846364404,3740847345067,3667753885417,3644681938680,3608810972211,3688163728314,4985152450198,4241906562716,7854660692092
3928548776703,9768483088007,5056829926687,8404280061052,4894764063445,6705182276267,4613872684658,6439533650739,4519694648997,5055428568419,4283743691280,4669627616522,3782780237027,4047372149113,4970711889041,4025648409982,5559305931383,3485117407829,4068441105323,3524057584780,4008924599375,3638100786982,4205938979819,3451917925116,3740858858740,3667822859398,3644702333636,3608884929889,3688173916689,4985227049426,4241954592094,7854732046874
3928580409406,9768590571111,5057009128527,8404387416943,4894959357073,6705293695837,4614037919118,6439610657585,4519849405387,5055531454701,4283835591711,4669711078391,3782817718076,4047470310665,4970925458722,4025731505687,5559402001036,3485219126094,4068500970383,3524142715681,4008975761858,3638166573491,4206051781762,3451998493448,3740888642302,3667907974043,3644772452538,3608967393261,3688199629806,4985299697627,4242016369691,7854828748503
3928594076488,9768680495757,5057181386391,8404477456628,4895143553847,6705367558521,4614179715355,6439698057499,4519985863657,5055602796418,4283925859842,4669785058075,3782844337344,4047538155969,4971118022103,4025808683174,5559522635479,3485293109591,4068554520620,3524205665510,4009019872572,3638248307874,4206148139417,3452076904749,3740907634942,3667978273201,3644780795291,3609054221280,3688215225844,4985386852928,4242042183933,7854896304714
3928610489521,9768771150001,5057347739182,8404548117040,4895325405240,6705444592918,4614315682501,6439774214967,4520126181783,5055666909944,4284010660914,4669855849428,3782853809725,4047605714862,4971308206977,4025859699839,5559617170518,3485373251713,4068603887643,3524295317400,4009064924611,3638327530959,4206240850311,3452141694795,3740945351544,3668046381135,3644837903536,3609128226790,3688245977156,4985456188730,4242071564652,7854966839602
3928672864472,9768861861384,5057518562246,8404621897407,4895513467712,6705506847072,4614455665338,6439842402227,4520257709807,5055743246233,4284101651545,4669929897698,3782865122927,4047662327315,4971485690998,4025925289560,5559712418185,3485440004166,4068648934466,3524365049356,4009109272230,3638404012324,4206329239060,3452209117623,3740976013685,3668091229480,3644895781497,3609187653909,3688302853382,4985510854468,4242123614270,7855039907983
3928733912612,9768952900965,5057692379229,8404692988544,4895688741428,6705579625798,4614589045811,6439903524849,4520406605780,5055834421856,4284194400339,4670000496820,3782929426200,4047727386620,4971683666736,4025977296097,5559790848908,3485497532415,4068701043376,3524428989375,4009156440278,3638471591167,4206431223496,3452269383507,3741006018580,3668150527887,3644923124356,3609256219197,3688363190569,4985566446470,4242166552821,7855083258004
3928748823173,9769031621548,5057861008497,8404773131819,4895859504719,6705628279454,4614719870485,6439980204591,4520545650088,5055912335713,4284286543918,4670066217587,3782973054834,4047805846842,4971869529627,4026039351445,5559885694953,3485547761904,4068748551690,3524470475179,4009203825306,3638536964636,4206521872602,3452329894270,3741037453550,3668221502307,3644991379697,3609319340613,3688417330169,4985610027271,4242208034185,7855153984005
3928762436713,9769099544755,5058027361322,8404824828394,4896034683412,6705680685905,4614854821436,6440060337922,4520679860394,5055980547995,4284382447521,4670133786359,3783030861869,4047870728582,4972062639551,4026101306583,5559965946134,3485619241911,4068800855387,3524537451856,4009263220221,3638601961962,4206620241724,3452389798414,3741095850176,3668286076245,3645050998030,3609382269412,3688483015642,4985663011660,4242257037818,7855203663561
3928819042267,9769169430876,5058194618040,8404878597650,4896213414165,6705713729348,4614985391140,6440122903371,4520812572590,5056023913604,4284475644291,4670206045247,3783053229317,4047924514022,4972244999086,4026183846781,5560106412649,3485666667141,4068863955351,3524594580187,4009313052605,3638655561591,4206712915498,3452454892768,3741150598486,3668337547157,3645135816175,3609467782029,3688540726955,4985731113598,4242350586251,7855245298061
3928868146472,9769259769256,5058360878726,8404932423106,4896399400659,6705752643220,4615123452570,6440191888813,4520947976977,5056088749213,4284556825609,4670265243900,3783118127037,4047985385533,4972429391039,4026243364387,5560197142270,3485723122922,4068915926126,3524683779552,4009355508060,3638723639601,4206805144985,3452506900814,3741202273445,3668393420136,3645184764464,3609533484135,3688602832193,4985793948272,4242410381486,7855281157421
3928909594303,9769346608695,5058521495880,8404992789313,4896575067149,6705808704329,4615255718212,6440257208382,4521077646388,5056150778814,4284638449429,4670336126161,3783200123960,4048051457762,4972609211860,4026319309512,5560283711630,3485765727904,4068974420100,3524751236876,4009397817808,3638770343964,4206892941442,3452578868098,3741215854118,3668454876483,3645206220087,3609602575899,3688663183187,4985852108300,4242457148737,7855338183258
3928935419559,9769448388606,5058704818226,8405092834128,4896759853577,6705888287163,4615397144707,6440314013042,4521219697718,5056227811026,4284731698043,4670395441940,3783280314488,4048133133833,4972796770293,4026401750868,5560408894431,3485843850762,4069035013538,3524828824070,4009456682617,3638853826358,4206989662579,3452678590747,3741255153522,3668555349351,3645241359087,3609673467352,3688717724008,4985920194247,4242517653073,7855408296726
3928955964093,9769534244661,5058880869681,8405169354258,4896943097669,6705964561301,4615532310070,6440387551948,4521363414658,5056307160937,4284820051097,4670460467253,3783296068612,4048200605313,4972992767082,4026478190691,5560480852503,3485921878223,4069099590474,3524911331279,4009504803833,3638928169325,4207094599985,3452738866877,3741289909668,3668639443674,3645255592457,3609746016910,3688731358289,4985992935331,4242554804082,7855481759086
3928969788120,9769610651633,5059056905278,8405246578072,4897128419430,6706040373705,4615667820396,6440476621147,4521507383451,5056385224571,4284910523249,4670549905297,3783322323051,4048292192026,4973176485051,4026547305808,5560560396170,3485998641319,4069152488778,3524987857134,4009552634375,3639003852725,4207186749183,3452813221639,3741308218131,3668719612648,3645270920335,3609812328667,3688743951232,4986053470800,4242584868076,7855543477663
3928989841978,9769700941989,5059233244541,8405322178923,4897308881307,6706099634876,4615803729437,6440566462907,4521645790577,5056457174966,4285005438688,4670620014623,3783377690542,4048370033654,4973365391131,4026628250540,5560633804501,3486088011912,4069200822577,3525046796558,4009598941621,3639077580174,4207276294244,3452887170357,3741333578272,3668790570199,3645292994499,3609880699909,3688758047491,4986138064820,4242614847315,7855620752684
3929041437833,9769776442784,5059397713139,8405378710559,4897483787536,6706145866275,4615936015578,6440618747473,4521782765666,5056524845090,4285090404790,4670688270783,3783410914368,4048412376901,4973551671074,4026699953185,5560729093095,3486140655104,4069251270210,3525098724160,4009642453955,3639132742217,4207368143589,3452941544663,3741388118184,3668875513189,3645383434979,3609940112130,3688825478874,4986188973411,4242685997334,7855683814579
3929068034958,9769869897411,5059569681459,8405447901489,4897664562555,6706237488148,4616070297169,6440706075386,4521913712723,5056585256900,4285182322595,4670755685540,3783441006483,4048478278974,4973729648402,4026769926587,5560870536504,3486202074970,4069300575365,3525150071729,4009690181268,3639202343323,4207455380761,3453008033889,3741440005403,3668946459053,3645431248243,3610001939375,3688847203562,4986261749957,4242711454691,7855747814721
3929077520572,9769975304062,5059737462313,8405531023796,4897846646288,6706301425476,4616200923708,6440782815205,4522047008330,5056656336537,4285276020980,4670850810570,3783474382338,4048566430590,4973923301885,4026842094702,5560949310584,3486286536100,4069346207105,3525226477546,4009733752314,3639279609575,4207551282339,3453080759402,3741465002131,3669018253730,3645444827056,3610077401191,3688862220845,4986328623608,4242750555097,7855806042630
3929090582300,9770063462971,5059909115556,8405606130122,4898027411375,6706362795808,4616341151806,6440860523972,4522187165612,5056730401801,4285368710610,4670924077732,3783529573256,4048644681751,4974118300659,4026940439990,5561021190953,3486355497754,4069403355241,3525316419653,4009787025452,3639361094407,4207666570151,3453162175737,3741480974952,3669083575293,3645471194490,3610130960988,3688892076416,4986397869250,4242802081716,7855865245180
3929100449296,9770152349076,5060076271428,8405669366894,4898206465608,6706426433540,4616478401097,6440955890543,4522320944591,5056815637709,4285454017204,4670993305222,3783573986888,4048717737178,4974304210656,4027001204183,5561107468075,3486441263467,4069460501451,3525407558545,4009829423301,3639424245264,4207759150275,3453232117044,3741538373564,3669148373795,3645501543007,3610187592531,3688912159476,4986463335181,4242833319799,7855926408431
3929141370629,9770244670759,5060241447168,8405739844075,4898380715922,6706485430465,4616612258132,6441033530284,4522455493247,5056885408036,4285548145737,4671060816293,3783635107417,4048762506501,4974480606754,4027053416762,5561190202112,3486522769872,4069506774604,3525465163213,4009881065241,3639484469531,4207853877303,3453304105910,3741581562506,3669202208977,3645570471526,3610249947889,3688956203436,4986527714862,4242882507692,7855992631086
3929187636771,9770339121346,5060412124848,8405823358390,4898562980112,6706571033848,4616756776481,6441110457464,4522592431557,5056967954308,4285643093117,4671155308612,3783685715480,4048842445277,4974669695655,4027135511780,5561328414943,3486605626504,4069562179571,3525533945983,4009940236789,3639568260229,4207960525809,3453391042074,3741608235868,3669279237570,3645622477320,3610335619736,3689016547915,4986597221584,4242932440300,7856081682047
3929231134868,9770429498579,5060590136290,8405911252360,4898748097365,6706645998920,4616896652170,6441181867379,4522739101844,5057048957458,4285729862228,4671228052981,3783711227000,4048931138173,4974872990354,4027207276460,5561392430269,3486696178641,4069611827492,3525618345964,4009983871694,3639658411570,4208064434644,3453461993402,3741615295781,3669341311371,3645633491048,3610403527427,3689055970165,4986657911387,4242984508346,7856144558023
3929279750718,9770516228193,5060763461116,8405989313706,4898928278023,6706696728103,4617030144622,6441265648403,4522877374193,5057114471117,4285815203949,4671314734156,3783763756553,4048997767863,4975065801705,4027282206485,5561470784615,3486774300162,4069659680072,3525673903592,4010027730919,3639733137886,4208157115412,3453521548603,3741643919101,3669406754904,3645663042912,3610465090475,3689094433405,4986710391228,4243030620157,7856205305030
3929308460406,9770586862776,5060930190852,8406066305653,4899104371396,6706751252030,4617169482400,6441336012298,4523008048499,5057180017580,4285904240676,4671385780793,3783801049448,4049071369730,4975247862204,4027362057339,5561543093562,3486854486255,4069712134162,3525722720098,4010073923741,3639798267252,4208250214961,3453570845364,3741719012049,3669451749067,3645736953774,3610514508411,3689143849848,4986768501104,4243092167301,7856261709238
3929365970510,9770654386166,5061092021834,8406135196401,4899276638279,6706807823122,4617301268192,6441399644729,4523133871163,5057256431823,4285990845273,4671463910464,3783862005131,4049136485439,4975423315992,4027416479655,5561634298794,3486910188696,4069754916954,3525792251100,4010119654113,3639859792649,4208336062002,3453632024143,3741743843549,3669510409315,3645802951595,3610565850256,3689201489817,4986803464604,4243152810321,7856316551745
3929384390322,9770742862414,5061264101494,8406211764785,4899462869449,6706883362672,4617442339206,6441466563748,4523277432067,5057329196817,4286077526042,4671546129236,3783889755980,4049224942803,4975627330199,4027488361637,5561725026675,3486982699705,4069806697174,3525867826407,4010163839673,3639929597328,4208437641244,3453719295322,3741770857028,3669585355161,3645827757436,3610646937264,3689222964852,4986877420215,4243189928045,7856390013842
3929412260377,9770823385863,5061439725429,8406284872745,4899640907771,6706961985177,4617575146899,6441525731577,4523422585484,5057407182934,4286168355323,4671619381055,3783913270461,4049298442632,4975824368290,4027562022351,5561862245357,3487067008059,4069853852825,3525940466704,4010211283251,3640011341829,4208537612949,3453791648703,3741796544809,3669671769730,3645846585892,3610719073006,3689235306827,4986941087365,4243254468692,7856471519709
3929462134710,9770904290545,5061612936057,8406369529711,4899818153697,6707034651662,4617714932230,6441600746127,4523556909639,5057470876784,4286253361853,4671669244635,3783921592782,4049368582109,4976018929511,4027638849813,5561938383391,3487119587260,4069900964356,3526015467613,4010257801325,3640074940068,4208628701343,3453867545655,3741843732832,3669745017392,3645893799600,3610772675154,3689288508993,4986989934100,4243313002996,7856534419942
3929507987290,9770993713393,5061780645990,8406444707237,4899995553675,6707109598136,4617852889453,6441673520086,4523696703772,5057533530827,4286337324943,4671730126692,3783980720562,4049435066580,4976213115446,4027698076192,5562004910241,3487187719264,4069949015736,3526090567957,4010299712509,3640151491892,4208723594083,3453944210112,3741879644029,3669809870853,3645925697542,3610829328925,3689315767346,4987051311778,4243361866629,7856604749074
3929533686789,9771085448216,5061952856239,8406519560375,4900177237271,6707210585597,4617994097968,6441750529674,4523837844386,5057610152733,4286428113775,4671801307008,3783991280114,4049502954491,4976413779242,4027775536917,5562073924395,3487276324817,4069998171051,3526163668515,4010344475567,3640226633150,4208821139079,3454020604439,3741887819382,3669869826118,3645934719278,3610914292070,3689347069345,4987137606722,4243392834866,7856669262268
3929557730641,9771195497979,5062142276623,8406616733990,4900383982211,6707300908166,4618150207226,6441836744577,4523983243523,5057680634116,4286524632203,4671883498527,3784008935545,4049579327026,4976623440051,4027861240343,5562165348884,3487370743685,4070059746196,3526248703143,4010395674078,3640336870957,4208923708902,3454112266552,3741907228483,3669937247624,3645966363433,3610993728168,3689387643892,4987217839202,4243440349232,7856740568356
3929574630544,9771271423349,5062311250623,8406689680617,4900564044850,6707374261339,4618287752083,6441918462057,4524121461674,5057763153497,4286613624933,4671945002265,3784062810601,4049671078521,4976811729486,4027925252882,5562249433931,3487463071573,4070107923844,3526304116092,4010439657753,3640420615211,4209015412995,3454178464784,3741916552006,3670015797001,3645974459848,3611071959833,3689417772182,4987276109901,4243467451489,7856827085837
3929600640201,9771355829568,5062474314594,8406765075107,4900746553541,6707454464793,4618423339448,6441999910924,4524254903584,5057847024122,4286700229331,4672002514487,3784111817879,4049756984939,4976993407210,4027983613842,5562340769134,3487539027806,4070158632375,3526373154739,4010489609974,3640475695203,4209100451654,3454250480393,3741954692668,3670077153882,3645987897991,3611138316474,3689453646463,4987344695044,4243491038448,7856891695570
3929620320496,9771440851293,5062650303742,8406851616239,4900920749343,6707537051018,4618558606557,6442076098397,4524390671656,5057928451302,4286788862984,4672077976378,3784127112468,4049819575667,4977186646280,4028057096842,5562502410842,3487607390369,4070207649317,3526443106276,4010535869918,3640536911633,4209193500982,3454314159872,3741981618181,3670151359440,3645999813235,3611222221244,3689492534384,4987422277149,4243517402550,7856957409092
3929628331074,9771530811192,5062817171260,8406933113166,4901096256131,6707623075343,4618689902161,6442143445245,4524524569290,5057998274278,4286875707032,4672164015892,3784159003419,4049873741960,4977375159904,4028128248378,5562596015381,3487673156451,4070259962909,3526513461599,4010581195431,3640622863535,4209284614949,3454382930674,3742008016230,3670228838433,3646010848050,3611290230884,3689518869290,4987489728300,4243543143312,7857021536598
3929640309840,9771628572796,5062993084617,8407002192671,4901275292738,6707713677297,4618824868618,6442222492220,4524662519131,5058063769115,4286966791185,4672234632095,3784172207567,4049943531586,4977566381564,4028211029739,5562670877017,3487749861346,4070309194435,3526593503922,4010629292838,3640700818697,4209380399929,3454456525667,3742046968313,3670300808947,3646027454627,3611358694864,3689540591225,4987553428802,4243584352131,7857097173266
3929686847327,9771691712010,5063152089567,8407054405836,4901443573304,6707777092223,4618953126775,6442283987700,4524788868001,5058149524495,4287052750257,4672310213903,3784197588014,4050007955839,4977744077183,4028258007895,5562738130555,3487811026721,4070353925492,3526657701675,4010671601586,3640760651272,4209467773018,3454514389720,3742087610841,3670374960502,3646069385710,3611432509452,3689611497446,4987623488566,4243631069900,7857160856316
3929714405620,9771778037378,5063323715571,8407137115288,4901623616179,6707869598548,4619085566251,6442352877672,4524924917226,5058219266411,4287145635415,4672389139245,3784224965862,4050081086175,4977932614023,4028337951017,5562809731983,3487880394339,4070401251092,3526710400985,4010718629736,3640831759653,4209558693126,3454588558903,3742103287469,3670463649538,3646086407890,3611500574422,3689653952821,4987706247625,4243662059699,7857239551952
3929724773315,9771865788680,5063486385983,8407215527740,4901802396569,6707958936637,4619224704980,6442415361109,4525061697761,5058282254804,4287225566202,4672454758414,3784259356855,4050151541845,4978119731144,4028396149630,5562884006556,3487961651695,4070446797345,3526777083047,4010763869065,3640894996575,4209651545249,3454673348625,3742135251724,3670536797325,3646141610627,3611557748803,3689704571171,4987779344980,4243688209774,7857295418599
3929741619098,9771947686118,5063655940004,8407304112918,4901979162490,6708029932436,4619358820374,6442492713941,4525198343131,5058355186660,4287318386977,4672539525679,3784263882813,4050226719050,4978314348167,4028488345849,5562956189075,3488041162845,4070492548724,3526848178620,4010809547304,3640969536747,4209753767237,3454744799194,3742162597865,3670596521441,3646173305770,3611626909091,3689742250926,4987830661181,4243732558478,7857352221088
3929786810683,9772028513798,5063840375318,8407377611193,4902169547010,6708091501757,4619496916945,6442574736744,4525339048068,5058425367838,4287415055248,4672620909107,3784305187908,4050317428657,4978495417227,4028590884422,5563050432530,3488127314382,4070545598300,3526929347218,4010863990166,3641053126193,4209845552265,3454830454582,3742198924489,3670683377090,3646239867975,3611704999601,3689811109571,4987893997722,4243793336310,7857413961131
3929807462185,9772113674083,5064012254796,8407447518259,4902350020588,6708156309337,4619637849603,6442656194458,4525473411769,5058484740938,4287506672626,4672678372659,3784331787553,4050377224920,4978686843286,4028670222646,5563144327891,3488202703208,4070593362940,3526987412731,4010909697259,3641109926598,4209936473736,3454910962454,3742227492822,3670750576144,3646299329368,3611773188834,3689873344860,4987954119694,4243842437307,7857484444000
3929861286154,9772204298055,5064184707011,8407517232309,4902520900240,6708221140882,4619768058666,6442712751372,4525600476925,5058544314886,4287591171034,4672755339071,3784358198077,4050425230533,4978870251036,4028725610645,5563288163490,3488282044360,4070645870630,3527052507174,4010959377146,3641170099658,4210028775137,3454955028013,3742245238953,3670822549626,3646377140586,3611836192306,3689949854951,4988020964941,4243882151062,7857552827153
3929912813694,9772261300109,5064350504314,8407586774771,4902694611967,6708275844774,4619899212508,6442786282413,4525732116476,5058608811765,4287676831412,4672823331718,3784392015450,4050475840761,4979059567810,4028778103506,5563419149902,3488353759256,4070695516102,3527129691717,4011003864571,3641229950205,4210116902162,3455024756326,3742281742524,3670891357539,3646416655294,3611906135257,3690003603895,4988068945785,4243946374184,7857627466506
3929957744553,9772351003734,5064510369301,8407671442514,4902870028192,6708342282817,4620045053955,6442846929570,4525864897745,5058687356035,4287758796997,4672883453248,3784443145401,4050545176207,4979242193653,4028830798760,5563489368193,3488402049683,4070756185858,3527189709079,4011046116508,3641296676335,4210207679854,3455082007582,3742325390278,3670946932620,3646460365621,3611977563381,3690038705024,4988130913252,4244001170725,7857709602950
3929988821827,9772435961533,5064677909944,8407742875840,4903056778926,6708401882260,4620184665995,6442906644878,4525997987243,5058747694087,4287847346773,4672959929956,3784487219882,4050608225294,4979424773695,4028882273171,5563574332612,3488470523333,4070811466049,3527258524643,4011093540785,3641374866254,4210293360785,3455150554841,3742362675024,3671013749918,3646503710442,3612046275906,3690102408057,4988179983053,4244052448305,7857767121243
3930018443541,9772511726781,5064851271333,8407795958151,4903240605867,6708453276144,4620312899640,6442973917634,4526133881361,5058813605106,4287937703047,4673016607548,3784549362464,4050668404492,4979613278148,4028950386037,5563660960764,3488539079988,4070861755042,3527334807270,4011139903491,3641441463692,4210389874613,3455229449732,3742408143896,3671073478546,3646555067737,3612122288633,3690169422451,4988244724771,4244090763069,7857831479573
3930048086419,9772609839082,5065022151561,8407874754155,4903426032700,6708525112381,4620464429879,6443051396544,4526268057831,5058891284833,4288025816314,4673081850207,3784602374785,4050736854850,4979795543492,4029028948342,5563718010409,3488620461909,4070906843800,3527410033660,4011188222840,3641494166944,4210475169458,3455299780435,3742418545137,3671142230212,3646579750319,3612202675666,3690196041040,4988297063222,4244143504823,7857890869726