640,4232,13544,4399,14326,3440,6755,3437,10903,2897,5019,3989,815,3928,16013,3654,849,4670,2343,4452,2086,3970,5999,3451,78,4554,315,3965,523,2543,2916,2507
857,4222,12005,2902,12740,3276,6445,3626,9868,3193,5129,3063,1814,2487,16010,2712,2676,2465,3477,3269,2365,3269,7117,3706,2334,3096,1794,2972,603,2004,1243,2217
1417,1911,12598,4334,13543,3180,6885,1937,9205,3038,5287,2045,2293,3032,15263,1935,2722,2126,3789,3184,3402,2639,7324,4368,3794,2589,2214,3042,1118,2013,1576,2366
1798,2572,12633,3720,13010,2660,6837,3585,10347,2765,5015,2427,1927,2422,17118,3849,3813,3253,3855,1881,3449,1825,7696,2514,2027,2903,6495,2870,2304,1603,1457,1938
2381,2689,10477,2453,12547,3296,6319,4289,8678,3397,4690,2815,3335,2423,12858,2966,2673,2483,3365,2646,3159,2765,6529,2515,777,2215,2181,2247,2753,2652,1488,1672
1902,2269,11895,2372,12947,3756,6483,1856,8925,3862,4231,2591,3716,2325,14934,4330,4127,3342,3360,2112,3255,2190,7209,2664,3206,2366,1411,2579,1544,2100,1022,1997
1416,2818,11171,3284,12788,3188,6858,3061,8964,2621,4492,2319,777,2159,13815,2665,1543,3642,3456,3248,3216,2827,6416,2642,5428,2916,4414,3302,1924,1870,1516,1869
881,4794,12902,2962,12287,3536,6600,3730,10093,5621,5003,3725,2212,3562,15366,3239,858,3866,3687,2797,3446,3623,7166,3383,4717,2562,240,1908,751,2681,412,2033
711,4478,11647,3882,13993,3906,6644,3621,9912,3938,5084,4157,2066,3732,15740,3141,1298,3053,3383,3131,3408,2897,7418,2930,4181,2420,252,3214,129,2443,531,3401
644,4165,12149,4198,12403,3992,6514,3629,9647,3289,4817,3312,3220,2441,13220,4937,1449,3640,3635,3614,3376,3100,7045,1888,2989,2132,440,1939,75,2031,489,1982
1074,3518,11039,2951,11649,2160,6247,3370,8960,3619,4597,3436,4576,2656,13267,2579,1554,3064,3506,2527,3093,3687,6953,4337,595,3053,170,3719,169,2244,1519,2973
786,3521,11007,3565,12336,3474,7143,3552,9680,3846,4266,3963,1486,3034,14584,3253,2500,3682,3770,2950,3276,3320,7462,3103,2842,3748,2368,2932,255,2535,710,3357
635,4024,11011,3579,12900,3865,6748,5062,8808,3342,4872,2298,229,2902,13592,3176,4334,2787,3756,2973,3065,3257,6727,3220,3607,4143,114,3463,240,3601,435,2540
805,3053,10986,2640,14030,2683,6707,4821,9854,4549,4006,2999,257,2630,14091,2669,1444,4353,3543,3535,2966,3263,6508,2256,4022,2094,1768,2851,541,2216,935,2615
2032,3079,11779,2976,12303,3337,6254,2966,8830,2699,4731,3227,1193,2836,14113,3086,927,2785,3154,2270,3167,3620,6381,2789,131,2674,783,3738,3330,2030,1155,3205
1145,3325,10044,3454,11607,2627,5901,2895,8695,3106,4583,3784,1451,2712,13635,2222,1374,2424,3370,3528,3015,3523,6540,2643,684,2908,938,2954,1303,2420,564,2495
1080,2745,9895,2709,11733,3947,6011,2418,9157,3462,5465,3234,814,2750,13111,2535,2068,3011,3277,2909,3281,2499,6063,2718,872,5050,1417,3152,803,1935,1039,3025
1020,2513,10858,3024,12696,3208,6166,2765,8317,2119,4591,4203,1599,2844,13653,2956,1375,2299,3271,1609,3246,4209,6582,5108,1334,2439,1153,2289,1406,1834,973,1861
1493,2996,10395,2511,12998,4967,6314,2349,8609,1888,4827,2343,426,1726,13459,3897,2138,2580,3536,2148,3265,2793,6916,1555,3691,3652,2059,3552,1909,2413,1979,2227
1523,2817,11124,3457,12859,2583,6964,3403,8474,3007,4045,1717,1188,3821,12699,3141,1640,2094,3532,2784,2800,2379,5727,2823,1211,3329,4748,3061,1640,1325,2145,1896
850,2337,10821,2988,11786,3041,5830,2540,8276,2989,4370,3047,1793,2199,13822,3700,1156,3036,3376,3835,2926,2863,6441,2456,156,2628,1920,2851,1103,2428,983,1984
1259,3365,10763,3122,12867,3096,6715,3766,9309,2732,4079,3154,1675,2984,12448,4031,1371,3514,3384,3838,3118,3949,6196,3597,1990,3099,1287,3388,1026,2456,1752,2581
663,3779,11313,3442,13027,3368,6180,3567,8853,4203,4633,3474,1276,3497,13736,4022,1944,3534,3444,3171,3342,3412,6779,3616,2538,4177,859,3217,349,3292,405,2422
1725,3065,12020,3383,14250,3855,6936,3844,9269,4280,5163,3419,1625,3548,14066,2906,1749,3023,3549,2564,3521,3020,6563,3003,2330,2800,1027,3285,1001,2283,472,2836
1193,3036,10800,2979,13534,3343,6630,2644,9103,4472,4318,2811,1709,3215,14145,3407,2310,4286,3882,3688,3291,4010,6707,2858,1579,3114,1839,2486,379,2990,703,2396
1563,2594,11087,3230,12769,3234,5804,2398,8220,2938,4377,2453,461,2928,12415,2183,1520,3232,3152,3784,3055,2497,5766,3252,617,3086,1991,3458,2227,2330,1283,2529
550,3189,10427,3828,12331,3535,6109,3138,8890,4866,5297,3869,546,3269,13874,3353,1346,2937,3203,2871,3279,4356,6400,2890,885,4046,209,2878,267,2869,251,2420
534,4459,9934,3259,12680,4033,6346,3049,8817,3502,4542,3736,774,3593,14706,4055,1563,3647,3404,3167,3219,3794,7343,3869,305,4456,409,2555,370,2477,537,2551
863,3234,11386,4792,13867,3896,6716,3873,10017,4233,4773,3113,1139,3513,13614,3642,1023,3059,3509,3848,3168,3221,6838,3028,446,4789,140,3975,371,3503,816,2802
926,4640,10636,3487,11845,3095,6163,4237,8919,3508,4679,2869,674,2707,13910,4935,1446,2683,3142,3557,3159,3005,6667,3485,1158,2669,727,2322,557,2565,750,2673
1221,2816,10706,2396,11998,3383,6171,3143,8816,2152,4702,4527,853,3685,12519,3393,1317,3185,3075,3396,3111,2835,5499,2562,1757,1801,1419,2215,2484,1456,1491,1768
926,3925,10550,2887,12088,2634,5917,3036,8425,2071,4091,2820,713,3900,13539,3983,1107,3182,3381,2808,3015,3418,6637,4077,777,3932,650,3369,1189,2589,2213,2570
3418,3944,12840,3806,13045,4289,6606,3619,8950,3278,4793,2686,1931,2244,13857,2761,2170,3888,3384,2813,3165,3899,6822,2611,227,2957,244,2100,723,1398,972,1932
1054,4177,11640,3537,13724,3169,6928,2465,8615,3271,4207,3040,750,4168,14595,3168,2188,2403,3525,3592,3267,2726,7042,2383,1245,2917,4619,2342,1213,2496,575,2369
1705,2850,11435,4092,12557,2620,6555,2611,9212,3195,4463,2975,2175,2085,12765,2016,2131,1972,2937,2930,3185,2092,5318,3060,787,4314,1220,3085,1245,2264,1816,3147
1584,2970,10361,3210,12426,3109,6437,2665,8245,4451,4421,3200,1339,3090,13151,3156,1484,2613,3305,3131,3008,2128,6118,2845,1897,2520,1709,2388,1462,1545,1403,2285
1448,2890,10792,3342,12337,4196,6245,2863,9076,3511,4512,3497,1745,3126,14804,2633,1808,3295,3409,3475,3169,3918,7611,3376,94,2904,116,2796,440,2349,774,3251
1432,2198,11842,3915,12470,3794,5969,3741,8813,4116,4291,3283,248,3340,14780,2830,2424,2834,3221,3464,3167,3107,6546,3056,1655,3531,2441,2105,1502,2466,870,2639
2533,3685,10940,2951,12743,2969,6828,2231,8787,3802,4612,3637,1076,3001,13377,3819,906,4312,3385,2805,3041,2600,6082,2257,748,2282,1054,2447,2115,1881,3049,2793
1382,4802,11578,2979,13031,3800,7004,3721,9791,3341,4501,3618,1419,3579,15189,3347,2688,2901,3574,3899,3073,2925,6557,2590,108,2776,169,3748,177,2570,432,3138
1791,4263,12459,3391,13496,3524,6523,3634,9219,3091,4510,3099,931,3608,15019,3924,1874,4071,3375,3050,3041,2932,6590,3256,86,1988,90,3514,120,2493,501,3767
651,4084,10440,4511,12554,2908,6705,4149,9088,2761,4381,2924,2291,3615,13519,3038,3204,3731,3093,2360,3063,2713,5725,3233,146,2949,139,4161,240,2280,451,2906
857,3364,11721,2614,13668,4373,6504,3713,8808,3129,4687,2856,1084,3271,14037,3198,3061,2902,3560,3263,3184,2906,6181,3052,3213,3537,100,3667,120,2114,280,2353
1013,3649,10850,3542,13137,3682,6677,2757,9469,4103,4482,2657,747,2161,14827,2486,3355,2603,3518,2448,3329,1763,7168,1736,4317,2908,2505,2888,5545,2349,661,2282
1313,3591,12139,3492,12722,3443,6620,4089,9349,3555,4737,3759,1784,4120,14402,3242,2167,2529,3439,3473,3189,2935,6176,2344,2430,3397,692,2876,149,2396,703,2421
585,3489,11208,3257,12447,3826,6658,3814,8754,2895,4751,3183,448,3491,13775,3502,935,3293,3466,3790,3421,2509,5977,3861,198,2943,770,2716,1374,2567,545,2910
1521,3144,10387,3027,11687,2463,5749,1799,8459,2714,4474,3280,386,2678,12875,4929,863,1908,3079,2697,2953,2682,5794,1805,1037,2996,707,3672,2980,2148,1780,3026
1797,3931,11364,2469,11211,3506,6384,2977,9280,3097,4957,3291,2480,4090,14005,2439,1128,3580,3403,3665,3101,2630,6123,3272,3250,3413,434,2310,1082,2850,976,1958
566,3282,11226,3727,12777,3311,6648,1861,8560,2730,4874,3252,1434,2965,12473,3497,1913,2962,3314,3020,3110,3840,5813,3262,2987,3651,754,2977,625,2670,283,2566
634,3539,10647,3763,13288,3751,6524,4248,9154,3833,4672,3568,209,3322,14755,3919,1049,3646,3419,3563,3159,4294,6326,2363,2446,2860,530,2982,109,1674,286,2879
834,3041,10169,3300,12611,3268,6155,4033,8809,3233,4092,2165,284,2778,13199,3615,883,3620,2976,2836,3013,2572,5677,2817,5479,2220,1104,3083,1060,2457,1035,2114
1058,4206,10704,3019,13453,3181,6637,2936,8646,2367,5102,2866,830,3461,13272,2409,1753,2709,3280,2484,2933,3153,5836,2391,6553,3007,965,3154,940,2388,831,2151
1722,3439,10748,2194,11089,2750,5931,3832,7957,2794,4080,2096,604,1766,13168,2087,3024,3099,3531,2369,3095,3207,5379,3012,3273,1969,2598,1672,1804,1653,1502,2183
2013,3138,10920,3734,12317,3172,6326,3123,7931,2740,4515,3729,1591,2021,13082,1824,1816,2041,3236,2816,3472,1851,5396,3070,838,2414,1304,2747,2120,2144,930,2351
1463,3745,11427,2874,11732,3334,6023,3066,8314,3459,4605,3136,1027,2342,13289,2695,1709,1880,2805,3073,3276,2882,6484,2728,2638,2490,1348,2921,713,2189,686,2415
1327,3454,10399,3886,12941,3093,6938,3011,9077,3512,4213,2906,943,2923,12980,2484,2725,2327,3657,2989,3059,2385,5562,2981,645,3059,749,2242,2441,2405,977,3230
1014,3358,10950,2664,12410,1489,6117,1932,9383,3196,4669,2069,1121,2815,13214,2789,1443,2933,3219,2955,3214,3101,6114,2867,1079,3083,1154,3471,1029,2230,635,2380
1273,3365,11350,3039,12732,2912,6555,2926,9068,3084,4449,2058,2214,3202,13614,4219,1050,2872,3092,3342,3049,2946,5884,3102,178,2907,732,2946,1484,2049,1063,2965
845,2882,10834,3128,12010,2557,6608,2547,7945,3221,4513,2906,1792,2792,13467,3493,1122,3613,3362,3184,3201,3041,6031,3317,856,4693,1453,3921,1357,2179,1176,2521
