962933499929,2984323801429,986725488852,1340280635472,974872007815,1293121613790,958314950511,1286659619760,977653200069,1077333051887,960171241854,1060061428131,981996713587,1042777996086,941324884821,1044830689739,856336090755,1035903136937,936221853280,1043206997258,928730939948,1044531506864,921225147388,1030222899638,980666273357,1033053593650,984861166984,1030330497880,1000562039104,1635950319619,1739648097125,7189949110021
962933669369,2984489919247,986750600683,1340281000035,974894797710,1293164080698,958329434114,1286714191105,977674866680,1077395994536,960186244008,1060101439557,981997922548,1042883449287,941353499609,1044950160999,856338464333,1036019862778,936225507693,1043312931694,928731636538,1044532027330,921233366610,1030280086904,980666300588,1033095158020,984873093691,1030433570984,1000581439628,1635978039868,1739712299806,7190070022255
962989689320,2984544762974,986826861656,1340402082027,974916772844,1293281082094,958344396520,1286789507040,977697564422,1077600125746,960200928668,1060279255204,982001195800,1042939406523,941380320966,1045005346676,856461061013,1036020008416,936232633070,1043315012465,928792952147,1044588682250,921245154212,1030374123430,980721254471,1033273033146,984881224031,1030488469981,1000645260090,1635990505404,1739733321018,7190188910567
962989968846,2984669288883,986847232216,1340460409478,974936798344,1293341897094,958361414352,1286910249496,977715669791,1077722210670,960269498962,1060405522206,982003222308,1043060037018,941400817038,1045127951686,856463791152,1036201456941,936235945750,1043375476969,928796677286,1044769738425,921255390499,1030433823330,980779354472,1033395240112,985127772001,1030785776048,1000775368727,1635990950342,1739867219287,7190189507940
963015395366,2984794950972,986868675122,1340460637266,974958406154,1293342416940,958374760523,1286910321258,977733775807,1077783352367,960282036060,1060531703315,982005501900,1043120260911,941424324591,1045191599824,856466542812,1036264167323,936238000291,1043496125912,928799120510,1044769916796,921262110386,1030489701715,980893465308,1033636838437,985300278796,1030843276371,1000938288681,1636060076515,1739879727561,7190190191786
963093051987,2984795041337,986888885711,1340647874920,974977520006,1293571657699,958388526154,1286967293788,977751212503,1078019325087,960294208626,1060710901358,982073395572,1043306613467,941449093303,1045382603064,856469425271,1036376515421,936240632487,1043754459995,928801189012,1044869498544,921269461777,1030489737561,980954266879,1033698487097,985427195697,1030963338736,1001054101171,1636124366615,1740018974947,7190252728949
963386850578,2984918265740,986908493037,1340824992318,975000705596,1293701567362,958401215177,1287255285444,977768106522,1078081139715,960306753931,1060710969738,982126125465,1043306675658,941470788230,1045444353939,856541541275,1036425459968,936242964533,1043817517037,928802848830,1045029878984,921276194458,1030601596856,980954332380,1033818327720,985491499516,1031010457307,1001228781166,1636125277298,1740187167986,7190253235266
963442838626,2984918704215,986931125627,1341200155901,975023720192,1293766769114,958415311403,1287369116424,977785737233,1078081334199,960321778737,1060711206957,982187002627,1043366557870,941493083137,1045506164133,856544094553,1036606966809,936244945671,1043994625637,928803846420,1045156708054,921286656376,1030664903465,980954412255,1034010967770,985641532638,1031010566681,1001355377378,1636126241590,1740209284373,7190254726897
963500699226,2985155563466,986955219963,1341260945067,975041147517,1293949817768,958433604026,1287369512919,977803459223,1078128450879,960334749670,1060873423519,982255258328,1043664976554,941519134786,1045569829473,856546462782,1036671732250,936246806901,1044059141312,928805709774,1045277734542,921295629102,1030719203953,980955704741,1034186042560,985641690350,1031067836573,1001458077297,1636142005356,1740222752496,7190312674563
963500975870,2985382914033,986977969474,1341442113432,975060842546,1294008903009,958446073086,1287370507299,977820659438,1078421770218,960347474711,1061159247314,982256479030,1043847414601,941541908155,1045745362771,856608014773,1036786729939,936310110476,1044238312062,928807542512,1045337370572,921302270826,1030957544336,980955860471,1034366720741,985641823545,1031123587909,1001458244874,1636206328305,1740236626897,7190377268499
963501301599,2985614040973,987001092546,1341503389842,975080099658,1294245857108,958463348194,1287526267533,977839182384,1078557356637,960361064532,1061219159534,982376400497,1044140980932,941565348114,1045990519513,856663846664,1036905643855,936312498060,1044341530042,928810350139,1045337628036,921306954761,1031018618833,980955996272,1034488266223,985641990811,1031411016554,1001458271852,1636327649265,1740256678566,7190692747995
963566302663,2985795256899,987023724504,1341547688873,975100846630,1294488540800,958481208204,1287838483911,977856632943,1078790398850,960373521115,1061410163043,982376978932,1044261910772,941587570488,1046108878882,856666232663,1037156109613,936314142607,1044462974247,928811345684,1045338735571,921310790791,1031332892100,980956091472,1034605092167,985642498470,1031534467071,1001462163576,1636581377510,1740332130005,7190694509758
963629903683,2985913325650,987046253095,1341609179471,975128448425,1294608204104,958496439547,1287953969248,977876265494,1078852632208,960388268533,1061531900706,982378944612,1044321269791,941611303902,1046109709930,856703458337,1037214216210,936375499226,1044583093379,928814621437,1045338992853,921316466067,1031420230144,980956243687,1034660976103,985643672160,1031712059915,1001462859120,1636641550151,1740501196627,7190755967705
963630250305,2985969682799,987067829381,1341726936196,975146776635,1294609105497,958510354911,1288014809478,977892246419,1079032498730,960401032376,1061653049055,982379466450,1044383468316,941636861574,1046167998550,856820958829,1037327101777,936435219534,1044583757474,928815646636,1045455781720,921325324710,1031542854855,981018312185,1034785796531,985643822593,1032020937999,1001462967762,1636704622514,1740514229105,7190883442908
963630847921,2986036724901,987090533736,1341783127000,975167154701,1294715341374,958523996577,1288078932481,977910434559,1079033506754,960417493530,1061774961730,982381338816,1044504048678,941659477144,1046230726578,856884225387,1037516485641,936437039749,1044758342861,928817134519,1045691981576,921332360079,1031940185890,981136353514,1034854831043,985716511013,1032205958938,1001463192774,1636830548629,1740528715749,7191134441558
963883848295,2986036987582,987109433429,1341910097168,975189501669,1294715600138,958536953710,1288207895231,977926700324,1079160322032,960433486091,1061841533702,982382236577,1044688762423,941682028719,1046407191968,856886766648,1037642501796,936438331589,1044824174824,928818365865,1045882458699,921338382854,1032000615230,981212690905,1034855170273,985914076314,1032330497995,1001635567925,1636897227179,1740763601979,7191198456060
963949475963,2986155800605,987128013995,1342018887268,975206599401,1294929923889,958550196867,1288208231109,977944165357,1079521120004,960446583852,1062028810071,982439643451,1044880108206,941703203293,1046474115643,856952371847,1037705458039,936440039807,1044949001511,928819804215,1046060632378,921347217003,1032065607594,981212786262,1034920081369,985931231865,1032505555159,1001733325080,1636963822752,1740774649473,7191198972605
963949571953,2986155932734,987148224765,1342134221877,975227915029,1294951356773,958563344770,1288337085120,977960974552,1079631707407,960462324131,1062028894151,982440719658,1045120447234,941725053521,1046668377325,856954901994,1037774411449,936442975184,1044949054378,928821650224,1046181263784,921354830694,1032190770322,981244874169,1034985134771,986060729586,1032623462848,1001796372681,1637101500183,1740855410232,7191263536618
963950207301,2986213774746,987164551201,1342198157451,975247448533,1294951550995,958576732475,1288555458784,977978320926,1079694970628,960474978221,1062214995007,982559427954,1045120545103,941747776351,1046730822263,856957881502,1037960402143,936446092230,1045255206926,928845566415,1046245212917,921362257141,1032314577378,981244980505,1035214538226,986237042100,1032940121331,1001857163745,1637334721680,1740865363924,7191382498536
964123150513,2986335039786,987181833177,1342322457660,975270759464,1295007401589,958652653615,1288663268526,977997576688,1079789209968,960487401876,1062308672442,982560116576,1045281354203,941767689237,1046958609968,857143892185,1038008743352,936506368889,1045324455657,928848572901,1046316392139,921369653152,1032438552586,981308701568,1035279493089,986306259694,1033033971145,1001922046855,1637346567877,1740955806041,7191454234981
964188399333,2986399928765,987201436469,1342428603501,975294568328,1295135970110,958665397697,1288842165080,978014254189,1079911685075,960499598163,1062367845201,982561926105,1045346505726,941787715647,1047085908722,857208441122,1038071818641,936508717092,1045576803721,928849874579,1046316467188,921379733307,1032497923359,981433711836,1035333670026,986435163446,1033092717821,1001986739844,1637347642123,1741108104096,7191521037311
964250317284,2986775504524,987223222566,1342658837085,975316510223,1295136108922,958677705926,1288966499660,978030118118,1080030100902,960510478246,1062494524202,982623730659,1045470580007,941812098415,1047086022808,857210580045,1038072049866,936516678867,1045623436834,928851074967,1046445551216,921385432446,1032498059078,981433743906,1035397036876,986452739002,1033215750860,1002177843951,1637348574480,1741314574451,7191581577711
964251571889,2986837353947,987243000056,1342718312320,975342298101,1295259844504,958758948579,1288966583869,978049025283,1080153642945,960525005429,1062601850530,982686714128,1045533180061,941896701291,1047209750871,857214163870,1038196042471,936523024891,1045808999853,928858407878,1046632286832,921393050996,1032669003494,981433941821,1035510796926,986455513608,1033398443097,1002178934140,1637412528450,1741394284094,7191583821188
964251933554,2986958022229,987264623869,1342783683783,975361932896,1295482954443,958772252798,1289163226445,978067550470,1080333118308,960537406647,1062659946525,982688223372,1045591083185,941917095298,1047500282251,857216758287,1038327010850,936536937836,1046000442235,928862005387,1046632526694,921400971870,1032776310766,981434497163,1035737676837,986455846301,1033443673422,1002179347395,1637537453995,1741409864283,7191702443084
964252261953,2987069176104,987283153499,1342961277815,975383811424,1295544687667,958788925841,1289402741293,978086992474,1080573424414,960550506286,1063032857248,982688707300,1045745582445,941937020460,1047562264183,857219117786,1038503955325,936540001100,1046181847110,928863675369,1046757602452,921407221868,1032776789522,981435536001,1035856218651,986456401282,1033505739536,1002179415570,1637653140710,1741431577867,7191828675968
964252638614,2987490314299,987301636851,1342998947565,975404930230,1295663201572,958802202479,1289696914795,978104551491,1080757555126,960563037308,1063213653424,982751191340,1045864109351,941962075963,1047680778721,857221499997,1038620987508,936541240211,1046363090177,928865372426,1046879215185,921411294614,1032962814659,981436359638,1035915676018,986456607964,1033563148120,1002179495060,1637719482914,1741453776225,7191829716239
964462557230,2987637885005,987323817192,1342999027032,975423779160,1295891025205,958818654649,1289881865592,978121545233,1081002008323,960578838024,1063440421697,982752135698,1045864184837,942049653592,1047737724811,857280528162,1038689705704,936544406581,1046363689882,928866447039,1047021525393,921416950291,1033054136055,981498185792,1036092332169,986506926747,1033586640884,1002247919946,1637756864229,1741529128734,7191831181639
964463889921,2987756048961,987345477431,1343119520264,975444119649,1296082297185,958900521019,1289941776814,978206815580,1081123190465,960591508833,1063559393855,982820902614,1046053679274,942072227658,1047737951038,857283168799,1038901949240,936547001209,1046420799885,928868463494,1047269127492,921420795681,1033122905266,981637109810,1036149421692,986564023867,1033627632809,1002248124957,1637758356090,1741543300201,7191951478308
964464105587,2988007144716,987364951644,1343180752217,975467259965,1296145442759,958913508006,1289942172757,978222898297,1081438792545,960605476922,1063745601496,982894925839,1046231604562,942095158307,1047860495112,857286026781,1038963115321,936548585162,1046481820147,928869854842,1047377021901,921492128718,1033160121748,981702833553,1036218721840,986564289848,1033994677167,1002253154968,1637887221591,1741576248433,7192073780965
964464448449,2988180890097,987384533106,1343181153560,975486828390,1296208082802,958930346268,1290060402113,978240478086,1081562954394,960618729015,1063989887476,982955194031,1046350582483,942120073001,1048227660033,857289935004,1038963566415,936551322352,1046545080415,928879403304,1047554025126,921525037542,1033401162887,981703202264,1036280080932,986568378978,1034051274723,1002315868334,1637888550130,1741672278824,7192131146918
964464501279,2988420853950,987407344728,1343299560594,975507717824,1296274210913,958949604509,1290464567603,978258845526,1081687897018,960630982968,1064170814883,982963883193,1046599507530,942144256367,1048409578907,857292955986,1039021798143,936559959460,1046736387632,928880573554,1047555213465,921529522815,1033459110319,981768811864,1036468377448,986569064804,1034051575995,1002316105200,1638072811017,1741709646595,7192252064465
964465580675,2988482704617,987429407716,1343488162019,975651254278,1296639490975,959026342760,1290588631599,978275528611,1081752302394,960643308584,1064362782744,983025781552,1046599919204,942170060879,1048528636226,857296556309,1039271058427,936561778399,1046918833911,928882267535,1047810923213,921536999224,1033629959694,981828986252,1036591585284,986815238482,1034177302716,1002316262935,1638148243419,1741855128404,7192563074310
964577744262,2988611726838,987448260211,1343615853356,975673944885,1296946691559,959041889257,1290655147745,978292895896,1081925443913,960656679435,1064546224093,983093308635,1046853148870,942195297455,1048530063809,857299540931,1039394618537,936567707353,1047039446543,928914125612,1047812001324,921560145042,1033750619810,981832437948,1036764761596,986937049595,1034418021673,1002412979837,1638261149682,1741927815533,7192627433071
964755233918,2988673297569,987474111187,1343664996823,975698555510,1297051401606,959056306718,1290890254639,978313153876,1082216825962,960668638080,1064671153856,983094191884,1047029913253,942216906906,1048704826419,857301880057,1039517703623,936569346205,1047224117830,928914886173,1047874311347,921566228719,1033812032594,981832551872,1036826971801,986940596295,1034477832488,1002420576738,1638327300128,1741934602785,7192686743291
964815139723,2988885222298,987494064776,1343798442517,975718199618,1297174600690,959133838328,1291069298668,978334823760,1082337752301,960683864824,1064792070390,983165815412,1047089388747,942239304474,1048884707616,857309422798,1039816465816,936570994851,1047293313700,928916026704,1047874698785,921572871537,1033871766675,981893262911,1036946304918,987021757554,1034603830314,1002421579588,1638387456047,1742015741911,7192811120010
964944378993,2988885743952,987514022398,1343884586077,975736930984,1297294261254,959147042622,1291200810743,978353072717,1082466349401,960699312160,1064907807407,983247650878,1047089736891,942265360772,1048949543770,857312053836,1040123240505,936576726112,1047352036333,928919554911,1047994058936,921580507116,1033926702264,982086464996,1036946339018,987148766241,1034665436143,1002421803558,1638447339939,1742187075163,7192938350132
965133157856,2989017561679,987531012660,1344048291601,975758838193,1297358002891,959159948708,1291393280633,978369331546,1082528964190,960775692822,1065038114911,983421241596,1047151065055,942284611095,1049015119915,857374814919,1040248295840,936577897441,1047416809527,928922434044,1048058071545,921586049214,1034057229476,982170948970,1037076419972,987215523952,1034727987917,1002619298709,1638448521600,1742201810520,7192938780830
965149489831,2989259357044,987552256383,1344294478741,975777966400,1297487705080,959177548019,1291451450871,978386306281,1082686490068,960787612193,1065099071342,983424418919,1047328541643,942310343984,1049202707979,857436057728,1040361307170,936579318772,1047546856004,928923373628,1048117653543,921591584315,1034281589687,982171625698,1037177589327,987215639889,1034787886067,1002619663221,1638514386259,1742223229037,7193014869657
965150375391,2989388076289,987600225570,1344416649255,975796952347,1297798733324,959193622645,1291570090615,978402178249,1082807650506,960800602778,1065222257052,983481077052,1047452455571,942331458974,1049389386076,857498683371,1040361743287,936581221514,1047609861584,928924354796,1048430060189,921597961865,1034457507428,982172073630,1037347988582,987311934579,1034849129641,1002619920058,1638576729326,1742360236675,7193133763943
965268606080,2989516526686,987622513242,1344544779017,975815191181,1297902123476,959207298079,1291818254447,978419184573,1082807747991,960815444974,1065222447280,983481725154,1047646783550,942352501297,1049511131237,857545548410,1040474511099,936582426326,1047738405243,928925983060,1048491582732,921604653610,1034618101415,982234757447,1037348232349,987496611601,1034898869210,1002684567385,1638577587733,1742504969843,7193258701290
965318678495,2989746293102,987640310833,1344601863513,975832965132,1298246283079,959223921645,1291932317343,978440863230,1082870469387,960828049519,1065421777077,983666998271,1047807705997,942374321459,1049629046378,857548205489,1040528523445,936584196156,1047902019837,928927525819,1048539093827,921612683860,1034874047447,982235156865,1037410360649,987496679336,1034956252319,1002755720587,1638578440869,1742687149120,7193321511875
965359734703,2989974093834,987659410997,1344786217333,975855085167,1298479811740,959237849536,1292120680815,978458216069,1083054379805,960840322585,1065545059453,983667985300,1047865191495,942398220966,1049690147158,857637824623,1040650745275,936585978308,1048016071323,928928658016,1048596302244,921674620529,1034999867919,982235248844,1037653287945,987496739511,1035061067094,1002755760288,1638711154304,1742703666611,7193323295392
965360186962,2990251445441,987687478187,1344939327528,975883725974,1298766764997,959252589325,1292235590320,978475756307,1083164239829,960856188246,1065607014762,983688594235,1047865869867,942425198966,1049814343559,857678733661,1040706913543,936592427403,1048132059458,928937923576,1048711965594,921682676871,1035181996442,982235529272,1037717379636,987500022927,1035178459741,1002755883594,1638712448223,1742720772887,7193384437400
965360595636,2990372479239,987707766455,1345002013616,975903202399,1298888750573,959266553274,1292357452368,978493211734,1083227230311,960873443402,1065670026023,983929725094,1048094023579,942447656839,1049878980853,857680998077,1040767705802,936594025018,1048193098401,928938811786,1048953887137,921690574112,1035182474131,982297991566,1037779169084,987500079532,1035362027302,1002755950105,1638773614352,1742739002372,7193385753981
965422406832,2990624794296,987724731070,1345003106452,975926574235,1298989154022,959278923736,1292357796649,978510165262,1083340384147,960885874867,1065786310857,983930533855,1048273706744,942468967687,1050060372677,857743598888,1040948869982,936597350460,1048254615257,928942714075,1049063841752,921694879313,1035248326729,982459309896,1037841355171,987500245933,1035554700057,1002816842565,1638833801018,1742750815687,7193451388293
965423818772,2990741570397,987744788934,1345003333734,975946618200,1299289398780,959292187602,1292485910887,978527152624,1083462108611,960898042288,1065963943059,983931736550,1048330203883,942549807787,1050245207374,857745824451,1041125531799,936598648702,1048361903433,928944109020,1049306217248,921698813708,1035371847098,982459380312,1037962708330,987500705494,1035671772414,1003045870243,1638951502760,1742761164140,7193569229767
965423985694,2990802595109,987765197078,1345131579342,975968005504,1299475186619,959305797304,1292546269656,978543783418,1083463816823,960910834585,1066083903149,983990047887,1048392628215,942574281512,1050499039822,857806759001,1041248418999,936601266472,1048362587125,928946795307,1049426719939,921703790311,1035429519989,982522872045,1038089562529,987500737164,1035732786935,1003059851166,1639013324072,1742773371112,7193690528135
965424085665,2990862807290,987784721060,1345254248168,975990264935,1299775272671,959318921442,1292848266446,978560826026,1083647761896,960923037588,1066204088647,984050411614,1048490456876,942596328690,1050735978883,857809396829,1041500776197,936603101627,1048362919655,928948107069,1049489018987,921707819015,1035609489293,982522984430,1038208711752,987504853930,1035791620228,1003172952906,1639126808866,1742801419395,7193871853909
965485927290,2990989118397,987801493836,1345254696574,976014152263,1299970163912,959335696695,1292979311729,978576815755,1083777851369,960935286996,1066273007908,984050999581,1048618705185,942616772177,1050736302650,857880015183,1041629165254,936604643789,1048555505295,928949849701,1049558081156,921783894482,1035672529382,982588501063,1038269726333,987634549567,1035929253978,1003373808673,1639317550182,1742873184928,7193872940526
965537856875,2991107270478,987819640170,1345470773384,976036122004,1300185310795,959348680997,1293180321854,978594412021,1084016805732,960947459066,1066503314141,984129676962,1048807677659,942637311558,1050830037486,857882099277,1041746348553,936607026070,1048556685783,928951076025,1049620121291,921789878574,1035728819960,982588738214,1038513019732,987634684548,1036038755298,1003434992352,1639486927490,1742895439560,7193932216977
965537934940,2991236158834,987840766038,1345650424045,976058477814,1300429584143,959362081989,1293304561593,978610764774,1084142571287,960962311371,1066503471440,984192153408,1049128521362,942727386738,1050830523412,857940987931,1041813539517,936609137606,1048624100102,928955030578,1049683231478,921796743445,1035785907900,982764163296,1038690795056,987762404318,1036216140241,1003566858924,1639523264699,1742935010132,7193995704631
965538052647,2991469704885,987861412115,1345767154005,976080096996,1300537244534,959379904383,1293369446959,978627611509,1084200571063,960974727189,1066621732883,984193144787,1049192624615,942749091397,1050890418477,857943627545,1041962546033,936610513512,1048802067977,928957273999,1049802631158,921805962951,1036027518161,982803530339,1038776753706,987762448750,1036381843672,1003583189075,1639524884640,1742952882563,7194182590760
965538674573,2991530600587,987885775152,1345892434611,976099867723,1300537616852,959393814214,1293493435815,978650296114,1084332066914,960998861111,1066746094996,984264336863,1049253782944,942767982139,1051010828369,857946007696,1042025475692,936614618889,1048863524791,928963748393,1049924559220,921815709638,1036148887578,982895272833,1039019099425,987820280295,1036450528368,1003643260442,1639707478312,1743026489385,7194246369751
965539459551,2991654335977,987957344034,1346010320065,976118942376,1300599104906,959407631071,1293559605961,978667126532,1084392998531,961011631681,1066746279524,984264873817,1049316395927,942790339666,1051188693825,858006811366,1042205605048,936617100034,1049051065236,928966175055,1049987480636,921822301066,1036336228231,983125850164,1039019139725,987884416469,1036511058781,1003823569440,1639726304719,1743106062177,7194247052195
965668927328,2991762408429,987976310124,1346189464029,976136887942,1300719743082,959480365095,1293679608385,978683270414,1084511104033,961023561568,1067115557490,984266795648,1049444857236,942811127972,1051251887620,858009685378,1042391838055,936622549357,1049111913905,928971223004,1050106184262,921828048588,1036392954800,983169547275,1039272646312,988056571563,1036640463032,1004012588473,1639789653802,1743118368757,7194430071693
965732732379,2991883836179,987995673017,1346249479485,976160024961,1300832229600,959492832379,1293927009750,978698872017,1084692423737,961035462787,1067233019873,984267195992,1049568026543,942836953290,1051389637222,858024889478,1042453187564,936626247776,1049234157463,928972531389,1050169498888,921833610624,1036394074242,983277921650,1039529115968,988116665401,1036994678741,1004072663978,1639850824650,1743283081805,7194621203987
965798234082,2992012838057,988016650751,1346355716614,976177140792,1300953923829,959505759310,1293983346525,978716567792,1084751033300,961046814317,1067233166169,984371434094,1049755788568,942857521995,1051495722314,858030165808,1042453378090,936708150553,1049361831196,928974252330,1050230780057,921838705940,1036520332134,983458114582,1039585012515,988225949285,1037058931787,1004171060670,1639851684765,1743407446781,7194786453907
965857752033,2992261803031,988034308444,1346361475251,976202675748,1300954152315,959523176490,1294105313947,978733280910,1084751109182,961058829940,1067491021007,984443396637,1049756104451,942879277369,1051556566080,858032631779,1042815472735,936710578381,1049484836927,928976558367,1050300559016,921844143236,1036652899797,983458189581,1039705799678,988355568072,1037059170494,1004193973395,1640034245565,1743423859307,7194856834680
965920335058,2992262149581,988058375635,1346361587463,976220948450,1301016661351,959535715015,1294165522554,978750042110,1084751327682,961071200783,1067739058064,984569089966,1049879908578,942899370144,1051681207014,858035712252,1042944162380,936714070593,1049613223341,928978102543,1050485368960,921850007221,1037034873074,983644517056,1039768213633,988604550766,1037183839984,1004311686723,1640160504043,1743437101966,7194984621443
965978383995,2992508149147,988078192890,1346460366159,976241803236,1301139457182,959549374611,1294421991286,978767760203,1084935519394,961083294177,1067866272818,984570288055,1050001808974,942923276315,1051748223838,858038055189,1043012651238,936715363011,1049735620143,928984249523,1050612940264,921857659990,1037036431704,983645045917,1039960008896,988668362550,1037333323481,1004473152431,1640229497244,1743521348054,7194985236296