607073,79853372,46801070,86873811,49211795,115186,40647974,128780,40819990,114110,34363523,81402,1956434,127264,56275003,277560,4651398,203458,6534380,98799,7834647,415676,12519368,131514,3188645,235921,16061282,54556,23864295,39062171,76720006,59610652
673636,85745329,48670279,85284749,50830199,280722,28390955,361003,46019191,167099,48633515,194116,2556145,107341,46695629,185202,4606997,164332,10251298,62545,2336741,174559,31710229,120037,275790,146392,3606692,253762,1463910,162931,15830020,5897363
4690949,76908808,40240137,70939717,49664335,111983,35320638,123939,45896808,143060,29950257,1536796,24132225,209346,49432865,1670792,4570769,35280,10537994,242286,8667664,24790,25928843,43907,423943,47067,258774,179430,496173,1926673,17990332,254799
401956,69742117,48029575,77722038,46596880,212434,33134897,89095,42138068,86638,36119918,150093,2830674,192371,45801264,131244,4748612,104188,15720827,132867,10685481,206226,21446650,235370,1539866,90538,85664,141524,183962,10507632,36067373,498366
2398584,88389526,44526041,78424675,51544180,562679,35754881,115411,45511184,221431,39257510,3143765,2742008,46386,45069055,150482,4384900,169071,14412704,140614,9977182,50099,22969758,320712,7711617,262497,347642,1278362,5752952,425817,14418314,2476547
6210167,78070049,51721221,81332055,52370185,107246,35092973,234099,42136458,98415,38076359,80322,2270974,66929,47314069,391283,5961038,95410,10019272,379932,6732662,15473,21406133,59926,1706384,556988,235805,65507,2448447,351168,18101921,4790888
10087267,71058724,47736681,84078646,57726054,2140610,30431998,58630,53457277,182456,43175860,760493,5411071,1519688,52761620,207961,30014761,3546062,15342042,704513,12652715,913737,21052306,616813,3474213,272824,3024795,1462156,786936,3759501,26574625,5285139
911380,74293551,44969328,86689621,49646791,198816,32596792,149896,45422911,111030,40514565,106211,15974400,102500,44961740,519476,4903651,271718,13446263,450622,9185424,183748,20527755,128407,16260999,66243,3261605,101940,414328,6561534,22681227,358610
1061585,85579746,46632309,84645207,45945431,642964,31236069,229259,42502211,120344,41229866,111513,3611346,119507,47905807,2215456,4551867,92361,13691304,2634309,5450272,699604,24087889,105154,390897,649000,1275603,142622,135029,2089855,15948300,813358
2449405,79873885,48008854,67637109,49829309,143144,32427195,113215,43792522,64428,35126022,43546,14774339,231622,43171681,425291,4510093,93224,11835867,1686784,10420450,125714,15990687,81854,9605865,110701,4356408,695228,142466,978468,18717695,351324
649404,68613252,50575549,74675894,48789936,78479,30484969,78631,42709300,62272,28656885,88917,6388706,139496,46469236,57671,4583255,136699,10292448,70842,15512519,75008,24962991,69288,4439329,43046,580952,166667,316850,976255,48414610,294329
5885360,85783668,42186786,83679270,49350172,280383,31727839,3776393,42080525,69835,32632309,6197077,12165665,164769,45114036,3161250,4815890,114563,14403190,326785,5306257,2440201,13396218,7171142,366849,40329,148407,2976119,818932,4212885,13319104,935726
9372621,80443855,41861231,67815430,51528400,435609,33043682,77120,43988131,200467,34728756,152151,20661781,1616958,50726598,320202,4770524,157525,11404056,67397,19438536,562658,17555051,25757,24165627,82428,5021185,183638,143838,7232159,18750378,12053452
1874232,71233523,44724659,82757085,50901139,40099,29729903,189518,43035391,20019,28883660,290976,2275971,139925,48196244,80945,5256043,66510,8360116,90948,9440740,439787,21881899,37716,7647619,81758,348041,88104,50322,154315,15152729,593369
1901337,66885123,44626973,76508681,49488641,284103,28382139,258921,42945753,172314,33428101,68604,13901885,251177,44968893,42482,4398151,119216,11113935,60472,4115318,184473,20273165,120491,36900,124334,113345,41938,2710509,576395,19017326,264856
1876707,73752427,44721722,75439761,46792669,1676530,32791689,98048,43851097,462674,34144322,88159,4706090,82079,45821019,1776102,12813981,161084,12184848,4963809,6810193,3425059,18736251,113181,4055610,98070,194974,89350,73309,1808714,18402044,495214
23896739,85441262,46437984,75770162,52477058,301570,35698106,68431,51780678,246147,34137578,2492459,2982725,898404,54725468,424924,5823908,893433,15464105,568397,51596575,530009,22525249,301886,16150156,159227,5142784,60802,399280,3866579,20080588,1067937
2309459,73753518,49156862,89751250,47621812,782260,33955060,573591,45192824,124781,34110655,202155,10171221,92541,46782193,2165178,4643256,1157504,10363449,126897,5186957,785254,13868330,1850264,208336,1652683,3872575,80047,5664887,16446737,17498951,702870
2375610,57930288,49123669,75652736,53375680,215043,29357845,72346,42435836,42667,31046001,88505,2784418,551519,45726943,59991,5426419,44694,16470224,89847,10006434,81640,13694919,78234,28634120,814615,3909003,121810,865521,8961418,19301204,2503888
1206400,92566307,46147852,85320356,50105206,292710,29953805,319560,45096110,38097,30731274,117987,2032483,1593744,44669729,3581073,5631666,1330080,18454982,143863,7489993,805961,19099962,3465052,8264662,2220235,3824431,215302,463804,4141978,23918442,37404220
1273915,75275136,41600032,80181612,54046363,182897,33242757,118561,45332245,152090,33606122,126228,20949770,162284,45770306,138163,4172737,64573,10133584,179131,5973850,208780,21088523,103192,1415872,42249,125384,112303,462336,670325,34659104,4266478
1875428,65241380,44724244,76033194,47874947,277387,31992081,215058,44935025,36086,32315507,196859,4551653,171706,44198922,164509,5189410,374507,9502912,126164,7877747,68879,25749737,237329,1361951,200438,2396060,139224,656462,324685,16824900,1380207
2162577,87268612,48974901,76962519,43719597,130490,28429934,79485,38817539,139972,31607444,600857,2420692,1408918,49767165,137204,5457624,1433932,17792211,196285,6300062,197183,16802826,726404,1171719,441135,605927,722366,159033,1739780,13204350,427326
1730583,77108486,41816529,85127780,43980317,232043,29019964,644955,43261377,203388,32190029,178677,13962486,44516,45428868,223896,4822167,312339,10676510,225963,5647114,325153,17252655,140556,9597913,457393,141471,657021,433587,933538,14485281,986436
2127751,88919622,50477979,77057534,46027376,121829,36314606,144129,42389524,2124707,32941631,520307,11047247,112190,44188760,500859,4973734,160110,33137666,111530,5437670,95316,15461326,64575,97671,93313,27446648,83825,2411665,198672,18017557,463253
2200047,79429447,45275372,77948884,47030463,259164,28592406,110609,42772981,282087,28730419,139738,2660472,251039,44193544,409026,3669664,175726,10278731,737645,10265403,64957,17851184,76284,10153227,268888,255906,173273,798717,2362621,15572394,2329815
3825328,74958787,52038355,93779674,55831614,2670342,33239670,1694526,45943065,147919,39658983,1500669,28232689,1686565,50264939,87085,4677989,426275,14577955,1312929,14856248,981286,19820695,1146648,90582,2371987,7647522,337674,150337,5803709,17853897,1580582
2560557,76438224,49649161,93805829,44476578,178048,30093673,337138,45728029,1808818,33915096,4075078,12193493,2364273,43966147,78658,4558689,96898,9301579,216848,5753424,622838,18185659,4497470,13719615,6864544,9387159,391629,4439803,7026475,22129197,11112030
667799,79175696,45735167,85650648,43820748,529069,30113112,45695,40089554,147086,29412012,286113,1706218,24205,42867768,145351,4698642,212100,9546881,1175371,7215784,531644,13908242,199359,2991228,86922,405005,210449,7359005,2171160,46514341,629091
26358645,78442547,42945251,87921336,49614802,107605,30034329,186799,42019892,5060350,32627940,107936,5980780,472365,46604977,2460032,5497866,266067,16083047,271952,5978865,45590,12147545,145714,348930,25638,557741,281387,7124848,1226842,24733743,3938012
439780,83036210,48409003,82471524,49089199,482098,33879373,553284,41614302,154108,32153395,73654,5584220,110235,47420985,308708,4191123,314537,10637977,215319,4031587,41239,15759363,90940,375893,29912,291786,325837,16330428,1783089,66529553,242998
330996,84772427,43395280,80954131,50379178,168788,28067562,49158,43657302,70869,28402122,15632,5117971,35283,44509274,33993,4642109,78698,6655751,145576,4525704,1802196,11189255,59907,72655,47955,134190,122441,127170,385764,17486756,23248956
2110813,73100937,48368874,78054886,48573965,200394,31561264,40264,41618391,62982,32400038,125950,2396718,21088,44522994,66718,4431616,103368,12794005,180532,5141678,36615,13624826,39225,263600,88273,131090,604373,47273,447942,34754777,689302
1700159,73785923,46956232,75039709,46983533,569984,27993374,252649,40896682,61065,28454661,1266220,2966742,1239075,44375467,115069,4581391,1833267,9099695,87358,7027044,1375452,18750372,121995,548042,158982,344730,209317,12866217,1998628,14627486,8268922
1303127,65543637,42408085,94644076,46002014,231820,31876291,108767,43896850,75070,31256213,97737,3133332,78664,46414446,101269,4985811,31966,9072192,306072,9903682,29061,15108817,47427,148199,99011,1190516,191441,1079221,2464054,16916750,1398343
2362076,78593955,44769400,80953931,54265930,1873121,29485854,6719797,41438374,196867,29304521,125051,4510797,964119,45451042,4958301,4477510,325728,13545782,3103586,13094631,2484262,18593036,60930,86305,471353,160527,71071,135817,9867582,28871720,3631480
43410975,81322584,49344566,91069242,53570472,1449508,37454024,1491845,51242234,147607,35598169,1727239,3965619,214871,54675395,3783836,4524952,1099244,14290643,1026641,16058069,56718,16461455,1381420,1018021,66659,474482,41140,462325,2911242,35102278,2685930
265455,78658709,47261599,74615418,50368688,159035,31078226,134376,44597534,114560,33757222,439728,4210839,659434,42695919,62138,3217646,149884,10052626,684542,7589801,1479739,22105774,152587,125163,145167,321541,16995,10637664,6592334,14367757,4658949
41955983,81169874,43448885,75382793,46294120,2110626,37706620,103729,42068530,115336,31415958,124100,3022484,3724333,44352283,74430,5071997,57706,7849004,122211,4777298,65298,15663972,464569,3044173,90672,113976,85199,8838525,2614813,52132955,3704983
37826989,82873098,43745467,85076499,50858854,117919,31553899,101126,41786981,106243,31860565,35321,3780158,508812,45183565,109383,4472575,56764,9967384,80475,4647929,44167,17925606,21938,97964,252702,3942192,579957,338514,598882,31569209,20430610
3519084,83537001,45183860,77800624,48485449,158908,33414882,789747,46659924,1408615,26719273,17259,8415069,211196,45219785,31961,5290973,100580,13621412,25498,5407600,752512,15169545,59073,1255381,133834,416997,523235,215974,928845,53530894,1044076
7593843,64833194,61833468,60287591,87220460,90811,32890617,476051,41208108,354717,30399558,756131,4078473,240351,46780150,109588,4284889,36920,11019771,98195,7305770,627738,13238718,86253,3660601,38861,545076,62891,579224,1076675,18662188,115405
2174963,79926901,54267538,82962117,91502269,6374621,31747986,102499,38534737,153445,26095468,564838,4213780,3658976,47205229,661170,9465164,3158580,12333071,3853833,5645837,3777485,12927404,258335,156513,2927118,394907,370800,340771,10339530,13683135,5673323
492958,84200033,44940830,81263704,48193466,169295,33779390,297902,45017459,56353,30873718,98991,2958218,142317,46355757,102278,4224338,348720,11170685,271314,8152043,549940,17693420,864660,2219531,796629,763576,50127,188900,14615099,26503047,193057
690699,74597148,103524736,84458206,49914581,98559,29205031,18434,40982606,58334,29382048,138759,5765269,71974,43562190,37396,4824916,32542,11111100,108372,5062275,155850,14380151,54769,3919155,320719,345203,101500,408961,99553,59744429,2914351
1662155,67102760,41123039,72596600,53375643,160678,67683564,585105,42181587,54365,28039780,103940,1972944,1532642,44216542,113103,3104191,85640,41065127,253326,5539221,115505,11291014,101469,317395,67299,233514,73192,501975,987642,42407925,544296
34167579,87472625,44880775,67743649,56838477,643761,35874117,1655597,48818356,297999,29888458,266592,6314937,1026232,47201710,677761,4356120,53846,60621640,125871,16981484,25518,23526692,3112840,2975812,750347,219373,32370,2074519,1039883,18517131,1194981
1557938,75532917,52256269,74250268,50002248,187564,71523735,160274,39801525,43442,26297468,29620,4252385,142620,44342185,321511,5859320,117231,63845630,16854,5859209,60572,15443426,109710,5210522,72219,192488,28265,1266569,3811432,33348982,5683428
2296145,79950772,50273562,84551511,46250882,79555,32744235,228213,44497434,90890,30620009,432412,5559163,54961,44885994,42431,4901384,67559,39606200,0,93475537,157114,14954776,157510,261567,36854,3856622,68693,736096,478279,20375013,417326
522674,78695092,42513627,73998070,50105901,144702,31686801,45787,94982698,69304,26909068,106585,3608046,67351,41243963,16722,4808233,78556,9842014,150455,48783261,107005,20252261,21336,643800,82662,149365,52699,342935,435287,16741854,4687262
2304082,67534684,44953303,81223483,45762698,51213,26350040,137429,40845783,99787,29882759,855150,25751694,93545,48265776,47028,3712352,5819803,11188727,52863,65312140,210365,16878465,3247517,734331,21303,493641,68890,380819,16721489,98583037,16986020
28159832,73365752,44056144,78176071,50295036,78168,33261325,69705,43311891,2236180,29534465,34498,4993793,135576,46475401,1873458,5130628,1940876,10672230,1435233,64251626,99758,17750320,1388906,1177408,2143503,253711,647869,221426,999386,12203849,1230413
1069197,79689277,45262114,79471334,46612098,254496,30044670,301147,41734139,214234,29798248,90256,2613681,173343,78041799,487756,4516199,90582,9590135,189644,8973519,39165,43453535,223444,108727,1052494,252200,295366,1199024,7166314,27970206,5430274
4150806,88660104,42896596,84843949,48913474,129943,31320456,31449,44928127,2305,29036965,1829306,8157786,553601,43254813,265240,4614233,252484,10512141,147787,7161518,244057,10848054,85572,100531,350067,177981,102811,157636,824086,24266760,1088738
662576,82388842,45490512,72309591,49152751,171336,34352115,92340,40605963,116097,28703908,95018,2398396,67198,46070837,31000,4927618,1783059,14955052,178140,9477431,126084,19220476,165282,1453268,1921104,242360,100068,130627,298103,13155354,1707446
22052037,85297673,42181472,77579147,45492790,227996,33308371,304846,38380018,203950,30350340,276476,2633466,163217,46162953,110839,7463145,140077,10834576,190707,5985271,130795,22612533,132313,1360052,257503,324261,221257,727468,625254,17451139,910851
24091462,81279024,52462683,76838562,48520117,285698,37264679,192289,50586980,116889,27976352,1090401,2328683,2075763,49415249,110692,4135305,1952655,22018411,2248876,10204673,428887,19858697,708934,912564,562616,230163,677974,859024,1376333,34946508,3737624
5966932,75302849,44688552,73366007,49695462,72587,33341856,60934,42726369,102490,34263596,106402,1778405,378188,45356386,194051,4411622,526649,11481682,276409,10162865,78099,14675537,479409,224984,54111,246191,58427,230648,2372660,27329043,2816683
2672309,78085987,42130197,86445772,45448687,3738234,32784832,22770,42023933,2445472,31809270,2740549,1774482,198032,43717827,103322,4705232,999356,18014442,3620601,5715529,123538,32825783,3931348,178448,847936,393281,31279,502086,6977638,122648830,6401411
