58116667,239427604,69017886,62012513,69078249,61586349,62783931,60893085,69221888,63513983,61387329,59366303,56881713,54878594,63720897,52064252,65610176,52716664,60037060,53447837,57801759,51679806,62165016,48821328,50677289,50076845,51018243,50585747,54396329,182710542,53489424,514440772
58118196,239457315,69054528,62042621,69117589,61602134,62803142,60894628,69251126,63520960,61402784,59370279,56882639,54886126,63765974,52069065,65612918,52721764,60044985,53453625,57809354,51700818,62187542,48823072,50678335,50092353,51019383,50586734,54396857,182714023,53490942,514443982
58120354,239488235,69092880,62074324,69159520,61612483,62824449,60916393,69283413,63525892,61417723,59373798,56883845,54891768,63811377,52081456,65615322,52726763,60054615,53456142,57817457,51707479,62210536,48824530,50679187,50097563,51020582,50600745,54399214,182717627,53492664,514447992
58121578,239517768,69130004,62105376,69202365,61622492,62847039,60926694,69315722,63540325,61431304,59378615,56885197,54897358,63856305,52103780,65618997,52729078,60065658,53460785,57827722,51709363,62236283,48830044,50679998,50099042,51021610,50609908,54401800,182721132,53494187,514451267
58122667,239547881,69166832,62136742,69243334,61633674,62868308,60932555,69346309,63549489,61446049,59388294,56886431,54906835,63900671,52118993,65621844,52748855,60076510,53464168,57838555,51711651,62261641,48834385,50681065,50100515,51022463,50611718,54402598,182725229,53495185,514455544
58124021,239577100,69204112,62167704,69284190,61649625,62888588,60938895,69376533,63553891,61461028,59397891,56887805,54916196,63945442,52133913,65624460,52754447,60087270,53474609,57849142,51713712,62287491,48835269,50682387,50104564,51023059,50620998,54403285,182730221,53496297,514460023
58125529,239607775,69241798,62199350,69325400,61659125,62910308,60954524,69408129,63560022,61475316,59400933,56888916,54918471,63988699,52147605,65626886,52767236,60098166,53486855,57859915,51718478,62312147,48840927,50683233,50105791,51023931,50628635,54403745,182733947,53497180,514463633
58127109,239638153,69280021,62231087,69367397,61663116,62932627,60959497,69439963,63568512,61490029,59416402,56889930,54933793,64032815,52154021,65629648,52779600,60109002,53493556,57870556,51724209,62337063,48843226,50684491,50116315,51024973,50634726,54404677,182738046,53498532,514467569
58128994,239668182,69317719,62262062,69408930,61673685,62953955,60974266,69470408,63574197,61504566,59429310,56891199,54944482,64078096,52165403,65632413,52787928,60120075,53499010,57881229,51730397,62360995,48845128,50685060,50123551,51025856,50635984,54405713,182741721,53499766,514471421
58130700,239698700,69355548,62293082,69451012,61689009,62974885,60980257,69502015,63584040,61519779,59436483,56892061,54950473,64122498,52169132,65634714,52791375,60131116,53500905,57891576,51746026,62387538,48849772,50685702,50133755,51027206,50645139,54406454,182746929,53501211,514475777
58132258,239729358,69393131,62324801,69493146,61701941,62997254,60998635,69534919,63594814,61535147,59445973,56893845,54954220,64166237,52171045,65637199,52793056,60142384,53503601,57902207,51753303,62412189,48855628,50686438,50134857,51028187,50662880,54407342,182750245,53502575,514480889
58133719,239759649,69430217,62355511,69535254,61707981,63019233,61015115,69566696,63604465,61549276,59451459,56894749,54968832,64210114,52180899,65639574,52798221,60153248,53506670,57912950,51762928,62435803,48860070,50686949,50138918,51029165,50671279,54408207,182753828,53504798,514484450
58135982,239789360,69468434,62386782,69577543,61718117,63040502,61034975,69598757,63616060,61564505,59453522,56895497,54972410,64254485,52186472,65642701,52804323,60164089,53511120,57923665,51780700,62459255,48864232,50688197,50140915,51030177,50677631,54409951,182757782,53506659,514488652
58137662,239820050,69508221,62419021,69619496,61721908,63063349,61042258,69630751,63622031,61579907,59459888,56896854,54978345,64299105,52197467,65645745,52807356,60175268,53519083,57934897,51802051,62482156,48873914,50688805,50149705,51030897,50684015,54410967,182761490,53508206,514492261
58139992,239850305,69547183,62449743,69662204,61723132,63084631,61047995,69663283,63630361,61595638,59463659,56897702,54987163,64343090,52213776,65648511,52815142,60186185,53526486,57945507,51807037,62505630,48881675,50689228,50173593,51031408,50686253,54411775,182764863,53509831,514495510
58141694,239879237,69585703,62479628,69703941,61730865,63106384,61056972,69695609,63642237,61609700,59468880,56898467,54991409,64388461,52222681,65650724,52838465,60197001,53534019,57955907,51812999,62529564,48888140,50690017,50178449,51032539,50688875,54412847,182767670,53511356,514499208
58143418,239909772,69624566,62510678,69747099,61731786,63127503,61083104,69727992,63644580,61626805,59474724,56899391,54995499,64434497,52226971,65653378,52847671,60207972,53552012,57966464,51830619,62552924,48889093,50691035,50185392,51035516,50690006,54413707,182770506,53512642,514503036
58145087,239938945,69660991,62540529,69788625,61734031,63150243,61084997,69758692,63667564,61641416,59476988,56900764,54996812,64478429,52232332,65656171,52852822,60218669,53556484,57977022,51834302,62575005,48906264,50692074,50193092,51036987,50708640,54415260,182774313,53514083,514506827
58147175,239969533,69699793,62572929,69830485,61757402,63171599,61102087,69791797,63674310,61657752,59482212,56902720,55001410,64525187,52236773,65659928,52854204,60230198,53559910,57988205,51841145,62599395,48908709,50693508,50194990,51041544,50718309,54416795,182778466,53516204,514510363
58148610,240001054,69738684,62604665,69873151,61764451,63192611,61120039,69823750,63683517,61674397,59485213,56903618,55020051,64571581,52239100,65662872,52856464,60241180,53570833,57998980,51847220,62623239,48911265,50694188,50201117,51042465,50725857,54417409,182782040,53517435,514514055
58149661,240031399,69777046,62636529,69915970,61772041,63215347,61124094,69855625,63683707,61689686,59485616,56905861,55020386,64616888,52239446,65671266,52860582,60252242,53579711,58009831,51872293,62646585,48916464,50694916,50205200,51043570,50743087,54426597,182786012,53519046,514518338
58151139,240062202,69815216,62668028,69958150,61775218,63238020,61139510,69887358,63693419,61704362,59494142,56906948,55044687,64661501,52248142,65673655,52869067,60263258,53593476,58020277,51873612,62669614,48917945,50695264,50207152,51043810,50744409,54427370,182789993,53519999,514522707
58152293,240090930,69853123,62697403,69999871,61781413,63258709,61163153,69917725,63695833,61719438,59496589,56908337,55052218,64707704,52253650,65676228,52882299,60274172,53599565,58031282,51877926,62693981,48924773,50696476,50221821,51044815,50747993,54429048,182793619,53521121,514526067
58153896,240120694,69891675,62729103,70042280,61799195,63278929,61175481,69948923,63701839,61735570,59503347,56909472,55054933,64753253,52259316,65678812,52883352,60285148,53616610,58042427,51878683,62718684,48927790,50697093,50240308,51045677,50749113,54430592,182796872,53522772,514530785
58155131,240150479,69930619,62759773,70084955,61819022,63299195,61177822,69981552,63724523,61752299,59508467,56910853,55055814,64798549,52262802,65681266,52884184,60296344,53626171,58053247,51883315,62741721,48934395,50697985,50255101,51046507,50754441,54431351,182800477,53524865,514534584
58156565,240180419,69968400,62790856,70126397,61827454,63319118,61185252,70012725,63734149,61767697,59516872,56912492,55067693,64843227,52266726,65683612,52886888,60307166,53637669,58064061,51894645,62764780,48939818,50699457,50258822,51047875,50762456,54432350,182806884,53526412,514538253
58159371,240210419,70005599,62821811,70168223,61840861,63340251,61203207,70044419,63737702,61782458,59519393,56914324,55073500,64886743,52270125,65686587,52892453,60318083,53644824,58074320,51899392,62787994,48954461,50700518,50262741,51050869,50765055,54440605,182810248,53529391,514541893
58162624,240240993,70043879,62854145,70210001,61849798,63361524,61208593,70076010,63745827,61798949,59526751,56915693,55081591,64932010,52281109,65689172,52902768,60328966,53649578,58085117,51907653,62810634,48962291,50703273,50273679,51051594,50767640,54441615,182813841,53531572,514546065
58165128,240270900,70082021,62885875,70253118,61854566,63384636,61215410,70109063,63756106,61812926,59536665,56916898,55085869,64977225,52297365,65691408,52906499,60340347,53656241,58095673,51915375,62833796,48973882,50704554,50282907,51052782,50772419,54443310,182817301,53533411,514549133
58166635,240299971,70120688,62915932,70295896,61862534,63406836,61220546,70140258,63764746,61829041,59541311,56917821,55098699,65022233,52304402,65694029,52921762,60351105,53666280,58106629,51925705,62856139,48976226,50705028,50290801,51053615,50777273,54444056,182821489,53534461,514553507
58167480,240330171,70157319,62947545,70338834,61872361,63429242,61233818,70172706,63777565,61844132,59556016,56918964,55103896,65066423,52317254,65696751,52935860,60361873,53670880,58117292,51929025,62878309,48977926,50705662,50295259,51054984,50778696,54444908,182825641,53535360,514556764
58169483,240360619,70195477,62978818,70381149,61876239,63451847,61234683,70203998,63793244,61859990,59557441,56920256,55117264,65111013,52334809,65698915,52945897,60372695,53681397,58127856,51934032,62901845,48981496,50706064,50306013,51055417,50783817,54445764,182830087,53536617,514560207
58170759,240391013,70233457,63010979,70422603,61890955,63471571,61243511,70235646,63795512,61874130,59560067,56921258,55118528,65156474,52349683,65701479,52946806,60383628,53691149,58138657,51946090,62924868,48985711,50706387,50310227,51056442,50796639,54446523,182837388,53537345,514567507
58171655,240421893,70272528,63042293,70465824,61906861,63493956,61251037,70268683,63812541,61890786,59569816,56922005,55122393,65201742,52356027,65703643,52948840,60394404,53698051,58149629,51952978,62947546,48991757,50707602,50314249,51057160,50809962,54447254,182842035,53538587,514571243
58173013,240451207,70308215,63072531,70506003,61919493,63515636,61258413,70299802,63815734,61905557,59574623,56922990,55125130,65246984,52366554,65706879,52952538,60405240,53712247,58159910,51956080,62970900,48999772,50708283,50326010,51058437,50821285,54448381,182845902,53539854,514575414
58174625,240482092,70345343,63103464,70548315,61924797,63536045,61265638,70332229,63820389,61920669,59582696,56924723,55134576,65292600,52377945,65710570,52958339,60416110,53719828,58170479,51957487,62993884,49002921,50708938,50336323,51059287,50837377,54449311,182852144,53540889,514581116
58176250,240512653,70382679,63134583,70589666,61932914,63557076,61272980,70363188,63833126,61936881,59597993,56926734,55156668,65336835,52382392,65713961,52964341,60427393,53722531,58181429,51958443,63017877,49003725,50709996,50339782,51061487,50842592,54452397,182855797,53542181,514584845
58177702,240543403,70420776,63166326,70631082,61935888,63577669,61277441,70394160,63846960,61951986,59619062,56928357,55168251,65380170,52384437,65718680,52969843,60438209,53728006,58192371,51966793,63041193,49006812,50718014,50341282,51063709,50843700,54455530,182859446,53544746,514589627
58179841,240573845,70458194,63197217,70672852,61943757,63600132,61285562,70425155,63858851,61967065,59630805,56929627,55177158,65423645,52387673,65720242,52975732,60448770,53732175,58202981,51973884,63063501,49010951,50718623,50354293,51064357,50854572,54456061,182862945,53545667,514593881
58181129,240603747,70496421,63228993,70714947,61952708,63619187,61305005,70457695,63861354,61981408,59633620,56931329,55183458,65470221,52403962,65723354,52987724,60459877,53737901,58213856,51980676,63087062,49019278,50719477,50356922,51065206,50858240,54457174,182867360,53546935,514599432
58182470,240633320,70534703,63260170,70756951,61963280,63641597,61328469,70489697,63874600,61995204,59636173,56932536,55188021,65515455,52408196,65726524,52991757,60471060,53744105,58224467,51983447,63111652,49020242,50720247,50374696,51065908,50863780,54458096,182870595,53548060,514603908
58184999,240662115,70570424,63289823,70798033,61974119,63662914,61332647,70520736,63898113,62008815,59638662,56933230,55188796,65558740,52411034,65729517,52994588,60481534,53749863,58234652,52000795,63133692,49030532,50721369,50380197,51068842,50865365,54459638,182874041,53549361,514607042
58185836,240692883,70609164,63322000,70839763,61981226,63685781,61339195,70551718,63900970,62023935,59647011,56933835,55189764,65604584,52419082,65731530,52995585,60492798,53750481,58245574,52013565,63157163,49048885,50721849,50394773,51069462,50880965,54460345,182877425,53550072,514610637
58186685,240721927,70645494,63351773,70880857,61989898,63706814,61362127,70583135,63902059,62038086,59653451,56934903,55206114,65648834,52422417,65733703,53001612,60503745,53766539,58255937,52014238,63181230,49053114,50722461,50398473,51070326,50882674,54461017,182880245,53551008,514615139
58188333,240751022,70682140,63382076,70921344,62000421,63728665,61365441,70614523,63913361,62053116,59657663,56936161,55213895,65691007,52429207,65736170,53007431,60514240,53785336,58266316,52015804,63202817,49054703,50722866,50404246,51070901,50898500,54461579,182883742,53552216,514618747
58189799,240780288,70720841,63412347,70963464,62023725,63749733,61368593,70646146,63916287,62069109,59673870,56937285,55218172,65737025,52434383,65738034,53019883,60525153,53792051,58277105,52025555,63226932,49059313,50723475,50406911,51071327,50902878,54462648,182887253,53553504,514622607
58191353,240808044,70757170,63440764,71003382,62034250,63770820,61372189,70676554,63917986,62083556,59677605,56938447,55220637,65779869,52446927,65740380,53026546,60535442,53808328,58287407,52029020,63247690,49064911,50724074,50422483,51072064,50910859,54463902,182892844,53554824,514629067
58192705,240836582,70793417,63470828,71044052,62039877,63791667,61378462,70707324,63930314,62098450,59684201,56939666,55235231,65821990,52453942,65743034,53041379,60546182,53814315,58298108,52030342,63270122,49076203,50724781,50427574,51072835,50913217,54465343,182896776,53555777,514633116
58193946,240866104,70830548,63501406,71083809,62046850,63810895,61399783,70737568,63940121,62113419,59691176,56940854,55240395,65863723,52458906,65745700,53050010,60556782,53815317,58308520,52041500,63291892,49083657,50725780,50431206,51074192,50917878,54467089,182901508,53557161,514636758
58195029,240896335,70867332,63531829,71125018,62059261,63832556,61408092,70768471,63945434,62127446,59700637,56941939,55248758,65905258,52461468,65748330,53063943,60567726,53819231,58318941,52058093,63313462,49087559,50726599,50436342,51074749,50920485,54467744,182905726,53558262,514640448
58196092,240926740,70904091,63562445,71165800,62065321,63853559,61420784,70799492,63955271,62142414,59706719,56943679,55255801,65949431,52462754,65750997,53079175,60578902,53825034,58329270,52063192,63336506,49100943,50727605,50441658,51075422,50925163,54468467,182909847,53559742,514645042
58197222,240956125,70941620,63593300,71207447,62068366,63873663,61426050,70831492,63970578,62158110,59708513,56944849,55259996,65993257,52465542,65753958,53091330,60589980,53839759,58339929,52070858,63360144,49115317,50728272,50448643,51075854,50930186,54469265,182913505,53560501,514649232
58198383,240985192,70978003,63623150,71247768,62070949,63894918,61436131,70862701,63988527,62172632,59713803,56945807,55273028,66035846,52466378,65756887,53096941,60600879,53852662,58350261,52077840,63381750,49123304,50729364,50452968,51076690,50938017,54470082,182916965,53561282,514652922
58199521,241015283,71016211,63654253,71290271,62087126,63916226,61439102,70894456,63990292,62188194,59725850,56946365,55282582,66081145,52467373,65759683,53102393,60611938,53866666,58361399,52096672,63404893,49130309,50730494,50458249,51077349,50941514,54471136,182920359,53562755,514657461
58200918,241046452,71055035,63685871,71332635,62103772,63936838,61446329,70926076,63997727,62202918,59727672,56947500,55293676,66126914,52469858,65763729,53112461,60622987,53873769,58372082,52106452,63426682,49136088,50733597,50464775,51078763,50946423,54473151,182924589,53564501,514662807
58203149,241076130,71093306,63716078,71374895,62110529,63957835,61457412,70956613,64008564,62216547,59731085,56953301,55311297,66171969,52474534,65767381,53114886,60634514,53877342,58383086,52111742,63450628,49142953,50737337,50466704,51080064,50957029,54476042,182928220,53566949,514666451
58204823,241105441,71129286,63747189,71415703,62117400,63978884,61469761,70987620,64013963,62230442,59742194,56954324,55317861,66215205,52479645,65769040,53131870,60645297,53884876,58393703,52115331,63473653,49145456,50737830,50476944,51080693,50961655,54477188,182932642,53567931,514672046
58206099,241135334,71166891,63778406,71457287,62123067,63998028,61477077,71019855,64020693,62245689,59756016,56956132,55333243,66261133,52487326,65771475,53146189,60656497,53887976,58404179,52116158,63498111,49151982,50738599,50484236,51081277,50966736,54479055,182937127,53568795,514675608
58207410,241165297,71202999,63809370,71497630,62129534,64018875,61480008,71050986,64039597,62259661,59764889,56956916,55340521,66305110,52495737,65773870,53160359,60667541,53905631,58414556,52118090,63521217,49153097,50739912,50485290,51081893,50970577,54479682,182940165,53569403,514679425
58209978,241189867,71235681,63834683,71533184,62135261,64038010,61481605,71077537,64050099,62272081,59770909,56958617,55346584,66343540,52514635,65776623,53166125,60677117,53912492,58424074,52132932,63540597,49156039,50741715,50488332,51082859,50972337,54481546,182943514,53570848,514683568