34848329,572253942,463332490,570345985,465591936,82891577,368011552,18029317,381517659,97562897,260373367,65932290,25403004,91658348,516850584,70622977,146848357,70252272,154530646,92807268,143727033,147099127,268756656,29819899,57774536,52568618,48616081,15385646,36694166,213825288,107851360,248360610
33498383,606426179,475185619,597122486,490949028,90740933,387108790,144225083,391450755,87949643,269372577,49916942,33520543,54447225,503455258,53592450,190085429,84401390,151112892,40444438,137469224,58771701,268450282,24310790,64794190,33973567,29793029,50605729,65460148,79767087,58333140,66633031
22743769,609999472,469607742,590742380,491165919,80012154,389438708,90748553,397077658,79609509,261120635,63304262,43162399,74621492,516784624,130962832,194802350,33892855,156487848,77368923,137635626,41476400,280197109,83785212,28627781,21606036,18640012,78779261,31690020,80478616,52414975,69542095
21808458,590311801,472271045,588007295,477730705,75437565,372737818,82488801,382374875,61047689,258184161,99552724,27782426,82101781,516924884,103848246,198569666,127202002,155580957,51576135,144934590,21134247,281612430,82570742,57228305,23303287,30869266,36443376,27860929,96063985,75222337,57136396
30301149,608279361,473644402,586445458,480219067,67913561,375658157,105855218,381644530,49654740,267495238,62774577,34076923,131609572,513865511,111361156,185331935,77394046,152946785,94227412,146723789,36124631,278999193,21051225,59355220,72410963,19421358,40516406,39039115,73347099,49127199,79319234
26249684,607336490,474745858,594309830,485382481,48067286,386141540,135508157,395446388,88316356,261274734,23290184,25943588,49630714,512083657,139474320,196075573,108991068,154758225,84575974,139840522,58218762,276252701,67427360,21838704,18950135,24483534,45916824,33342453,70280853,45308065,65620502
44703977,608484051,477884867,608377473,493480997,42263812,386418316,87081159,395041366,99256642,265467454,107213112,38729029,135325946,517362479,46829257,222887207,116127779,155535093,90562151,143705872,65404119,273485496,46305297,74235335,93318478,56522599,89998090,41878483,80537240,80448564,95970720
24243480,596776000,468186192,595140093,481463166,112886832,381224012,71623519,388069524,79567805,262856417,147054022,46108944,94790167,505472889,63101553,152240306,110576356,153400597,34076334,138490315,36249021,269556254,18158717,55874494,32623609,32623999,35834041,27283032,68357543,65779581,67394812
31971641,594934368,466719277,586851247,488944405,65037164,378386275,53296525,390602265,83881751,258950907,66165061,32413789,104138506,522512911,38626789,207915960,72989943,157676711,22709298,135205399,82805395,285332580,88141222,38463097,108364092,31861560,65267227,30960614,87460621,54608887,79357374
27819515,611657627,470985997,591828542,489204692,54863347,382751538,91376107,391768843,122330088,263838639,53553901,57162635,28849887,514993974,35510307,150229565,23951045,154901238,52750112,139884252,128884852,275469217,83979012,55620333,30470312,25652696,141405512,29691593,56822227,70568502,69561172
27248809,600883043,470530914,592400521,487015756,32296772,380599724,65211749,391680247,51708296,255283206,75744868,39044032,89439330,519739674,75355070,221091786,64852704,152998176,22751414,140486446,99112663,277021475,99657293,78278604,69257515,25549373,104021715,31036236,85309752,73649865,66309987
40897221,610676116,476378763,601240704,486225288,66513794,381727468,157482748,387486933,140800411,261778974,33238037,53603620,47767791,512259957,53946791,171363031,118110538,148091501,43899864,141712614,60471790,265559841,23686549,16824552,40065779,24873019,87762906,33349416,72093148,52433403,58063305
37827522,619841717,482182610,599800424,493575535,20239289,392352674,31838085,396565878,91401488,262348607,100713122,56002407,98388802,514387104,111549645,244210280,49010420,153741679,44301561,149964304,166537918,267933682,52331164,64484328,36955968,28407798,32969792,36736569,83391719,53637385,86581080
28705184,604070065,479879026,603398339,490705063,17501964,387281859,81082506,393911565,102581063,262550271,53363781,53944510,37619469,509449016,65254163,165585344,21932236,148126011,57381441,141901022,87125608,266117367,101037099,53925857,184423759,21001365,10072619,23366460,80320829,58013254,65730825
20997764,603540692,471981950,600340266,492261787,27900755,386969597,60788092,395921889,42735090,253285545,32765574,45529825,67880366,520204195,37077017,258265026,173335654,152682209,81325788,134654285,41399874,280289515,120969686,22106315,91418451,14730685,30628460,18685295,54082997,45291401,69417333
32685153,607929545,476594042,600350180,489533414,18104630,387607077,180623836,393335820,56114436,263730379,110351779,51965294,46959278,514679879,41681823,167846801,132531017,155052038,68801566,141499204,77457477,273703357,18873131,74934798,97866766,28947886,15292111,25875425,81401784,66659922,65986461
53747960,605183487,471147448,592487499,490746175,30663834,387272553,53472570,397937914,149319870,261678051,51883267,54559435,25926738,515712962,114760007,170880134,87196111,153890794,99832595,151776001,49948581,276592928,74900350,77999178,130995828,45292069,85727183,47122347,82595228,69200799,68887687
41503281,599681360,478245543,595351763,485746105,125090076,380168713,59410736,393629481,124297339,256434628,73889679,65280182,41968592,514647627,51492772,329913156,36870575,157538757,27948852,145543752,52011414,271305660,47198175,29211401,50893258,36498236,126045610,54556265,72446947,80845312,70088183
28929899,602883022,478015320,610886313,492850460,95470075,386480845,133327336,389838971,95080682,260488767,35221714,46935169,55185010,516366866,49975860,180138063,27167376,158396687,57586225,145167492,121083277,272403158,45985512,73213468,19972711,25668977,123782493,22672258,75915633,86190912,62501746
32931532,609339898,476729176,590353554,489981499,92630251,383338919,67735504,391127891,46149080,258374727,46737560,41999095,32156765,517972685,17243925,176655023,82476799,155400727,93724368,143690304,126368382,273105835,79844247,75500054,46687597,36076672,92785513,63761448,89096207,59823823,87460790
35087018,611217914,474369052,600863784,493366203,79015115,386514938,56961869,396671429,76117269,255413731,95075836,57677450,101625077,521718499,92792182,322936178,58748054,156042800,81877499,138059470,75697580,281119141,26175107,23436310,71699263,32687172,37662224,20260786,59901273,55081040,62051076
23959567,601967180,477525488,599561024,488930445,44276037,382282376,118998549,388376831,67414302,258891491,70710106,56624390,146568913,512462968,79145107,154583094,69740352,147877689,51444198,143154374,32580345,267052916,66111240,30964547,55125313,57989914,58846636,28119809,80365171,53231722,77493978
29363645,602822323,477421463,589027268,485090198,155225704,380851705,148748260,379889340,61715487,262398493,73120538,59098537,32865575,523872112,71414648,163739202,65946591,153465401,49660217,145289048,11633332,286589115,69228525,18376555,70077892,35395676,14353869,26205975,81655199,64397238,61967939
29488111,613226606,483872590,605544023,492139172,84501975,378000848,67014781,395681708,144697935,265752285,107307889,42460121,46284773,510461661,82038680,159655861,17693574,153954823,107884421,146107186,44747970,275078708,71814786,51596874,70983209,54514407,14687922,20942384,73959268,57796908,69373668
35551930,601987746,470509151,580574725,487760253,58116544,383174790,16195487,388465604,139894946,251306228,90008536,64090292,56643200,522402265,36214244,156725982,33032991,155339859,105349809,137695407,97982220,275540741,75645061,18034740,77655498,59682807,86324921,35477999,96183133,74557109,53590079
39108247,599681116,472582431,584406357,482322280,76029163,372965632,133550721,388624250,90150402,254913715,70085583,55509136,56716914,512780804,62540018,366421267,51376886,153098501,54548621,138034732,58196864,269673081,61638799,43209897,37015193,51303977,50970340,41703347,70509160,69860389,64547947
45865621,607968914,476230519,609687271,495811332,92135134,387414289,112856652,391751626,76548533,269772433,74941680,79077808,65526079,512127185,56407610,155730939,63528232,154275613,113220622,140793131,67154986,274463940,98412072,40352771,64466538,74309301,61070884,69330422,91506130,77287347,94515095
40021620,611685714,480431482,599795179,490813541,68905634,389043793,56118708,393835115,87803496,261019313,62183052,47978290,91706616,513912407,102347329,146460464,56987673,155308741,29617961,138589469,110921621,272728888,81687804,38157894,83912865,74313418,54084568,75729205,59109257,57291096,98803571
24577003,611062865,480350469,602034646,491587135,59449845,388025460,104718354,393392803,95446372,263155062,59543481,33054049,51143241,509070702,106365640,161812805,36786369,150354741,86710517,144364748,84840144,266966509,59206220,21260478,90087894,19665463,41980482,34304655,70002537,48925741,66259368
39533025,603487665,473597345,602879315,490297103,62518113,386013883,58342398,389239529,125043411,266483610,108209374,34386073,56078832,513512030,111861379,160154212,141730725,151072806,62081816,138488966,53097045,264907006,27632746,23191128,39257877,29001614,31113241,66818604,93716436,68459059,73106437
21467212,606494680,475403371,595571271,490095324,21028758,385794325,49993252,390331590,73301879,254754880,72562291,47514338,84158422,518904873,147751813,392692173,86598545,150207913,72955094,136573727,59256865,266378923,40278560,29752021,124316076,23907828,36491939,83504900,59629316,68213743,70872167
15111444,610867045,474023688,598834882,486389037,119077016,385289630,49044729,389735723,55838219,266865174,17616754,33326346,40508262,517793861,112637602,152413764,37481737,146896072,63415370,136536641,49312755,272412157,63104178,19474661,76560410,17182323,97515583,35975250,74080765,54502383,100562307
20333712,616682886,484824653,608527065,493514089,135319790,382584341,86237903,395713994,122892687,264985657,60273230,38715497,31159168,504993985,110995237,152344977,16002598,152744495,14893977,147708008,64857171,263302517,24787231,20523981,50183035,16492087,92966904,60248847,88458057,70078809,95612999
28145098,607008796,470836101,593484026,488722520,146033379,385115016,61456965,392222560,75404679,256067630,75295664,33241650,35367856,515687229,35237118,155557166,24519593,149382302,70870795,136647326,44802633,272769274,86391314,26092054,97105846,20645551,117528423,70643368,67470830,54172050,85633895
23233745,593705313,466911818,609420732,482571511,54077821,380256931,90449538,382948183,28524642,254762786,76718122,41243423,71299138,513627577,151572331,168557468,115255344,148476560,57314141,139697533,37990816,275702875,21679093,24814023,83300751,30150334,58001906,41988005,82717916,76512495,61354513
30019307,599961009,467676241,595838963,486669591,105989812,379694557,88467773,390802784,54165313,254635428,59001092,44644716,152382082,509789965,33540799,149744175,44597483,153039825,49390521,140759392,18218463,272455172,53759348,27351956,121049163,33165071,109017079,45734324,85869784,91116480,75319283
82117264,593691868,482253486,592820553,482390483,102228227,378353449,99868052,385728566,144305074,265557583,102279707,52556725,115541206,517231194,57592589,180444298,69650605,153990848,90123269,153174534,50804716,274950395,20443511,48632480,22133376,31876153,44352427,47846044,81972871,102250574,80697908
25435660,604305718,471983819,592542039,488964470,57084431,382950171,42701574,388541896,75466331,259477400,152050356,49825459,57368143,507908850,21808525,495077061,111723913,148368689,55436554,140428903,83712123,270474477,79771203,28190928,77691386,26461836,22649456,42075170,78242284,86885751,85246622
67095504,611727400,477700252,596779795,489525452,76004785,387143394,127888863,387711615,73561653,261535750,61109650,35004613,66415475,511971404,78461343,158259106,39317388,144756817,117421331,143445174,93089661,268494344,50485465,45843759,48350906,37808561,74827794,33401891,72774412,104254497,63295046
61465469,598824983,469122202,593819631,488823822,88871120,384536949,122897425,392595043,33642582,251300005,26139372,48999476,62803063,521399272,137962318,139243954,61763900,156762271,100865395,139740104,70082519,277977846,25590939,22056601,55357237,24360699,73114499,56662552,89325002,69105361,95777863
33927683,613573946,476337756,592516594,492342779,84206935,385604688,105919699,393562027,127947429,251110827,20986308,52479527,44230960,521732499,28085783,166214514,71916331,156459021,83952553,141176071,39299783,272520378,43228004,42320686,51181425,64891369,82578745,44842961,82288246,76680492,53198996
39568185,590343357,471852989,579333301,495804524,77399642,374462185,60047294,381442062,97264544,253944577,24954697,36925729,12330224,505952559,69044892,144706943,13630756,149019010,70445803,135983247,103206574,266648446,126749440,27587839,97412768,32835475,53447843,25887776,61639483,62370673,67157585
21663195,593303117,470951680,585291328,490448523,121495162,368487128,137773532,382613143,65940304,250752080,74878657,47126733,36472312,503511067,31457553,155382927,25600301,154206022,28795477,139253440,68633109,268050682,120340696,25339985,83314891,21775071,79381943,31226629,78766855,57075433,87663331
29641879,609488638,474536035,593895986,490922368,121919133,385190034,163804388,391561200,50323569,257588216,89313205,33854146,56056354,524386330,65568480,150159992,96140081,155535474,69166857,140857269,26190507,280651057,69709002,32098097,38716923,25995453,26359607,23637394,74118397,69789457,60173220
25864948,587552052,490084317,582375485,478496826,70637522,375616520,16951085,379588900,53056750,255442873,86073758,35088851,53564283,492492669,112721081,154257163,118161903,148288486,110117097,135585260,25719511,252435014,21618173,25376398,94628029,17005690,81289178,26135226,64355633,69896356,93318107
26593022,584179842,461220715,578146094,474869607,118482261,398827693,47990961,378139420,17853036,247966174,64699077,28721198,39418362,512048058,65840202,520948146,147856698,156135038,78321182,135932196,57656209,270366798,62876285,18446623,56103802,25726815,76414101,22630048,57116022,72511379,77616194
54299492,608487318,476506795,585246610,484375558,105731173,383130807,79462003,384316608,30264286,260910409,34516505,39597825,28571788,500260419,107195794,171671389,90758357,163445790,91955985,147618527,63533170,263555732,109693473,37931765,79939165,55340713,102823933,31940686,104663935,97278529,81533833
27073508,590381856,467150303,586726880,473918368,49830049,394261980,55291210,379000499,94677133,250722635,107490186,24378673,75365807,493510926,119520416,162577942,71593734,159313873,20487532,139916844,21256078,255928521,137369149,27377579,67788485,31073753,18175725,24355517,81370183,68104931,62475389
25834509,591685528,465976659,580666345,472887598,109307163,370286100,156134624,376522301,54366535,254457863,137652358,32759921,22387532,498924533,51364256,158204170,45616432,151770243,22046149,155660528,67591455,261083307,100125334,19783216,57039694,25636327,30473917,26127174,63431290,77231629,69987347
16763274,587676454,453078245,573173123,478584539,66300785,375196079,79513771,413026318,69207347,237774366,43858529,16416456,63180817,495024115,34587286,151907823,123993285,149866223,94415550,137863043,48300351,260046111,26806794,20468086,75934821,19177570,33049671,20697256,65752618,91042798,64929404
30604103,590661622,467958498,594336698,480157119,61651898,375778638,109149400,387923984,106371401,255611601,41647034,65921303,33937610,515938056,18275904,144363511,57631014,154354909,36268451,151031428,69578817,277599903,64039145,29636698,113711979,32169597,119836988,26435880,71942675,84463649,102380228
43314325,601110957,470905609,591624445,486340694,32998413,383641365,29931072,394944123,72288519,253766515,22273574,32378071,46635554,507248143,51393564,150602355,72658644,154472205,146105935,150106922,116422835,272264718,104565694,20839251,119403115,24250721,62984355,23618301,79773293,56550450,84550388
21282267,592222327,457332917,578907895,477468965,27827636,379613467,44415895,385027136,67708059,248437924,54461460,25627368,119505796,520682921,16352914,150045454,121042813,148995648,107603144,136965420,119533942,267450443,43421853,23887582,27175336,30443133,99169820,23902009,55308816,58681915,69060709
26846350,611539957,483106839,597612114,492428249,152641345,387586185,71916773,388590197,15042494,260036250,97411655,30346618,42383499,510894689,12499853,188280410,65336816,151787838,72211664,144942326,81630983,266759939,122941859,34653819,78202727,22384339,46145737,29736470,72287640,59406741,74167221
34486364,612541997,477866733,595094914,492503458,132826359,386442197,77479145,394279127,63974206,262959716,25725886,51233377,76675524,504091194,31083708,169846423,48202243,157513237,50917031,138480763,42334337,265739641,31624474,93244071,61281566,42960938,65943115,52008082,76747248,73010440,89533906
50005838,607777060,469544200,592841065,488496304,82876297,381524861,114410343,388306015,38668897,252177640,32758353,48338634,144759938,515742974,102511570,513871029,42510242,156783192,60567336,142264247,51376972,274972627,35517917,45749509,32339912,39077198,49821716,38891844,63284768,75002048,84510917
56724932,605902107,470708734,588509153,489384610,49069477,390812737,85401323,393686032,51843669,252341045,115953070,41861007,79728789,518427272,73987158,298742205,170415580,156797515,50603426,143750317,72066897,281132525,50537049,36698455,99110812,51635667,46022798,34325467,92386261,135488009,88293867
41113145,602010203,470947926,590358443,487642494,122856770,382656260,51444903,394478921,107292592,252627887,74526987,36527430,81333492,527067609,60528961,146893763,72006250,157031331,36441161,139442609,14570446,280807795,41243207,23642326,63858922,30675166,82234492,40532095,86428604,80594877,59412393
25160449,593486063,458813067,581905268,475216131,70677133,372026741,24532616,386473943,108721509,246302538,121241464,25465679,115615611,510603832,97612057,155529066,99130708,152700923,80340145,134937737,25292620,277357454,21803786,17865600,20183987,33416432,77177875,24929072,74175200,89404262,56649135
