108216070,103593342,187741174,116007325,184597389,103122834,144421824,107110258,154900230,102669598,108819757,107433419,95136612,115267874,212154368,115347713,121713322,112602601,79177021,116072852,86424242,113874056,122504349,110144896,102406076,106665363,107846893,111327777,110575815,511185141,144103353,495253749
103508187,100643109,154770318,94623962,157793031,102705527,118894084,89055473,124618861,98309993,72594202,98128741,96929376,95549342,186261672,99151057,113847076,93602838,76412112,93101282,62340291,95032959,105917558,96304846,92868822,90474174,83827708,99836748,88497652,96545803,106528936,106502539
94305639,88906537,146307486,93695164,153070415,84994931,114687135,92397725,120743082,83195867,85731909,88235669,101177795,91069464,170896388,79128470,116993267,88600540,78772071,90116207,67738899,94881060,100135533,90097948,101680662,86369378,96858759,92271886,102710257,98623388,110456548,97697627
84586427,89263229,142207349,84886740,136700620,83654693,108063250,97919113,115161435,86270731,81851656,82641366,86575584,84747758,155001961,88015856,126386254,88626902,84040478,88353924,73350430,88594125,104094078,89512607,97568600,86295228,94255899,94015264,108732890,87663235,101862828,86998314
87836631,97571460,133746381,92393710,145529863,91061560,117425031,86304402,121587850,85625383,107283167,85290884,94813946,92905303,158103827,86932204,116378312,86153448,77157828,83142402,76949963,93193963,91033555,93361232,102796755,89515299,79305016,95462336,92175164,102559954,96664859,97504393
98239955,93204286,142146087,100173997,147671630,90406683,121123873,90170325,110796071,86773395,81607009,96445461,94124192,88063130,164093500,88793818,121648400,84923125,73172956,91188538,75660049,95291316,97956960,92306205,98566774,89348265,95617920,91911115,91504601,99918860,98702168,99380914
92464569,94436671,146898934,92512625,148757616,92301930,117907401,87067227,116118253,86617686,87691159,91446259,89499689,97982946,173929593,88298447,138898283,96263059,70457657,103690137,73800652,93177258,101739879,100391707,97250061,94653690,88209011,91226222,100326351,101425629,92788753,95655748
97191930,99213836,143121391,90547292,142731033,90301263,119748194,86947584,124067415,92347435,98585501,98570378,85549213,89582379,169075449,86812149,126457422,88700430,82607702,83896050,74594587,90072598,104833812,93629627,105528761,84652668,76882425,96383770,79452996,110003962,94643030,105300545
94485473,93746501,152812835,91532699,145794795,95877052,108318866,84678613,116878811,94950788,89200980,87151563,77392529,83642994,159271465,89596703,130457273,91961522,75790874,96042307,84154458,88541488,94976792,85490442,95073209,88672644,101676128,97361044,100049195,104967078,114114650,99912786
107864917,114404594,149655420,116725745,151986662,106411164,119307268,104662582,125614239,98672931,96076164,89355604,93158201,109642957,175423284,111600703,103282291,105841567,103550143,108015441,79117032,93324082,107624837,95523789,105678349,110578467,103952038,104862432,99891128,114945396,105025396,113444483
91753514,99377423,141335388,96858548,151560775,94874431,120483732,84298220,119332750,92317542,94120985,92503602,82170008,89496762,163497002,97047831,127795622,97080276,77177784,97960930,71921500,94273067,100053194,93442499,99087479,86129493,91889234,88925365,85265494,107156924,96695040,108541240
102144100,91337298,141006944,95737625,142555353,90925389,114629578,91628634,117531295,93085092,78831136,92042160,86426344,101902996,174553977,87103072,115443001,89620047,94026641,90462398,74368604,92819253,107809841,93268669,102476360,86449805,106652783,93028016,79267173,104911543,91423583,92952688
85759313,83706832,150942445,87904830,142067345,87957098,125492771,91422284,119148252,90659925,98057399,81009523,100696474,86521851,167047021,90528566,145669446,90190326,79335321,91818384,85366781,91580039,109279884,88080191,90571867,92673015,93510043,88883038,104691172,105429102,106577266,98950866
85955534,89591051,145159259,90178810,147623268,95510701,120742877,100051984,119789056,94514025,104265855,96030787,90035543,86493320,166798931,92858048,110315044,88342034,80929973,88758283,74829838,95246536,100223727,100971007,91519824,90522985,84204402,94165105,88786510,95934769,90778054,99351721
83203573,94530051,151670773,102290267,139886948,99116075,114837790,92129619,113939439,94382029,83069008,96903399,100544247,92305872,149885724,90963227,156447886,95862935,73972002,96578631,64611082,87432749,98071647,91066411,84165654,90710412,88550314,92246748,93365005,92336638,97293029,97908868
94027624,94704423,143546218,93472449,142193562,85185235,113821807,87233925,110284375,92204770,80533248,83600054,86822436,89107107,159816149,103606300,123655555,102956545,78865720,90229861,69395308,85386535,111768105,98665969,84576489,93582161,98843773,94704869,86548345,104379675,88054995,96267708
89524928,106386955,154424388,109723049,148963885,102847963,125357712,96316922,114234622,96844789,83746704,107069234,91431874,94809474,176321534,102262200,103417797,98965885,73408331,105359213,73966072,96708040,99556918,97718494,74319743,100177363,68414074,101590750,82490865,103750946,93797344,119790486
88629713,90582629,135165561,90412150,138021697,91843384,120915911,95913951,107900479,101212365,70526315,97366062,72723929,96965017,162034474,92510628,146896354,94980251,72413817,92911365,62681737,96331038,88161850,99968185,98926929,93322029,89406654,101784836,94517112,108856080,102963798,109610095
96540701,98457289,153170685,95960138,154704063,93463273,130072734,92954942,117465034,97383547,84320507,102194567,98505341,87886766,155052322,99043517,111893819,97487431,74690073,106006468,59226555,92950783,91309620,100323279,91424817,95211382,96028002,98800222,90698024,101806915,111388306,104840797
104035743,121665533,176898944,120770969,164616061,119324840,137725116,118181279,148864586,127708673,87867994,114415235,100652907,109503939,181503124,128508137,111083866,111990433,91474661,116611508,74200786,112402719,110578792,111716081,97526164,111892585,95810160,112320109,102354288,118400364,114774378,118356458
80708276,103158397,151057053,102888929,147047973,98886364,112285766,87423643,122907624,100081291,74418426,93935980,81081773,101361006,166214570,98218009,116504097,99996028,86235029,98331401,85463472,99499324,103168161,97875943,75855965,91795758,88281179,96594581,81551147,107968275,89523026,106735008
78317908,101086889,146125085,92526195,156190558,100397888,118945568,104398375,122574722,104050756,81507515,100309297,61717641,100044093,176615089,99566599,144972104,92625004,76619658,96153552,81103297,95321994,111976809,99611244,94735458,93484304,81016332,98567035,90793996,100191022,89686512,105057893
87973426,96784042,136427584,97462374,145875506,98296042,113771451,89012109,127919762,96049214,75664014,88904238,72591874,98642504,156754714,94926684,119820913,93378672,75557155,95165464,71265054,96768993,100526524,94628045,100742959,88510491,85316705,90933985,84519641,96072353,99978059,97209285
92984006,96613567,146913416,96541761,153812940,93874234,111369841,96624412,124254659,93837283,79657436,87271423,80320194,99411953,174363079,98592970,103828180,96854418,68216737,88626213,80646485,93108226,102159980,98239099,87489498,94985007,87732653,93968235,88265160,99477414,104594489,100468863
87458370,99426631,149517171,107335443,150579385,97733689,121743444,98040782,125293682,92079543,76673599,100126271,83872841,91776135,167426356,93288065,118995089,96367020,78911632,92572697,71020201,94008924,104780263,94683849,79067410,94641000,82550678,91540178,84995095,98104047,99271903,98611152
94841025,94804713,136550263,90984881,148022464,88083554,118159142,93885477,109169604,90957490,79523168,95133904,77427175,99553283,160632872,90790270,170895002,94078096,65163507,90060652,70102998,92958878,100395803,90625930,76888949,86987704,104367551,97574201,87505342,102027383,103013825,100284478
90037500,100835721,163922262,98955498,153739745,103954630,120144814,98276893,126309845,97080811,79750495,98750000,83508565,100676395,167407106,97262061,84625888,99479428,66484237,100589148,62907146,100386753,98428710,96922968,79193045,97365741,100542223,95110232,81388182,98056359,94502543,113931680
80811545,94847676,135956651,100791058,148719340,95658467,117753249,98890706,120498373,95780191,71524397,93707029,72240273,112697844,161776527,88168029,115727711,98662208,94546168,93177878,72515311,87213447,103924566,100848900,102964199,94899829,84164308,90933225,97700874,93069008,113382809,100369867
89249683,100057159,159273915,93029124,149254534,92917962,117506835,97661707,124932217,93804438,72890188,104962520,89588598,96145694,175886503,96500437,110381127,93733419,83489292,93651397,70557036,98993908,105463446,101192361,91386385,97865475,98990471,95042401,92056039,97639728,104312079,104055225
104027566,107641789,143067602,102425361,147294142,100517677,119088550,99792027,126587242,106714935,88712663,109859887,84118735,97774353,178517476,110258682,115654976,100691671,97952802,106361523,90877672,124705173,105149499,97815772,103125915,105159930,97846036,106282589,114329279,100527406,110488469,105028065
91095480,98528798,140026645,98806395,152625929,87331684,105891187,94609266,114449102,89754702,74709330,98588500,70584400,98755897,172356538,94149284,112429884,99173388,88886261,99962156,69455270,95327887,100625519,90320584,76730060,93125066,81794440,93299272,80795522,102475384,101803272,103428543
84195022,97801448,143590781,95825522,151576633,103416897,112781867,92889313,118153606,89846555,79208327,91273128,76647795,88665469,153662523,95532330,108269638,90763649,74941280,94932430,66302535,93264262,92629625,96097324,100584760,93416220,82603337,98891730,78280638,100911920,107657048,101747689
97338693,94972643,150901282,89988283,143297840,89867880,120096990,102590103,112599461,93800538,82574323,97737772,97408347,91372562,164993341,85351268,183937600,92953501,68565046,98404938,61220980,97993641,99461993,87714672,90136674,83674466,91719853,88858134,92164501,89402679,108734909,81021099
91766409,97313596,149086452,97231223,154460986,97503883,130518815,99491190,119520418,94324025,81809347,102933153,74487369,96667650,176004513,95186380,110181479,98187047,71316168,92649710,60919267,94418274,101929852,99702345,67182380,100280846,99430307,100276964,103133874,99695806,97300971,99020952
89349953,99231753,136368426,95188743,146785571,83524552,121495601,90700760,112359000,91514898,76079918,91306629,88778750,89591867,163891839,96598157,115066679,95172630,76696977,97461730,77742593,91466312,99011082,99026481,100176812,94970870,74634607,97614860,73117270,101617200,94902744,93892341
83826751,103922837,154167207,99680271,144705989,96501214,126812258,99013297,117667911,101043783,81747965,96411270,86332415,99501110,172250912,101582493,105890670,96932743,75833249,101345222,71322307,94101800,94679074,94155988,66458010,94652674,71764256,101097974,96671751,105349687,85581497,99467636
94644039,91917178,141550075,96454344,143497489,92818145,112431632,93176839,120291106,88586228,78436581,98182150,75638378,91794697,157951521,104841214,112022073,94767357,70035824,91961484,64211169,93677658,104394499,90785362,90160531,99089100,80081552,89226205,94981781,90202052,102403322,92228840
81982480,94229644,145799787,97778265,150497507,99845369,120068153,98373515,118795399,100086384,76005199,91708005,68160728,85824389,174621910,86394687,104064371,89269706,76929224,92201253,73879527,94354579,110548134,98057472,90966268,102759558,90088024,97835963,103664746,103239255,97806665,92655493
102070487,99401767,151707051,92675671,147587352,91752949,128243437,92339738,118623510,94213994,79208329,90583053,85484775,89056600,174535765,90334180,182646534,94007916,79468094,94587714,72587929,91956480,104030361,90567863,107551078,94529645,115690098,100422149,93504658,97836002,112578240,97565906
103089276,99279926,157153425,108325433,160271196,100404346,122193341,91865332,150074023,107173093,92248234,115534115,111964149,88594826,173727032,106690286,121503096,96914446,87629392,103036309,78287680,106406829,107102534,109028202,118595498,106928723,93105278,109957792,100029253,106938404,114638574,111380662
98326231,98180015,153494672,94236869,147848910,94934255,122216794,90616342,118411151,83596779,91963419,98993801,82594510,100061513,167422568,97130501,103667244,93354026,74185500,96706516,75192794,95196195,93384533,89931427,68374569,89338225,106629559,93696756,88024688,96841187,104527316,95240208
101185270,103997706,155377181,96201746,151072958,89720756,122088751,82255770,119865763,89577231,82113265,87081599,79644171,94404759,171235978,98467199,123464327,87925666,80096367,94770046,68120533,90463499,99470037,91219770,86593703,90662141,86575061,93648034,111036046,88742506,99926780,90629215
90253009,97766964,140393659,95823134,143125564,93896404,115308390,87996767,118715715,91435378,84157561,96921941,96236301,98804956,165320716,93993765,106975627,101687731,91569285,100505203,64772081,95252692,92345943,96074788,89257290,101266889,89542904,100896003,95341409,96030192,97429868,97161304
86077204,94138725,153137829,95425993,143746942,93615627,121060641,94452736,123829268,93024732,82686494,88269332,113406864,91797127,172313361,91156260,116794707,97023794,83640915,88026951,65792040,87587454,103312928,90830789,109981840,94575214,90124655,101030410,99164630,92648587,91887216,99640395
83217610,102969423,152453048,104172087,146144605,103605552,118889777,109002392,129465436,96685268,95945365,101130097,92961623,99200417,180023911,88363330,203791715,95683205,78722313,96070728,68820421,91223329,103529917,88537816,92252576,94249252,75725815,86145317,74729998,100111879,96486827,108665852
91769704,102387475,145961909,99827993,143728247,101410149,111774925,100544477,110400482,96069218,82902552,91795949,80339546,98950975,165365625,95901343,112281082,93253581,75807149,89403220,83703482,92543252,92762729,97247172,89123407,99330671,84719288,99595610,90460195,101580693,94465431,93346633
87759528,101094690,159301432,99520927,153166792,100135785,122720222,104408610,126117474,98625465,72042171,93388089,87740632,93832491,184401313,99896876,117438286,85489840,91582871,92935876,69223649,91668583,98873481,97108290,80476255,103300744,75344092,101521116,84354229,98308542,97443435,102549743
89371053,98704809,162683100,101656729,152857397,104187784,127887998,95740237,126141873,105131317,85550159,95067835,70467195,89848972,188809796,108481181,121819086,98176647,69404762,106088009,61706720,105372806,92965680,106678195,79564748,108031082,94153936,102667672,92178534,106332830,89913830,101563903
78083914,99580697,151087046,90170886,141762108,97132932,125102253,101752998,117970092,93098429,68997247,93245290,73487813,95509540,170045773,90880527,107588798,90511851,74201690,94313934,69023199,92907002,83878663,99339526,93532207,92769858,115480459,95923179,97859075,105111333,100017237,94060894
110197727,97899159,157194445,105323123,150330684,97908308,121626022,114016928,123002489,100761691,80809490,93983008,90523430,94033905,166408524,123785663,115680258,95024384,85806557,119440798,76012087,106148173,97515687,103057819,115574933,100087892,102654531,99491938,122627883,94648847,101809503,106459969
99218425,97230091,145881730,93343467,142999898,98566948,118163626,94383982,110703524,86596951,68969907,100594117,60033736,99632308,163322517,93499070,113802185,98890369,81881679,99664755,72659418,91919648,96215740,94089436,77076535,95618635,85547132,93020706,79854123,98624743,111294088,99817757
91447432,91978010,146163155,90655584,146705923,97609151,117189987,91640262,119284652,92201261,83734578,96656556,63737479,91260413,172439765,98384049,104031681,90868905,87955068,94906434,61877056,97067204,97610423,85485681,96861807,85037359,89043575,87825605,103069831,99707193,102225019,87692734
96285528,90319474,143316370,89514471,140781299,89729119,113241024,97358083,117824948,93720231,85500413,90936491,90830401,95427375,159424371,92028595,208593903,91454633,71854262,95649258,75667189,90428515,87269514,85279413,82722800,92896387,81904811,94256447,89669627,91662748,104178327,96430173
82944660,105596708,145306928,95697520,149327268,92543136,119354773,99529383,121348219,94889366,90028542,96210972,79386496,96485461,164382405,93973983,102377011,92048863,72972954,91865128,65278158,96212363,77816833,102336123,71198607,95102574,100197174,93775806,94211142,103909030,98070487,103587266
101339014,93406621,148816606,92911099,150624095,88543392,114444463,88694323,117344061,99531583,80325810,93538336,78979601,96478638,174911949,100600381,96359960,101291322,75885865,96444483,62178248,93528021,91715759,91784776,97977086,96929028,107789982,99684240,85750316,99353567,93656483,97865037
109227392,96266829,158761535,87868867,149597765,88780298,120213344,92373886,126797247,92455922,78908560,93498636,87777017,89131607,179569547,94320698,108457953,90883004,72441984,103727125,64757178,97128631,94720864,98596822,88532673,98062709,92749580,93358087,96958371,97537644,111503430,91071437
97828395,96764025,151831339,99508455,135084549,95408976,102520124,89339066,117838011,93149319,78182258,96902640,73664924,96305369,180895565,99157785,106735445,95693990,68222061,89431974,74282939,93847894,96464741,95838121,90857574,88525029,91609836,94863680,91655250,87296323,96379936,94813574
99398003,103719945,145706932,91078626,154069664,98443234,119816925,106536679,128214919,100985570,84198992,99756883,77042844,93939935,180485520,100307362,123515880,99129474,77138385,96318398,65496333,104318841,86946822,99323267,55383933,97038042,73376477,91657499,80593077,98679835,104963073,110971858
81581408,106418628,160185708,100150597,145048270,101188669,126038442,97185403,117366203,102005745,81414803,98385637,78632151,100758065,164775404,103376221,110622716,100038359,71197016,102621574,64086031,104542601,90316962,101698002,84102018,103567382,95316309,97048205,77127704,108716258,102302899,103996452
