10224914,40021418,7544172,7469543,7960716,6286172,4897905,6239191,6455323,5651335,4677974,5621235,4426034,5056052,9006332,5099897,3663958,4688237,6079301,4717279,5133250,4693116,9977887,4704441,4145059,4745369,4215650,4708519,4283211,10727724,4377137,55571693
10225124,40022049,7548570,7469755,7965463,6286185,4899089,6239214,6459075,5651338,4678966,5621237,4426055,5056052,9012486,5099898,3663963,4688239,6081402,4717280,5134515,4693116,9985859,4704441,4145065,4745369,4215745,4708520,4283592,10727724,4377543,55572162
10225347,40022464,7553752,7469943,7971475,6286192,4900429,6239239,6463302,5651340,4680199,5621237,4426132,5056053,9019612,5099898,3663964,4688239,6084252,4717281,5135996,4693116,9994676,4704441,4145066,4745369,4215748,4708520,4283593,10727724,4377584,55572521
10225566,40022952,7559103,7470131,7977628,6286208,4901801,6239259,6467459,5651347,4681489,5621237,4426200,5056053,9026795,5099898,3663968,4688239,6087072,4717281,5138082,4693116,10003673,4704441,4145066,4745369,4215750,4708520,4283594,10727724,4377611,55572871
10225785,40023431,7564251,7470331,7983608,6286225,4903094,6239276,6471514,5651349,4682665,5621237,4426249,5056053,9033883,5099898,3663969,4688239,6089997,4717281,5139911,4693116,10013130,4704441,4145067,4745369,4215752,4708520,4283595,10727724,4377624,55572986
10226014,40023865,7569413,7470521,7989839,6286231,4904443,6239293,6475613,5651356,4683916,5621237,4426312,5056053,9040944,5099898,3663973,4688239,6093018,4717282,5141897,4693116,10021953,4704441,4145067,4745369,4215754,4708520,4283596,10727724,4377654,55573147
10226244,40024297,7574464,7470699,7995909,6286236,4905855,6239306,6479747,5651357,4685143,5621237,4426381,5056056,9048009,5099898,3663977,4688239,6095741,4717282,5143469,4693116,10030732,4704441,4145068,4745371,4215754,4708520,4283598,10727724,4377672,55573354
10226482,40024790,7579539,7470894,8001885,6286249,4907270,6239323,6483907,5651358,4686385,5621237,4426437,5056057,9055095,5099898,3663979,4688239,6098992,4717282,5145211,4693116,10039864,4704441,4145068,4745371,4215755,4708520,4283599,10727724,4377693,55573565
10226721,40025292,7584663,7471055,8007858,6286257,4908695,6239330,6488032,5651361,4687659,5621237,4426483,5056058,9062084,5099898,3663984,4688240,6101742,4717282,5147297,4693116,10049187,4704442,4145069,4745371,4215755,4708520,4283600,10727724,4377729,55573728
10226944,40025719,7589923,7471227,8014036,6286266,4910106,6239346,6492355,5651362,4688985,5621237,4426553,5056058,9069127,5099898,3663989,4688241,6105337,4717282,5149407,4693116,10058395,4704442,4145069,4745371,4215755,4708520,4283600,10727724,4377762,55573793
10227169,40026380,7595110,7471394,8020191,6286281,4911513,6239355,6496628,5651364,4690138,5621237,4426617,5056058,9076162,5099898,3663993,4688241,6107975,4717283,5151552,4693116,10067428,4704442,4145070,4745371,4215756,4708520,4283600,10727725,4377787,55573874
10227384,40026884,7600263,7471568,8026096,6286299,4912800,6239373,6500744,5651366,4691389,5621238,4426670,5056059,9083116,5099898,3663996,4688241,6111072,4717285,5153249,4693116,10076711,4704442,4145070,4745372,4215757,4708520,4283601,10727726,4377796,55573952
10227605,40027438,7605496,7471756,8032237,6286313,4914250,6239390,6504936,5651369,4692595,5621238,4426733,5056059,9090136,5099898,3663996,4688241,6113950,4717285,5155268,4693116,10085925,4704442,4145070,4745372,4215758,4708520,4283601,10727726,4377826,55574035
10227841,40027905,7610797,7471939,8038572,6286321,4915750,6239407,6509087,5651369,4693822,5621238,4426809,5056059,9097175,5099898,3663999,4688241,6117026,4717285,5157260,4693116,10094959,4704442,4145070,4745372,4215758,4708521,4283601,10727726,4377854,55574130
10228066,40028417,7615838,7472152,8044763,6286330,4917173,6239422,6513316,5651373,4694962,5621238,4426879,5056059,9104161,5099898,3664004,4688241,6119783,4717287,5158818,4693116,10104031,4704442,4145070,4745373,4215759,4708522,4283601,10727726,4377873,55574204
10228285,40028890,7620938,7472350,8050875,6286342,4918544,6239433,6517560,5651377,4696228,5621238,4426953,5056059,9111210,5099898,3664008,4688241,6122676,4717287,5160328,4693116,10113325,4704442,4145071,4745373,4215760,4708522,4283601,10727726,4377901,55574295
10228523,40029214,7625989,7472550,8056867,6286351,4919870,6239443,6521628,5651379,4697483,5621238,4427015,5056061,9118103,5099898,3664011,4688242,6125797,4717288,5161958,4693116,10122206,4704442,4145073,4745373,4215761,4708522,4283644,10727726,4377933,55574337
10228763,40029766,7631192,7472717,8062814,6286362,4921169,6239452,6525713,5651379,4698726,5621238,4427084,5056061,9125022,5099898,3664013,4688243,6128589,4717288,5163805,4693116,10131283,4704442,4145073,4745373,4215761,4708522,4283645,10727726,4377968,55574402
10228990,40030159,7636527,7472923,8068963,6286381,4922456,6239469,6529777,5651380,4700032,5621240,4427149,5056065,9132199,5099898,3664016,4688243,6131790,4717288,5165727,4693117,10140124,4704446,4145073,4745373,4215764,4708524,4283651,10727726,4378000,55574506
10229209,40030620,7641441,7473109,8074789,6286398,4923722,6239487,6533722,5651385,4701280,5621240,4427200,5056065,9139332,5099898,3664022,4688243,6134504,4717288,5167621,4693118,10149265,4704446,4145073,4745373,4215764,4708524,4283652,10727726,4378032,55574565
10229438,40031008,7646554,7473287,8081083,6286406,4925195,6239504,6537865,5651385,4702481,5621240,4427257,5056065,9146378,5099898,3664024,4688243,6137711,4717289,5169619,4693118,10158396,4704446,4145073,4745373,4215764,4708524,4283652,10727726,4378058,55574625
10229663,40031609,7651756,7473464,8087090,6286415,4926521,6239522,6542021,5651395,4703747,5621240,4427311,5056069,9153310,5099900,3664025,4688244,6140646,4717291,5171700,4693120,10167850,4704448,4145073,4745375,4215766,4708525,4283653,10727726,4378086,55574682
10229890,40032174,7657049,7473656,8093220,6286425,4927904,6239538,6546241,5651396,4704998,5621240,4427360,5056069,9160407,5099900,3664030,4688244,6143498,4717291,5173459,4693120,10176778,4704449,4145074,4745375,4215769,4708525,4283654,10727726,4378101,55574754
10230117,40032645,7662474,7473856,8099448,6286437,4929348,6239548,6550395,5651403,4706338,5621240,4427428,5056069,9167319,5099900,3664033,4688244,6146286,4717291,5175675,4693121,10186295,4704451,4145074,4745375,4215769,4708525,4283655,10727726,4378113,55574829
10230351,40033176,7667931,7474072,8105619,6286449,4930704,6239562,6554554,5651405,4707671,5621240,4427496,5056069,9174475,5099900,3664035,4688244,6149257,4717291,5177570,4693121,10195282,4704451,4145075,4745375,4215770,4708525,4283656,10727726,4378146,55574893
10230570,40033542,7673183,7474281,8111789,6286459,4932120,6239577,6558697,5651413,4709015,5621240,4427550,5056069,9181543,5099900,3664039,4688244,6152322,4717291,5179476,4693121,10204195,4704451,4145075,4745375,4215771,4708525,4283656,10727726,4378157,55574953
10230800,40034094,7678536,7474470,8118146,6286479,4933539,6239594,6563042,5651423,4710344,5621241,4427636,5056069,9188595,5099900,3664042,4688244,6155074,4717291,5181446,4693122,10213066,4704451,4145076,4745375,4215775,4708525,4283657,10727726,4378196,55575032
10231030,40034488,7683770,7474658,8124343,6286487,4934921,6239611,6567197,5651428,4711652,5621241,4427714,5056069,9195590,5099900,3664051,4688244,6157859,4717291,5183170,4693122,10222070,4704451,4145076,4745376,4215775,4708525,4283657,10727726,4378220,55575125
10231272,40034933,7689132,7474840,8130801,6286498,4936258,6239624,6571430,5651433,4712898,5621241,4427764,5056069,9202715,5099900,3664055,4688244,6160693,4717291,5184658,4693122,10231260,4704451,4145076,4745376,4215775,4708525,4283657,10727726,4378229,55575192
10231515,40035462,7694457,7475014,8137098,6286519,4937658,6239636,6575713,5651433,4714207,5621241,4427813,5056069,9209732,5099900,3664058,4688244,6163451,4717291,5186537,4693124,10240238,4704451,4145076,4745377,4215775,4708525,4283657,10727726,4378244,55575244
10231748,40035797,7699597,7475191,8143233,6286533,4938984,6239654,6579790,5651439,4715453,5621241,4427877,5056069,9216875,5099900,3664060,4688244,6166062,4717293,5188179,4693124,10249135,4704451,4145077,4745378,4215780,4708525,4283657,10727726,4378268,55575318
10231961,40036333,7704497,7475347,8149177,6286548,4940382,6239665,6583874,5651442,4716689,5621242,4427962,5056069,9223825,5099901,3664064,4688244,6168954,4717296,5190010,4693125,10258164,4704451,4145078,4745381,4215780,4708525,4283700,10727727,4378314,55575418
10232202,40036825,7709922,7475514,8155462,6286560,4941751,6239681,6588255,5651442,4718014,5621242,4428030,5056069,9230930,5099901,3664070,4688244,6172045,4717296,5192020,4693126,10267000,4704453,4145078,4745381,4215780,4708525,4283701,10727727,4378346,55575483
10232435,40037345,7715124,7475683,8161449,6286569,4943020,6239700,6592445,5651442,4719321,5621242,4428073,5056069,9238091,5099901,3664076,4688244,6174746,4717296,5193644,4693126,10275940,4704453,4145078,4745382,4215780,4708525,4283701,10727727,4378367,55575548
10232671,40037976,7720120,7475866,8167586,6286581,4944383,6239722,6596613,5651442,4720476,5621242,4428130,5056069,9245212,5099901,3664076,4688244,6178226,4717296,5195267,4693127,10285190,4704453,4145078,4745383,4215780,4708526,4283701,10727727,4378386,55575637
10232905,40038474,7725621,7476090,8173831,6286591,4945780,6239730,6600778,5651443,4721812,5621242,4428175,5056069,9252432,5099901,3664080,4688244,6181573,4717296,5196967,4693128,10294253,4704453,4145078,4745383,4215780,4708526,4283702,10727727,4378406,55575723
10233136,40038834,7730951,7476271,8180227,6286601,4947218,6239751,6605111,5651452,4723080,5621245,4428244,5056070,9259611,5099902,3664082,4688247,6184966,4717303,5198856,4693134,10303204,4704454,4145082,4745386,4215783,4708527,4283706,10727730,4378435,55575795
10233359,40039264,7736197,7476489,8186479,6286614,4948550,6239777,6609197,5651458,4724361,5621245,4428295,5056070,9266522,5099902,3664085,4688247,6188050,4717303,5200742,4693135,10312325,4704454,4145083,4745387,4215783,4708527,4283706,10727730,4378460,55575833
10233591,40039828,7741201,7476705,8192630,6286626,4949950,6239789,6613517,5651460,4725590,5621245,4428379,5056070,9273632,5099902,3664089,4688247,6190829,4717303,5202663,4693137,10320880,4704454,4145084,4745387,4215783,4708527,4283706,10727730,4378502,55575904
10233816,40040314,7746608,7476904,8198985,6286636,4951321,6239806,6617865,5651462,4726910,5621248,4428429,5056070,9280757,5099902,3664099,4688247,6193217,4717304,5204364,4693138,10329810,4704454,4145084,4745388,4215784,4708527,4283706,10727730,4378526,55575975
10234047,40040725,7751697,7477079,8205059,6286643,4952636,6239813,6621906,5651463,4728141,5621248,4428484,5056070,9287837,5099902,3664105,4688247,6196369,4717304,5206324,4693139,10339302,4704454,4145084,4745388,4215785,4708527,4283707,10727731,4378532,55576041
10234267,40041152,7756813,7477259,8211324,6286656,4954048,6239836,6626170,5651470,4729343,5621250,4428580,5056071,9294974,5099902,3664108,4688247,6199528,4717304,5208021,4693142,10347925,4704456,4145084,4745390,4215787,4708527,4283707,10727734,4378557,55576110
10234494,40041522,7762343,7477435,8217641,6286665,4955523,6239846,6630443,5651478,4730722,5621250,4428644,5056071,9301937,5099902,3664111,4688247,6202838,4717304,5210038,4693143,10357015,4704456,4145084,4745390,4215787,4708528,4283707,10727735,4378595,55576148
10234733,40042105,7767671,7477620,8223553,6286670,4956894,6239858,6634639,5651481,4732074,5621250,4428703,5056071,9308866,5099902,3664112,4688247,6205628,4717304,5211992,4693143,10366366,4704456,4145084,4745390,4215787,4708528,4283707,10727735,4378615,55576217
10234964,40042996,7772902,7477816,8229509,6286683,4958279,6239872,6638697,5651485,4733320,5621250,4428753,5056071,9315838,5099902,3664114,4688247,6208292,4717304,5213858,4693143,10375902,4704456,4145085,4745390,4215787,4708528,4283707,10727736,4378652,55576285
10235172,40043348,7778130,7478023,8235754,6286694,4959720,6239893,6642917,5651487,4734573,5621251,4428796,5056071,9322705,5099902,3664119,4688247,6210666,4717305,5215480,4693145,10385407,4704463,4145085,4745394,4215789,4708530,4283707,10727739,4378667,55576358
10235397,40043664,7783387,7478188,8241710,6286699,4961124,6239910,6647249,5651488,4735858,5621252,4428827,5056071,9329654,5099902,3664122,4688247,6213751,4717305,5217537,4693146,10394845,4704463,4145086,4745394,4215790,4708530,4283755,10727740,4378704,55576393
10235633,40044205,7788667,7478414,8247877,6286710,4962530,6239923,6651446,5651493,4737157,5621252,4428927,5056071,9336688,5099902,3664123,4688247,6216704,4717306,5219452,4693146,10403921,4704463,4145086,4745401,4215792,4708534,4283757,10727741,4378732,55576452
10235871,40044677,7793966,7478617,8254230,6286718,4963936,6239934,6655717,5651494,4738539,5621252,4428980,5056071,9343772,5099902,3664133,4688247,6219673,4717306,5221534,4693146,10412688,4704463,4145086,4745402,4215792,4708534,4283758,10727741,4378751,55576523
10236106,40045101,7799453,7478826,8260524,6286727,4965255,6239952,6659978,5651495,4739858,5621254,4429030,5056071,9351061,5099902,3664136,4688247,6222846,4717306,5223309,4693146,10421374,4704463,4145086,4745402,4215792,4708534,4283758,10727741,4378771,55576570
10236330,40045633,7804366,7479002,8266516,6286734,4966701,6239965,6664027,5651499,4741011,5621254,4429078,5056071,9358107,5099902,3664141,4688247,6225512,4717306,5224964,4693146,10430655,4704463,4145087,4745403,4215792,4708534,4283758,10727741,4378800,55576659
10236561,40046037,7809612,7479189,8272474,6286741,4968072,6239979,6667966,5651502,4742350,5621255,4429159,5056071,9365087,5099902,3664145,4688248,6228782,4717308,5227023,4693147,10439920,4704464,4145087,4745405,4215792,4708535,4283760,10727745,4378827,55576707
10236801,40046495,7814859,7479393,8278553,6286751,4969454,6239990,6672284,5651510,4743637,5621259,4429244,5056071,9372175,5099902,3664146,4688248,6231537,4717308,5228829,4693147,10449076,4704464,4145087,4745405,4215792,4708535,4283760,10727746,4378841,55576744
10237023,40046927,7819778,7479583,8284647,6286761,4970850,6240002,6676332,5651518,4744827,5621259,4429306,5056073,9379148,5099902,3664146,4688248,6234262,4717308,5230412,4693147,10458374,4704465,4145087,4745405,4215792,4708535,4283760,10727746,4378887,55576801
10237260,40047274,7825183,7479778,8290973,6286776,4972238,6240014,6680653,5651520,4746108,5621259,4429376,5056073,9386411,5099902,3664147,4688248,6237024,4717308,5232264,4693147,10467211,4704465,4145087,4745405,4215793,4708535,4283760,10727746,4378915,55576869
10237490,40047675,7830546,7479979,8297393,6286784,4973723,6240034,6685106,5651524,4747449,5621259,4429423,5056073,9393659,5099902,3664150,4688248,6239934,4717310,5234132,4693147,10475941,4704466,4145087,4745406,4215793,4708535,4283760,10727746,4378924,55576919
10237723,40048195,7835972,7480175,8303596,6286792,4975026,6240044,6689274,5651527,4748754,5621259,4429504,5056073,9400850,5099902,3664153,4688248,6242520,4717311,5236047,4693147,10484792,4704470,4145087,4745406,4215793,4708535,4283760,10727746,4378948,55577006
10237948,40048780,7841143,7480375,8309765,6286809,4976470,6240057,6693560,5651533,4749988,5621259,4429562,5056073,9407873,5099902,3664160,4688248,6245298,4717311,5237609,4693147,10493774,4704470,4145087,4745406,4215796,4708535,4283760,10727746,4378962,55577084
10238178,40049316,7846423,7480555,8315914,6286824,4977909,6240070,6697795,5651534,4751256,5621259,4429609,5056073,9414933,5099902,3664169,4688248,6248088,4717311,5239871,4693147,10502415,4704470,4145087,4745406,4215796,4708536,4283760,10727746,4378987,55577159
10238397,40049852,7851931,7480753,8322302,6286829,4979360,6240096,6702159,5651537,4752682,5621259,4429669,5056073,9422010,5099902,3664169,4688248,6251595,4717312,5241843,4693147,10511237,4704470,4145088,4745406,4215796,4708536,4283760,10727746,4379001,55577259