6365,5858,6500,5725,6455,5659,6391,5484,6248,5598,6454,6022,6508,5733,6194,5957,6266,6031,6765,5925,6713,6489,6604,6216,6804,7400,6504,8738,6619,3472,6240,3807
5720,4975,5889,5228,5793,5351,5852,5302,5938,4966,6079,5069,5447,5078,5826,5200,5738,5143,5916,5322,5884,4872,5862,5190,5733,5243,5673,5186,5676,5965,6308,6141
4705,4750,4930,5032,4958,4928,4755,5283,4698,5089,4498,5170,4673,5466,4783,5108,4903,5312,4914,5374,4899,4850,4895,4971,5131,4811,5505,5139,5210,5587,5098,5214
5643,5233,5364,5177,5213,5313,5499,5315,5334,4804,5437,5381,5097,5627,5438,5514,5250,5026,5592,5524,5539,5296,5463,4805,5440,5692,5465,5608,5615,5775,5504,6039
5501,5501,5761,5016,5649,5294,5371,5421,5520,5566,5677,5534,5276,5467,5398,5573,5563,5467,5588,5595,5407,5274,5367,5485,5387,5770,5583,5622,5680,6279,5636,6381
5783,5800,5736,5628,5576,5438,5272,5394,5596,5294,6096,5439,5601,5209,5994,5620,5787,5266,5840,5108,5743,5848,5578,5653,5796,5542,6167,5603,5825,5881,5729,6218
5638,5625,5073,5145,5197,5411,5523,5214,5513,5350,4981,5143,5121,5379,5603,5209,5574,5213,5304,5216,5470,5300,5274,5334,5373,5441,5655,5817,5451,6405,5892,6038
5790,5705,5530,5616,5378,5424,5777,5947,5628,5531,5511,5348,5623,5519,5574,5325,5687,5379,5744,5483,5519,5648,5699,5568,5985,5571,5411,5750,5165,6599,5566,6499
4934,4740,5229,4851,5485,4632,4992,5248,5290,4717,5237,4844,5350,4927,5436,5002,4980,4925,5193,4830,5391,5130,5287,5126,5522,5018,5150,5073,5006,5838,5666,5916
5396,5343,5427,5228,5343,5180,5402,5369,5565,5031,5817,5192,5374,5054,5351,5192,5093,5168,5258,5154,5322,5435,5522,4965,5889,5354,5791,5051,5862,6428,5476,6313
4585,4329,4433,4597,4712,4560,4308,4565,4386,4547,4648,4460,4733,4820,4750,4829,4392,4324,4593,4394,4940,4597,4470,4584,4933,4274,4649,4500,4762,5589,4669,5380
4397,4402,4506,4512,4647,4670,4608,4522,4787,4410,5025,4451,4783,4812,4777,4777,4799,4528,4771,4305,4770,4728,4386,4723,4376,4712,4763,4668,4663,5423,4455,5672
4888,5045,5025,5145,4873,4758,4935,4837,5059,4972,4758,5314,5030,4994,5124,5154,4662,5261,4726,5055,4725,5040,4720,4466,4415,5113,4647,5270,4886,5644,4886,5786
4804,4927,4894,5242,4707,4786,4903,4872,4812,5013,4913,5277,4566,5166,4700,5219,4784,4930,4522,5057,4803,4835,4874,4925,4539,5053,4823,4952,4942,6407,4896,5839
5823,5065,5643,5449,5895,5500,5895,5363,5768,5315,5688,5452,6069,5421,5654,5428,5711,5588,5605,5247,5467,5333,5414,5192,5132,5477,5852,5465,5861,6207,5728,6066
5254,4905,4935,4595,5336,4996,5280,4960,5316,4817,5027,4537,4621,4902,4758,4838,5115,4709,4852,4997,4794,4952,4925,5213,5131,5278,5064,4971,5385,5678,4837,5749
5185,4882,5223,4667,5216,4956,5210,4595,4977,4619,5091,4537,5322,5035,5158,4839,5265,5025,5261,4283,5211,5102,5500,4860,5205,5011,4987,5157,5098,5604,5302,5633
4852,5203,5142,5175,5133,5199,4932,4902,4850,4751,5120,5220,5203,5129,4947,5174,4924,5120,4864,5228,5165,4876,4695,4910,4605,5316,4842,5078,5169,6080,4826,6189
5067,5765,4954,6074,5218,6035,5435,6025,5303,5791,5153,6075,5323,6076,5099,6234,5123,6327,4911,5753,4949,5803,5035,5762,5033,6403,4899,5825,5092,6959,5132,6533
4460,6046,4695,5858,4682,5843,4512,5738,4884,5811,4895,5410,4719,5683,4898,5667,4725,5438,4863,5744,4988,5900,4967,5603,4977,5135,5085,5528,4953,6585,5115,6520
4443,4388,4675,4293,4249,4370,4469,4516,4586,4398,4364,4683,4547,4534,4563,4484,4678,4611,4506,4644,4520,4395,4465,4322,4473,4415,4574,4405,4835,5410,4936,5034
5364,5360,5654,5342,5744,5786,5627,5276,5423,5202,5423,5188,5344,5648,5142,5965,5653,5441,5269,5621,5709,5255,5269,5221,5461,5651,5114,5290,5451,6227,5517,6455
5376,5412,5257,5535,5193,5163,5150,5448,5440,5561,5098,5492,5393,5487,5584,5559,5116,5347,5624,5288,5099,5430,5225,5518,4803,5705,5068,6052,5128,6888,4960,6475
5419,5183,5155,5589,5451,5436,5541,5358,5643,5302,5973,5541,5554,5125,5385,5555,5380,5333,5833,4938,5881,5208,5516,5441,5810,5521,5741,5812,5377,6518,5758,6456
5259,5235,5283,5428,5453,5258,5291,4900,5429,5018,5452,4953,5349,5017,5086,5145,5148,5410,5349,5100,5401,5167,5044,4915,5308,4885,5609,5217,5273,6274,5263,6278
3924,4365,4055,3992,3919,4297,4453,3902,4144,3987,4088,4089,4061,4094,3822,4434,4082,4579,4008,4392,4200,3922,4322,4042,3969,4588,3966,4311,4631,5224,4298,5176
4626,4585,4716,4677,4615,4703,4440,4841,4936,4631,4456,4715,4649,4979,4941,5052,4853,4550,4518,4757,5084,4512,4907,4946,5006,4900,4829,4577,4675,5748,4666,5564
5077,5398,5285,5107,4638,5268,5029,5459,5242,5110,5414,5200,4829,5073,4573,5744,5115,5235,4967,4959,4887,5220,5179,4824,5253,5147,5217,5307,5016,6288,5534,6434
5385,5317,5040,5333,5422,5115,4861,5547,5001,5027,5283,4867,5181,5282,5156,5673,5152,5206,4841,5437,4873,5396,4627,5204,5067,5025,4951,5404,5321,6513,5290,5954
5048,5633,4937,5475,5593,5502,5023,5322,4950,5316,5018,5258,5164,5517,5151,5354,4946,5447,4906,5335,4730,6005,5065,5176,5205,5486,4999,5548,5072,6430,4570,6532
4589,5215,4768,5118,4630,5211,4880,5011,4574,4786,4619,5314,4877,4829,4444,5046,4859,5092,4508,5200,4870,4954,4826,4790,5164,4918,4223,4987,4930,5972,4938,5761
4893,4695,4985,4551,4651,4468,4987,4552,4743,4670,4721,4464,4733,4291,4812,4271,5251,4262,4686,4454,4829,4634,4681,4632,4844,4444,4743,4639,4813,5192,4620,5777
4503,4613,4539,4561,4496,4634,4707,4534,4278,4571,4563,4663,4585,4693,4358,4705,4422,4396,4327,4771,4334,4662,4315,4587,4952,4742,4613,4899,4610,5432,4406,5342
4694,4753,5092,4969,4846,4858,4864,5074,4541,4953,4618,4962,4840,4807,4902,4427,4810,4326,4553,4452,4938,4542,4848,4465,4767,4668,4887,4807,4863,5508,4928,5581
5184,4794,5566,5293,5647,5109,5317,5129,5348,5743,5728,4962,5126,5175,5260,5160,5170,4992,5246,5276,5252,4881,5455,4999,5268,5532,5164,5533,5224,6200,5398,6493
5301,5834,5043,5569,4978,5437,5664,5448,5458,5914,5412,5577,5271,6047,5210,5473,5606,5527,5340,5023,5538,5158,5445,5623,5676,6061,5881,5840,5634,6837,5593,6716
4878,4492,4575,4852,4647,4850,4651,4972,4618,4924,4354,4863,4866,4906,4829,4834,4795,4662,4881,4586,4942,4870,4907,4688,4660,5230,4786,4926,4714,5647,4977,5653
5051,4892,5135,4770,4735,4994,4864,4546,5269,4368,4994,4734,5146,4776,5132,4818,5223,4713,5135,4640,4740,4684,4982,4801,5091,4931,4892,4302,5241,5790,4990,5394
5026,4913,4665,5014,4703,4836,4470,4680,4917,4846,5071,4473,4677,4703,4794,4693,4976,4781,4356,4632,4392,4722,4416,4675,4470,4891,4640,5075,4825,5595,4706,5600
4854,5907,4689,5374,4550,5190,4663,5296,4470,5188,4385,5506,4690,5598,4458,5413,5117,5809,4491,5337,4712,5760,4942,5433,4849,5478,5143,5915,5071,6867,5043,6604
4902,5058,4819,5179,4838,5339,4880,5166,5143,5122,4597,5262,4749,4906,5067,5386,5336,5220,4893,5076,4868,4889,4747,5107,4928,5179,5001,5274,4967,5953,5012,6722
4949,4751,5167,4708,4817,4617,5348,4548,5097,4348,4969,4399,5122,4608,4858,5117,5038,4940,4878,4853,4962,4743,5072,4499,5174,5011,5398,5411,5146,5796,5293,6073
4878,4884,4669,5197,4609,4529,4564,5082,4310,5013,4367,4843,4600,5142,4723,4640,4419,4914,4486,4782,4784,5084,4520,4861,4543,4868,4865,4931,4639,6204,4771,5610
5182,5086,4961,5402,4786,5191,4951,5229,5035,5400,4674,4932,4791,5166,4595,4893,5040,5035,4831,5228,4748,5150,4696,5265,4976,5332,4711,5513,4739,6245,5030,6738
5000,5501,5697,5428,5458,5309,5495,5798,5345,5302,5507,5378,5125,5206,5318,5486,5254,5178,4907,5587,5279,5383,5263,5278,5136,5572,5159,5325,5219,6723,5418,6530
4410,4886,4260,5341,4128,4906,4426,4616,4085,4794,4105,4908,4077,4836,4396,5227,4383,5246,4320,5121,4339,5165,4030,4902,4093,4675,4394,4894,4578,5668,4498,5717
4545,4709,4633,5075,4800,4949,4798,4954,4460,4855,4593,4755,4763,4916,4897,4623,4789,4958,4458,4854,4891,5189,5101,4779,4566,4692,4764,4817,4781,5860,4610,5594
4840,5007,5265,4861,4854,4669,4525,4800,5148,4956,4863,4998,5307,5439,5461,5033,5127,4988,5530,4893,5124,5095,5309,5358,5184,5530,4866,4700,5497,5848,5263,6166
5102,5200,5113,4704,5157,4716,4683,4548,4991,4919,5052,4526,4924,4778,5396,4860,4800,4505,5103,4869,4911,4793,4861,4498,5053,4819,4803,5258,5018,5565,4852,5910
4879,4764,4321,4946,4851,4743,4672,4728,4977,4633,4718,5017,4479,4890,4820,4874,4722,5024,4170,4790,4504,4524,4460,5003,5096,4895,4532,4815,4568,5469,4572,5800
4435,5604,4779,5207,5184,5099,4943,5515,4689,5038,5002,5328,4584,5009,4583,5314,4696,5084,4799,5278,4652,4869,4883,5067,4808,5436,4805,5378,5058,6017,4796,6586
4190,4849,4177,4751,4064,4359,4503,4258,4453,4594,4805,4840,4267,5054,4348,4763,4030,4717,4528,4739,4299,4545,4304,4591,4534,4733,4199,4463,4415,5328,3823,5592
4695,4222,4329,4524,4150,4587,4396,4601,4577,4791,4683,4725,4211,4656,4301,4633,4362,4804,4537,4390,4614,4256,4409,4603,4834,4748,4435,4723,4454,5182,4384,5735
5169,4930,5483,4568,5391,4632,5363,4697,4884,4756,5375,4377,4916,4537,5453,4805,5099,4421,5145,4541,5204,4340,5061,4651,4818,4554,5174,4594,5050,5705,4914,5470
5005,5121,5060,4878,5199,5393,5041,5128,5484,5126,5169,5168,4891,4571,4846,4571,5359,5403,4728,4955,5336,4750,5274,4989,5256,4794,5261,5033,5650,6084,5035,6192
4417,5165,4521,4700,4730,4427,4496,5078,4478,4539,4546,4700,4821,4640,4441,4610,4404,4591,4516,4652,4562,5021,4409,4730,4543,4591,4876,4445,4962,5654,4758,5780
4502,4812,5163,5502,4908,4864,5277,5238,4490,4910,4908,4894,4766,4919,4587,5014,4668,5063,4523,5257,4715,4963,5008,5198,4480,5095,4452,5270,4358,5868,4596,6244
4722,4896,5036,5139,4635,4430,4932,4312,4492,4348,5130,4533,5061,4584,4780,4637,4609,4773,4731,4811,4713,4672,4758,4383,4834,4653,5103,4833,5085,5369,4994,5616
4904,4639,4708,4395,4649,4781,5028,4852,4546,4601,4701,4527,4545,4453,4823,4897,4645,4470,4775,4274,4616,4616,4580,4267,4641,4334,4787,4262,5087,5218,5000,5490
