3031489699259,8799725346498,3869530852282,7540218415945,3796404272918,5929822981119,3512379916167,5664977289153,3546887335407,4185666504397,3372495792412,3912570732015,3005599780154,3325626863404,3857453899297,3266272725779,4633104784295,2777552929514,3258747807678,2777568994572,3142066853390,2825823860923,3299253157221,2718848819668,2981383349755,2875088107056,2949383244432,2764994738210,2931536727360,3928310191946,3338135654746,6167274312897
3031840465588,8800007533842,3869885313182,7540491183133,3796769505376,5930101182934,3512737374423,5665260968723,3547242076511,4185952829897,3372848948857,3912856499821,3005941539005,3325915700207,3857809973390,3266567842274,4633449141227,2777845110976,3259093748166,2777875116841,3142408098949,2826120063852,3299605259921,2719151640258,2981739442844,2875398573692,2949731145456,2765322747732,2931887847239,3928999206965,3338510247604,6167926760795
3032124750844,8800270669855,3870186696166,7540741123673,3797055865331,5930356000675,3513026337959,5665515565286,3547537479978,4186202746862,3373138774618,3913103849442,3006235051855,3326160908839,3858105007535,3266821276819,4633734897310,2778124725542,3259380537448,2778147030167,3142707373337,2826382926464,3299901239458,2719415148220,2982036059421,2875645401690,2950030991992,2765584418434,2932166538505,3929282179874,3338810299425,6168209253604
3032428684062,8800514553325,3870468072391,7540978647407,3797328656178,5930614904479,3513303569370,5665763407232,3547811171952,4186454872372,3373403358586,3913342572832,3006509646422,3326414832706,3858358358541,3267080368031,4634002002013,2778375086800,3259644973446,2778393365814,3142971480001,2826645968749,3300163154158,2719663499010,2982303333517,2875900313278,2950298741716,2765835006336,2932431542817,3929559974379,3339082647908,6168479601306
3032736662835,8800814733641,3870742675261,7541271249446,3797625158380,5930904549925,3513587343225,5666057988329,3548102325386,4186744828039,3373686042690,3913632759383,3006794734440,3326721301169,3858632536054,3267384822989,4634282412306,2778677868849,3259921548521,2778695117869,3143246794279,2826938440790,3300438291677,2719974310157,2982594305315,2876212831874,2950581758609,2766126215892,2932705406848,3929894427177,3339356723237,6168819482746
3033037926364,8801109772269,3871035270291,7541570459504,3797932109557,5931179515067,3513885715336,5666339835597,3548412720458,4187031514441,3373986585964,3913917896536,3007091729256,3326996119869,3858928679364,3267656020605,4634571692002,2778960102955,3260242882880,2778974853025,3143542889757,2827218849000,3300744469080,2720252276567,2982888307827,2876495919773,2950873857022,2766418942495,2932994427204,3930202870681,3339643914131,6169136057680
3033358984554,8801387561297,3871334156457,7541859201745,3798222685338,5931459876383,3514196103352,5666632792482,3548713223643,4187305740166,3374282608101,3914189231887,3007388112841,3327274804156,3859234086152,3267947082628,4634868699409,2779249704217,3260546100387,2779266804848,3143840099366,2827507956843,3301044952112,2720537865092,2983209130554,2876793903143,2951180505535,2766710418696,2933302832781,3930525585218,3339946085136,6169461955398
3033641098110,8801686938731,3871635155230,7542156592684,3798513302137,5931738312826,3514484731650,5666909643777,3548999343290,4187581897692,3374588688698,3914468314226,3007677036403,3327548675309,3859526349301,3268227628162,4635156022886,2779529396837,3260826848470,2779545375048,3144129259898,2827795989981,3301346969400,2720815649722,2983492028197,2877089364599,2951473527608,2766989522242,2933582703746,3930832755727,3340225717957,6169777132297
3033951611492,8801975645394,3871940343072,7542440020649,3798822565079,5932016362675,3514820689702,5667191777116,3549311730746,4187853041490,3374895358519,3914751025486,3007986110982,3327840436934,3859832675271,3268521517018,4635465867924,2779816144454,3261143150407,2779818033249,3144449183832,2828062576824,3301667014554,2721103425557,2983805380894,2877364586650,2951796328926,2767276631605,2933909443911,3931136753942,3340539491109,6170069402229
3034213439799,8802249684716,3872211929827,7542713182751,3799080399189,5932285528597,3515114318048,5667456149915,3549588093751,4188123026972,3375159304123,3915017994376,3008246248013,3328108161771,3860095362254,3268792523626,4635748692550,2780082344141,3261408465838,2780091061262,3144719168964,2828337231118,3301964704566,2721373157974,2984072015337,2877640903590,2952079653705,2767550961785,2934180527807,3931421738632,3340810749819,6170359712493
3034504483492,8802522036693,3872500583659,7542978673018,3799376776233,5932543218164,3515415892667,5667708616583,3549882170141,4188368577405,3375450380761,3915267653247,3008526597047,3328358544808,3860385040130,3269059991039,4636028707810,2780340600501,3261685027627,2780347605621,3144997989111,2828586744652,3302246305915,2721631064868,2984355720797,2877900602027,2952372649476,2767806583730,2934495273166,3931697700311,3341096564460,6170646972020
3034757133127,8802748091362,3872762415698,7543202504357,3799639679719,5932768056228,3515699539649,5667927170765,3550143121282,4188583952847,3375705175746,3915478829869,3008789917902,3328568878978,3860629985979,3269272501279,4636295657087,2780563915769,3261943223044,2780564093691,3145264100724,2828817548967,3302495529471,2721851149683,2984611540791,2878144301724,2952649152662,2768038566124,2934759462608,3931954343442,3341362430726,6170883373690
3035019381281,8802982724074,3873021667669,7543418520168,3799898150605,5932987105165,3515948956916,5668155964129,3550429676005,4188795772508,3375967433259,3915689633890,3009057254846,3328779510545,3860899831716,3269479710428,4636570997819,2780773878404,3262189705287,2780771854346,3145511395813,2829029739320,3302746788524,2722076066939,2984856028670,2878367729989,2952910263463,2768256133534,2935009784269,3932185214304,3341618055630,6171119081165
3035307063982,8803217546050,3873302463169,7543640176144,3800186022522,5933223838873,3516232131055,5668392409985,3550704266072,4189024367626,3376243293196,3915925601772,3009331483052,3329013201714,3861175116644,3269710829914,4636841775407,2781007489685,3262475985997,2781002067009,3145786981535,2829266838318,3303027216554,2722303200137,2985147884272,2878597880206,2953219409085,2768481562102,2935297065811,3932434337348,3341907253594,6171365188147
3035572496775,8803477955494,3873559446586,7543900660507,3800447463259,5933479301013,3516497917332,5668649092219,3550965863261,4189277834233,3376508697819,3916180306699,3009597341479,3329269741948,3861447288100,3269966757460,4637112420334,2781261313726,3262762942809,2781242482304,3146051506746,2829511220391,3303293669358,2722557569608,2985435488967,2878850713828,2953488410069,2768738956540,2935567040238,3932699354591,3342169206354,6171632530218
3035866655641,8803751553062,3873863745934,7544174076209,3800756360939,5933747525630,3516809926951,5668910351309,3551265543424,4189545189981,3376807421341,3916456705674,3009884152241,3329539211357,3861750389138,3270238040669,4637405884877,2781531123080,3263057533063,2781515087458,3146339382644,2829791002660,3303592934907,2722824767553,2985775775006,2879130102442,2953796396504,2769009098232,2935878163766,3932984262335,3342478952809,6171906547719
3036170788922,8804011297177,3874141092438,7544427740260,3801046705239,5934000585497,3517097784141,5669172254894,3551555666108,4189802610848,3377088900229,3916723036417,3010183351648,3329798501480,3862031704237,3270499799111,4637693483192,2781803918282,3263343941518,2781772590400,3146626798003,2830048149369,3303879242093,2723082324958,2986058466398,2879397558725,2954077187555,2769292796955,2936152558272,3933263835300,3342776165935,6172192603672
3036442224671,8804269588650,3874421668600,7544676473811,3801314821481,5934247383258,3517371426632,5669418481050,3551837628386,4190044029949,3377362599867,3916974217616,3010455662532,3330036242638,3862304417477,3270743177089,4637965698773,2782052635222,3263611965821,2782028178906,3146894638595,2830294474838,3304153681169,2723327577558,2986364197678,2879641435903,2954357148417,2769537726217,2936428199891,3933523238584,3343055520353,6172449860583
3036720846131,8804518142255,3874690954661,7544911285131,3801593339061,5934489936953,3517644298083,5669643393616,3552123661435,4190280649561,3377635077290,3917207426834,3010739263517,3330266246110,3862573486878,3270996474157,4638247352344,2782296337804,3263888605277,2782262581903,3147166292721,2830528028983,3304418936674,2723559834311,2986659810923,2879877124693,2954627782024,2769770363640,2936728967836,3933767746023,3343322558695,6172700528754
3037031706972,8804795869031,3875001456719,7545188569628,3801902558131,5934758387094,3517954176402,5669915105764,3552436153802,4190555926261,3377941872225,3917471298046,3011044240990,3330539098393,3862883244996,3271263232748,4638556832318,2782559742008,3264210024335,2782533667029,3147478285288,2830798129799,3304735470827,2723826391611,2986964674061,2880155498245,2954933639792,2770043951436,2937058568131,3934046974829,3343643211933,6172992649604
3037328261865,8805059637184,3875291967426,7545454409386,3802181018179,5935014916016,3518235396810,5670165901549,3552713209265,4190802068458,3378235528914,3917717004468,3011329151903,3330794517910,3863178429487,3271512333625,4638856395877,2782821449352,3264506196904,2782800532897,3147761587644,2831049145339,3305031172447,2724077711763,2987275320264,2880420432764,2955232565580,2770303704985,2937362352360,3934327394812,3343938222718,6173261895986
3037597545690,8805284880557,3875550897116,7545685648346,3802447323329,5935234383663,3518483115655,5670383386512,3552968872695,4191041249947,3378494902896,3917939681120,3011582922930,3331017214543,3863428067415,3271743776151,4639112668746,2783045380196,3264766078441,2783019889822,3148022622292,2831261968949,3305297358026,2724298607658,2987564566059,2880640095224,2955500235483,2770517552192,2937615642964,3934555219271,3344188507539,6173487240100
3037884542160,8805539022114,3875834627576,7545943085727,3802731801399,5935502250141,3518777741306,5670629996086,3553269572311,4191294922635,3378800878475,3918205196285,3011876402022,3331275158057,3863722265627,3272001735361,4639407179608,2783313259183,3265066286448,2783306568678,3148317310700,2831519988046,3305590341796,2724563326820,2987866916697,2880890752652,2955788141372,2770771811196,2937899015915,3934820523520,3344476689627,6173748709614
3038169505779,8805816644145,3876112215181,7546214221802,3803010556778,5935769373732,3519055857974,5670897739285,3553560859139,4191569527095,3379093857371,3918468262388,3012158522409,3331544180713,3864010294466,3272272500491,4639691084636,2783578836205,3265355627204,2783578863602,3148614065965,2831783491814,3305876206129,2724848131308,2988167184612,2881165757312,2956067075969,2771053621786,2938192333834,3935119429349,3344761868213,6174046510650
3038479641816,8806113259262,3876421328348,7546493786536,3803318216679,5936065379681,3519371112440,5671185208507,3553874226012,4191868385043,3379392868501,3918758423398,3012473981208,3331850437737,3864331892932,3272564568678,4640003125856,2783873369688,3265665800701,2783883894985,3148926572662,2832081605813,3306198726644,2725127673265,2988498883298,2881459573017,2956382360210,2771356079746,2938503454067,3935422286887,3345072183265,6174342441263
3038769843835,8806357814620,3876698597071,7546733721835,3803615244248,5936298844720,3519668730061,5671422625774,3554169171252,4192094029308,3379681500998,3918988482939,3012761268123,3332080484096,3864619716026,3272800059720,4640290471085,2784110358333,3265954286117,2784123824280,3149211565709,2832318499258,3306490436922,2725356711970,2988787115213,2881721773115,2956675039762,2771600045742,2938788261629,3935678053369,3345369064551,6174590999592
3039003917950,8806570185938,3876927323849,7546951581563,3803845065468,5936504135410,3519896246222,5671640494710,3554396114798,4192300139199,3379912439996,3919191916827,3012998934119,3332287764346,3864838585134,3273000578142,4640510080609,2784310081173,3266188186848,2784327002814,3149442477749,2832519250753,3306722441994,2725566306317,2989014523755,2881924309714,2956917966482,2771815337709,2939022951038,3935895415778,3345597958597,6174804551052
3039271178768,8806802187911,3877200519854,7547182531102,3804125761097,5936730538881,3520168354611,5671870296404,3554663113350,4192523521089,3380183400931,3919418231967,3013256658164,3332515959641,3865097682639,3273219244302,4640780146040,2784535829931,3266455087513,2784564481920,3149714091362,2832744513775,3306991506692,2725797178465,2989283212101,2882159223615,2957188070725,2772069983920,2939294644425,3936138365287,3345889206436,6175041672379
3039555320717,8807050075582,3877490276042,7547439616608,3804411022575,5936973358037,3520447622499,5672123497400,3554948498537,4192763060827,3380456167075,3919654491894,3013536374869,3332759411039,3865387715300,3273456775480,4641060561620,2784781503863,3266747476489,2784807729583,3150006031148,2832985139298,3307283248254,2726048948670,2989570180938,2882409350176,2957472514386,2772327800373,2939586635097,3936406028836,3346190032421,6175301411910
3039853784939,8807359221934,3877801109761,7547712818423,3804695512930,5937255480508,3520746391490,5672398949219,3555256141185,4193032439056,3380750953941,3919920209499,3013852285669,3333044113899,3865688161367,3273724519795,4641370433731,2785054649005,3267054161049,2785069236124,3150318558619,2833276271880,3307585216352,2726327509542,2989864874151,2882689285318,2957785375768,2772605385419,2939889876350,3936695432879,3346525556416,6175599518391
3040135705761,8807619529863,3878086350004,7547970507355,3804979529432,5937500836972,3521036451493,5672641612473,3555548538920,4193289675889,3381049496661,3920179718009,3014136853676,3333295947862,3865976265979,3273984197109,4641659482287,2785316605581,3267333746606,2785329669605,3150597736444,2833549895728,3307870780931,2726590989396,2990147706619,2882946469837,2958072257638,2772875766046,2940176483537,3936966584741,3346829870094,6175874498807
3040417303022,8807858058202,3878379831627,7548206257682,3805270053166,5937741196736,3521325697853,5672878651186,3555823452972,4193530121801,3381337881897,3920425776805,3014422871542,3333528117356,3866265954999,3274223710345,4641939871531,2785555328066,3267622507318,2785569836276,3150878985625,2833792918380,3308167645419,2726840351609,2990435257443,2883191518670,2958361620508,2773123817329,2940463295242,3937234424703,3347122015674,6176132156202
3040681792357,8808081810463,3878651273266,7548423011416,3805539488017,5937957362679,3521589887316,5673099464390,3556084153978,4193745946158,3381598987921,3920656118858,3014694991473,3333740107492,3866523200707,3274441931124,4642204360805,2785779615903,3267887296467,2785811057304,3151133494428,2834017073472,3308429988856,2727054061343,2990699136911,2883403907822,2958633903686,2773342358254,2940730472427,3937453336053,3347413965157,6176360749538
3040936280016,8808298192215,3878904615421,7548630405604,3805788600640,5938169052339,3521841328470,5673304760177,3556334336942,4193960269415,3381859152259,3920866551515,3014951550661,3333946185032,3866764989285,3274638543040,4642471511768,2785989831717,3268141032085,2786023267084,3151379603551,2834217714036,3308682129335,2727267092487,2990954468560,2883617890091,2958891327117,2773557079566,2940992493714,3937676059215,3347668497012,6176579223353
3041216314962,8808511818639,3879164987933,7548841851656,3806045437133,5938371103647,3522118053737,5673514871668,3556592519738,4194179951525,3382111568498,3921066897495,3015203891812,3334152189882,3867012050165,3274853822450,4642735880740,2786198165267,3268407131479,2786230649147,3151633079495,2834419867129,3308942389095,2727472737541,2991221142798,2883828101273,2959154458906,2773767640851,2941263296745,3937893506410,3347932267388,6176810717531
3041498107486,8808791083347,3879461517019,7549113341956,3806327837260,5938640742590,3522397323610,5673783817064,3556876778135,4194449626023,3382397392714,3921334333177,3015505979774,3334416729204,3867299630834,3275118338774,4643019936166,2786477544276,3268687187932,2786488672157,3151931934349,2834688975052,3309237657810,2727744402399,2991511695531,2884091419918,2959449447759,2774037564238,2941561292667,3938177228579,3348230133500,6177097380691
3041826967163,8809076331050,3879788873796,7549412293586,3806647474140,5938940783323,3522713757098,5674066152885,3557199474053,4194736217128,3382717950129,3921631731841,3015823870228,3334695827656,3867627736557,3275401770646,4643345450463,2786760722482,3269020821888,2786773647518,3152261226567,2834977906694,3309569777500,2728025919482,2991834877383,2884371535626,2959772320219,2774337207175,2941887774064,3938478601264,3348561505627,6177408332327
3042097972716,8809306582838,3880097973160,7549619739548,3806920076336,5939155798279,3522993450390,5674282124864,3557473598456,4194955056344,3382998327028,3921853952817,3016105853680,3334922954380,3867911114537,3275642025161,4643620037876,2786980327536,3269297158693,2786993145189,3152543860400,2835198044106,3309851814350,2728252402291,2992107675709,2884587614692,2960042282880,2774556922408,2942157456413,3938706006597,3348846240292,6177629326735
3042358730075,8809540745101,3880360577302,7549844167025,3807209323722,5939380249665,3523254151182,5674501002767,3557739758777,4195174884425,3383270500809,3922068434567,3016385488231,3335136653946,3868185925622,3275859467156,4643889330837,2787197025650,3269572124962,2787215380731,3152805872269,2835430735443,3310115905106,2728470653909,2992401866774,2884800542725,2960314718373,2774783156657,2942433332293,3938927788331,3349115739639,6177867264255
3042626929807,8809761883196,3880626862642,7550058695481,3807471662091,5939600093183,3523513348369,5674705292189,3557997987834,4195390515471,3383534577228,3922285950516,3016641496057,3335364091027,3868437519815,3276068810941,4644154282344,2787411076323,3269839350883,2787424090799,3153069733706,2835645913829,3310370660435,2728680496978,2992669458862,2885011228861,2960574188199,2774994207467,2942684378638,3939151379093,3349377495776,6178098314338
3042922552758,8810038647268,3880907640855,7550316877924,3807779105746,5939863115011,3523805498562,5674960970289,3558282259280,4195640909553,3383823025246,3922539584117,3016929169276,3335617857919,3868729832120,3276319486942,4644435533641,2787667649013,3270120505153,2787675686281,3153366773283,2835893030377,3310659290511,2728934403122,2992955629814,2885287426389,2960858138545,2775260187807,2942975214875,3939416863899,3349676462872,6178372268062
3043208207650,8810293024079,3881201289500,7550560602061,3808067020516,5940105131320,3524117996093,5675188784178,3558567720221,4195879157394,3384113912352,3922781826139,3017217875686,3335868116472,3869009280854,3276571999878,4644720931407,2787914574374,3270401303927,2787912196813,3153647529767,2836118845985,3310944532559,2729162643931,2993252885562,2885517352427,2961168776155,2775486114755,2943266515169,3939672235627,3349964616238,6178626778207
3043490615387,8810533425932,3881478437388,7550779783849,3808337360947,5940326567767,3524399447291,5675418785699,3558843811496,4196105280033,3384396168524,3923008170053,3017503434651,3336095853432,3869286469035,3276803753833,4644999432030,2788144058850,3270681238684,2788134599351,3153916986563,2836340222182,3311219473684,2729381881870,2993522373294,2885745993623,2961446006048,2775718984317,2943535884335,3939920092182,3350265024619,6178877925547
3043747300496,8810743522279,3881737368158,7550979826331,3808599538601,5940534023834,3524665100512,5675633110333,3559116482901,4196321206115,3384648958510,3923236524668,3017757132393,3336312806735,3869552110164,3277019731934,4645273329419,2788358670668,3270946716940,2788357597533,3154183690079,2836544701744,3311482656059,2729597227413,2993777281772,2885955696607,2961722878108,2775929108455,2943801824153,3940144800941,3350527413883,6179105642283
3044065555355,8811014674512,3882038905711,7551231902822,3808913171795,5940798551214,3524974282037,5675888216544,3559462544136,4196577887175,3384953387967,3923499104078,3018065186114,3336566330616,3869856410007,3277276050391,4645591173827,2788615342063,3271263603406,2788603317579,3154489735226,2836807045537,3311790820075,2729857584122,2994085952410,2886205260801,2962024966148,2776192266255,2944099671679,3940410736965,3350833278705,6179368059092
3044365398100,8811295881376,3882336788450,7551511335600,3809211014545,5941067176188,3525271256153,5676152939187,3559755812778,4196844833072,3385243373120,3923769712927,3018362469836,3336842853821,3870144342275,3277541574424,4645886269489,2788895989558,3271553058023,2788875716176,3154809921546,2837069007209,3312093196954,2730144878814,2994379697914,2886475298456,2962307384008,2776460211137,2944386836909,3940690925877,3351133102901,6179656846697
3044609440746,8811509942364,3882597407725,7551734493603,3809463983521,5941276250458,3525525844594,5676366075845,3560032319226,4197055488218,3385494755076,3923977179319,3018614273933,3337064699797,3870395508363,3277757308817,4646136167723,2789109856909,3271797880243,2789083884886,3155066621942,2837277834200,3312341524936,2730348968044,2994629674177,2886681018765,2962558779537,2776664105976,2944641757737,3940916749152,3351387514871,6179881926589
3044866749121,8811741768303,3882862333875,7551965633522,3809721061011,5941507317659,3525804985627,5676592972394,3560319555984,4197292855205,3385760013596,3924209645515,3018887117118,3337300351871,3870663721445,3277999411332,4646396111710,2789348736514,3272073883566,2789318778704,3155332715366,2837509450188,3312626212900,2730579339156,2994895261834,2886906527521,2962824251278,2776891590673,2944913322049,3941162863631,3351661840986,6180136686586
3045146183591,8812007349373,3883134949132,7552216312113,3809990129287,5941759537888,3526073337440,5676847390257,3560598065517,4197551483414,3386030960498,3924466970673,3019159689391,3337549907064,3870931668284,3278249048839,4646669450414,2789605097282,3272344108043,2789572201472,3155605698578,2837777545033,3312906608781,2730833881687,2995167013486,2887155056852,2963108560481,2777159781032,2945182312693,3941442932595,3351937173301,6180396307022
3045405586717,8812252058460,3883395564214,7552465110216,3810244388830,5942008604010,3526330131626,5677087875100,3560877693917,4197802319847,3386301976646,3924715198566,3019459201022,3337788966894,3871195282741,3278482449064,4646941125954,2789861043967,3272612373328,2789814206403,3155894465732,2838025566141,3313171864558,2731073143641,2995438784741,2887401842762,2963379762955,2777407018139,2945444154783,3941703228743,3352213409878,6180645412610
3045668789451,8812478560938,3883659686970,7552680088208,3810511345945,5942222572118,3526602774882,5677297338944,3561147573194,4198017836138,3386578017706,3924924299143,3019746965481,3337998430020,3871453195650,3278697639861,4647209862286,2790071931711,3272868748250,2790027709733,3156162090205,2838241815947,3313447346639,2731296157857,2995696543429,2887615852421,2963638196496,2777613542399,2945709135804,3941926577437,3352477879127,6180869743041
3045938966662,8812723373899,3883946803673,7552941191621,3810794323062,5942470555743,3526881687986,5677534597335,3561429250725,4198260211635,3386845823153,3925164654152,3020016131843,3338234122703,3871722256440,3278931135724,4647480663593,2790313538322,3273152488725,2790276966483,3156432294070,2838480989606,3313714639288,2731544051246,2995988028056,2887865181999,2963909510784,2777862985723,2945988200250,3942189979514,3352752402372,6181128761395
3046194190639,8812928658353,3884186955220,7553141680156,3811060347579,5942672839632,3527125811045,5677737288964,3561677921103,4198458290786,3387095510859,3925362803677,3020260920517,3338436057163,3872003270979,3279126017571,4647725421918,2790510629975,3273400848835,2790472264143,3156682601796,2838687345939,3313972297879,2731752849244,2996248317186,2888059390214,2964160085920,2778061543584,2946241568238,3942397500440,3352989188735,6181346721104
3046455652497,8813148868463,3884443916012,7553355461467,3811310384168,5942908029124,3527380922507,5677958530536,3561941843142,4198675605943,3387346384665,3925584732115,3020520550950,3338661769660,3872297385529,3279351346344,4647970874873,2790739226628,3273658327355,2790694320176,3156937502458,2838905863303,3314232624027,2731967981885,2996500795798,2888268136891,2964421185779,2778288296295,2946501757651,3942628809908,3353243891508,6181562721704
3046739776969,8813382616866,3884720886581,7553574960139,3811579557325,5943140107569,3527677647259,5678175423927,3562233160048,4198898365228,3387619712211,3925815141783,3020799143191,3338874992564,3872560405311,3279570332491,4648250585743,2790970284314,3273935157651,2790916675345,3157217080079,2839129298855,3314517290528,2732197940798,2996787474779,2888491847822,2964711003168,2778506826651,2946787983959,3942857291994,3353547918861,6181792769948
3047041893688,8813641337439,3885008293044,7553820809956,3811876580178,5943388944812,3527982715973,5678432843409,3562537824162,4199145379561,3387929075681,3926061334398,3021102562424,3339114309496,3872875809419,3279813556888,4648548585655,2791210696945,3274243795704,2791176589569,3157516754316,2839384607397,3314812055887,2732456011411,2997101827298,2888745011007,2965020847082,2778751118389,2947111840913,3943115787433,3353843464911,6182047978956
3047310937443,8813878382365,3885281291970,7554053019962,3812149432559,5943610478528,3528261172027,5678672871069,3562818922929,4199382894148,3388213189692,3926284831471,3021376250383,3339346089452,3873147078150,3280046619027,4648829003221,2791448161425,3274514459277,2791411374674,3157792289191,2839621287177,3315071415920,2732689469511,2997374426372,2888977727539,2965286100418,2778980717628,2947388130093,3943358491632,3354115462630,6182291920193
3047574680002,8814127358292,3885528915799,7554294422731,3812417975987,5943849685517,3528529678637,5678912566543,3563091743320,4199621901781,3388471169128,3926515092199,3021645909222,3339582387126,3873434012019,3280280008889,4649096870245,2791675628717,3274780382805,2791641269192,3158053021893,2839856985492,3315339043139,2732930217460,2997641036170,2889216396135,2965555689606,2779219363932,2947666445778,3943629064514,3354389716587,6182529180185
3047835175842,8814353799773,3885782541622,7554522313107,3812673853153,5944059467166,3528797641835,5679124788615,3563356509266,4199838505684,3388741154888,3926736070314,3021916214485,3339792185832,3873731545737,3280494379526,4649358682915,2791890053220,3275062935384,2791851516309,3158314985372,2840085602007,3315600103474,2733145925933,2997911922975,2889446776821,2965809076914,2779431232415,2947926227763,3943856009989,3354647541427,6182760141328
3048079674959,8814572909191,3886030006131,7554729608907,3812927258056,5944272181287,3529046325316,5679327655970,3563602978927,4200041887686,3388998920315,3926936499198,3022165944047,3339995952602,3873975913248,3280710782239,4649607182387,2792088665689,3275316093041,2792052137295,3158581875160,2840282786020,3315853962206,2733358854291,2998162649662,2889650641650,2966068501080,2779633277689,2948172105468,3944083903787,3354916072024,6182987430844