18150,18530,28311,17420,28051,22809,14752,41841,15999,19731,29523,20958,22297,12529,23787,43683,22412,38044,9333,32618,25912,25941,26851,43339,36014,7673,23763,26038,30594,17050,36373,2625
13993,34820,28350,16240,35047,30754,28760,45345,17002,30126,20603,36867,26614,17363,28653,27409,17220,41821,26972,37317,25667,21165,21904,24408,18172,7907,32136,26374,15080,37550,17663,8647
25378,45394,20557,84074,28726,32954,31877,50624,20849,19778,15717,16600,26340,24523,17032,1990,15426,58253,17456,49434,16535,43773,23666,26998,8325,9066,20522,60005,15421,21281,14020,9409
21012,50327,29123,27337,41740,43007,24557,59794,18985,18695,18548,5911,33002,15321,19613,9548,25959,22365,8977,24125,15219,48992,37957,19621,26138,296,24024,52787,30498,38995,27231,8702
15213,37881,16696,45294,7677,64064,25100,23207,31868,17953,5120,22089,18981,63168,25554,21975,43405,24073,35045,26877,24607,20922,43350,6529,15038,2207,26155,40327,31174,20035,63299,10907
24977,37414,34826,342,18025,29070,31560,36783,19102,23453,18076,49157,33367,44953,45949,41315,23013,20199,21182,29790,28432,6289,22675,15032,26212,16126,27571,40586,16797,43512,27194,13181
24810,55549,24975,11728,21458,9441,20862,65163,26421,47382,39644,49432,29501,43289,20856,28658,20575,6565,20532,27225,27232,55116,29213,12535,22231,21347,1143,27661,31197,15095,39335,10783
17526,22795,25320,62859,41928,27439,26328,21326,32123,16930,14278,32165,19396,20883,9704,57071,10564,29097,20308,31335,22358,54363,19318,43567,38447,328,34062,913,32128,35633,40125,11452
28499,50795,1885,65069,11517,27168,19242,19762,24023,22150,47208,29023,19051,14084,29668,19757,36524,30934,21141,30128,36984,25870,32827,37174,26151,561,19391,45863,29302,3648,26604,12765
34510,30205,31144,2142,20456,30292,13961,32044,14241,35249,19275,10572,12406,43362,13336,22994,43777,33652,30324,63969,33190,55246,30747,33077,27558,9651,31931,18873,27779,26652,28607,13941
32257,22900,28983,46950,28735,36820,17598,22205,33556,28161,29842,18565,37210,5568,31695,44420,24793,37212,18504,33213,19386,33423,4006,51915,33831,15107,44958,14842,15615,10185,35450,10114
21647,8425,19929,58745,21435,26436,40152,22592,27380,23229,38693,12584,41144,39905,29770,21671,10459,31749,29845,24942,35427,44184,26168,78895,14563,16274,15783,18857,21742,11655,28411,12583
18618,33051,12622,27111,33296,48722,33086,5587,24018,7826,26743,45070,31457,66836,24064,83232,10590,1640,36794,6338,47194,30943,23138,20777,23415,10749,38988,21880,36147,17736,29824,12330
12999,40668,19153,2350,30096,30873,35106,33129,19280,21540,25025,36735,31119,40552,31386,57390,15611,28761,16184,27426,38484,64671,33279,714,27610,29873,32101,14498,22102,4330,36464,11197
17889,30350,6948,14159,8176,27370,24743,21603,37101,31594,32991,307,32552,30688,22806,51730,36955,23143,40310,29251,28652,45593,36428,12125,38739,20666,26621,9992,35882,57238,35230,10896
23345,39517,21453,25327,39389,29376,25298,26105,44802,46018,18052,6876,27415,24662,20508,49947,34669,18396,12762,38712,22988,32119,31363,25733,33716,15804,24643,24351,19399,25749,31063,11763
32124,45573,20066,31771,33538,12463,26882,6700,39699,35740,26828,23724,28355,18144,17309,26942,36432,5533,26544,49271,35168,40692,20141,23585,19832,16402,22110,47868,26215,54835,22576,11852
8309,32015,29992,51322,29020,58727,39472,50491,23391,30750,22936,11354,44304,13151,32983,10109,20581,14015,33999,31404,16148,14241,27030,24226,23384,356,29880,48520,25353,42991,13232,12779
28976,21874,25167,40153,24842,29336,36037,73890,25527,46148,21514,25972,45616,7937,31361,51123,17304,44491,33448,33554,14123,12878,26956,30249,19827,244,25703,12943,25001,19050,21237,10592
32648,30157,31220,751,33453,18011,22035,32354,20966,24510,41293,49293,25945,5609,16652,16220,13658,21928,28380,42038,28123,13844,14276,43311,26137,31930,28192,32547,39767,63323,18292,12287
23955,38069,36967,25538,33919,35689,22518,17261,19671,23938,39744,38976,16536,55169,23026,304,19539,52813,29817,32540,34198,29674,24176,22608,24511,1256,30391,70322,9453,5912,35942,12443
23410,11683,22556,62567,35444,27279,26480,29697,21802,38724,24950,36694,30265,24652,29431,18763,30411,34853,19760,60090,25403,39223,29184,24259,23399,26579,24420,7498,28350,16906,18092,12680
20950,24065,40694,30267,26781,35751,29043,18085,36018,31494,22926,6104,20692,5593,24702,43756,28085,21865,24240,18062,32931,29108,26462,28611,17219,57030,30111,58684,32341,18844,24051,14448
22908,23957,38495,22742,18520,33671,25430,20218,28247,29544,23645,53472,27799,6921,20849,29135,38532,37224,26776,34304,16932,22991,9219,31155,21054,26945,28494,32948,26802,38246,22936,16417
14166,60305,6149,36985,28155,23209,17921,18190,15267,29243,28129,29124,23996,39933,31814,17689,14282,7557,30302,22074,28857,35465,32852,50710,19188,63605,30912,46283,31599,18865,17247,11256
32380,306,25003,32445,26135,50361,20695,13129,19267,30701,18085,30563,18659,32794,34207,19255,39265,41587,42519,21622,21652,45807,13320,56092,28617,44779,31091,27243,16048,19633,17634,11757
25565,897,36863,39873,41488,47597,45717,37791,13322,39373,7749,43617,27718,57396,16160,21710,28458,27308,44990,21376,12615,18192,20812,6919,14675,24605,13696,37451,32269,20220,27523,13498
17351,44063,25793,24244,20007,31238,30441,46861,21830,25202,17456,28684,11539,58255,26943,42621,18056,29207,34999,24416,41665,20958,34117,24560,33671,9086,25718,37624,21374,30737,5437,11984
15721,24975,24819,55835,28194,33613,31198,31063,25222,12808,23968,34632,31794,31912,21863,48220,19161,54171,20819,56255,22982,14247,21677,17471,23311,48914,18671,19691,23102,9004,17674,11706
29894,18262,15997,12804,27196,19776,20718,25531,17028,31269,34486,2237,32542,58020,33889,31533,20005,2402,17282,33090,29921,26185,38967,33112,16483,47352,39198,41561,19359,20879,33607,12746
26347,20663,14495,9430,31929,11422,25597,34084,30921,13881,41121,18688,38978,332,12474,60458,23569,23755,30240,34968,34119,32985,25462,32577,35448,26425,32519,26532,30512,39642,23767,13488
31592,12869,25429,29629,18431,17109,13451,12474,29186,20656,28916,50590,48035,4579,25032,56263,27154,18487,31841,26739,38423,32768,44111,27386,34216,20107,21401,18714,36726,7391,39420,11073
22997,31369,34525,36487,16516,32743,17781,32005,24739,13420,48185,11873,16769,14074,43429,42456,36627,16186,34081,4961,19409,35802,24472,36285,45815,791,17508,25951,32737,38459,31409,13990
31256,54186,27341,1681,16835,30060,37904,25953,19775,64933,28012,67746,12262,47628,19832,5244,18758,36946,23874,13223,33619,26765,23617,38264,18397,4432,27686,28566,32579,26911,22937,13999
11023,27136,33809,10608,33677,39139,22265,25190,29088,20784,27675,40239,18089,53179,32646,30718,3627,27657,19626,13743,10494,25263,34360,50217,28194,37531,21622,31407,27220,26636,33817,13676
30275,28034,18835,25357,33623,24093,25338,13267,32507,26593,24379,21082,29641,34921,26875,12240,15322,21520,20395,5628,25380,43114,25753,29505,32530,50563,28197,21522,27729,80374,19127,12994
31244,16637,41317,6409,37340,66706,26882,26868,30479,44359,32879,16842,37810,49108,27360,6095,9253,34971,17365,61926,27311,25084,17044,55350,14946,3588,11052,671,15303,62322,23810,11931
24425,30839,25982,20773,13891,27676,24841,37213,15889,45025,18120,24805,19727,44284,19217,45226,41536,17859,29815,30768,24378,40119,18386,7737,5649,69103,14371,31924,44066,32595,21960,15187
32461,5426,20350,2108,14561,52837,19873,37047,40226,49835,18067,34585,24574,42668,27192,41827,15498,32104,26509,31941,23352,22304,30256,36841,19858,30944,23645,5797,15800,55196,30287,14478
39861,44379,27350,11255,30438,52532,17285,56155,27429,36595,37883,19202,16112,9874,9741,27181,34971,25535,11987,12912,21947,54184,19757,34445,7785,45203,20416,42135,23290,11123,25162,11449
17359,20820,18102,16597,33283,36682,23674,23810,23557,334,22510,36525,36829,16608,27841,32974,22645,25304,18802,50918,22627,27332,29798,35531,22870,43093,19052,64891,31262,50405,24589,12878
19094,38055,32047,33850,18142,39174,20025,26422,27270,31545,28888,33594,2441,52312,29878,22878,27920,21204,19541,4051,30748,34935,39779,34673,11559,22556,28685,16440,33755,44889,41618,12695
38429,26679,18657,12340,33860,54249,4702,33142,26792,35148,19684,29093,18154,61473,19998,15210,22787,39483,26028,20971,29693,36824,36867,12886,12707,26220,17017,10859,33183,45109,42789,12381
31956,22590,30784,41951,51010,45142,30965,45305,29561,40615,23116,4919,12534,27672,34690,27194,10403,16032,39705,16497,33289,46873,44515,16879,18378,26079,27497,20022,28023,16059,6754,13624
28900,4,34012,15823,28376,24632,28428,31041,35563,37165,19755,652,12229,39462,8152,50864,30709,35989,54331,15827,52098,15786,50723,40350,28374,31523,19400,28284,22560,19717,34038,12464
24598,50940,29861,10901,12405,34526,19825,44615,22283,7265,32900,59742,37658,25091,21386,833,44909,24403,4521,22043,28982,10659,16681,23479,35708,51201,51343,19934,20145,42019,29364,11582
59249,16808,17886,1443,25211,22553,28536,36037,12601,27992,15748,48201,18539,37423,27159,320,220,49577,18343,43071,36175,46773,27035,52352,22330,703,41079,15877,16498,70513,25434,14023
15952,29584,21796,28529,28945,56381,49540,27416,13409,23014,39621,27513,16369,30002,20689,37185,16891,29214,17463,41331,25322,50688,23153,46835,17471,12841,17428,26270,34682,29982,13997,14891
11925,69497,46868,2212,24646,37470,17771,27585,21449,32256,32769,17800,15956,20879,6338,46708,11355,22353,25111,23742,29348,27865,21026,42354,27110,21933,31629,60208,19703,26906,28309,13986
25854,23363,17977,27241,35197,3314,434,40708,29340,69637,20892,17091,19559,44507,32220,32073,31378,21576,26797,37905,17839,28927,12776,25615,15507,36568,26953,41407,38047,32753,23988,17513
14296,21894,4985,31094,25935,53331,24972,13366,27502,42216,2521,36366,20723,36169,40215,35571,25250,56096,11912,22185,32394,52135,28334,54113,29051,3680,18342,19235,20468,22382,33870,13858
22229,31890,14116,23020,9966,33625,27647,82055,23567,49533,22970,50051,19899,21794,5033,38574,42226,16622,27154,39736,28524,20777,31777,16135,15744,20697,20987,29143,25918,27833,32085,13421
31536,13150,15544,49932,18200,5865,22463,28282,20875,51364,42686,61668,29276,39120,12208,10802,27387,54078,14067,57577,28936,46882,16857,1247,13170,30832,31097,27578,25408,21414,23057,12314
22306,63038,27756,22304,29570,23241,14803,17334,25313,58479,22444,3602,14668,21945,1998,228,32912,42030,8241,46578,40950,50834,32953,39735,44845,16484,33054,8778,17726,44555,42328,11717
13695,23777,20282,56660,23958,32741,33269,41698,35571,21152,15868,4,24242,12949,29829,202,17473,26120,33655,40372,18417,36691,27037,27570,53969,40614,32942,58652,21209,30127,16214,13362
23045,65525,21072,29189,9682,15984,26160,20943,34545,25855,26272,26010,33505,22431,23451,14077,31137,19695,36317,19417,25911,30059,48871,23700,23778,35501,19130,10580,40626,32868,39754,11922
8160,45046,26919,12894,32667,10780,20673,38446,18602,9858,32265,47313,41417,46230,5659,5562,25096,11936,36130,35430,25391,56061,20785,30997,43090,28192,36466,33874,34666,9480,44672,13241
19229,53297,18014,2759,27914,24451,28594,68128,25477,1302,14837,1801,28285,82474,23325,23949,19636,49292,23263,26778,15478,26767,38732,32329,24939,22358,27182,24327,33821,46365,18848,11154
33824,20286,16706,52462,21144,39058,18761,44090,14043,23068,17003,8572,20123,9039,26317,42075,28333,1700,13838,47566,5244,32234,16501,25757,31791,39530,31518,35411,25578,36633,26127,12186
