58397792540,178177880874,379071844797,46966794179,385525071296,49367451240,168774632270,47345222935,278453033221,45090791335,226442482390,45771851335,133475616191,44710891426,448820154880,44952342778,54324607428,98251053728,180714708106,45749166763,202854031856,117337643061,396006019802,47280522698,49092312890,78329743079,117833865862,44844015775,48367071219,69391133329,78400420245,567183038293
58411825516,178192398052,379093264144,46980042249,385548496550,49383705588,168794942772,47372975434,278465816937,45105047895,226463472270,45790872375,133494113332,44718657597,448838546648,44982641228,54346868991,98278940989,180724348249,45773172475,202874138829,117355197650,396028674436,47310118814,49131326472,78339187170,117851917556,44860719166,48389986783,69406688470,78427139474,573401789911
58426284134,178222827675,379113839101,46992802333,385575783531,49414129210,168818897852,47402933190,278488304928,45126964049,226480898806,45820826396,133514117165,44732630919,448861680568,45002111490,54364709665,98310919516,180743849798,45822590648,202894876213,117373658149,396047766367,47327995683,49150565126,78349070615,117878749246,44881210571,48402219799,69439063541,78438293858,575523167893
58446450288,178252383077,379128076246,47044504593,385597230708,49438980680,168840410858,47444087323,278511072894,45143004169,226495422239,45832729106,133535809751,44752256554,448878829436,45004822360,54384002325,98352563442,180758200535,45854544835,202908910499,117403065081,396068295072,47349846275,49154963245,78354321902,117894589615,44921371411,48414300101,69457122252,78449444998,577699920968
58461762353,178289912667,379149990383,47066250751,385623494436,49469590566,168861613254,47478771021,278525799653,45155621124,226507348990,45835862441,133563808033,44761683275,448894998537,45011620167,54405456427,98369376304,180764967138,45876378689,202919792005,117437827278,396093909227,47364214121,49172821458,78354341282,117910975478,44951099040,48439213063,69480847000,78472280897,579390637985
58471986204,178312883138,379156565748,47095429341,385629168164,49505782966,168880274380,47498959289,278548348339,45171144587,226510411190,45848263707,133577585809,44798297763,448911032723,45032072755,54438948793,98386122204,180793090710,45895044410,202942995188,117456105692,396123505457,47371733586,49184719038,78355492120,117931489974,44979800944,48459213502,69490650284,78510904412,579928211884
58486353607,178337697426,379183210634,47095459322,385642240023,49529040239,168908151224,47517888084,278567071201,45187892570,226522256102,45889687478,133598633817,44832680359,448945488721,45057711903,54450889789,98398372049,180807992131,45913900913,202963620461,117460749758,396140164478,47381293976,49200768096,78364403754,117950031523,45004583389,48476154894,69519698638,78529520442,580366864100
58507547368,178376213854,379200316157,47105020071,385649410235,49538080422,168924678046,47559954107,278583582213,45223955881,226547392228,45912782187,133620928633,44859459824,448963833197,45078203250,54469333159,98403433325,180823369757,45939761183,202981246457,117488437551,396158938547,47387374381,49221104879,78384454098,117950329296,45025092646,48498509098,69531694952,78555575046,580739664772
58518995532,178397224135,379220777918,47144524551,385681134943,49558114407,168944461362,47570510285,278605039031,45236617715,226559663274,45937319757,133634155389,44869999737,448971644482,45114008183,54475776900,98424926108,180840282508,45964500628,202993412483,117524280159,396174378216,47426250481,49248410218,78384476583,117975159241,45025237488,48516871540,69549273568,78581982207,581106065395
58539065531,178428768152,379222077183,47182346133,385693486050,49572205038,168954958346,47591543643,278622931366,45249415352,226596824378,45951749031,133651812835,44884342834,448989585083,45124695769,54501939096,98449634563,180858428502,45985788398,203021791263,117549840223,396199219220,47446507407,49267152767,78384595619,117995859407,45049825737,48540767208,69557816553,78605726354,581494049882
58560215453,178446111019,379242380529,47188671707,385707652054,49596838052,168964311993,47613866513,278633417685,45269659566,226613935952,45961426668,133659350876,44915140180,449005750320,45142186813,54532719818,98478034385,180879272334,46030526029,203051095218,117581314853,396229088934,47466270726,49281216762,78391370814,118017599721,45065704420,48565043496,69566672144,78629935252,581760040992
58585819510,178469022000,379264772739,47219377618,385728244439,49624217376,168976553040,47630452519,278650625905,45296027217,226638070240,45972009463,133680396507,44915218642,449029082431,45173658558,54553573362,98507200276,180892280856,46050753607,203073816913,117600980718,396231043394,47494613733,49307851536,78396297300,118054323400,45071712493,48577567915,69580856136,78654696249,582149423910
58599221026,178474860222,379287855307,47253647824,385740733912,49644208925,169001880390,47648894113,278672017061,45315350433,226667132282,45982595330,133709005389,44947154046,449048606440,45183222283,54564520397,98532709840,180914125493,46075808213,203097991874,117646181937,396255266884,47542582665,49317482431,78412449530,118066185102,45093086849,48599895378,69592055810,78677945771,582387283409
58607815099,178495874778,379297156641,47279605215,385765701170,49670407056,169024998217,47652458703,278692357944,45322788867,226691993614,46014736516,133736754037,44978817154,449062388945,45236277174,54569972366,98534625078,180943637936,46079078968,203130975215,117670088394,396275324371,47567706587,49338964512,78419913958,118091644173,45101897952,48624176421,69606581223,78691504721,582718485952
58622524099,178528373381,379308693956,47283055571,385785815330,49697790096,169052536946,47675596584,278705089186,45337883415,226706963970,46040057389,133760401835,45006945695,449088733387,45275364059,54581917136,98545994073,180956209978,46101956926,203155712798,117706094548,396294105034,47567724149,49352702580,78436926048,118114638683,45115032474,48635926793,69609993252,78724807408,582946875431
58631867261,178546568543,379313609830,47292550936,385796122760,49715229915,169078471237,47690293079,278730936696,45361797066,226730792312,46047279199,133784033010,45026760462,449104001641,45311627868,54601529721,98570878300,180979792429,46119424741,203175371847,117736286447,396317954182,47567732774,49381314436,78452214535,118134916770,45123060426,48657116631,69645123549,78758015549,583192647781
58650894075,178573473590,379328541062,47300509654,385821511613,49733437849,169087898052,47710521207,278759719258,45385688739,226743490160,46052332448,133802381656,45049235165,449118520465,45349672883,54628751853,98583874389,180993148452,46142143345,203203318802,117757251170,396343586165,47592134615,49413564024,78455052560,118152006851,45138129045,48674664816,69666276584,78777081179,583492790576
58672837326,178605499506,379346866541,47321200778,385837192176,49747675532,169111877035,47718704092,278790591345,45407027462,226762996853,46061938850,133824702022,45063690592,449134542043,45369247051,54650279344,98587714654,181014101203,46182408678,203227622682,117795016783,396360670282,47608976234,49426272906,78472912234,118170919245,45159725965,48689498381,69689313699,78799014892,583791935993
58677678460,178634415142,379366774235,47361182165,385862068137,49776797899,169136644811,47740775731,278811972068,45421184358,226775073442,46079783287,133849846874,45078419735,449156909166,45370390983,54669467858,98597544526,181041333536,46197513983,203243499202,117804388238,396375918231,47625830381,49446734144,78474856124,118185318297,45199580963,48713526481,69728310637,78803187781,584020799705
58698010942,178650348599,379387743078,47389674705,385876423611,49800524912,169159489144,47781041118,278826600990,45454083244,226795550593,46085640089,133884744605,45086209169,449178430288,45408416078,54679204482,98615156747,181064862767,46235571205,203252139238,117816643510,396394527907,47644237260,49455493370,78474872746,118212247209,45214446753,48729994020,69744611678,78816347629,584372448100
58715944862,178663822953,379408049183,47390774427,385896601214,49807622214,169179388237,47820236918,278844453501,45485462119,226824408758,46129727805,133910441586,45086729513,449190822083,45415094249,54687979431,98643764303,181081715439,46259802265,203272844618,117830702687,396407753100,47678863748,49481844669,78489188061,118218983589,45230773174,48754508135,69769174698,78834503883,584645323897
58744768417,178705161798,379434115590,47398985423,385927202891,49831109247,169192755395,47839420472,278859907396,45503868631,226851996583,46148174422,133915835704,45119127550,449206318202,45418652396,54697025513,98660269359,181100962634,46282907606,203290229089,117847956560,396421674729,47696759947,49499262313,78493182275,118245881135,45270028282,48769237250,69788577482,78857721448,584951782238
58763152949,178719862283,379443580321,47443649908,385954450429,49850287145,169217047555,47855621397,278873535048,45520092549,226873858769,46200870434,133939095773,45150070236,449234660033,45436273576,54728799542,98706629684,181120704859,46310488861,203317194385,117865770968,396448476748,47711236286,49519445001,78502776491,118270913491,45282982557,48788338962,69805150454,78881997054,585319857666
58773738486,178733145101,379473539534,47463252836,385972792298,49874133676,169238184072,47872076343,278905383386,45548771389,226889210660,46210225329,133959016114,45156650704,449256137323,45458503811,54743011920,98717656668,181139874926,46337175377,203342573444,117889961782,396473272621,47738488063,49531429486,78527195662,118299443432,45315748393,48807122764,69810528098,78891860599,585609659237
58790336958,178749368006,379503234806,47473544004,385989997721,49898812624,169258483319,47891508833,278919086235,45574820134,226907657179,46242523374,133972736701,45156714483,449270987801,45482581383,54770586889,98749253591,181167418433,46356342764,203355722689,117908080555,396485580162,47745199522,49547731907,78566440962,118313860799,45336207194,48839837616,69835263664,78919036312,585966128575
58803955970,178771720298,379510599508,47508080016,386012176775,49929690257,169270962101,47903212642,278935691300,45594790129,226925399444,46267879176,133996214164,45177282209,449292231710,45489015605,54784457454,98764326503,181178204074,46362012514,203374159790,117932334163,396503116274,47782417499,49556361858,78606092165,118341669094,45368423267,48855405254,69853538495,78934861785,586124179271
58820861021,178796122932,379521602386,47533097093,386030409826,49949268632,169288851295,47913878675,278949874138,45612922808,226941466921,46281794137,134012958978,45208394570,449316226373,45511894945,54805142824,98803006193,181204459068,46381780052,203395552632,117963950537,396515789379,47810949832,49584187896,78621840854,118356645183,45384420447,48877610958,69861888014,78943547923,586360380836
58839247171,178796131574,379546288617,47548049550,386062161958,49980665408,169314537680,47934455947,278960447823,45639916132,226947537593,46298497325,134029767679,45230496270,449334267197,45522097103,54828704237,98818475875,181242847881,46404711467,203409882016,117986521438,396530178794,47834760878,49592872621,78646383348,118371377198,45416043530,48903185141,69885481029,78953469488,586550527451
58856298999,178814047821,379564426218,47570659697,386076805818,50002553584,169344085975,47966309040,278981716193,45653354500,226960046265,46327349431,134033399758,45275910556,449350575716,45544498876,54846045722,98838214395,181268188224,46423759197,203432651475,118003994361,396542597280,47851150851,49614445791,78657233930,118392413512,45436368523,48914782146,69899888738,78976534753,586753351279
58866675756,178836937298,379578935861,47611391907,386096340326,50030668892,169367681540,47993678842,279000550122,45670681186,226979136735,46359328082,134045459368,45306388577,449367123159,45575076509,54856666301,98867792636,181282326762,46444007129,203450972543,118008112170,396574170214,47860663954,49636956061,78684498011,118398914938,45464815876,48934510887,69914783444,78987648676,586995041996
58886038838,178853843360,379593956499,47627075868,386116940313,50047458952,169382556979,48019599051,279009341984,45693035035,227011313046,46364713275,134074013118,45334593438,449386452455,45595487709,54873340951,98887563301,181294097209,46477562675,203468300540,118043346614,396599274056,47879977351,49656824153,78718672290,118424651776,45475618192,48939945879,69923191191,79007281551,587230169180
58904714141,178872051437,379606236206,47632339485,386140823914,50058229029,169405829721,48043427124,279029997199,45703935022,227032788918,46370454708,134104911051,45357834576,449406927301,45633042388,54892457142,98896855754,181308640058,46504109376,203498973996,118055543921,396616050577,47901118781,49665170730,78737627257,118449996307,45505267711,48964749532,69954140222,79025416687,587395179725
58925310047,178889142833,379627234537,47652055836,386164135754,50073776645,169413860688,48062936091,279052609409,45714767873,227063668151,46400395128,134130211130,45358382170,449428068647,45671517477,54911079457,98918985314,181330483354,46527329000,203522839411,118086308767,396644188528,47930833154,49694495639,78758300694,118474749220,45514938669,48988534680,69962149957,79044791224,587603965101
58946933943,178905510131,379653201183,47663798535,386177555673,50097301668,169422279189,48084723787,279075917703,45750763532,227081396011,46420713145,134161980711,45363879547,449449740142,45707345190,54939473688,98922609900,181352635206,46539204152,203544126846,118105834499,396676050586,47969686870,49721094612,78764624689,118484388540,45527647450,49014673342,69984374062,79068862726,587940798722
58965561118,178934683514,379670878929,47680901593,386185687531,50125658342,169448768377,48106884939,279083478830,45767283716,227115369978,46447963284,134166071380,45384497498,449477000122,45718864402,54957550561,98941814323,181372927695,46544308561,203558773017,118124941891,396695476835,47992875211,49745762978,78764657103,118499558267,45556381222,49034656622,70004754662,79093123711,588143898785
58976313474,178968438330,379685364031,47687234337,386202701544,50136195490,169466014604,48129298212,279102136826,45805425438,227131534458,46465420799,134178140557,45420541432,449493313978,45734946162,54968375821,98975227032,181386285230,46554832119,203575946314,118143510711,396718991387,48021200039,49760646428,78780563875,118518293227,45576058999,49057391403,70025751228,79116708044,588372696791
58981073511,178991994016,379711813092,47692563793,386228147185,50162728259,169474652766,48133246176,279130280727,45824771226,227147880509,46493851966,134192193822,45452213365,449514980251,45748962025,54970299479,98982921231,181400849491,46559879205,203585554555,118174965293,396740629789,48053949320,49782921674,78804631051,118535405697,45601656914,49072948023,70063528780,79140898458,588600145659
59011680070,179018354708,379725018554,47703137269,386251609647,50193172775,169498363159,48150503820,279145630416,45846154838,227173062157,46514348300,134214725974,45490682429,449536013042,45748988350,54982258087,99010364824,181411583545,46580549348,203606099508,118189397281,396754468401,48073724104,49800596659,78827810159,118548842599,45602565831,49095448442,70097298325,79151390211,588820560976
59024735954,179036027304,379753564678,47714406572,386265460768,50226685942,169520912373,48165568579,279162571657,45879146238,227190379074,46530435295,134242010186,45513593042,449556164863,45765939059,55001320998,99026151969,181434100270,46612405814,203622814904,118209570743,396767266120,48100349215,49802775767,78844696446,118562443887,45602579531,49106199824,70141922034,79163515619,589131103371
59047756687,179042123745,379771354974,47722841320,386279676390,50264054365,169534669065,48198358164,279174733457,45901722196,227199642474,46547236651,134253672756,45558291721,449573284261,45792534522,55022116482,99046405812,181446027536,46639748915,203639737669,118231486767,396769051237,48103125543,49814212232,78882107646,118571067020,45625249997,49134230752,70163961704,79180558462,589386517150
59070444256,179062922167,379784498955,47725187341,386289298235,50289151997,169546464198,48236567346,279205756147,45942824149,227218290785,46558306873,134277379259,45567141050,449589974238,45820703180,55039993207,99063090336,181465719860,46654418163,203651247929,118260980397,396796888514,48128746587,49827678889,78909916319,118588647904,45631835479,49139959361,70201587501,79202435958,589605302612
59088194136,179083325865,379797134818,47736070442,386317434715,50319137034,169565163348,48258562980,279224807888,45945077001,227248775775,46582413023,134300974124,45586538712,449603511132,45836601892,55058139597,99085954424,181471134626,46670782867,203669030024,118297042108,396807830734,48161854939,49833560677,78943399179,118594960472,45679502903,49159610635,70208860556,79218734003,589850301780
59104176217,179101447938,379819528284,47750976538,386331866511,50356056017,169576701547,48271208316,279240737487,45945747234,227257567061,46601499805,134311757068,45607672333,449625107065,45858339649,55076651152,99095203913,181485778210,46692230924,203688303555,118319695368,396831340326,48180753463,49847180886,78978069115,118621578035,45715136692,49181758417,70239720766,79242761531,590096098532
59121976387,179129702410,379836709899,47772079210,386341950081,50377369463,169585075061,48293702189,279262002129,45979352832,227283211520,46630046720,134324223270,45642297796,449638432102,45880787524,55092337715,99116833024,181506102746,46696886133,203711295091,118337361057,396861349499,48201836060,49861940362,78978781972,118638233373,45729907548,49210209016,70283894765,79279186683,590441497050
59148775538,179160124513,379854027265,47786630924,386378580387,50410546496,169598088469,48318780198,279277744093,46010410090,227298636082,46639965847,134328552862,45671692082,449657795127,45884139481,55111415800,99143825665,181522373605,46714232783,203732753999,118365025774,396893387162,48214509623,49870145586,78997871743,118651127078,45729994816,49230807469,70309290336,79300511822,590668739322
59168189454,179160136781,379881233233,47802584421,386400235328,50443597714,169619301388,48348167226,279301295572,46042242353,227308376740,46642314780,134334153061,45695601456,449680557859,45917884549,55121368776,99152432475,181560249696,46725188865,203762363363,118395083960,396921971795,48232730033,49884103501,79021529206,118674663191,45748618210,49249802968,70311713121,79307518556,590866283500
59197653843,179173091217,379892712426,47817285057,386417361689,50459082270,169641147658,48368743322,279329797715,46056777208,227332398142,46654531551,134354816900,45713033359,449688054828,45931613383,55142742711,99180367647,181584521719,46734393954,203794273817,118402921260,396947841916,48261256507,49901288127,79051286302,118697796260,45772930376,49267219304,70328676725,79335201065,591148254614
59219432865,179202471069,379919959990,47819954095,386422874983,50481998616,169651872962,48402800499,279339102252,46071822426,227354831707,46698720760,134378819006,45733004727,449704176074,45931665986,55170319760,99200096303,181592818441,46750624969,203813571949,118414321067,396963725604,48282313064,49929273956,79068444511,118724140648,45788576553,49277716550,70364448528,79354824584,591409581112
59251727403,179207434880,379928589436,47819996442,386449429096,50500017670,169681137819,48428587466,279347909653,46082699876,227368125001,46730417855,134389080339,45767552098,449721155636,45931719291,55171784062,99234232499,181605305418,46777419855,203839910907,118452369795,396985099796,48323729472,49943608147,79068464328,118755579333,45800079273,49290231489,70409593991,79368414166,591586983287
59259754797,179240678617,379951048988,47838490491,386479423384,50535652155,169706189736,48439747573,279360406778,46099890889,227395603691,46744586463,134403965065,45782963126,449733157732,45970197001,55182489484,99258839363,181615812066,46812733265,203858240144,118481506792,396997560078,48350837029,49953145590,79078078472,118767642560,45827783645,49312808826,70422519798,79376924825,591780589903
59280991547,179279233936,379979650854,47843644907,386490201411,50555885044,169715795588,48466900089,279373336999,46137335935,227417502085,46755545223,134418561164,45804369332,449741110274,46007739107,55192399809,99270257110,181634279015,46823604357,203878158539,118502593112,397011138752,48377045448,49969938589,79099508296,118786646029,45851452054,49331283197,70446981591,79398880866,592086116409
59286815116,179295048900,379988196337,47866633791,386516657972,50569379921,169722699119,48483479249,279395234601,46173496202,227429398659,46767619128,134430960038,45832842311,449765440445,46030951060,55219796997,99291743445,181653407299,46855972055,203894843577,118527965761,397019438008,48399082486,49984820394,79123207850,118802004719,45876871745,49354770327,70467522368,79418048876,592374908790
59297906917,179320252930,379992491425,47891119723,386528121767,50597847532,169740952221,48502235933,279425355810,46200236517,227431500052,46800031621,134443455637,45852381732,449790249658,46052130299,55232479586,99329837610,181658434712,46871261661,203918087393,118560152065,397049342107,48434042827,50010921534,79126201673,118817564665,45895285484,49373348976,70480158791,79442152129,592583599772
59315911337,179337829391,380000441802,47902221794,386535872522,50625736887,169762702770,48557346612,279443837159,46242769227,227450415484,46833545181,134464161580,45869737944,449797626028,46073483702,55260563817,99349492876,181682186152,46902446580,203936418101,118584075933,397066428184,48446752632,50016894100,79142249627,118830070362,45914312365,49392724487,70505686510,79459022003,592802991054
59334369378,179346531373,380011708780,47951127916,386550784209,50626156810,169774096512,48575937426,279465325109,46269026425,227477786530,46864558904,134483902254,45900542167,449806219378,46080595387,55286894792,99378014563,181688077625,46944865373,203968519203,118626583251,397078758171,48446781115,50028028281,79160416010,118853642984,45939427227,49405149758,70522915917,79475356488,592986497444
59349146610,179383903204,380031862042,47957949614,386579357536,50653444494,169788336300,48589575439,279476788215,46301851191,227500240601,46865016438,134493161179,45909902952,449806976192,46080609405,55311372202,99408622494,181694208077,46965769718,203985965339,118658194344,397102818111,48475605646,50072259661,79177680476,118882789892,45950382397,49417107022,70557520847,79499569869,593435327272
59360527350,179410687040,380045887363,47994493227,386594176821,50670962232,169813346270,48618589808,279501276167,46327673458,227508546727,46865039138,134512663420,45927816702,449829850379,46080664711,55319958749,99421686638,181718289788,46989698896,204001137848,118686282806,397125063068,48494795271,50098534592,79201865601,118905593880,45977215430,49439043677,70568806033,79519649836,593685607725
59376660345,179446946017,380061714961,48024723354,386598271877,50690108952,169829676414,48634611157,279528149588,46337912349,227536225210,46890612983,134540659334,45931252574,449847445094,46089702685,55344733540,99429891663,181749375904,47009744131,204025253319,118705661316,397150300661,48520142351,50116215366,79224883936,118916479690,45983068938,49459969874,70589357100,79544643427,593924229300
59382003686,179485748894,380080355694,48031054386,386619181235,50700329755,169849687480,48663747146,279542169160,46344080855,227552041358,46913668884,134565621334,45963699303,449852453920,46096409208,55358385840,99441640020,181769969040,47032846156,204036621282,118741073909,397163534736,48538359829,50144359726,79244702551,118947793692,46007330341,49486952039,70605917130,79575376550,594143957302
59400298450,179509372752,380096718632,48035709952,386639923318,50719063564,169866467895,48707252202,279559965202,46348683560,227561245537,46913767656,134581846482,46017778391,449869495225,46118547365,55374398929,99473454954,181782537869,47060726608,204045497244,118762910397,397189697666,48561986843,50163357930,79268457704,118965430375,46021818816,49510931933,70631735673,79588247267,594379222514