14032976,14517178,21419347,13248070,23425254,16254348,20310502,27752499,12783716,14256560,20989880,19021040,18497141,7766171,18391768,30298450,22261563,27887261,9640143,24005712,20106973,17554589,22654634,29596116,39013582,9444091,18051694,16703391,22915564,15555141,26719229,6218751618
14458618,30429623,20574957,12760084,27286981,30423622,23955080,29957756,22487991,21916154,17426536,29954021,20003833,13973322,23133920,19470262,17840674,31978527,19501549,49418173,20737384,18460499,19091931,17876869,19238654,9883445,26831690,20491405,12233016,32375071,11154384,2121377982
20166154,29555402,14237145,51702260,21447177,24851470,21513006,41154133,22767966,16040120,14523433,11902710,21692586,19625635,17148868,2710870,19292660,41643926,14350737,31954187,14034286,29406932,20528705,21850592,4398119,5251287,15840369,40160840,12080302,18058711,11151140,2176753075
15312065,37529590,21914137,21746158,26263728,30609886,21202396,34683698,14726759,12616955,11926751,3133335,27998282,9426721,16169101,6797807,21454102,16812862,6766603,21833854,10881506,34762197,25614155,14367846,17858213,19380,16385863,29727629,24912962,23724748,22835899,1690717017
10223851,22970471,6575365,29178590,5673728,36192400,18661126,20188268,22548686,15523463,3062200,12401266,13777776,36614488,16034186,20452588,33492366,16745900,28123572,18665721,23203183,18278414,29596230,7519465,11897580,1150838,20514496,28701904,20000439,9803284,38623515,537573899
14367403,24814288,26644886,29981,13071859,23257273,27876844,18928795,18722862,16747983,11844912,41423771,21048008,34382596,34455998,25639148,11940996,12249845,14901421,18856503,20625273,4644066,16659021,9560390,16049058,8911634,18541549,24782445,16941392,29048354,18616030,438652216
21193761,38516428,17105523,9560749,7170212,9040183,16526822,42066023,16511012,36063311,25136126,23094709,22294816,26779465,18344476,20491347,18443370,5061276,15377626,25860270,17625996,27687793,18774069,6080405,20336783,20050344,297773,20509257,22354204,11996314,26054604,372800672
11448164,21010281,20461761,39504480,31724708,20033985,19783316,10556178,21456818,12661834,12271046,24537570,13226756,10539913,7811285,35804933,6443741,21492783,16912751,24739445,12166026,35842608,15439669,38876100,27305339,22485,24829945,144842,18362442,17578616,26407161,366400623
20069999,31544017,1299265,37821582,12351107,14090631,10496984,21033358,17892335,12797637,37161104,14429274,17657446,14343097,17940601,10687586,26162196,24708455,18145994,21287770,28378780,25560064,24841004,20256926,18742549,119036,20700166,24588249,23895668,8542985,23744147,387984487
21149922,17342867,20303346,6325574,14166004,24633014,9353647,22322870,10486319,20244214,17111574,9677637,7538041,30797346,16165237,17491044,30780722,28399822,20843832,44737631,29303955,31474630,29869714,19763319,14063995,6775195,21740314,15878683,24276288,8855591,24208898,265991110
25604057,22910981,22392210,30705911,20592385,27379324,12241047,16586006,17208220,26367651,24134288,10582795,21045631,78462,23332111,31471745,20853544,29165891,13008522,20227578,22721695,19665865,1954460,28343007,26634774,4926486,36723679,6008073,12524419,14183992,24760997,389382918
13401516,5838222,23082568,34270206,12489473,19991549,25327350,18441594,21391156,19323216,29062042,10585867,28608882,31935404,19524009,9563725,10947035,25509564,21844637,25054606,24174961,45201219,24223490,47968932,9630895,16152230,11861702,21374356,22327463,11199674,23249522,237859499
8594073,21014556,9301334,25957391,24967258,26198131,23117827,3564590,20340883,7438434,24861332,32141186,27748648,31663108,13782505,53054891,5451969,1915238,29512443,3270755,32983341,23906457,20057487,25123922,21482081,7464428,25459071,8811103,24281043,14525413,13558950,331202543
14709000,32498603,11537315,3450356,20114160,27383040,27538729,23137881,12731242,15094548,14970356,25320873,23647798,28128541,26344442,39086885,11944770,11368995,12572042,22877958,24737583,36006154,18780663,17562,13738068,17012090,22994510,13134522,11750372,3412029,33302687,228389479
9343162,18195162,4915874,9495365,10307430,17439819,25934291,14696495,25847510,23913651,23828342,7221810,23631175,19814767,15268254,36263809,19612585,24884227,23582451,17467815,19659049,30191899,23849148,8625,28611856,15288487,20278087,8027952,21189838,35130297,33208141,245772350
19026814,26905047,14931232,7958718,25388853,18207934,9426815,20228128,28782562,23891673,12697848,5053249,18348646,22474703,14518824,38045015,27222132,12996089,13356023,22718604,27946955,20964723,25631983,24401841,32249588,2838025,17090081,15068619,17548185,21153035,19065630,300142795
21943251,32025916,18325479,20691124,15680563,14237683,23978983,8182885,30872087,21338723,19506693,9606402,22320366,14455427,16021578,19574168,21527491,3840265,20952751,40265333,24303880,37765613,17084117,16841619,12708882,17859674,18912394,21596920,14833565,23037115,21933713,299145417
4841134,28915636,19907694,39981387,24875961,29122367,24767776,22071639,21380723,14156896,12076589,17844437,25144852,14729143,22367123,1143932,19188514,9829872,27232333,15105305,15876520,9371455,15247949,16854147,20461238,1943890,14399052,39854998,24028100,38996938,4172889,228863712
20332482,15933457,20968843,28492540,14355474,23727013,22844333,40265387,14628922,32898886,20477151,5856802,34897731,7789434,21521122,38025095,9736624,17612221,23529231,38057222,8640036,12255272,18609676,18406879,8759226,16622,26928912,14865790,16467539,16301041,13159848,351648395
17933920,13474354,20306105,1099722,20177603,7097302,19899093,39195800,17852511,31378875,28858165,44087716,25696981,520344,12391795,6678171,8774949,28607556,16852672,24231060,20705380,14059177,13225193,34626488,26351299,14315315,6736380,16326421,24514115,24563020,18156254,272875797
28823555,41338845,26066407,8210996,30601677,23487033,13367158,19183554,15453895,18406512,27587825,18446617,5394118,32398037,15496119,3558147,9046082,16505056,19247195,23105341,17384471,17253873,13921629,17896199,17417644,3994214,26897546,39255108,14729115,19402784,23217565,306458341
18384532,14700485,9464731,44664485,27247538,19177898,24292160,16200925,13627652,16223918,21862186,52696012,23260069,30942686,28341831,17621180,31774029,46360325,19742225,27581255,26965296,17814408,26802019,14476339,20182688,9594216,25032356,12954275,19101712,16572972,24275606,368075428
10585537,13282818,29959213,19602928,18341869,23846531,21136517,16454946,31848338,28678840,15351891,9354895,19920341,6580468,21477290,22230235,14212378,11026984,19170067,26686516,25379059,24190814,24795873,27251777,11984485,24419171,28529941,32765836,18783802,5377644,9863545,289801571
16598472,16222905,29695272,10291168,17205423,24678948,20299247,19432490,13702849,26048745,18446519,32298045,13720587,63779,14850478,24077572,27574969,31596923,27543507,19167387,13149245,18118773,12307541,6711459,16302421,39245300,14417367,20458801,32714852,24735566,27175713,356469338
13619012,22352292,7364702,34536012,22179054,30877633,12478782,11703809,16605065,19969995,17742265,25355802,23477463,20567726,21243909,6434222,13870565,15072912,10785641,5669750,18437101,24253608,17536112,37217977,8629951,39651203,27808295,32216073,15567638,18274831,15825473,158050696
16905051,24402634,11002878,25017077,18233051,19578375,17889194,10666033,14182838,18132679,16067477,13914961,16744814,31112361,23994663,22879340,20685370,38679690,26254994,19767538,21392842,31616374,12673105,28532333,27826038,15748689,14976089,15997180,22205704,8349519,8686138,236201565
18386150,8642,24686231,14952457,31752132,31396776,25686385,20577272,10573685,26993324,6070672,16703188,16808701,22101700,18040824,10202158,23561413,15469682,38388813,22931415,14329384,22570901,14389415,23811046,8684725,24542494,14732015,31623083,25574183,23593015,9921565,190146615
17051828,17916247,18137601,22610147,14643860,21888176,29548295,31853093,21268370,13438368,12508672,28852106,3632079,45414286,16308519,22401773,17341485,19738520,25340343,19047730,22769459,17472923,12418486,16389973,21573170,10850582,21036314,20324993,11597005,14407709,23065265,202823828
10376757,22889477,14509643,40732210,19534508,28115308,23595565,27369802,18833929,17326686,19090470,31978651,12059610,30478021,16547443,30577633,10620579,29578241,14138538,20247932,18321068,4117809,31572934,9513103,22510270,27264081,6501426,28447353,19728741,14894706,11113923,241690717
19363082,16906062,15020638,15683961,20599987,16790060,14875439,25920209,8791862,22353849,32176311,5385193,28553750,28204861,19329296,20411200,16674650,19770665,11770447,33555546,17327997,35234444,25103842,19313397,19868092,34174279,25736838,10802316,5434992,8407747,19632875,235127184
18675303,18208077,12279707,5263617,23883601,10770077,23272742,23828073,20655215,10899987,21475872,5741433,30897933,23241138,20474846,37554679,19116191,9292453,14542849,26546701,30673456,12197307,16776521,21141430,8346577,18954967,25344531,29649519,24803653,30949031,18135136,165010545
20595906,17091396,20998331,19716351,23311840,15547616,8030967,19508967,22612210,10832851,30879233,29940420,25300079,547594,21141346,38475089,18622315,22129560,21843296,23219624,23865415,30764846,28137951,29714373,29324909,20673437,24752913,9670958,23785148,8009735,19374537,208785376
21623896,16367298,25966646,11742699,13419919,23525023,8418501,21787696,23308294,35995659,17727860,20318017,31769581,5497377,21671495,35827713,28394231,3624586,22151852,11875152,21287435,19525732,31862058,38853716,26598973,6323995,9639320,12708781,26138662,22224105,24071502,336833621
18627175,29173383,17677746,17103058,8131858,28356674,26489188,22161152,7561127,16520184,33973967,27250139,4090669,20617951,27259980,11519212,18076873,19204423,20292489,5104409,14646171,19107392,19426249,23188341,24668366,32414,15169727,28733772,19983280,20380600,24260985,203100063
10752356,33754816,14485102,6332744,17014013,10537148,17246227,22413273,18657996,38141722,16164480,17457515,12069177,36043934,16313856,16081760,10825260,33412709,13357535,10523558,17173297,18568820,23514552,28324828,14883450,15906772,18734960,19677777,22734781,20996566,23584333,228798006
4760037,23555686,26449061,5329456,25445641,26532769,8638162,3947964,28143901,19345788,16346051,28431167,14053265,31671933,21666273,14015863,1923658,7694199,14564261,5047086,9608241,31454582,21638402,32749281,22275246,24067176,17112470,25597915,15556620,37777552,24190414,227448868
30606559,26360692,13205462,10573476,23462462,30444516,23710393,17257644,15349689,21383612,25181648,20496334,22532152,38469064,21032791,26325,11958608,27443593,10734054,20670143,20544953,14431988,13838612,19774784,17674985,23179108,13436902,908917,22500419,33769545,10491753,220415317
13055884,17672596,28546124,11269303,13851121,33513167,22549214,15064759,16941241,32991400,17316917,16086995,27284212,22910613,20151821,16950709,19062911,15787145,22516725,31856466,16715396,20173462,12797719,26625111,2179108,16886287,13601288,13700,10751382,44623709,12125408,310542395
23020733,6096441,17790296,8434748,14215622,37368423,13756692,32789585,12161800,22575958,9263400,16801356,11662570,44698679,17119398,26595463,20795484,20253843,11927266,27343101,16922765,21916024,1785117,2776328,11436465,37411200,8623133,22670466,28030928,22039670,17042843,255413779
22687569,20798422,13143981,2346021,9621845,25097632,11795133,38209182,31022690,41101953,18648311,11070222,23706503,8849329,16689977,28168658,17876725,16684524,19692324,14669248,11510260,29493630,27837277,25621044,13466657,27808673,17580884,6585482,5728609,37625797,21877496,218785462
17749880,20403698,12635863,10883101,28136480,29985037,18699150,21995634,19051741,2252852,30484990,24106150,23594865,19397662,13536894,15898712,18146390,22864088,5414766,16364704,17782095,36061711,10942220,33108352,5881788,33482860,6312568,47667424,19651274,7273055,16298045,244999168
15982081,18122073,22393466,14906096,14431796,36918983,11538199,12645336,15929599,670233,8791286,19086782,10782944,21133621,21595933,21737757,18511555,9249489,14643584,21448057,19273531,22653260,23509592,18898524,13620209,34669936,26617563,35633789,22147782,30860210,24027528,245796752
17800170,28254472,17181615,21102672,10083570,21313446,8373514,22493873,21264642,33605598,25644459,28546915,12466202,34625463,13325037,22447875,15686563,21629111,20324536,4655209,22991536,17665689,30009173,21082597,14759476,712857,16655338,14770856,28450599,44173999,36425152,345398518
26799151,30422103,17317366,14551714,36630306,33177033,13013408,25078009,15741964,31057258,15424562,9919127,4329592,29394286,19363025,3351957,19078085,26992641,16270859,17346650,21458908,27664717,32037663,12673563,8205224,19089771,12893705,87268,20598453,25395571,21325139,227242272
19413916,12268,27205968,15953497,21654941,33051218,21212919,29387028,23551479,31832263,9740658,2348933,5600199,23909374,22762732,33745068,9952976,8606810,37876091,10956082,29609364,30058186,28584633,18220410,13957915,23657463,23536113,18623394,18995499,2422785,7006734,197544178
29464389,12954436,11479193,14700636,17126361,15484556,21846270,20576096,28502143,14534855,24021402,12216771,20663839,17431903,7496969,13728834,21373935,27935172,24272023,9205089,31910454,7837300,25870121,28526474,17184626,29757096,23133069,24312166,17416336,16963604,27682509,281971114
21779022,29379852,27247564,2669038,5513294,22916346,10725304,34057177,9304537,15045218,22433565,44189209,24002106,19971368,16121246,52603,27577049,19728656,8296722,16231015,19298132,11399807,15883688,21056557,27985829,17158209,26344388,15646177,10497246,35771803,19623519,261326498
32294538,4963811,8629446,42347,26554113,18019054,29264857,25786967,8807401,10877450,13293294,31697095,10261333,34547371,16979562,53305,1464302,34136196,12486977,26794886,26338958,38048728,21374192,41416408,14334191,19817,31438685,11502720,12514939,45145463,13589582,177402175
8027394,33243737,22459552,18494049,29994288,35634485,25051917,11160107,12497125,17191013,27478690,14168608,14884726,15411028,12002096,38477710,10705422,24606864,10506648,35313410,18329237,29136997,12460282,27107557,9537443,9614144,12063227,27704372,22577337,12925807,8510659,193606616
21236750,38555319,28601866,5154416,10778027,20232889,9605852,27152516,12930221,37445046,21898394,10958760,14596099,21406206,7952542,37542106,9910325,11417747,18466949,10871092,19918395,21086320,13578674,26208419,16792999,21429824,19003469,23668409,18474371,24461793,21956041,305526506
5823569,15814964,8545483,22988884,26456561,13494877,6903531,16579160,21897602,36160267,11896574,12073905,12398874,28472979,24330171,23211953,27397188,21486335,19128284,32367698,16685038,25372649,8299256,22037038,14881805,23699554,15358690,25419691,23487130,20540777,19168010,288792381
11091801,25204030,4295088,24485932,11463795,28467611,18253102,18756684,30121209,26740315,2101393,32412493,12495599,19539421,24809213,21179239,12682589,38094165,5027413,15289606,23243816,32186304,29904099,34960341,26101140,2993823,15559946,18413739,18578649,12636423,24103253,208690982
18004420,17576461,7950377,11102071,7750755,27889355,21750549,55110679,18481349,42532710,18915432,33513560,20705943,17356212,7376370,21353403,28084231,19655266,23751440,31184919,18330708,23923868,17086077,12709805,5972566,16047954,12505697,19026881,19375511,25527719,16869874,219391282
18458041,8701982,11266978,48906122,14911687,419923,11393742,18590814,21487950,26257198,27371046,31013723,19740674,30804223,8593350,7111685,26330975,28521687,5891473,42418793,32101102,42507318,12329987,28483,11134181,18166383,23572622,25114862,12425271,17229407,16334485,183506390
14777232,37371831,20153262,6821698,28573327,27287684,14239788,13638013,11463106,32824766,22454071,457534,9258925,9360785,756814,14018,24477410,30607931,6130452,20904345,17446136,31611093,24059940,28824531,44231380,17264466,29146908,10955170,11957264,34604930,24213381,448829828
11380740,26783836,14025321,36543613,14819285,17517738,25009970,29014369,24487952,25822267,8306126,22700,19502241,17913750,22874187,55306,8586547,13064144,24081711,23929178,15172509,28088462,22244957,19189625,26274931,24185125,22803988,26833033,21936655,11285186,20079967,250280453
16132995,36258977,15827598,30230127,4095056,19146720,16330144,16021349,26873421,10238891,27678483,25573845,27995914,3435872,17594715,9037974,24774791,8205025,31086116,20045235,24115471,19378510,25237593,25347080,17680774,23018335,10885810,5853508,20926197,20551067,24993591,238621575
5343341,38802877,18640733,6331032,20909358,10220803,20011066,29135989,14019572,6168506,15816148,23055901,24962000,32446729,5008826,6706523,13652300,11748357,20593136,23102025,11367963,35412593,13234075,18217478,28144360,19818615,31314002,24261403,26982165,16560030,30733123,219728002
18294764,23623858,16362938,4655566,20742083,18733809,16780415,43505056,17796042,4602705,9204179,98772,16225148,54079088,17041305,22138157,16013089,31814934,12568829,27880452,8875962,21836488,26162930,23627014,18998204,23755153,17636683,14488475,23979894,25818543,12870717,235265212
