29085072,46622849,100414379,30592201,106601890,32220611,52473526,30395811,86112914,28584680,51038535,29911488,33918760,28884419,136413349,29584141,29762312,36354030,65113495,30908140,59438045,43985660,128898788,32378272,29041681,40316402,38502887,30371282,29065380,28669452,29923727,23263254
29085411,46687643,100434155,30592362,106610042,32220619,52474493,30395889,86113339,28584759,51066914,29911613,33944361,28884445,136413864,29584193,29763667,36387957,65115787,30909587,59444668,44041895,128926074,32379071,29043435,40363086,38538150,30372245,29067227,28669596,29923800,23265051
29085672,46751115,100456442,30592427,106619139,32220622,52475447,30395955,86113756,28584825,51097282,29911684,33971318,28884447,136413956,29584194,29763827,36422789,65116151,30911083,59446339,44097495,128954593,32379943,29045288,40413065,38577705,30373377,29069189,28669663,29923909,23267291
29085938,46814618,100479603,30592495,106628042,32220626,52476104,30396018,86114169,28584893,51127658,29911750,33998720,28884449,136414013,29584196,29763961,36458471,65116517,30912602,59447804,44152721,128981377,32380863,29047089,40461602,38617483,30374612,29071101,28669729,29923987,23269564
29086248,46877785,100502672,30592581,106637190,32220705,52476689,30396098,86114595,28584970,51158877,29911830,34026214,28884467,136414102,29584235,29764214,36494257,65116758,30914071,59449043,44209449,129009637,32381722,29048971,40511562,38657578,30375811,29072991,28669812,29924077,23271864
29086524,46940715,100524555,30592650,106645999,32220708,52477570,30396165,86115009,28585039,51190218,29911915,34053700,28884483,136414221,29584276,29764448,36529538,65116872,30915513,59450570,44266403,129038411,32382651,29050853,40559344,38696621,30377085,29074822,28669922,29924169,23274175
29086860,47003092,100546873,30592716,106654773,32220711,52478370,30396233,86115422,28585103,51221750,29911981,34081547,28884485,136414365,29584280,29764652,36564725,65117025,30916998,59451939,44320978,129065814,32383441,29052599,40607824,38735560,30378131,29076666,28669994,29924265,23276431
29087621,47066233,100570490,30592782,106663779,32220714,52478991,30396298,86115842,28585168,51254587,29912052,34111531,28884485,136414431,29584282,29764836,36601636,65117096,30918599,59452948,44377996,129094271,32384257,29054442,40656376,38775853,30379321,29078553,28670063,29924424,23278703
29088068,47129347,100593410,30592859,106673365,32220715,52479652,30396362,86116273,28585232,51285780,29912117,34141008,28884491,136414552,29584282,29765015,36637072,65117213,30920033,59453567,44436786,129123407,32385020,29056250,40706719,38815288,30380371,29080438,28670130,29924583,23280984
29088385,47192634,100616212,30592923,106682564,32220715,52480287,30396426,86116705,28585295,51317159,29912185,34169544,28884491,136414617,29584285,29765143,36672908,65117289,30921571,59454651,44495613,129151919,32385850,29058234,40758516,38854715,30381514,29082311,28670196,29924779,23283209
29088823,47256417,100639143,30592987,106691657,32220730,52481376,30396496,86117156,28585364,51346864,29912267,34196751,28884500,136414706,29584292,29765335,36708439,65117434,30923045,59456331,44554125,129183339,32386778,29060043,40806249,38893994,30382621,29084098,28670268,29924940,23285454
29089217,47320323,100661352,30593050,106700681,32220730,52482069,30396561,86117591,28585431,51375717,29912333,34224283,28884502,136415220,29584300,29765555,36743147,65117601,30924569,59457450,44611094,129212550,32387632,29061919,40855252,38933381,30383577,29085988,28670330,29925109,23287684
29089500,47384007,100684716,30593115,106710021,32220733,52482628,30396647,86117985,28585499,51406972,29912407,34253084,28884505,136415431,29584305,29765742,36779283,65117951,30925979,59458213,44669364,129240407,32388484,29063866,40903380,38973024,30384536,29087766,28670399,29925283,23289948
29089878,47447979,100707969,30593181,106718827,32220733,52483450,30396709,86118429,28585563,51436926,29912473,34281747,28884506,136415939,29584308,29765880,36815213,65118009,30927466,59459339,44727456,129268658,32389263,29065765,40953874,39012945,30385529,29089604,28670466,29925433,23292198
29090197,47511501,100731545,30593254,106728133,32220741,52484073,30396776,86118847,28585629,51467675,29912540,34310266,28884512,136416090,29584312,29766055,36851051,65118158,30929008,59460062,44783198,129297538,32390109,29067568,41004210,39053528,30386629,29091446,28670593,29925579,23294445
29090549,47573903,100754428,30593385,106737470,32220831,52484785,30396870,86119358,28585729,51498261,29912843,34338092,28884542,136416311,29584337,29766451,36886426,65118495,30930525,59460990,44835515,129326249,32391045,29069415,41049443,39093139,30387774,29093405,28670720,29925681,23296680
29090843,47637896,100777051,30593491,106746824,32220831,52485632,30396935,86119939,28585793,51528217,29912908,34367768,28884557,136416556,29584346,29766680,36922112,65119016,30932016,59461780,44890266,129355333,32391966,29071259,41096664,39132753,30388817,29095337,28670874,29925772,23298949
29091163,47700990,100799343,30593559,106756073,32220832,52486097,30396998,86120330,28585858,51558405,29912979,34395897,28884558,136416710,29584351,29766884,36957756,65119212,30933570,59462711,44946716,129383511,32392737,29073067,41145960,39172245,30389778,29097162,28670950,29926097,23301190
29091764,47764603,100822574,30593626,106765502,32220848,52486794,30397062,86120820,28585922,51589366,29913045,34425387,28884563,136416820,29584369,29767112,36993817,65119390,30935129,59463887,45003533,129413026,32393625,29075037,41195514,39211721,30390758,29099052,28671022,29926227,23303440
29092129,47828108,100846335,30593689,106774478,32220849,52487656,30397125,86121309,28585986,51621874,29913110,34454736,28884563,136417054,29584371,29767263,37031254,65119457,30936597,59465235,45062662,129441372,32394464,29076863,41245611,39252074,30391769,29100863,28671147,29926329,23305654
29092429,47891237,100869003,30593753,106783783,32220913,52488272,30397222,86121688,28586075,51652938,29913187,34483043,28884581,136417172,29584374,29767434,37066923,65119524,30938075,59466196,45118276,129469288,32395382,29078757,41293498,39291393,30392702,29102720,28671290,29926622,23307900
29092802,47955085,100892449,30593820,106793017,32220915,52488771,30397287,86122090,28586139,51683715,29913253,34511648,28884582,136417271,29584378,29767640,37103155,65119621,30939584,59466580,45175190,129499702,32396193,29080607,41342921,39331550,30393633,29104515,28671387,29926828,23310158
29093261,48018749,100915606,30593887,106802135,32220921,52489719,30397355,86122574,28586205,51715520,29913327,34539653,28884584,136417414,29584382,29767790,37139748,65119711,30941165,59467553,45232925,129527846,32397005,29082453,41395079,39371040,30394537,29106332,28671482,29926938,23312404
29093647,48082572,100938520,30593952,106811593,32220925,52490688,30397418,86123003,28586271,51745099,29913395,34568942,28884592,136417481,29584386,29767923,37174669,65119845,30942629,59468639,45289327,129556559,32397879,29084280,41443784,39410309,30395522,29108226,28671581,29927092,23314654
29094016,48146779,100961741,30594017,106820656,32220926,52491419,30397484,86123463,28586378,51777385,29913493,34597597,28884595,136417581,29584393,29768057,37210896,65119934,30944062,59469663,45347030,129585933,32398738,29086114,41493699,39450519,30396485,29110051,28671644,29927596,23316908
29094453,48210088,100984661,30594101,106829733,32220949,52492235,30397570,86123899,28586472,51808557,29913709,34625696,28884631,136417733,29584449,29768290,37246972,65120326,30945448,59470464,45402649,129615739,32399572,29088004,41543073,39489411,30397387,29112019,28671733,29927770,23319088
29094767,48274642,101006568,30594168,106839118,32220950,52493118,30397638,86124385,28586536,51839581,29913774,34654988,28884659,136417942,29584453,29768518,37282373,65120497,30946965,59471711,45458373,129645103,32400402,29089812,41591948,39528024,30398321,29113976,28671799,29927865,23321409
29095263,48339007,101029654,30594241,106848200,32220953,52494087,30397703,86124785,28586600,51872008,29913846,34683556,28884664,136418033,29584465,29768667,37319900,65120660,30948500,59472706,45516030,129673544,32401221,29091596,41643094,39568380,30399272,29115823,28671866,29927983,23323657
29095893,48403269,101052900,30594309,106857316,32220965,52495011,30397802,86125277,28586692,51902931,29913910,34712044,28884667,136418095,29584469,29768806,37355691,65120717,30949982,59473552,45571322,129701718,32402091,29093462,41690767,39608716,30400186,29117636,28671933,29928136,23325888
29096181,48467527,101075427,30594382,106866751,32220973,52495853,30397868,86125642,28586842,51933728,29913974,34740877,28884667,136418161,29584471,29768953,37391220,65120828,30951482,59474782,45626700,129729735,32402893,29095342,41739085,39647634,30401162,29119489,28671996,29928242,23328147
29096541,48531198,101097961,30594447,106876192,32220975,52496444,30397937,86126106,28586955,51964624,29914103,34770267,28884675,136418255,29584475,29769104,37426597,65120964,30953020,59475651,45684699,129758132,32403721,29097193,41787431,39686879,30402115,29121451,28672064,29928338,23330420
29096891,48595354,101121664,30594516,106885854,32220984,52497223,30398001,86126569,28587018,51996121,29914179,34800774,28884788,136418332,29584478,29769269,37463026,65121186,30954534,59477214,45740915,129787486,32404531,29099089,41837235,39727683,30403073,29123246,28672127,29928648,23332666
29097208,48659426,101145580,30594583,106894917,32220985,52498010,30398068,86126986,28587082,52027504,29914248,34829807,28884890,136418382,29584480,29769401,37499613,65121271,30956058,59478364,45799232,129816050,32405290,29100994,41888578,39768299,30404049,29125135,28672194,29928782,23334921
29097548,48723405,101168737,30594655,106904598,32220989,52499360,30398132,86127453,28587147,52061024,29914315,34859679,28884998,136418505,29584481,29769540,37536298,65121374,30957609,59479267,45858906,129844779,32406080,29102918,41939692,39808698,30405035,29127079,28672261,29928913,23337202
29097865,48787296,101191990,30594719,106913923,32220993,52500183,30398199,86127940,28587211,52091605,29914381,34887911,28885101,136418645,29584482,29769666,37572027,65121445,30959079,59480067,45917678,129872995,32406845,29104753,41991800,39849327,30406017,29128967,28672325,29929094,23339469
29098414,48850448,101216306,30594808,106923189,32221008,52501330,30398284,86128354,28587298,52122196,29914475,34916613,28885158,136418724,29584598,29769798,37608260,65121517,30960603,59481308,45973981,129900555,32407736,29106581,42040897,39890440,30407097,29130882,28672425,29929450,23341743
29098705,48913985,101239170,30594871,106932642,32221011,52502340,30398350,86128819,28587361,52154908,29914540,34946302,28885160,136418894,29584704,29769969,37645477,65121599,30962084,59482358,46033744,129929526,32408565,29108560,42090835,39930824,30408113,29132633,28672487,29929580,23344023
29099352,48978060,101262019,30594939,106942213,32221028,52503123,30398418,86129242,28587427,52186306,29914610,34975487,28885160,136418967,29584806,29770156,37681820,65121794,30963542,59483025,46091336,129958349,32409301,29110285,42141814,39970282,30409045,29134563,28672564,29929751,23346280
29099944,49041445,101284922,30595017,106951240,32221030,52503576,30398485,86129618,28587491,52219198,29914677,35003999,28885167,136419032,29584895,29770295,37718482,65121867,30964976,59483411,46149200,129986808,32410080,29112123,42193131,40009948,30409942,29136458,28672632,29929909,23348512
29100422,49105096,101308201,30595087,106960285,32221033,52504240,30398549,86130051,28587554,52251270,29914743,35032405,28885167,136419090,29584996,29770425,37755112,65121950,30966533,59484198,46206094,130014964,32410964,29114001,42242201,40050634,30410913,29138303,28672696,29930061,23350743
29100727,49168504,101331003,30595152,106969390,32221046,52505233,30398618,86130479,28587622,52283818,29914827,35063194,28885177,136419192,29585094,29770613,37791197,65122094,30967905,59485301,46261570,130044389,32411825,29115923,42291995,40089575,30411825,29140057,28672766,29930247,23352995
29101045,49232516,101354159,30595214,106978967,32221049,52506217,30398682,86130860,28587688,52315451,29914899,35092089,28885178,136419264,29585188,29770782,37827041,65122178,30969421,59486129,46320489,130072443,32412660,29117783,42343247,40131369,30412764,29141887,28672828,29930385,23355263
29101357,49296233,101377021,30595312,106988458,32221054,52506760,30398775,86131315,28587759,52346993,29914974,35119786,28885181,136419535,29585251,29770918,37862755,65122325,30970866,59486674,46377407,130101560,32413472,29119591,42392054,40170750,30413710,29143702,28672900,29930499,23357524
29101689,49360754,101400308,30595381,106997919,32221056,52507597,30398840,86131743,28587825,52378392,29915042,35149826,28885183,136419595,29585253,29771118,37899647,65122510,30972353,59487250,46439255,130131254,32414314,29121321,42444631,40211172,30414574,29145509,28672970,29930622,23359796
29102037,49424706,101423905,30595445,107006667,32221056,52508680,30398908,86132172,28587893,52409467,29915118,35177922,28885187,136419752,29585254,29771344,37935226,65122671,30973796,59488331,46494698,130159274,32415122,29123240,42493575,40251425,30415607,29147279,28673034,29930737,23362040
29102502,49487692,101447666,30595571,107015927,32221092,52509436,30399001,86132596,28587978,52440983,29915204,35206743,28885227,136419941,29585316,29771545,37971513,65122788,30975247,59489528,46550452,130187138,32415995,29125035,42542711,40290972,30416539,29149063,28673159,29930971,23364248
29102833,49551287,101470435,30595635,107024854,32221109,52510270,30399157,86132987,28588044,52473525,29915270,35235025,28885243,136420015,29585318,29771721,38008079,65123023,30976718,59490422,46609253,130215291,32416822,29126823,42593912,40330209,30417458,29150862,28673222,29931083,23366492
29103256,49615841,101492673,30595706,107034327,32221124,52510988,30399263,86133451,28588110,52504909,29915345,35263741,28885244,136420158,29585325,29771946,38043278,65123484,30978162,59491486,46669578,130244899,32417560,29128646,42646589,40369110,30418338,29152832,28673292,29931219,23368755
29103556,49679537,101516693,30595773,107043541,32221136,52511542,30399328,86133860,28588217,52537238,29915412,35291916,28885247,136420271,29585325,29772127,38080239,65123592,30979580,59492288,46729123,130273371,32418281,29130529,42699161,40410626,30419238,29154651,28673362,29931798,23371001
29103889,49743688,101540581,30595836,107052967,32221137,52512250,30399392,86134273,28588281,52569525,29915480,35321797,28885248,136420348,29585327,29772249,38117243,65123789,30981121,59493115,46790209,130302419,32419041,29132326,42752436,40452628,30420097,29156548,28673426,29932017,23373279
29104246,49807204,101564416,30595901,107061991,32221140,52512887,30399459,86134751,28588349,52601172,29915548,35350429,28885253,136420591,29585329,29772407,38153689,65123859,30982734,59493777,46849587,130331954,32419834,29134089,42803532,40493786,30421018,29158338,28673503,29932105,23375552
29104525,49871277,101587895,30595965,107071852,32221152,52513520,30399523,86135199,28588414,52632667,29915700,35379858,28885255,136421076,29585330,29772667,38190432,65123979,30984274,59494331,46907059,130361543,32420643,29136014,42852852,40534379,30421880,29160245,28673566,29932219,23377822
29104848,49934275,101610523,30596112,107081479,32221213,52514275,30399590,86135603,28588479,52664350,29915883,35409949,28885315,136421163,29585346,29772807,38226474,65124042,30985692,59495248,46968084,130390804,32421438,29137803,42905951,40573026,30422817,29162105,28673634,29932344,23380076
29105144,49998213,101634694,30596177,107091136,32221220,52515223,30399654,86136009,28588544,52694867,29915951,35439858,28885414,136421764,29585349,29772993,38263217,65124152,30987248,59495928,47027066,130418572,32422230,29139615,42956094,40613769,30423696,29163923,28673700,29932679,23382355
29105490,50062014,101658496,30596241,107100507,32221221,52516065,30399721,86136444,28588609,52725666,29916019,35468034,28885518,136422051,29585350,29773141,38299057,65124429,30988752,59497149,47085828,130447834,32422990,29141460,43007671,40654921,30424569,29165688,28673766,29932759,23384619
29105822,50124478,101681309,30596321,107109465,32221243,52516479,30399808,86136849,28588696,52757240,29916104,35496779,28885639,136422139,29585366,29773380,38335118,65124614,30990298,59497747,47142882,130476256,32423771,29143319,43058668,40694917,30425487,29167598,28673864,29932877,23386918
29106190,50188126,101704607,30596384,107119491,32221247,52517160,30399873,86137256,28588759,52790071,29916169,35525125,28885744,136422239,29585366,29773500,38372216,65124752,30991779,59498820,47202399,130504520,32424602,29145234,43109055,40735321,30426356,29169444,28673928,29932986,23389203
29106661,50251538,101727759,30596453,107128932,32221251,52518340,30399937,86137722,28588824,52820456,29916240,35553726,28885851,136422297,29585370,29773663,38407838,65124867,30993229,59499707,47261393,130533443,32425426,29147158,43157344,40775601,30427311,29171374,28673995,29933085,23391470
29106922,50314875,101750765,30596518,107137968,32221253,52519106,30400004,86138113,28588889,52850490,29916306,35582843,28885955,136422357,29585372,29773830,38443441,65124967,30994662,59500450,47318883,130561864,32426143,29148981,43209658,40814996,30428142,29173202,28674064,29933253,23393671
29107215,50378429,101774091,30596581,107147470,32221259,52519870,30400068,86138525,28588954,52880993,29916375,35611866,28886050,136422523,29585374,29774007,38479780,65125150,30996224,59501328,47374169,130591072,32427020,29150856,43259065,40855320,30429137,29175001,28674129,29933380,23395927