339,64794,19776,161,8152,8,967,78,425,79,28379,125,25601,26,515,52,1355,33927,2292,1447,6623,56235,27286,799,1754,46684,35263,963,1847,144,73,1797
261,63472,22287,65,9097,3,954,66,417,66,30368,71,26957,2,92,1,160,34832,364,1496,1671,55600,28519,872,1853,49979,39555,1132,1962,67,109,2240
266,63503,23161,68,8903,4,657,63,413,68,30376,66,27402,2,57,2,134,35682,366,1519,1465,55226,26784,920,1801,48537,39778,1235,1912,66,78,2273
310,63167,23069,86,9148,79,585,80,426,77,31219,80,27494,18,89,39,253,35786,241,1469,1239,56728,28260,859,1882,49960,40095,1199,1890,83,90,2300
276,62930,21883,69,8809,3,881,67,414,69,31341,85,27486,16,119,41,234,35281,114,1442,1527,56954,28774,929,1882,47782,39043,1274,1831,110,92,2311
336,62377,22318,66,8774,3,800,68,413,64,31532,66,27847,2,144,4,204,35187,153,1485,1369,54575,27403,790,1746,48480,38939,1046,1844,72,96,2256
761,63141,23617,66,9006,3,621,65,420,65,32837,71,29984,0,66,2,184,36911,71,1601,1009,57018,28457,816,1843,48552,40293,1190,1887,69,159,2272
447,63114,22920,77,9586,1,661,64,431,64,31193,65,29477,6,121,0,179,35436,117,1434,619,58790,29136,763,1808,50343,39435,1050,1885,67,159,2281
317,63287,22802,64,9199,0,635,64,432,63,31379,68,28536,0,65,3,128,35836,76,1538,1084,58827,28512,830,1984,51797,39427,1143,1873,66,196,2225
438,63783,22931,64,9093,15,1089,70,451,69,29705,82,27207,9,89,7,192,35531,145,1474,1680,58512,31420,928,1809,47733,39279,1107,1787,72,161,2245
394,63906,22209,63,9024,0,693,65,435,67,28853,66,27532,2,514,8,220,34708,167,1524,1119,56969,29211,854,1876,49003,39387,956,1890,62,169,2230
283,63684,23364,65,9340,3,559,86,394,68,31255,74,28801,3,211,5,187,36136,350,1410,763,58270,27857,852,1947,48128,39643,959,1778,69,174,2264
378,63972,23253,66,8806,0,822,62,444,64,29954,66,28663,1,508,3,138,35930,58,1487,1126,58092,28251,779,1899,50494,39921,993,1838,67,150,2250
319,63522,23576,73,9306,8,623,67,418,66,30749,67,28519,6,151,4,175,35838,149,1542,723,55742,28880,846,1803,50336,40583,1100,1842,127,146,2247
352,62402,22883,131,9337,90,712,94,511,100,30586,303,27826,30,221,25,396,35375,337,1517,928,52317,28711,936,1847,45233,39611,1145,1959,127,102,2235
294,63993,22623,106,9354,0,847,65,581,64,29956,65,29676,15,245,9,229,35686,521,1491,790,54751,29084,921,1844,47221,39614,1043,1932,154,91,2269
320,63094,22292,68,9249,1,465,63,391,65,30188,71,28129,1,154,5,204,35644,196,1554,931,56450,28178,771,1808,49296,39492,961,1825,76,325,2241
601,63613,23231,67,9429,16,697,64,490,64,30961,66,29490,5,110,18,228,36061,178,1559,1176,56817,29515,888,1970,49554,39476,980,1890,72,130,2250
365,63505,23761,63,8976,1,862,63,489,64,32508,65,29349,0,234,2,151,37437,67,1468,1348,59129,28346,839,1826,50097,40353,1011,1811,125,102,2214
300,63129,22668,64,9305,64,616,97,379,89,31064,77,28307,18,118,3,171,35669,67,1478,961,55614,27916,918,1894,47887,39319,933,1857,143,293,2246
373,63848,23446,67,9234,2,499,65,402,64,30777,66,28605,1,99,4,206,36232,97,1509,384,56914,30414,811,1850,49423,40157,931,1795,97,206,2258
459,63664,23157,67,9118,6,948,68,484,66,31805,74,28005,2,143,4,150,36593,90,1581,973,57735,28144,812,1846,52158,39490,904,1817,95,110,2246
386,63823,22914,65,9458,4,969,63,429,66,29579,68,29289,8,67,4,133,34921,134,1464,1086,56402,28713,874,1827,48705,39269,985,1894,99,154,2250
369,64207,23221,65,9063,1,731,66,460,107,32286,98,28655,3,100,7,134,36227,89,1433,1024,57703,29374,859,1834,49915,40210,963,1825,63,504,2254
437,63309,22920,84,9077,23,816,86,436,94,31172,216,28099,36,152,56,233,36076,392,1386,801,55619,29806,834,1890,49374,38892,902,1968,89,174,2180
314,64554,21907,67,9385,1,883,68,486,64,31024,65,29292,28,209,4,228,35401,171,1517,1247,55724,29364,830,1808,48875,38613,934,1957,66,95,2321
496,64365,23086,73,9082,3,969,65,400,64,32427,72,28568,5,91,12,149,37527,163,1535,995,57657,28441,819,1784,51146,40356,951,1847,67,118,2248
630,64262,23246,68,9116,12,924,99,492,92,30923,64,28488,3,62,4,139,35791,57,1482,846,55292,28174,870,1866,47673,40336,914,1813,67,153,2231
288,64258,22527,73,9435,8,842,66,365,150,30797,64,28833,0,66,2,147,35529,111,1500,1230,55378,28017,802,1880,48318,38918,976,1853,63,106,2259
360,63671,22534,65,9441,2,591,69,464,113,30896,129,29390,8,94,4,151,35377,136,1538,869,57999,28397,828,1851,48346,39245,953,1962,68,96,2273
350,64156,23703,69,9662,9,779,64,463,63,31497,76,30507,113,77,3,165,36429,222,1514,1563,56216,29354,810,1896,49804,40804,958,1795,63,310,2246
317,64072,23916,67,9063,1,787,67,417,64,31383,69,29033,102,50,2,132,36587,85,1524,1150,58317,28564,759,1905,51343,40616,976,1889,67,134,2255
340,63979,23157,72,9681,4,1350,64,467,65,33520,67,29872,108,123,1,139,36685,103,1551,903,59674,28729,790,1924,51114,40399,986,1944,67,131,2281
317,63891,23253,64,9325,4,823,67,487,64,30581,66,28232,103,140,1,126,35729,71,1470,800,58772,28216,765,1835,52108,40629,982,1888,64,181,2267
549,63152,24316,89,9266,15,1147,85,414,87,30591,94,28702,57,79,116,132,36233,72,1524,1241,56303,27560,891,1828,49097,41113,1080,1915,100,356,2274
291,63537,22864,63,9453,3,1010,66,465,63,32712,65,29689,2,170,106,171,37217,82,1481,1050,59763,28971,829,1979,49938,40384,1016,1751,62,130,2280
647,64075,22849,68,9571,17,783,68,423,66,31398,70,29185,0,73,102,187,36343,195,1458,667,57592,28823,736,1725,50979,39458,932,1930,77,171,2257
592,63385,22903,78,9027,2,453,67,376,64,32892,67,28512,7,65,89,139,36662,73,1434,386,57864,28459,779,1838,51317,39666,897,1895,68,158,2232
478,63651,23279,70,9045,3,664,64,433,63,32072,66,28406,0,58,101,130,36630,83,1557,787,56894,28156,884,1878,49070,40686,971,1845,64,152,2231
305,63408,22802,65,9105,13,993,69,428,68,32548,84,30789,10,102,98,188,36085,144,1372,1103,55476,29425,861,1922,49794,38941,912,1754,70,186,2252
318,64012,23156,62,9577,3,984,64,381,66,31633,72,28895,1,72,94,169,35844,84,1516,828,58919,28054,835,1860,51252,41794,939,1830,62,138,2268
312,63717,22862,98,9491,5,543,93,455,71,31542,75,27697,3,271,63,136,35714,147,1445,545,56918,29117,812,1808,48807,39381,946,1815,72,114,2261
332,64521,23287,69,9461,2,837,65,428,66,31399,68,30040,2,60,2,200,36892,185,1487,576,61848,29694,842,1730,52577,40422,864,1807,70,123,2272
348,63952,23597,64,8748,0,1083,68,429,68,31075,76,28096,4,157,1,226,35579,161,1443,1081,55443,28020,808,1919,48944,40253,1033,1770,64,115,2244
465,62986,23761,126,9260,36,756,93,424,85,31516,86,28821,40,189,62,201,36287,117,1451,1197,55754,27864,873,1795,49136,39547,932,1784,125,234,2208
331,63595,22769,64,8927,17,834,156,391,66,32542,66,28282,16,74,2,176,36566,235,1471,894,58801,28153,827,1788,51201,39237,919,1799,63,112,2244
423,64554,22238,71,9473,15,718,106,464,66,31384,75,28716,1,143,7,225,35199,461,1444,1064,60325,29608,738,1823,52677,38901,880,1970,70,136,2263
300,63696,24020,67,9214,12,554,65,409,107,32329,67,28175,3,113,0,181,36961,108,1418,802,59545,28472,721,1883,52572,41516,900,1819,70,579,2246
333,64151,23888,63,9426,1,708,64,413,64,32287,68,29881,1,77,2,122,37004,197,1541,827,61086,29048,760,1797,53275,42002,859,1897,64,219,2278
357,63516,23835,65,9024,3,637,67,478,68,31647,68,28632,5,243,2,158,36446,70,1613,662,59378,29535,793,1763,51096,41158,921,1790,77,88,2273
279,64073,23479,64,9861,12,633,64,448,65,31495,152,29429,2,485,1,260,36743,120,1540,554,57472,29589,809,1925,49320,40593,862,1907,63,114,2270
323,62998,22628,147,9627,61,755,67,404,65,31683,183,30091,60,87,16,140,36042,63,1418,917,61025,29261,795,1789,53099,38647,937,1860,68,125,2254
296,63938,24171,65,9657,7,948,64,406,65,30517,68,29909,99,601,3,186,36743,110,1556,680,58982,27768,792,1812,50143,40743,879,1818,66,335,2279
346,63801,23802,64,9371,1,842,67,435,65,30799,68,28176,104,287,1,148,35840,277,1504,1221,58762,29262,760,1845,51577,41152,873,1765,66,80,2264
332,62464,22813,80,8958,22,414,87,405,87,31574,85,28745,121,88,16,239,36061,185,1546,598,57054,28422,781,1859,50997,39996,918,1910,98,118,2299
368,63648,23298,63,10026,4,681,65,407,63,32831,65,28346,105,100,0,120,37098,138,1481,1073,59517,28264,831,1915,50387,40404,869,1846,64,109,2285
471,63412,23152,69,9441,4,1180,64,466,65,30385,71,28601,107,58,4,163,35622,115,1450,887,58994,28923,824,1924,48289,40280,955,1930,67,99,2267
261,63337,23006,65,9036,2,766,67,391,65,30034,66,29117,104,60,2,167,35603,100,1433,743,57490,28421,717,1823,52314,39395,831,1828,69,168,2201
293,63554,23326,63,9502,6,764,64,412,65,30503,69,29023,95,166,2,177,36339,183,1562,878,55286,29208,877,1875,49407,40324,995,1799,65,127,2256
