639,65621,21051,317,9535,13,1247,155,552,156,29985,250,27148,52,585,104,1716,45171,2607,2890,7331,73869,36422,1617,3604,63240,47646,1963,3743,292,205,3278
518,64085,23465,132,10491,10,1115,132,557,134,32407,143,28496,6,147,2,263,46154,761,2971,2086,71776,37878,1783,3694,65509,52158,2317,4012,134,162,4263
582,64497,24602,134,10379,4,808,130,522,136,33100,132,29964,2,140,10,315,47390,652,2955,1721,72903,35607,1854,3641,65843,53030,2484,3900,134,163,4263
584,63863,24514,174,10391,164,804,170,585,161,33329,171,29492,52,231,129,474,47618,441,2900,1766,73972,36889,1759,3876,65691,53207,2438,3816,218,196,4303
529,63348,22739,132,10135,0,1083,126,529,131,33564,164,30362,16,235,24,510,46141,181,2849,1901,73739,38309,1834,3603,62950,50930,2521,3649,171,174,4274
653,63644,24615,133,10281,6,981,138,529,128,34743,132,30486,4,189,8,312,48076,295,2917,1928,71787,36056,1586,3732,65040,53110,2164,3730,144,300,4282
1528,63327,24233,136,10056,6,733,132,587,132,34224,144,32277,0,143,4,362,47767,127,3182,1252,74170,37656,1711,3615,64443,52644,2349,3840,137,315,4321
883,64501,24800,154,11294,2,804,132,618,128,33697,132,32298,12,233,2,372,47707,222,2882,890,76437,38650,1540,3795,66889,53403,2238,3784,137,302,4417
620,64304,24004,128,10845,0,849,128,587,130,34083,136,30936,0,126,4,226,47805,138,2999,1344,77928,38399,1663,3916,69504,52226,2231,3836,132,392,4437
871,64869,24522,131,10188,30,1367,142,558,140,31554,168,29535,18,168,14,357,46735,317,2978,2063,75652,38876,1941,3771,63176,52338,2210,3581,143,325,4415
777,64583,24048,126,10428,0,798,130,590,134,32199,134,30176,4,1102,16,506,46978,295,2971,1346,77025,38736,1638,3821,68332,52770,1902,3796,128,260,4430
632,64728,24481,136,10616,6,827,174,555,138,33912,149,31709,6,327,14,298,47749,687,2831,1403,73531,36330,1722,3934,63451,52393,2001,3657,140,382,4380
706,64825,25166,130,10154,0,971,126,596,130,32426,134,30701,2,1030,2,325,48145,119,2894,1129,76299,37606,1608,3831,67800,53600,2043,3690,134,324,4457
682,63196,24532,261,10736,152,815,168,741,197,32846,469,30693,56,341,50,393,46690,293,3091,903,70742,37416,1770,3652,63794,52697,2291,3893,347,220,4419
556,64390,24419,149,10993,44,900,154,569,131,32870,270,31305,14,454,8,665,47250,706,2933,1308,70688,39158,1884,3687,62491,53080,2224,3925,195,163,4421
587,64735,24569,213,10712,0,1011,128,872,130,33030,134,32031,32,376,18,494,48726,812,3060,1220,71288,38313,1819,3736,62101,53601,2131,3788,263,193,4402
846,63958,24204,133,10306,2,627,128,633,130,32303,140,30043,0,293,9,354,47581,383,3018,1150,76182,37242,1492,3706,68395,53025,1898,3714,134,684,4366
914,64439,24219,134,11121,30,893,132,594,132,33877,136,32631,9,185,38,397,47737,265,3004,1402,73061,38917,1871,3967,64546,52546,2081,3925,177,231,4532
722,64620,25384,128,10263,2,1119,126,611,130,34856,136,31800,2,522,2,314,49122,142,2894,1721,75550,37270,1688,3679,66168,53168,1943,3632,195,199,4344
667,63626,23698,135,10564,130,794,200,533,180,32902,152,30349,34,194,6,378,47239,120,2962,1209,74155,37384,1833,3911,65544,52401,1870,3718,330,692,4391
691,65177,25228,128,10899,4,714,130,496,130,33491,136,31389,2,212,8,309,48017,215,3063,633,74039,39015,1678,3711,65616,53756,1897,3714,138,309,4511
874,64277,24513,138,10591,14,1200,136,658,136,33583,150,31411,15,207,11,288,48072,141,3087,1315,74287,38709,1652,3693,67038,52008,1884,3658,198,262,4555
788,65079,24622,128,10694,4,1172,128,561,128,34163,130,31356,4,136,2,274,47574,283,2769,1652,76892,37568,1777,3695,67559,53140,1946,3808,173,392,4351
673,63797,23983,173,10642,46,887,175,574,254,32337,479,31432,70,358,122,357,46489,403,2911,1090,70913,38125,1776,3772,62659,52152,1915,3812,175,970,4375
763,65202,25110,130,10225,2,890,132,670,131,35464,139,30283,58,159,8,355,49672,583,2766,876,76203,39245,1572,3780,68952,53020,1788,3927,134,215,4464
835,65633,23527,146,10640,6,1428,134,646,128,33182,133,31945,14,343,22,382,47059,401,2982,2267,74430,38158,1707,3783,66742,51830,1938,3931,130,226,4490
810,65179,24589,140,10680,24,1174,176,513,130,33909,140,30386,2,171,8,296,48634,174,2908,914,71748,37575,1734,3537,64113,54234,1916,3693,137,221,4479
1149,65082,23840,148,10588,15,1035,149,649,232,33668,134,31727,4,126,10,315,47228,174,3001,1091,74946,37689,1612,3835,65513,52027,1908,3632,132,292,4421
644,65086,24041,126,10914,0,1101,130,544,298,32164,139,31263,4,155,2,256,46399,246,3019,1681,69455,37134,1705,3682,62340,51704,1978,3895,134,232,4459
613,64518,24193,131,10809,4,660,138,569,136,34401,270,32526,69,142,12,302,48355,315,2989,1473,77643,38557,1629,3778,66950,53388,1914,3909,132,145,4496
688,64878,25498,140,10799,18,960,130,623,126,33557,130,32447,247,115,0,280,47724,176,3025,1398,70601,38220,1680,3954,64127,53614,1998,3516,129,725,4455
697,65258,25501,136,10867,2,1382,134,596,130,35650,140,32363,216,114,6,266,50291,204,3171,1753,81549,38120,1544,3788,71290,55524,1985,4072,138,270,4433
605,64416,24522,145,10960,8,1658,130,544,132,35066,134,31797,216,335,0,249,48081,150,2934,928,78707,38635,1470,3817,71449,53288,1873,3809,132,276,4509
694,64530,24976,178,10576,36,1295,177,706,177,31287,189,30488,219,221,125,263,46888,149,3006,1695,73140,35918,1786,3789,63693,53913,2167,3803,195,395,4472
1071,64267,25477,128,10746,3,1478,130,562,128,35111,134,31637,8,310,208,243,49412,124,2965,1316,77473,37476,1714,3790,68285,54706,2101,3864,134,657,4479
560,65272,24249,130,11107,27,1405,136,605,128,33894,138,32237,2,157,204,382,48632,307,2868,1087,76335,38888,1537,3871,66555,53365,1966,3688,131,318,4523
1256,64421,24069,144,10800,12,895,138,546,134,34818,136,31506,2,138,204,296,47593,170,2807,705,74492,37790,1639,3484,68061,51443,1852,3864,153,298,4417
1351,64373,24517,164,10588,8,567,131,526,128,35924,138,31484,12,109,191,259,50145,194,2954,699,76011,37390,1544,3744,68486,54325,1874,3865,136,308,4433
776,64031,24974,128,10230,24,958,136,518,130,33357,168,31723,12,105,196,299,47569,111,2891,1181,71193,38650,1842,3871,63824,53325,1946,3536,138,330,4465
606,64485,24384,131,10674,2,1151,134,560,144,36257,150,32587,10,228,186,315,48204,301,2775,1386,76595,38232,1682,3968,68724,52528,1911,3652,130,298,4464
638,64758,24466,128,11212,12,1388,162,598,136,34073,142,30010,2,216,212,312,47727,281,3010,954,74708,36358,1680,3633,66085,54207,1852,3649,139,230,4449
622,64930,24512,200,10969,6,576,156,559,139,33444,142,32146,8,442,14,336,47895,292,2917,735,79371,39914,1605,3537,69682,52455,1753,3727,143,229,4492
740,65495,25119,130,10255,2,1646,130,603,128,33193,134,31294,0,112,2,334,47725,317,2901,1139,75466,37266,1755,3819,65658,54679,2096,3614,130,229,4452
844,63605,24752,183,10417,48,1370,192,561,172,33818,190,30530,82,533,121,540,47400,302,2882,1731,73179,36665,1708,3640,64868,52054,1892,3630,248,453,4371
680,64826,24719,189,10834,55,667,222,544,134,34524,134,31928,34,150,4,305,48670,299,2914,917,76425,38112,1642,3665,68737,52788,1786,3633,134,266,4468
752,64820,23870,128,10358,26,1319,270,593,132,34522,142,31426,2,248,7,413,47499,504,2754,1507,77228,38818,1556,3624,69528,51874,1892,3794,137,190,4434
653,65014,24743,144,10776,26,829,132,503,191,34151,140,30422,8,242,6,352,48058,535,2838,1214,74242,37263,1551,3824,65791,53234,1844,3716,140,330,4493
528,64498,25475,130,10621,4,806,130,535,144,36067,136,32014,0,124,2,248,50618,296,3044,1095,83800,37765,1478,3720,76050,56022,1743,3971,130,1233,4460
810,64706,25602,129,10731,6,832,134,627,138,32600,142,31436,12,386,6,257,47373,148,3114,881,75376,39175,1539,3461,66668,54899,1727,3611,138,221,4456
550,64539,24798,134,10817,24,905,134,670,132,35327,210,31851,0,415,2,296,49115,233,3065,916,78258,39627,1602,3875,68701,53965,1887,3777,148,223,4516
612,64766,24422,132,11316,4,761,134,578,132,33531,288,32579,43,809,0,405,47923,160,2978,1161,76495,38747,1673,3720,67317,52014,1915,3871,135,231,4484
563,64237,24984,291,11168,120,1377,130,547,130,32565,266,32243,204,252,38,325,48122,192,3015,962,78204,37618,1622,3651,67584,53410,1770,3645,136,274,4505
701,64418,25754,129,10713,14,1126,134,555,132,34144,136,31105,210,1338,2,282,48853,136,2936,1353,76803,37457,1490,3657,68777,55768,1652,3593,128,571,4436
628,63341,24201,158,10445,31,574,172,568,168,32753,173,31279,238,227,29,388,46727,627,3024,818,73313,37822,1696,3664,66261,52181,1999,3843,190,186,4587
680,64223,24408,130,11504,14,770,136,536,130,35383,132,31506,219,196,0,272,49403,413,2902,1406,76970,37546,1619,3913,68840,53790,1731,3820,134,246,4505
723,64170,24970,134,10773,14,1500,130,553,132,33708,140,30366,220,116,4,273,47962,194,2870,1136,77018,37220,1667,3992,65363,54921,1879,3797,133,201,4436
747,64147,24262,137,10480,4,1240,136,617,132,32223,135,31028,210,122,8,344,46284,174,2889,1246,75379,38223,1492,3664,67582,51797,1697,3773,142,322,4413
578,64540,24611,126,10945,12,1026,130,497,132,32554,134,32236,200,211,4,335,48068,369,2990,1012,73605,38694,1666,3736,67080,52818,1942,3576,128,258,4423
597,61478,23905,130,10272,4,866,132,675,136,31952,142,31088,190,193,2,374,45612,214,2784,1274,69799,37530,1803,3731,63539,51746,1825,3707,138,242,4138
