27645973,499644154,818506413,931987479,832392227,381487097,549616363,180054051,747969922,278917117,416587237,105131742,46900969,8593552,956840237,6625390,139794802,8412674,473432453,9868511,442693561,17439452,893723407,3942644,16781880,1625980,79500657,10482139,64949823,474265501,215373015,619207253
21059395,482704637,871075967,927716600,911372848,393034951,607292218,308609119,794118543,260017881,459087505,69874890,34696593,5501937,1004820395,2735016,188845582,14312280,531124781,5579283,456974753,23308306,972110807,3236008,11388728,1977892,19074829,19071550,14139878,199874263,87851632,143340247
21921814,472818751,874213888,986278166,900743334,455473738,621987922,299542904,802578911,298933362,463890616,131004113,38918696,2170277,1004964596,19100124,187823256,13073598,547423319,3912917,517048899,17806341,982887740,5429433,12066814,5806003,15052240,4892143,12161206,191207805,85873475,189496428
21284064,466081424,830562599,934420812,872191197,499188540,590501385,207290757,780262860,330045702,437851657,89306655,38991113,1769875,1005026702,1334930,146683316,8268566,503763789,22917877,483334009,12889704,973424768,1882831,11672067,4352795,12630475,8342525,11505274,123365070,91049714,101746067
29213401,446010828,844167190,926682706,898938320,472330531,583975867,339814972,772328078,212967639,429027079,91678929,44362866,1803455,1003500766,2955364,181982205,13171162,520193105,4049451,509028394,17370982,977518495,1242974,11014432,4119753,15553233,8111476,10236971,113023531,113577541,119250049
21475010,460719039,853645021,953456570,903597539,414617710,595098284,453278705,786589254,226009171,434606406,94988774,35442540,4499034,1001614024,1824980,175957802,2009932,528689329,21168680,489780510,15297083,972135690,16166117,18822483,3282694,12687144,2926375,15549428,101499786,63365200,74956117
22882965,475128300,862909884,938502638,894513273,317677161,613879550,331794806,785568145,361242301,449304118,84267267,40946244,1797895,1004852298,6633905,195183803,1232678,528621379,21992844,491447283,14983474,975217919,11567240,11171453,3633641,11752075,5644176,12462770,119876605,95264457,110116942
27715810,498453422,883874392,980432981,924668760,383057463,602776055,312675403,803190895,404493240,495783090,92926041,59733991,10438931,1004719841,27590159,206914638,10717613,557724883,31170975,542298081,36083504,972557625,35160165,12437053,13379174,19701578,15722096,18130609,129234303,105429087,123511461
24732860,465104240,863693305,936818539,892207575,365858189,578016991,315600903,776085857,316957501,438995587,71634871,42144860,2054734,1004518752,1641136,206613365,1398765,518808532,21660493,497536487,15221650,985942763,13092105,11042520,7653408,10512789,4888482,11123074,67497404,84196303,78157161
22662363,480590190,835463179,932168305,894430276,344761898,599214546,389017612,756982057,249106232,459557308,104264581,43067116,2816799,1004822572,1643714,156010519,1393997,523438135,21401415,507011085,14593787,978480129,12854995,12438026,7750963,14030550,5269202,10415160,110289692,118883968,72650430
22962712,463987754,875893571,950612046,903153798,374836401,597284566,397954079,789003072,296469857,446093060,95257158,39329233,1357657,1004439406,3703207,211973146,1571883,518402879,21322473,480590719,17696416,970839589,13855414,11932282,7382815,19840178,7533056,10600754,57972152,82996032,79487267
21500812,466981903,866894838,960612551,900661826,453654475,579935362,140381731,774927732,466995556,469745406,92197785,43081637,4524419,1004776835,2928446,149852717,1256858,513707475,20745926,511498343,14818354,978911119,11183748,13155127,7285868,14246650,2721269,10416917,75563845,54626700,61567221
26563854,487972772,884456162,936832406,905551931,385459622,597463378,251691924,795259715,318622250,467337780,140344757,46995459,667437,1004559718,2489427,229514877,3248051,535913801,6223101,531438322,17501365,975189371,18422053,11437441,18050091,14416735,7280980,11820187,102405207,71068545,88639656
21022606,459383128,855414390,961359449,909607104,328186645,591701116,260471592,759951907,422703950,443660932,119450132,34743329,1736136,1004635707,1838346,123723076,4640182,530148884,19537223,468978669,14700706,976723820,3490124,11281844,5863039,13532382,12294649,12015806,61702757,66065338,74146263
24433519,460196515,843653413,941504357,898418671,347226822,569223754,371901622,801958533,342951967,459398622,67135222,36543825,2283986,1004285206,2545372,187589315,2570965,532966759,6107994,510253231,18535038,974687247,1556805,13051884,22777489,14550783,13093427,10735827,69690894,105898360,64389432
23433157,475342799,870853970,954963899,931812867,349796381,629965418,490057283,821847066,272937791,459969156,49492320,40290774,3750934,1004756294,1843482,258195925,1459076,552958489,5884954,519882138,17578665,969669671,16933376,18823958,5008715,43663723,13615868,19296941,89827239,78370477,83406231
26189912,481023170,858603299,946572446,913916996,417654480,620178379,231419430,803060410,312824431,434036779,90213935,47125882,269614,1004312332,2470812,136547387,1220446,549289494,5410926,498634318,17614836,975175865,3908417,11845076,22315113,15812639,16656362,10992116,68720820,59420229,80599650
27260075,462154351,829547221,923028725,900982888,435174922,596340558,396126457,785388438,235134821,449021921,68857109,48124472,26617970,1005079174,16728363,161419471,31108696,526267419,40724881,478218276,41321524,969916941,22847041,20652761,16878966,22691632,30526552,23712770,88541073,68510595,82705656
25444724,479156656,874803805,957326142,917032452,396905572,632334828,299617860,787066436,365008509,477351398,69455147,60483566,223426,1004422328,1350448,356966880,1887780,536607146,22016916,535266589,17617782,966985437,4727759,10712986,7188912,14510312,14275806,12918949,71162999,95636207,76659761
25113734,478305317,853055541,951193858,902214152,391774644,593316056,250216389,775590744,354869454,429973312,70359932,35460291,3495812,1004799401,2020665,178846257,1980562,559727559,20527471,500356605,13982281,971909406,1826155,10519144,8498138,13386124,11617212,12743349,65194539,73090252,87895401
24474401,475318849,857463444,949956773,910679510,446945030,595668872,246371798,787717059,303929496,463677296,106425588,34974710,335896,1004442158,1533337,136759008,1421673,538073714,22233973,537264577,17236873,979512265,13276443,11237362,6398529,22567928,1930295,10828066,83783287,78468556,83058100
22036830,454880153,804359970,920647868,899757320,328836258,589051957,373409360,761530337,298142298,434065442,99872856,41949653,3208282,1004327325,1281516,176301431,1361588,531437847,19614929,490534518,15875455,973140796,11661821,13599326,3816308,12066884,5499481,10227768,67482818,103903181,63455299
22177640,457445620,840320010,931309816,880737959,552216361,584923697,273967399,774910519,169676311,466591674,65192647,45686716,3542503,1004616362,1173970,303883032,2908506,516921247,21219628,503632181,17300021,977573698,14813493,14710837,4037437,17001900,7299362,12185287,95957878,87012551,76931768
20374744,479170578,877934572,953102025,891786633,315803158,593493954,299878636,792863392,404496989,453058422,97467301,43890127,1889551,1004137736,1310807,140886706,1331071,535146986,4320362,477666845,14337965,972021864,13056054,11947274,24972579,10947569,2784847,14706617,63679576,91627779,70397698
22031813,487444146,849707414,959670264,903455421,380599906,626748671,242969683,786764249,384703536,465163656,91368893,35213441,1554942,1004718697,3124471,139456657,1830327,526876673,5311772,508726194,13402919,967213021,10658062,11605301,25073018,15669685,2449726,10413054,82055344,72087172,88171787
22701053,442390314,834611608,929078123,896058286,365135924,574529836,176151881,772070100,475326487,403166930,75364615,69096945,5947876,1004721055,2091386,146682104,304149,537526360,5055378,467075609,18755696,975663426,13465592,20519035,22793233,17257946,2868474,16030537,78574231,117171091,83843318
22608419,470580865,854546974,951822898,908676351,562036734,602706282,285396456,794877337,219645793,460949365,64809008,46210505,1779139,1004253935,3900713,191856998,2208976,555690327,5078059,500367401,17555109,967145944,14734050,11529546,23356180,15594868,8117417,11870172,65370077,93692988,70123725
25972844,458343023,844690721,947471329,886567539,431628302,578037139,271404754,760306242,401860795,466138515,99490310,45577106,36251091,1004909746,49347587,352284213,12602849,506577175,28206592,514653925,38386372,973417033,22407978,19418718,29002492,20788550,46348462,29524277,82976680,67674816,62201715
24177964,480021278,830998431,934195709,897342670,294840967,614873640,321980664,779201653,372708517,455691746,125110020,51803436,241132,1004629038,1189701,145474097,2365927,536204612,5261288,495217415,35536874,964945010,7148136,11450800,3889243,11478889,15830334,12201918,89091661,109577649,78590192
23463461,468443257,855220326,958195742,911482181,453141392,616003093,467649124,792781549,206753652,432838350,56066584,32490907,1328841,1003742850,1486637,159704125,134007,539875002,5104631,521353382,13150262,967589809,2751720,13460247,20903129,11251222,10785071,11804960,66572752,82457967,71669861
28155206,495115461,870014000,948862828,920430505,355896710,606448334,298801032,773399393,327098342,462297088,116045886,50299166,7166284,1004235649,1720576,161697132,0,521277027,4093390,518850202,16803668,972286841,2879723,11874297,21790926,20926814,4732855,13441547,78612769,99724275,80613832
27989381,495703806,860371312,943703551,902074865,340862752,606278150,272992655,796365647,286847014,489766606,86916610,44785759,12964488,1004723626,2579761,169438229,3159772,545637690,3889643,509247607,32221065,976756006,3069188,14688133,5701694,11608878,3894276,11289281,65827353,81996598,69008022
29652927,489992437,855609287,970030256,900585262,277317780,608557661,194164304,799457097,427880292,455948466,151482059,47027280,12222194,1004736922,1359208,190153260,2892064,525771516,6123874,512967377,17195770,970273618,3044384,12116758,24669713,11304651,5378688,11527090,81862337,78798534,60430248
22399544,494713178,869136337,946391767,878074437,417429085,583728104,284077118,771365947,233975181,473476916,47813654,50030994,14569599,1004767251,3196377,421026912,4493517,548168581,7036873,507968659,38385172,976269861,4127884,23430189,14493113,15776055,7991180,18946864,85255889,66872717,64750152
21792067,451347701,847571928,935579105,914820281,554678074,583807007,434450382,787378693,135660304,450629050,44429015,42408157,10609612,1003334946,11086084,146089973,2218868,539477384,8423969,489089416,25498950,968665565,10856075,13149980,21583171,14465022,7239583,9920218,71050128,69103501,64778909
21012613,496805175,844935639,955537001,906465061,354554311,590242156,358016544,793955623,280537101,465670688,49853070,50312612,4682094,1004247470,12844744,137726396,3431448,532529285,3897830,492739929,16712095,971679191,17439421,21955001,3282315,14623262,4666521,15868878,99186044,107032366,57903647
23546323,473577102,829999453,937169583,897306649,389237506,606580983,221980429,770785170,380656671,465138979,71398893,39214900,4468038,1004826577,10263726,132887076,1912648,546803043,4712917,486432248,28993864,971902537,2784857,12762640,3225989,12156717,5829702,19565276,85292062,73109545,53818895
26759226,477963877,862252533,958862905,911257655,390753700,570779934,264453205,779817589,281394869,475068877,141216079,38261136,10491887,1004812919,23030054,137885830,26861083,531073410,29221882,537464850,25272768,977336892,17381291,16448735,33754528,33433808,26433045,16594885,83690206,88278279,71744594
24085605,459540633,850206212,935898812,889877179,372420260,582505640,231350128,774085876,385530991,446504661,67440755,43445549,2210003,1004757463,1661192,159019245,1532159,507886999,6102028,484973419,14139204,965667413,26911616,13166080,6948588,16078341,6157033,11708241,71385824,78686747,76540573
21172134,455618607,861273030,928455861,900554778,488791983,586169105,196275692,782263873,279170279,447775812,127356717,31985592,1322897,1004728583,4377486,177857299,1782566,511265689,3922622,508214205,33496693,974692891,12902613,11491679,7418715,26524496,3178706,12417253,65747354,52453694,73866995
22404832,474731387,872305278,961222527,904936393,340328594,580281001,340935864,794761125,373553798,437358017,43029815,31997649,285309,1004841374,1563795,475015016,3150004,539502131,3915629,502244687,15801689,972947981,10282831,11221312,21736949,22923691,2996241,12761208,77906296,58463447,58543917
21740781,458402738,859856068,937666251,896690085,487581082,597880096,185917339,783226355,360832151,469721840,136347866,36080691,5195457,1004519677,1524583,139134706,2636953,537869918,4162253,491658249,20807489,969207997,2507001,13069811,15549857,17618377,21201939,11532363,79046521,84833205,67908022
24034197,474601692,852591811,926834216,897527762,410858885,577959750,198800978,758243409,310084892,444211965,69524038,43755059,2136617,1004665627,1376870,141561602,2205329,513798562,5460130,480881515,14108006,973348591,6004223,12575492,19249987,20450968,12491844,13515454,68201703,79590611,68314778
21966111,469227001,844615633,950435016,897964350,449866500,604281379,189998585,774344438,356014043,445349770,93531509,39004508,2508985,1004620731,2490677,138818173,7064685,534459274,5272819,497588786,20527559,977821774,1151080,11991398,22881942,21820909,4093503,28510621,91966725,117953048,67980433
23133401,461351143,886872641,945415988,909356683,563216555,623397230,366666208,801874412,232887244,483956638,63051279,34461860,2693338,1004736987,3008343,135805887,6791235,545277307,6625341,551043412,18844254,967548625,21653173,20767641,7185676,20402249,5737100,14347984,70919222,79360757,66001176
20119903,460086801,857723999,950315790,871754657,336425825,581811893,447395326,798806349,249299242,438964152,68560555,49562871,12496116,1004648727,1297730,133016742,3062718,532932485,5257828,494004366,17171398,977235588,1175244,12052389,20279738,17844086,3182902,19060205,72830879,86277768,56646427
29899185,461262421,848738563,950340392,885838594,339584404,594576092,334562451,757538539,274372146,454440462,91847140,46797752,2483243,1004740738,13511764,172939661,6374550,518795076,5657838,492966022,34083132,974562886,4032341,10836450,6915073,14451436,4050563,21366299,70664014,79212836,68382086
29438702,461280621,868051572,947538492,906428962,323072728,595070117,313667131,794990188,427191676,458821552,88362337,56573404,23695200,1004561893,33350709,187725566,18970457,530680074,48481826,498820180,28974211,972639835,11510489,32627716,46379408,21534339,25065965,18425998,88623259,112705926,68527016
22655423,506571907,874022188,949447109,906266537,293769141,592726860,199810077,788247695,477294369,497520051,97016716,42738752,499674,1003921072,12264474,184177742,1323383,530593539,6034395,521082097,17136962,968580097,2444005,11523660,24870573,13686892,3619043,23000787,94538711,86777601,86988897
22761872,480203405,849726460,950050080,898989278,394814928,584643445,323745086,792325422,275186407,436796917,28930453,62885494,2054075,1004986800,12149075,579773694,311604,541699777,4098573,482349612,33514970,967909202,3388233,13104676,8277185,21932951,6482016,12430857,67382314,119318838,62730058
22092430,469320422,884916939,954702320,894201912,495055731,591842988,407911867,776607869,177772578,484507406,61271855,47191664,2121317,1004805436,12681123,144992905,2905827,524045421,3882850,528291965,16399094,973108996,19299282,11886784,8171765,23199083,3302567,11577924,60952121,98332750,65827860
22843202,503739503,892473892,961837896,920353450,438384432,617993492,245573080,811832347,314056051,492766281,151565647,56054135,1595438,1004773601,15169993,155743408,2451726,561135349,7266455,566537175,18854569,968343959,5916461,12561699,20702050,18300614,4273688,11695435,58249292,79093409,78862250
22371785,475363729,854955101,956714850,916614377,307531137,614114229,256377062,801037361,449024555,461884486,77862806,41573985,19629705,1004820749,11854762,143619279,2563467,535005147,4372501,490893682,16128556,973230960,5879317,11325990,5124246,17109567,2041846,11634183,62483723,91611309,96822634
22837631,479475207,845857219,927605801,890809918,342938483,583750354,471967640,772406987,229964617,440641595,58486718,37741061,1728187,1004707663,13362943,135722240,5050050,503579980,3898753,497452972,17042655,976081570,16288554,19594323,8374606,16905495,5217868,11999846,82694792,71784958,72496615
22252256,456902277,861717655,945699463,897863849,414224808,579533938,226851498,797035832,383351048,478562242,66123620,37977711,623376,1004653465,12440135,141224073,3177647,553720096,4671700,489037627,16381708,969149248,3385591,19546581,23454335,15279618,6125010,16413660,80875120,65985790,64515045
21648888,478266724,845708458,938069170,893934828,289541631,613300069,350518490,794882369,343678412,457870482,75382129,36206957,1893807,1004831238,13634916,144169772,2912418,554107899,4129638,505652874,17151265,968076231,16519640,11756172,8000020,10889662,5457647,13179562,67322900,44001899,69800076
24363914,451284646,859535415,955712813,894900968,409927526,583361460,331371072,790051599,268720584,422330811,81017152,43443401,2578282,1004739907,12264606,149981324,3225369,535993430,4318178,481099731,16410052,973537314,1431146,11342046,23310269,12268295,7962094,22620170,59857344,86710506,63334729
37853330,468251031,845371856,935908979,910055495,380500788,573874330,374336323,774350909,301958221,449177615,82281630,44828659,31274375,1004747727,28097465,180976145,14219395,538284445,13633012,473354851,25970496,972671607,36198285,17316665,16836510,18558388,26674430,17044925,71515178,61673762,58611080
22507774,478529867,849974861,945472782,914379825,327484431,602552401,347236526,779297958,331587246,452026037,75514913,50527233,1787367,1004768600,11830442,160719188,3266386,536989573,3923730,513358309,16072308,973678881,3682789,12926485,23827821,11193525,6329979,14247970,85009756,89809538,79076943
