156071168,184000728,266463324,267059222,292256242,182555303,143105836,185910048,192156792,208563270,163981844,309630756,473831388,313639195,460887896,208152367,228898653,276220349,372395200,292390895,208930908,349449169,385747901,197264356,170166120,285665613,142309990,286963892,314044974,280705894,209192287,429869426
216507048,195425660,392740968,413218067,320774211,411495146,314264027,142614846,144947724,128804114,356827734,179376907,439780150,196071113,414370488,105141257,244283702,237688563,278326106,207866558,291752720,175165752,302596580,200567092,305466716,698831924,168630658,261363588,146662199,207836126,399667310,198301014
213662408,230392834,238002381,260889633,735782984,331665793,240971648,255057846,343393223,261568289,127757204,344829997,445925287,342327899,250879574,256812879,185575153,224923641,158932015,268706422,684766287,174790511,150570605,138595146,133701335,183635289,250846002,207876165,433722141,174745424,521634432,159430523
396354467,702559044,623335597,381695929,187716149,223522350,182484549,194527372,312723504,165456765,184816919,389387799,213270552,245412242,133114523,169051041,320566009,266502481,321432781,396678479,194791672,157903599,299893361,286068639,188699568,270382052,221749966,121827113,218442040,206524666,513422705,169462195
313205436,173843511,192837727,327494868,163273985,246417509,313380760,335835456,105749906,745929753,169270567,294446488,369028841,205734327,281017466,207889058,152273233,310134624,454795474,219619413,388045058,128981186,200297320,303035059,346840077,417459374,351730792,303199530,186042942,167407835,176906766,172036819
381441147,287190149,239846734,248442441,310080413,262877469,301117960,289064990,415853485,604400422,244892420,205706280,111887656,321846577,101975998,467522161,135926793,198385755,299069291,287925426,335519549,252005203,190292320,172669362,135508794,392068357,230258361,324209517,367007236,283714288,319352578,194018192
318314474,205280946,195317119,263854450,406542706,234410623,109344926,292789482,259268663,215358826,248610023,256512660,191208418,237888828,541434261,267677450,146541960,260092876,184376249,747672364,147800594,243471634,274459817,415626786,97792095,397608564,397940840,381919008,308020470,311132156,222684721,178720390
154582372,390150264,751266603,312837124,250995427,243166999,195858280,345089028,326916320,230875580,367747737,224572371,167286209,416285087,311623231,176613259,648931855,219380583,188240152,820116235,180939969,191951131,130594530,265987568,196317145,226514390,134747527,262522305,224106517,216270447,173875981,123256639
94927358,297243445,715864420,289101770,121071300,355905187,217364842,263942305,219998339,281093094,274982318,139858464,350223014,208956613,337467150,247865349,216176211,321467717,372638719,247362868,289150623,186383021,325274789,458156659,145563878,178764160,170361085,647865441,213943215,326304747,401776675,175767886
264965598,255972134,548578729,292959489,83308007,288487493,215867823,235237360,422896548,262427471,129988347,206002961,399899618,379703975,171023198,230280649,261974606,357638597,136422321,355476733,338652328,141414658,248411340,232499811,220839227,218074644,190588767,841392505,446487909,304421735,168825555,176691856
337845811,303242992,157719506,360019424,539477547,300182217,354273577,217088960,96454561,244315150,212327695,289902284,539397165,237204529,255246119,281647695,307827697,220426848,196220340,332700431,175147898,232422142,287450011,292880988,102119475,312047164,178535176,231763265,209412854,592175407,206175484,167616420
97382118,229330740,182890295,306633998,415942677,325839882,324006364,334549936,332205431,221893464,238077361,257376689,287519411,166342168,120807656,210137189,302672807,515717303,130971519,592424247,680422928,344571410,280695807,323205980,88068735,373849275,136881084,301335602,336034902,208890329,103120587,119535143
100132467,260688075,225396038,246009839,242181307,275505049,256835732,212747283,131833514,235148586,145143231,196930385,255146554,290585993,117231617,299764049,577282570,224614689,206018072,378124941,336087755,234961707,493770783,311477421,242076457,225855471,503053794,846579745,252208608,185549280,218373621,200203762
234521247,273857055,171513479,363449768,61575456,381717214,300055691,515721356,191332455,378351273,188487341,263044765,337632971,192190124,189715030,233543492,167025293,331627902,182981682,266181283,255401440,227488271,265983596,190476741,707581139,206633502,193983247,370030901,560983793,173920405,194014456,211418663
661794254,321847709,626140106,170904918,572844606,299957917,254741354,221555930,117254589,239987664,361292103,219917326,160783358,225304733,145347522,342702553,93637312,246730937,186201479,225778126,124906128,225010752,126860772,285423763,323840781,372049220,176971572,623672441,356986927,265966421,132713760,168375380
344488319,398322119,225049689,260148894,381369702,596401743,312618215,302467762,367302830,330144825,218420350,276194537,440284185,287441480,223222839,173421304,366252665,252591319,235527397,289136639,345054602,280600471,237941889,190266096,127208112,276755335,165040695,331152207,209557313,249498156,80223330,214179073
202090492,292649771,154609908,810001226,164046526,326187949,240055770,277065358,307471461,214168489,248760562,282526839,403111761,115653066,375416098,302298187,361753641,182826485,423460421,203986361,201636549,217037708,725749431,274071967,141582564,219175922,241941175,314015809,221273685,223016920,272145780,154168244
184445768,336082687,400329415,183253640,203181666,244573427,111082862,172626859,164805317,184766158,315536031,460330289,324456055,158216797,65856186,224149862,314174902,327040512,603195281,656564663,215789776,246966416,474646300,210592281,578282055,207897703,297601027,280482819,259602052,343475477,157724793,178413675
258343937,277884000,715516382,242996472,184914137,290346354,190478841,213338747,357324991,163773459,260276878,169452568,152222693,138216695,133845808,203099394,48783196,174328786,292731141,266250914,382804481,295161888,407828756,621834182,183432463,237680756,144493639,345083911,592917937,305546174,296981512,230903618
157656997,355866639,338777689,183234022,481183301,248011103,232230189,250423722,261274171,268462486,145019209,225983520,200110279,306499281,535313636,215392532,176170771,225801325,240186085,175428835,215965842,269711357,307469708,426746707,498491215,790561715,59321818,201358136,373475555,294984358,185461553,140245192
247447760,271897423,187654569,195401802,165684082,630428522,74796642,232525358,171075517,269568276,295227629,228727987,208964707,325554876,176822252,392690302,165290714,157917839,139415548,323180129,648581692,259658936,355821421,302699248,250355847,514353996,187625257,254450989,719248138,295206237,259832983,218547821
174167151,296570359,221902743,283471156,243090077,286106943,168108130,207559928,184139628,369946526,104422848,305412617,624406584,622886920,180526961,351111739,133106718,181745600,192317274,447869138,511674305,155995857,207011073,230661070,373423360,334346613,112188155,197589891,742124021,349647814,202725768,159551168
424442585,351952084,303784808,565367887,329567244,276947054,180891623,211314820,278340202,233759567,177615355,348085952,99092004,200760259,140218623,248774664,192345361,212062082,121312414,314672563,164342749,216581885,152803332,277250619,557044322,267174143,393527167,551065410,567986353,284891807,148585795,175205280
313251325,197582753,235075955,350901158,341728201,836916503,429814481,160170377,406898695,140184848,515677617,250643001,345497058,212063713,472913503,160920397,135926743,224118137,217440288,133851986,153307027,232318940,163593744,172101740,124889220,377407571,213467408,223244962,551739190,253086845,201666824,118004687
139923563,304169072,173853381,433413728,210706863,229808007,202125693,227804504,167652346,384129884,286837980,247309788,436065437,208658667,503466182,297079421,438922889,161560328,296654237,133696433,356504150,226321763,166362145,265635495,302158044,835773006,164606052,518467848,194982664,174780468,190719451,137741658
253220281,365469301,269839828,192645183,313775681,237866961,339735083,466155015,161723428,265705380,320686936,284429692,236367145,250851026,414829386,223124624,217243184,147017457,265405134,291141769,339978004,228889382,203942361,354808816,385230338,448252378,151387243,279722992,247622379,377153248,535033023,182040541
316280512,375038801,286280185,319349771,246896141,242362206,331699034,490010705,194682885,339426328,288453048,319243387,306507490,219630079,145652976,452816763,258892708,240796505,168063852,239216210,167414040,260483668,258420848,189263361,523130514,197336109,228518342,182307324,208064366,169570387,346242665,152984745
234149042,268581730,109824186,141678368,198049308,206708509,303890267,276612921,120452758,285237085,482839814,402404614,406793954,217615497,157885217,560502440,126400781,361067184,288601041,527377804,110160677,228639972,98503338,226257596,351880932,240859744,709893271,251598428,157173989,260417509,621398191,133115033
608156983,348910270,208806040,216921617,313088929,176219590,245757779,175712821,397242133,138096749,189511592,233036346,634100304,445354613,295091044,432552061,248999392,400395999,239956580,358614571,137625830,312758178,140464877,325140379,147707666,176857438,211345207,205563769,597509185,143403234,143758684,109478630
249107992,332727980,200034123,184782318,63283814,187790620,142786665,321422514,244361983,217946031,208846118,303114608,212954207,221974299,187427767,728188336,593049883,376197397,655153308,287621314,408820914,272137846,273940569,221135647,227031958,380806535,434849976,212499396,195423256,293238242,173909894,116495740
234156264,332872868,187479838,202785002,306014026,236996137,185212944,222435313,246330333,259664851,209840765,204887869,187477579,194450977,460652816,185301484,256025179,612266732,250704476,381447845,269746203,249861930,78494351,241417468,462032171,257097929,313934177,450144170,418779379,315697264,339565398,169788111
209077157,366136452,303908160,265217120,409597401,212886533,452817538,247798670,120234324,151938620,161147035,234465769,172835889,161400491,304076494,227855779,136543606,170058412,415832263,284853869,211970359,202124350,403117172,406094323,272855704,245523018,260113141,846148747,240060153,318936744,168794417,184916813
123698978,274024045,190659849,467905459,111501492,353890881,198716898,240004849,256101876,271482205,370011204,183563498,123073664,337751680,437745580,284288302,143524655,326780601,247475472,232269434,360313371,247950234,317241721,169494900,665856333,219947924,287075793,639869623,218417127,227475869,182535687,198935221
248666030,283258939,299383636,253993314,188572055,288662136,313535792,269518201,396827039,185334596,171025229,273036106,150233896,522732672,157005206,334318453,410865574,205668649,160125760,191691633,167831006,298836181,149820901,520294326,264370997,256875499,436538615,301702789,714091991,213181278,162426020,190575386
186049646,366291999,745678101,268524665,237906125,185857149,121748147,213118563,440800390,402672641,110765286,341404562,220382772,273816040,149024029,177715599,511885768,242653435,329234792,189649415,136065126,170177593,311205193,839708426,277388946,232073912,179599842,185060454,263343931,224289092,191462838,145160401
569158135,227172522,288471225,385410556,259283716,235302626,264454053,224680912,288762547,166649530,378596942,237379435,469444024,256444739,353029976,376924136,302339093,254924463,274543218,241471800,262632338,156339182,158258346,391868451,216021964,422553303,130410878,274284618,320845115,401667514,255606927,162372184
360565660,317174661,253751287,181856375,183041207,155652090,172338606,158395563,143760346,287062469,223883579,334436732,133365770,266061042,382432343,208368597,312946005,198287374,504616679,194299289,250244917,288713725,184103847,281879330,360173504,829875378,207672005,265177372,316172774,220984926,457599437,157093598
292145859,249731918,413836195,390374385,408439390,221888087,177258251,233848607,346498358,176645374,239389153,196849121,203651956,399583577,223492365,214261258,305317035,191577839,124122758,326486945,644657666,240916900,191374523,207671098,335969462,165327239,232915978,864208442,117067827,365394232,122641261,134319934
122650678,469772369,107902615,372229717,163788811,289853379,110983613,233995202,647078134,352587661,204360231,352471855,90108313,251257431,38600182,258431828,469597842,220695852,228053631,283881276,672288573,245081722,143725685,235874421,192962597,269800191,316153721,443611708,326802757,448786563,271260697,164672665
466659248,845838656,249455212,241261594,207107662,259452980,180605311,245304136,198536468,192476917,150828964,206590524,438962047,238351095,222868179,202487969,310288473,271511477,194165704,328812493,255724819,334614118,166496815,166679502,245846365,427159545,305660010,265323036,344986570,189985071,502127596,154109469
471970419,866432572,97681767,205865522,272176200,204525854,223831562,218958599,189469929,222833281,283046960,247294054,155085337,170537574,338563247,265808525,168304393,191389363,404012418,238087335,427375083,176136349,192639748,220824977,274991244,380074312,113212292,296886022,557176884,240184631,327123514,183013565
266671496,500084797,151153826,237231579,320450171,690468170,221558687,315288494,174719882,394672280,125557996,178168421,300443262,227708478,252148346,224922575,397061761,328577826,244949233,257423896,230027660,205983734,483589611,192315904,357867653,191311103,190368896,218707478,196173378,206594151,595391777,140504982
98624865,181326548,582756316,214302025,282664586,174286129,175680918,192179707,203482570,206784737,161206496,362488212,334763079,393183024,209031089,475960437,477991492,220538955,209014578,372147884,283785550,544126060,159072388,228664290,399619962,285060277,166147101,218246715,359856737,294508163,232530906,114034399
274752842,298978561,183145305,190783922,174339552,223244694,284219509,478729069,237357245,235366708,247148795,291555623,627525595,197724806,224302730,249702519,236578098,317079579,144253422,342880254,239254129,577259545,335201514,310877500,119298985,260690584,300254075,219295256,151631191,190113117,568357276,176435961
97823377,223017458,650186699,266817377,212557953,242430251,246329433,294003361,227395792,223599443,181129037,331568542,628974227,373077288,200338154,415508544,247625467,251743364,379452221,342063878,141588549,225711136,334931632,264589176,465847676,183446516,127836598,234414618,178196952,258149264,123333853,159466079
95411783,344088882,220925207,231190132,282016607,303753503,145119294,294411790,495673696,372173509,174957166,262265331,314948130,310686967,283765169,187286451,213073040,214495673,231216098,622650225,330625761,271136204,320395408,317288569,584341996,323161520,416294229,197114949,147728323,271676241,175430413,200342839
134929096,524852030,131355190,248963614,751908027,246004440,240653524,195882829,231985931,174396052,320618206,209336437,230859772,412631419,218550173,514805458,152256491,407879899,359436039,174923251,353736381,259918960,283642748,223825577,513477242,207609264,292218248,349842545,116967816,190839110,153093135,206495388
233217195,290253250,212851411,361017713,234643959,238562687,499222662,218642464,244962152,179478144,177904062,245173206,164780646,279378132,350560900,266532628,151872678,254164143,332125181,247223432,193706352,267529801,432813670,565522137,209886371,421766873,379897826,336024869,233787843,288000192,154103978,174282512
137078320,261157850,190972199,256627868,182196486,204049398,145563784,316610979,170998586,269683662,562135707,253053372,329429306,344034530,342482308,250913610,203712006,287341386,444139025,317727789,136828371,331730157,451845440,368184106,290538076,283503916,350264798,353557950,99588101,265424931,185231951,213440480
469953593,805853142,166636355,227257252,293976232,280363311,179612147,187860982,175080366,196112303,288459872,162056990,104945490,281881036,199356060,268541851,136420052,249916247,317180963,241388154,620439475,241470692,142499679,245119817,143542803,398883635,350766610,324986867,624924253,216798808,327803249,453488605
163318595,227020990,139359757,342504044,160459224,218601094,218321847,386706417,398346801,265303042,259228366,220154011,339397437,385760903,66525886,226571813,196770593,423033350,131752624,379023370,696353097,223002341,236949789,171254809,149306078,205740433,312783298,267124829,697910597,266512177,288501662,138321754
116124678,299868461,349215748,236306443,390764980,258868577,300880545,323165799,254542811,220214778,125756919,183582730,430858361,205918919,172007016,164334381,326881111,192718526,198389170,553896192,537366892,345879256,301302641,451415725,265225908,274240348,156771531,242648182,162769317,271440610,151876633,173312927
127293567,424624229,200260759,251654272,589617568,221562489,169853153,280051222,492225086,258632422,232488091,264990965,258535092,339125042,472064932,167822038,153936316,181254070,218869342,205277443,144102129,281323783,209274809,462629595,199407197,735470362,85601123,238272010,228564164,337835874,142194182,171651612
132919771,243989856,182151917,464283293,672708834,323999907,235629962,169452219,289087139,237065760,84863237,511944750,115465725,211669058,163957174,207560670,120484325,179964651,725385716,183016464,166535605,304080602,139016113,183093225,305378827,596986880,264785871,399147195,379625930,263494108,252660707,177443939
135482613,240562828,242757899,344533195,186809052,297742497,314427834,261678605,394942324,332751026,256324763,317709625,247836157,485782507,203632967,286278503,184205908,432303620,404289868,274564695,346480501,269704471,205271840,230506048,183320723,224285700,393248241,241121286,348902132,244102417,253826487,138562511
546872459,246304349,146898110,353118456,269094513,271575818,206095016,359431062,182054801,222574923,94782158,316208844,146993171,678041544,277599915,432724757,190290213,262266155,598559713,300926130,430267790,277877008,246134938,173604984,224175174,263316410,207938958,215017002,229379839,284929822,310731947,173551140
345319354,329181851,306863280,341482700,110868018,517610873,168760144,258201378,100747308,342818220,71259556,234713762,678172690,363247429,218901521,287337463,143839913,258086532,167361041,372127430,321159227,221053736,135585420,205709856,142672169,319023907,567910145,332946842,153625393,242116532,490018901,215367353
277874532,243237970,105089684,199996457,398360684,384647474,120580371,243683087,492669201,728364768,248314182,321695279,704722150,270625976,244730085,322670515,236969872,405643744,149892837,234981726,121523794,301596167,118902392,333673201,207887715,167196496,116703481,249611957,275303396,234616074,511089140,193066478
357474027,235079158,161394491,293968934,357119191,228353121,98162444,191076002,413428072,269470081,381595470,295413105,333962703,343260920,221773322,481308695,187933836,233981015,217416828,223666065,435860042,148359133,320804065,320618343,309288551,160505644,335728010,479373606,219729249,281046899,253809892,149149193
