24380107923,21899803359,145879722503,21217644551,160256047755,22573915631,81216625037,20430667269,128653456924,18495159811,70342880585,19962295500,26201558732,19767804770,202228402435,19557207364,23342995389,19918082059,86506135955,19621440274,80949082722,19701280406,147071282250,20556511586,21122368588,20858278214,21101155037,19277548025,20685798705,40185121588,36271283153,167606341122
24386796326,21900158890,146099580479,21229176813,160487495167,22577339970,81311057023,20451713668,128865463331,18497049388,70421462547,19963504221,26224135633,19769091165,202620038955,19557226193,23351988075,19920980187,86624222447,19621458289,81065862975,19701295531,147337094604,20557399428,21135517705,20858607614,21115049226,19277552849,20708478913,40185154659,36352687197,170889786386
24388472843,21900396691,146368542646,21229447075,160769500631,22577641863,81414178411,20455639452,129099978282,18548573910,70514609829,19963543688,26233943571,19770680181,203049067665,19557304114,23355640057,19920988688,86755024105,19621458289,81186734920,19701295531,147648122299,20557405427,21135774997,20858654940,21116244109,19277566578,20708859663,40185292257,36379986215,171254993674
24389189212,21900576504,146654985841,21229485117,161061894540,22577709686,81517167313,20455646367,129338773369,18548595100,70611273446,19963543688,26243005448,19780913560,203476826210,19594637165,23359367909,19929805942,86881953706,19621497849,81308771484,19701297983,147955265454,20563529039,21136077997,20858781560,21117374696,19277566578,20709897108,40185292257,36417574013,171931856344
24389412356,21907522195,146921878347,21229643094,161345864422,22577761641,81619020080,20455674797,129572683016,18548642397,70706716043,19963607905,26254066261,19781350715,203909362990,19594665724,23364705434,19954664627,87008906278,19621497849,81426607974,19701297983,148264795796,20590335510,21136095232,20858937257,21117919125,19277583791,20710384940,40185328917,36437699063,172165706983
24390010068,21924698428,147191574264,21229677650,161634388841,22578045301,81724231070,20455674797,129812911255,18580936169,70803973206,19963617068,26263609318,19781434856,204336378746,19595178365,23368186094,19955223422,87132820887,19621497849,81541631365,19701300666,148575336189,20600665428,21136251315,20858942664,21118444420,19277583791,20710501958,40185358244,36467421861,172321370572
24390206199,21924700267,147460909220,21229714355,161921760962,22578101444,81827439915,20455682114,130047883906,18585284540,70900717582,19963627022,26272416641,19817127894,204762246446,19612115479,23371741045,19955968664,87257934342,19621497849,81661015136,19701300666,148882156154,20600781515,21136263056,20859133024,21118528612,19277637068,20710546371,40185388635,36487554589,172579663985
24390456669,21924791694,147741434800,21229779016,162213318573,22578574663,81932013002,20455700250,130288778543,18585284540,70997933162,19963636690,26281924886,19817171576,205191861300,19658730283,23375322423,19967368695,87386993006,19621671352,81780340809,19701302769,149192604343,20600823222,21136263056,20859378381,21118624980,19277637068,20710555265,40185388635,36509728679,172882933045
24390767014,21925019584,148012888369,21229861098,162496874232,22578657905,82035003383,20455721936,130513848604,18585533615,71094431470,19963652617,26288942324,19817243036,205622722871,19701163375,23378973159,19981716036,87510761371,19621676269,81896650574,19701302769,149507618967,20600877634,21136711681,20859516149,21118843335,19277637068,20710717907,40185394070,36528495903,173078518452
24391388161,21925019584,148271055861,21229926717,162774024738,22578668796,82135236516,20455740789,130738100546,18585561532,71186000150,19963661522,26297836111,19817459943,206054582839,19756811348,23382078977,19982095180,87631282775,19621682313,82008375107,19701302769,149819481216,20600943466,21136811821,20859893362,21119022443,19277637068,20710833404,40185412692,36550401577,173134121127
24391523458,21925046907,148534805935,21229998400,163057997073,22578713768,82236604357,20455753849,130964647989,18585561532,71276211313,19963665078,26306290407,19817496875,206487070437,19787432322,23385439394,20008749441,87750785078,19621745038,82124001135,19701302769,150130240278,20600959146,21136872202,20859933753,21119594313,19277637068,20710982901,40185418633,36586061710,173363151049
24392734419,21925969505,148825851986,21231568222,163351823706,22592379943,82343147746,20461472423,131208760562,18587900905,71376724106,19963665078,26319060061,19817611536,206913496034,19813507202,23391424018,20009767229,87878768950,19623130934,82253108165,19715137821,150437125383,20606800927,21137260188,20860231695,21120333059,19281453474,20712315517,40185769751,36611348127,173609090670
24393314620,21925973652,149100133135,21231969939,163637976884,22616872531,82444937529,20461472423,131449937291,18587905344,71469972753,19963665078,26325761574,19817614927,207342893578,19813543015,23394797553,20009897575,88005806491,19623130934,82372337821,19715137821,150745561507,20639941845,21137272007,20860516709,21120456394,19281464731,20712455825,40185832385,36626721054,173701166544
24393841074,21926389903,149362948408,21232123505,163927767027,22617453600,82549103280,20461546288,131681397043,18587910617,71563877462,19963694863,26331775975,19817661725,207772975009,19813543015,23398696699,20009958433,88128540754,19623137113,82487715781,19715166506,151056478645,20655444088,21137436173,20891579957,21120747308,19281473292,20712542374,40196712093,36655995461,173780817091
24394116125,21942154367,149634508066,21232331533,164214589446,22617523233,82652412948,20461636588,131911372977,18588054171,71657066789,19963694863,26343086426,19817701162,208203462850,19813563919,23402092313,20009976813,88252619842,19623137113,82607358155,19715166506,151363453520,20655579594,21137475573,20891621417,21121135103,19281486532,20713150183,40227339494,36674482459,173976732511
24394364367,21973656822,149896314275,21245993012,164496770915,22628764619,82754900475,20461652237,132142786695,18588268233,71747837360,19963757603,26352512560,19817759740,208636568122,19813563919,23405577485,20009984042,88376475641,19623137113,82722826882,19715204592,151674853770,20655645696,21137942713,20891639909,21121539125,19281486532,20713213737,40227339494,36690160201,174136509191
24394932727,21973675714,150177557387,21246114048,164786020785,22641880351,82858874507,20468052548,132393530787,18624242347,71843695491,19964620499,26362288207,19817838050,209063800087,19813761489,23411757069,20010008040,88506669425,19623137113,82843785537,19715204592,151981627399,20655684431,21138134530,20891660515,21122168996,19281506194,20716699142,40227372454,36710650833,174280355430
24395609274,21973706786,150448977937,21246175202,165077918357,22642299069,82964268724,20468052548,132629706052,18635831510,71939883062,20010388523,26371053456,19817940086,209489003714,19813879727,23415895323,20010345929,88630294042,19631627130,82962797703,19715228652,152283941661,20655690029,21138274548,20891672640,21122429556,19281512896,20717021560,40227387421,36737268240,174346174068
24396225804,21973718986,150722821428,21246321449,165367042970,22642712010,83067275622,20468056385,132871810315,18635888730,72035026851,20015504684,26379388963,19822613158,209917013306,19814226796,23419429171,20010407726,88758570749,19631972844,83081902774,19761508413,152596926521,20655784353,21138274548,20892312263,21122762991,19281520139,20717499349,40227396633,36761434226,174435649678
24396665760,21973718986,150995337791,21246373265,165654292846,22642758017,83169369259,20468056385,133105944604,18635888730,72130587609,20015504684,26388004373,19874693375,210347649024,19814238375,23423074393,20015432706,88884538138,19632161832,83197399569,19761529425,152906085048,20655816608,21138409371,20892337258,21122935960,19281536184,20717536258,40227396633,36778248233,174521550966
24396781973,21973795774,151260145075,21246409473,165943879083,22642886241,83275470097,20468067639,133343025190,18635896929,72226018162,20015521443,26396356481,19902032100,210778549597,19814261602,23429008288,20026649585,89010611891,19651262090,83313668125,19761529425,153220444967,20655870614,21138419388,20892454022,21123258536,19281552675,20717536258,40227484527,36801767469,174655783213
24398440197,21974500477,151523903274,21264063282,166231000022,22656214473,83380451039,20468071112,133573560948,18635918155,72321121987,20015538798,26405370550,19903051691,211211447557,19814790610,23442522235,20037194898,89130444949,19676646911,83430215945,19762302622,153535057445,20655915714,21140399794,20892551065,21124262505,19281948865,20717675751,40228468112,36817645459,174719756750
24398962461,21974591275,151791422208,21274885933,166520592572,22667069203,83483220476,20488724837,133815801394,18635918155,72415834395,20015567915,26416863746,19903178102,211639024984,19814812824,23446085065,20053394898,89257555071,19676648450,83545528203,19762474003,153843176014,20656014417,21140410391,20892583013,21124497061,19281948865,20717724996,40228472132,36842695080,174854734390
24400065137,21974607215,152059947610,21275008056,166810187224,22667085507,83587582940,20538795679,134062110144,18635918155,72509865132,20015567915,26426569778,19903178102,212068766340,19814819217,23450252671,20060915223,89389951441,19676706172,83662518279,19762746394,154150688214,20656039408,21140742891,20892654202,21124638165,19282510523,20717876268,40228472132,36887928694,174981198782
24400537496,21974635397,152322172851,21275049892,167097842910,22667122551,83690484079,20586093956,134287729673,18635941090,72603107018,20015567915,26438349663,19903180877,212502544637,19814877561,23453775679,20071636462,89508743895,19676758639,83776900206,19762802486,154459539210,20656546754,21140803414,20892889596,21124880885,19282510523,20718261298,40228524683,36910351443,175056168808
24401317389,21975950737,152591551952,21275250645,167385847277,22667226559,83793428411,20642971076,134525724860,18635976130,72696013398,20015607309,26447012402,19903221402,212933458970,19814892426,23457011190,20071897178,89633059076,19676884992,83895215299,19762983711,154764529175,20656863987,21140983118,20893691596,21125907332,19282580507,20718321737,40228557361,36932546792,175112462417
24401898689,21976057228,152874594265,21275309973,167681328401,22667250992,83898866638,20700563020,134767443378,18636007587,72794320346,20015607309,26456127197,19903221402,213360759697,19814907983,23460648752,20072176090,89756468724,19676904017,84018379840,19762983711,155074656240,20656892955,21141593964,20893834095,21126074576,19282583506,20718495001,40228570016,36950755796,175200468433
24402692421,21976081242,153138432351,21275320158,167964700916,22667292179,84001614694,20744119499,135004062230,18648702871,72885322219,20015607309,26465365578,19903446495,213792675601,19814915553,23464162423,20072336638,89883435258,19676946363,84134768773,19762983711,155389030604,20656898466,21141778267,20893899893,21126381948,19282598842,20718697775,40228570016,36967552925,175328837871
24403532349,21976095368,153415682141,21275452729,168263409248,22667312655,84106374556,20768846802,135247940469,18681477842,72982883994,20015617554,26475035133,19903446495,214222520582,19814924700,23467548490,20072496622,90010966554,19676958535,84255124087,19762986661,155697895059,20656973301,21141804099,20894426363,21126656087,19282598842,20718904043,40228586721,36987004738,175383686316
24404317906,21976124027,153677147742,21275468216,168547569038,22667333593,84210097156,20768880301,135482244867,18710706723,73076556368,20015625392,26485473538,19931099030,214650190135,19814931918,23471447340,20072543693,90136657771,19676977785,84369709108,19763019627,156007521263,20657056249,21141904080,20895066340,21127001406,19282607077,20718999672,40228626102,37004257300,175447142030
24404349675,21976202858,153939723002,21275949033,168835144454,22667372619,84315065435,20768880301,135720539282,18710727183,73169054411,20015625392,26497390742,19987239638,215082178941,19814967957,23474956611,20072863875,90260792280,19676977785,84482219149,19763021379,156315257745,20657093839,21142287160,20895852386,21127210349,19282607077,20719018547,40228653543,37037020577,175587087793
24405971798,21977304686,154216444325,21276506345,169117496206,22669932402,84416837718,20771926813,135960014817,18713898325,73267481139,20015662299,26508644375,20020944234,215512144369,19818944340,23479148320,20073375895,90387768689,19677873956,84600746798,19764953009,156622228437,20679068104,21142728973,20896824047,21129772378,19282610803,20722299953,40228663465,37060326722,175704899021
24406116248,21977546768,154485599165,21276725137,169400405907,22670211258,84518835176,20771926813,136197269682,18713898325,73360242414,20015662299,26517527487,20020963846,215943922598,19819152499,23485114884,20073381717,90513363856,19678752931,84717461753,19764969390,156935968134,20688352981,21142847397,20921827963,21130144045,19303649223,20722510814,40228723966,37075726209,175738414931
24407073997,21998451579,154758587669,21276859875,169686284507,22670303734,84623020675,20771978607,136437566908,18722319647,73454351021,20015662299,26526584888,20021037091,216375058751,19819306073,23488634664,20073960053,90639020487,19678757957,84834794285,19765527998,157248342299,20688394463,21142947518,20921916309,21130346811,19332058773,20722798017,40228797499,37098109080,175834265260
24407461466,21998528891,155015833801,21277027297,169968507389,22670373214,84725693182,20771999320,136671649056,18778181142,73547199223,20015664607,26537012458,20021077903,216808575412,19819467516,23492442534,20074028480,90763050409,19678757957,84947135291,19765527998,157555262682,20688467454,21142955355,20922074507,21131034226,19332086458,20723054553,40230555804,37116409911,175971692562
24407609872,21998567670,155271690146,21277265796,170246420523,22670445110,84826530952,20772017626,136900715192,18833908608,73639207739,20015664607,26546167876,20021079123,217242065838,19819641609,23495388164,20074057461,90886192199,19679991719,85059288822,19765527998,157866413950,20688608353,21143100052,20922216933,21131468624,19332086458,20723107201,40230555804,37136883758,176063861008
24407774722,21998583373,155534582075,21277361533,170532076218,22670623974,84930925685,20772040639,137138367164,18846688384,73733732901,20023540081,26555805568,20021372400,217674015881,19819870513,23499055684,20074130407,91010015137,19702560657,85176035476,19779152165,158180008177,20688751409,21143104985,20922713652,21131664008,19332086458,20723107201,40230585764,37153227002,176183474478
24408162377,21998606379,155792706966,21277375963,170812117585,22670728577,85032321614,20772059366,137366086932,18846718359,73827264805,20023540081,26565396435,20021668383,218109783433,19819875433,23502870715,20074130407,91134333495,19743899577,85290829304,19793930419,158489703834,20688774657,21143200788,20923827344,21131883453,19332086458,20723162958,40230585764,37169388926,176202138759
24408185873,21998719914,156070062773,21277497700,171105828439,22670763460,85137097793,20772092125,137604337641,18846734954,73922912548,20023546188,26576109842,20022268447,218536502581,19819875433,23506431255,20074135865,91264732878,19743899577,85409588884,19851088446,158799517865,20688857285,21143233561,20924785008,21132047177,19332086458,20723268320,40230627435,37189068471,176268434327
24408280116,21998790301,156336555795,21277525901,171392265507,22670806613,85241574215,20772112176,137844750919,18846744595,74018953435,20053178620,26584915368,20022616092,218967813745,19819877478,23509980981,20074141799,91391004350,19743925054,85528129516,19878947919,159105286060,20688928093,21143243335,20925836220,21132331106,19332086458,20723591697,40230632368,37202998158,176439269248
24408461834,21998859166,156604820011,21277637556,171681729905,22670835824,85346058731,20772139312,138081465118,18846796392,74113621586,20053183193,26596946175,20022690415,219397097656,19819877478,23513176261,20074463674,91514891473,19743925054,85643023938,19935799261,159417492477,20689046867,21143331852,20926735944,21133034981,19332086458,20723701736,40230701282,37236868903,176622337343
24409852419,21999146462,156867360644,21279246147,171962637764,22671008654,85447185787,20790370173,138318241037,18851755691,74206458450,20053691574,26604135180,20024803395,219830980297,19819880255,23518198980,20076385872,91643845719,19743927950,85758643821,19974122997,159729532108,20691665031,21153756498,20927494908,21133989773,19332986945,20726424644,40230716024,37252577116,176731929245
24410223040,21999175416,157142045046,21279278345,172245604181,22671164714,85547492406,20834543372,138551558346,18857347716,74303339485,20061356819,26615555542,20024815334,220262994293,19819880255,23521734617,20076424169,91767585524,19743960242,85881027025,19974147402,160039710137,20693785877,21153884721,20927551538,21134532397,19333080200,20726424644,40230716024,37273925316,176777995626
24414022270,21999284048,157419044138,21279293735,172528868313,22671216543,85649147832,20834611279,138784024642,18860338110,74401013892,20115632221,26625488327,20024829964,220696096845,19820011746,23526064380,20076591341,91890763255,19743962309,86001648006,19974147402,160347375959,20694107316,21153903695,20927557087,21134864384,19333119698,20726429368,40230716024,37315248659,176886108109
24414300175,21999284048,157682926103,21279325731,172813829868,22675518036,85752832235,20834611279,139024100577,18860338110,74494322364,20172159473,26635257684,20024844174,221127749948,19820011746,23530027155,20076608341,92014538877,19743973921,86116857191,19974358495,160660874220,20694159857,21153910311,20927901620,21134910935,19333181176,20726653537,40230734276,37332797241,176980018632
24415043654,21999352151,157960472824,21280554066,173101334241,22675552029,85857052322,20834611279,139256401605,18860338110,74588450728,20198548345,26644542332,20025014999,221557060425,19820446215,23533800449,20084218605,92139254613,19766603766,86237008263,19974840601,160971649292,20694619563,21154438248,20928105731,21135286307,19333229715,20726957246,40230734276,37349686500,177106421082
24415058684,21999566289,158232470297,21280765992,173388795271,22675599334,85959529435,20834611279,139492699920,18860338110,74686046695,20198714204,26652074651,20025021252,221988577100,19820446215,23537855758,20084218605,92266175965,19823195426,86353838482,19974985543,161275464554,20694910816,21154612743,20928124233,21136512367,19333283029,20729811011,40230763255,37368695550,177197050919
24415908197,21999697463,158509260041,21280882900,173684493086,22675643009,86064113255,20834611279,139740453885,18860347009,74781186173,20198884640,26661488872,20025029664,222416230493,19820446215,23541552423,20084375029,92394413857,19863285621,86473315839,19992243199,161587904321,20695079705,21154624882,20928353887,21136570799,19333289613,20730053445,40230773244,37389701285,177260433942
24416475427,21999754132,158768169352,21281071887,173966711363,22675673327,86166192334,20834611279,139976339386,18860347009,74874363776,20199040585,26669529367,20025043619,222849038246,19820446215,23545110322,20084391073,92523168676,19890130028,86585585846,20021495914,161905569340,20695628937,21154694776,20928491620,21136680463,19333297916,20730236115,40230814000,37405204961,177340858597
24416860355,21999778512,159024776332,21281230896,174248470970,22675693131,86265957811,20834611279,140204906244,18860368239,74963594865,20199084283,26677813047,20025066601,223280868969,19820446215,23548279801,20084415933,92645846984,19929789263,86695432908,20037874059,162221466013,20695827617,21154730804,20928508383,21137273211,19333298937,20731647555,40230814000,37422703523,177407553260
24417891266,21999945829,159299144042,21281317111,174540279404,22675709620,86369076316,20834611279,140455019205,18860368239,75061205298,20199327645,26685506395,20025076920,223711156040,19820446215,23552041764,20084665801,92773834377,19929809290,86816262432,20095325689,162528885976,20695959534,21154742317,20936921206,21137544594,19333303187,20731652990,40230843647,37452447870,177560956355
24422781418,22000833841,159570391676,21281591908,174834988651,22675800802,86474112998,20834752503,140696677345,18862586393,75157257066,20199571073,26694163695,20025352580,224137610713,19820998969,23556026643,20086721708,92902081228,19933366985,86932724082,20151694192,162837230232,20699343507,21155936852,20937071203,21138675934,19334489071,20732486674,40232556484,37490430370,177613766465
24423836149,22001018939,159837094607,21281638013,175118718616,22676006309,86575678318,20834769244,140929730924,18904912614,75251852680,20199581988,26705144354,20025370380,224568604649,19820998969,23559207407,20086727006,93025252544,19933371784,87049596235,20166188403,163144484808,20699408848,21155936852,20937999601,21140092329,19334489071,20732488659,40232556484,37521290468,177684331364
24423960246,22004979801,160106316498,21281720522,175409644865,22676017576,86680282476,20834769244,141169311500,18962108561,75348926174,20199595373,26716016117,20025409930,224997265425,19821003690,23563055944,20086878356,93152943773,19933371784,87168174590,20166205505,163455588943,20699430683,21156241593,20938791714,21140487268,19334489071,20732551511,40232556484,37555965442,177778143582
24424547004,22005019861,160375035279,21281749696,175700622515,22676049049,86784594767,20834769244,141413516842,18984954491,75442433475,20233505172,26725573767,20025409930,225427586384,19821003690,23566603359,20086981422,93280808750,19933371784,87286200899,20166430500,163762535072,20699499567,21157448990,20938939905,21140692962,19334489071,20732551511,40232556484,37576601898,177873442195
24424950140,22005125372,160649817872,21282023502,175982842986,22676284242,86886091935,20834788721,141645426163,18985018418,75540028750,20262894534,26733829586,20025429547,225860834272,19821025748,23570138045,20115100567,93404894806,19933371784,87402752787,20166586426,164070315093,20699603709,21157558049,20939001418,21140949745,19334489071,20732751065,40232581561,37593292695,177988840135
24425076950,22005161876,160905134563,21282121502,176260339750,22676308844,86986697834,20834788721,141873997616,18985024725,75629211517,20317923833,26743593469,20025434383,226296418834,19821038036,23573608971,20115133526,93529898753,19933371784,87514321792,20166810083,164382167736,20699619060,21157623240,20939073539,21141238801,19334489071,20732770237,40232587485,37610719176,178110993033
24425788209,22005171457,161181541820,21282229196,176554745040,22676493588,87091823907,20834788721,142113068104,18985037368,75729469667,20375534032,26753245127,20025434383,226725728335,19821044703,23577337767,20115207424,93657598609,19933371784,87633645182,20166951969,164684967192,20699619060,21157641792,20939227930,21141564318,19334489071,20732833445,40232587485,37628909211,178214288478
24427083121,22005322387,161450386837,21282395288,176838851998,22676567772,87192682903,20834857218,142344452466,18985037368,75824654609,20432093465,26760283793,20025434383,227158268199,19821066646,23580838324,20115437439,93782967564,19933386320,87751339236,20167223281,164994494015,20699647394,21157684479,20939265094,21141750395,19334489071,20732984096,40232587485,37644124675,178289517849
24427273540,22005697483,161721768026,21282498365,177120751218,22676619305,87294704226,20834861220,142581084344,18985044785,75922320165,20488953174,26770258728,20025434383,227585966113,19821091143,23584016434,20115443125,93909240886,19933386320,87866329333,20167224969,165305677974,20699676064,21157684479,20940269332,21142036997,19334489071,20733095393,40232587485,37660818130,178377556182