87262740,72387288,129610545,61886799,123572117,70318682,107911387,66157024,100034438,69911574,63372704,80211866,52079858,57502648,144565466,66377621,68071665,72230607,66154767,61723462,47963338,71431986,78934762,67703503,65536429,75415025,80078444,65303917,74744804,81097170,102921107,565837347
46523359,51012429,82398865,52797859,86573940,47845639,78750556,45048725,72894768,43485374,42629358,47364282,51197359,43199917,96909184,45726463,70143339,45222358,44399493,41088722,35423230,41422842,53642368,46975467,52790743,48109056,64790901,53859838,56285646,52791328,75906286,47620062
52972885,50401810,81593592,45071272,88753126,47905433,79648380,45525912,72161788,46731205,65112945,49698683,38710683,45438612,91140262,45076320,68412565,44879903,46491270,39766556,43282115,45120766,53197825,41497807,53257279,48495061,54833906,42687485,52301057,38721380,65782149,47970253
58827364,44012999,84730447,44116928,84691228,43518067,68900755,48013114,68183310,48311097,42275246,42916290,44958163,38688341,97642992,44587361,78164079,41450344,58565338,41728229,43353577,38656135,67480209,41453680,58552550,44108748,64780706,44208572,41999310,47607207,63600130,52643307
42874285,50347866,76948530,41173823,76100634,42328986,72566285,48706521,66720142,40691502,40542646,46660179,56077301,43307223,83576845,47108225,56903149,42980648,45633488,43862030,45396536,41823532,51185351,48999950,46654772,49141872,58609002,45848155,49922464,49775735,57374275,56508766
44207006,46028283,87033029,42666224,78937457,49516288,68124513,45239176,65983059,49863795,45850938,48022381,42553097,50328269,92838380,49310414,63079348,53367504,43581028,51553316,37673764,46220245,53895566,44447977,39860207,49894018,57739015,43900996,57855529,47412342,81313522,50324125
51767464,49123770,82713296,43337873,84663448,51219486,79133655,49380776,71445743,53315651,55471525,48081547,34511354,48808144,99182127,47304429,54797481,49328959,59950835,47643487,59748436,46477423,60921784,51702963,55432982,52442002,67313133,41518289,44905069,46532176,54762167,51105792
37969827,50928007,81174341,49169997,89082904,54140416,73809803,46108213,77401461,52801868,63886654,51690484,44880329,47012523,86912748,50947582,76552525,46381723,40499723,47646601,37576511,49717585,58357130,50249993,46242298,55745945,57338689,44315360,35936604,41729695,52838658,78926973
44075481,55469332,87766827,42521205,77575180,43741398,64891631,46341181,71536179,44228035,37143844,40294702,43581387,42378362,113236148,48414535,63214563,38980733,54023986,43642312,60513183,44723679,51810787,44081451,61558808,50336281,70915453,53713786,51861195,53423315,59648761,44133564
49186157,47349982,84641110,47070034,89120703,50748244,69715315,49965504,76875322,49135684,39696756,56376805,50404503,49029590,104561861,47084098,57022226,51019368,48663978,47843990,54343488,49938263,67674252,51011740,41777973,55498497,61707718,41591683,48817134,40711137,56079903,69771248
76760540,61229499,111863675,63297919,97176102,59844694,94376859,57277168,88219273,64026472,66393600,64588182,67946534,61891149,108909716,54136560,79920032,65253900,55430037,64972758,54991275,56924347,61598075,54486572,57184147,59614623,78663394,48363977,69261336,69469223,82838601,65618628
44540178,45393204,87361082,49104109,90939282,49610844,71097677,53222256,70385675,53971810,47528495,47798451,39683467,45348523,97772226,52645868,57100198,48933801,62759215,48415199,42841428,49485637,57956884,52376205,44330681,50209716,49590677,47774657,45735747,50062873,57121954,57050417
47839451,49179218,82786158,42449601,76831201,43212058,63853706,40589882,66684628,45168674,52319837,45052971,41441189,44743194,81194982,46723474,48114688,45643324,50443045,50392501,45419692,39125064,55137802,46116341,59232331,42664832,68260485,48258993,57265098,39440871,62115140,46941811
36433847,48701512,82944440,48673817,85594424,48876846,75712718,43482409,82599544,51041547,39920894,52584048,50829661,44818306,101012867,47977102,70844692,49425147,56563948,44382130,36886675,49162897,58094714,49172173,68622938,47040566,55047838,50380178,54789375,46061786,48136426,61997249
40295507,41519346,75136264,47674287,83794319,45852190,70775944,41679891,66464807,39597863,71690814,47642130,35671140,43046009,89813449,49039999,54468712,48937849,47189286,49645795,47450090,41232271,60346202,42988604,53009388,37487908,61824187,44093758,50731945,43742948,60705609,59890537
47170318,48309616,83361251,45506838,87286642,51789162,71465826,50620350,74464699,41059594,48469633,43678728,52374834,49875053,96259268,50425574,70554836,49042442,41895639,44361096,34993577,44228419,66073066,47593182,41752081,47010621,61732224,47527617,47109723,41085123,56027146,47263926
56465942,51179160,81408342,42875611,89033099,43187989,72390636,42144054,78384941,39454711,55979884,42958038,38954109,44460896,101818312,45065883,67687450,40204308,50777032,47697045,59191829,41744191,65515779,44456963,51011306,41228556,61082897,42031769,48752730,39545424,59915024,43241918
51587810,41315682,82817120,40294213,83887506,52634850,72176513,49479617,69446518,44725132,57436638,43896899,56462166,46142791,95265959,49399879,69624736,46951715,53486523,45917113,46494986,43809010,47458856,45777957,43825534,42465519,51455357,51030803,48310043,45352372,54804042,65445716
40101557,45108833,74648219,43899357,78949472,46121121,67140361,46574193,67696341,44371202,63111077,54567731,45415588,41675623,88756104,43429232,71523867,42451050,44589951,45708297,53894874,45364826,52172706,40716476,50143412,41355318,78269938,46809331,46799863,46678706,61786206,68676345
41406515,46090850,79182945,51061689,77306581,44520495,67101669,50910840,67727314,48284615,47726316,49054967,59143418,50130669,101058189,47137187,64815516,45305315,40119130,52231816,31994133,47407497,47919488,43452814,33518343,48002432,55093823,48507259,55313363,47292124,78934277,58126030
55615051,54305082,99328638,59588610,93211233,55080360,84238633,61020678,79853511,60239536,77722731,63963919,61754869,71655627,105391027,67053940,69284093,49126712,50098909,70285196,45802030,49687758,61033999,52599193,75651640,52296318,69784239,51295267,66112809,59767808,64433151,60192525
51158318,40783272,85834007,48565886,93918642,36081763,73861507,42142184,73127903,43296278,51137154,43991128,52509767,40037254,109068508,48803312,88304762,47577099,49277424,42823047,40930932,48053305,55435056,42855493,48365958,48106531,55239183,50996069,40788505,49390989,60441243,68612254
47808884,48417200,86670304,48551979,83106992,43717867,71752736,33643312,75132965,48833342,49449590,45594141,53860637,56161680,97601697,44369573,79703873,50186573,41061789,51341902,40768883,49045344,49738771,50253140,36655787,47361856,63145848,41204329,60299200,49508248,57171414,55377122
39480031,44229152,83537694,47062030,83909332,46408653,86667620,47878454,71833929,46604007,51705425,47913844,57803527,47746554,101065547,48292132,60406270,46057896,38500351,47715225,41599754,49700167,53020669,57690308,50872561,49881967,57378227,41324224,56148948,39796405,62062116,53985841
45814741,54410411,84724200,53337940,83490353,48897467,85883304,45149069,72532630,52495181,44457017,42600079,61567675,45594737,98751175,43704073,56257324,38558888,47211248,48526696,44539696,46368494,56156236,44048435,50451983,40412742,51954237,41126619,52842734,44259164,56255169,57731743
49651764,49212619,84459090,41175537,79577589,46601249,71733161,47710148,64955920,45762764,35020766,43756897,64182007,43969894,96662902,49463767,60243251,47783425,47486348,41150514,46941267,43652709,50062531,42829607,54536514,41569223,63604588,44106777,46453054,42356897,56396603,58667537
44911391,60219004,86948758,52140784,91343483,47999600,68502808,52346385,77857560,47526092,47881073,46799917,26352951,54955601,114388711,47646915,76398120,48365042,46281855,48214244,38514761,46885936,60190341,48360176,38094627,50507082,57461768,48896219,45098286,51029796,52761543,58073887
52428486,49311142,86820741,59397771,97055397,47949190,73409060,43272352,72414614,47982620,55026405,46072267,65395592,37288096,92887853,47802074,88087665,50437001,48912360,49051768,41809827,49480329,60919199,56449201,53343164,62831601,59138881,56122927,66154736,48307273,64524377,72172236
44416607,48197611,86826200,49933591,90003372,51173955,75777674,49828281,71749491,48380398,42742736,43264245,40397678,45156360,93739576,52348372,69367858,47198329,53207520,47458944,33406235,45825947,54209931,48490006,59307251,44580635,53067751,49770243,44649580,50457907,62270439,77721379
42732494,52052678,93248050,52216881,87160154,47403776,70930716,52546647,76070624,44168948,40062301,46259819,67130833,45435779,102062698,43146835,60365880,40642132,48402061,45987295,46134424,48490967,58223024,47060000,49423547,42616256,69389817,62063120,58294576,53459347,70206179,61679414
50715849,62097691,97551128,51623356,90683930,59154688,84136597,56641921,83177345,54945809,48668060,51182274,47031970,57634242,94299764,60678611,51968331,59736684,67449775,60246024,50381460,54490095,71438889,55612169,52080587,51699396,76762903,69209070,75917474,59931374,67073035,74953171
61934168,49680464,93934286,52755384,88135459,50510078,66766883,55049887,67401115,55157198,70346091,48755098,41407537,55285799,93555835,52628474,59644147,53046123,40792525,55216376,44410837,53596048,47255469,52509633,43078991,56988737,57733626,51285896,57951603,50993337,53791430,64748406
52834472,51570162,85377286,45677790,79408527,41477562,66988579,47433779,65846881,45671973,40401543,53284148,39803329,43070778,97589366,51890829,84974762,47096262,56313011,50201375,48935477,45257339,55124896,47974257,45599364,48266013,52539176,49850541,51501184,47823091,71783036,81783861
42445143,51582107,87517640,49770526,86323647,51172505,76615119,49320978,70758463,49107037,47864493,45637168,43865610,52617262,95296919,48559603,75770041,45814704,47232748,56362079,47719793,47481658,53460038,52440796,35310732,52775308,48915804,53186149,41996448,40442200,55047456,60665883
47891483,41692723,79466205,46121923,81781232,48603739,68740134,45002134,70332848,40470732,41537849,52662155,47860426,47830602,93908102,53544017,80260318,45381721,47119220,51351569,45614439,43659207,53207652,47342776,40453881,42632385,61261411,40018133,48791795,44255520,56475717,43611834
41822107,45584173,85203172,51260708,86957569,41044055,67033764,40855848,63209540,45964235,43121279,42042274,36562665,44447646,95349327,44546225,75370177,43752430,42017942,46680785,47947437,49207755,68225492,52432967,44479985,52365863,62488448,53030573,42404353,47616442,50406534,64193024
43396974,52565334,84870343,49528093,89884498,52189851,71389931,49776117,73669135,52382762,44824491,48003777,45565691,50589263,89220872,51569420,46690706,48695553,44444030,52929053,35497872,42913035,58797811,51835742,55588181,48295648,59762822,46648504,38432239,54102189,56839703,54033282
48809711,52120181,92945527,47623810,86899685,53438762,72655454,47756667,71310719,47161751,44396227,54018801,36464323,47899151,93061557,51068756,48659862,45913688,46539854,47115241,40750312,50649689,45534162,48341473,46482558,56091212,70036618,51549368,58538301,45254629,48494839,46186498
46263086,46413829,83872677,49228444,87759355,54053234,73022115,55029249,70400756,46697775,36800311,54130733,50058687,46013750,105171656,50501396,82208390,46221092,46270226,52008048,37304823,43517820,61863432,52744129,41739560,43171712,51317399,44560185,54540588,57019189,75044297,58485999
40930205,48581436,77731764,40935512,79969023,44653318,69348203,42965500,68535118,45508649,37311888,47791244,48698779,46044487,95689432,41660686,55325955,42146906,43852299,46873514,36204905,50157198,51550060,50297848,70046869,51485352,71619121,44053675,59000917,49319405,68467320,57958940
49610550,57918932,96823664,50542318,87200643,56857410,77977232,56344718,73413450,50399558,49131910,60644238,39402601,51778723,100007144,60118978,57867290,48629531,56409168,67154437,39755491,55118833,56253325,56526465,45973641,53805087,51688460,55808991,42892458,59865705,55210324,55749024
45545412,45174636,82754235,54896535,91312381,47180304,77002335,55653335,69183629,57708044,46796134,51428837,50225463,58422305,99546576,56155546,49193450,58050703,58874288,48619754,53119848,57814253,57955058,64913371,65254740,63061316,64627158,55175487,57045850,61651077,81812194,70447353
39491458,53783704,88985779,45474841,86500140,49886616,73410011,44554947,72224358,46819038,37493520,48396062,40983343,51692318,98682227,48688065,62773400,49163388,38723568,53275166,37153400,53549442,56142803,44129084,58415946,44341025,62809052,50608104,49970707,51336111,58579004,53296884
41603885,50059526,80001645,50967871,89744186,45427138,69464708,49861664,72008329,53532007,32687256,50165187,33266065,47044953,116238379,43954491,57998223,46107683,39408360,50650952,37964024,50899597,54289595,46676777,66166432,47704780,73380535,46708420,39249037,49241104,55053629,62375025
43507312,51170186,85451821,49688070,86822925,46974203,75192637,49657260,71866027,54201847,42600270,51789241,41797870,45367104,110607871,50896466,65069528,43714678,56075132,50325169,33796716,44529253,53225065,51787415,37440709,53909837,55314438,49660429,45600287,48706660,55154562,72935835
54826467,52200243,85258933,47323892,82516767,53296806,68368703,47525293,76179031,43164931,42602391,48447112,45138686,43830642,110013321,46148948,67419893,42984310,50410846,51380696,31034024,53672903,56391358,49836950,44383906,51053278,54701701,46051843,45450340,49803611,52503575,57324635
41680316,50692459,80184858,49485475,81750718,47494063,69256958,47803453,70603670,48161477,44182689,48056804,46338523,47955502,95711222,48557391,89729140,52361243,50211398,46126727,34652601,48612601,54397715,42362205,59803743,41951482,61368839,47011137,53926513,43303980,61147319,62585992
41870953,50172429,86334681,51168739,80359142,52029165,66602543,42272285,68524185,51327589,46653241,43546560,41597406,41818246,104164216,45550286,55547253,47534403,47257936,58120808,37599568,49600800,65984603,44275416,71184608,54780799,53365593,54090940,52694012,47420396,52063376,72513822
44295801,51980862,87186378,46469613,79820003,51559358,73085547,40235433,72737393,41689358,46309872,46176571,38433776,53626295,87648430,44098625,54126079,47443674,49971424,40400135,42217897,47503424,53614402,46559207,78255683,48016050,60276898,42170438,47988008,44560898,61101756,52070647
44357167,48441905,74216923,44841487,78579637,46334040,68496950,49464567,68345292,41752298,37535209,47574569,48560361,45352397,85886049,42661290,61875789,45838080,42660309,46871906,38672520,44695294,61084186,45764262,49853735,48773826,71127646,47371275,56956396,50326844,59707364,50856328
47665013,56595046,83789405,48305929,81585419,48048482,65037137,53765344,71388974,50126972,60090747,50219494,31652517,51859003,100576680,50249454,47681628,49959250,37065715,45038210,42326389,52398104,52239589,46834251,48268626,47723305,57912187,49660605,57514919,48998100,53093188,56956349
49508080,62150069,92888916,60825796,106759836,53815828,80212991,69516716,80617889,81079679,73606463,66603226,42145185,54315995,98444349,51510606,62257268,55877022,50037542,62304566,48083969,59632487,58218138,70543534,69494983,69655491,62082987,64198599,60253070,62205797,72301825,89870644
33583943,52240640,92952055,59579947,95213996,52285985,77707852,48809489,77289894,51597443,49489983,49703252,43179824,51420455,106176180,53244003,54486720,52059660,42593504,51797282,36615405,58762562,58720969,48556105,45735989,47644494,59217753,58092876,57839837,54028181,70229740,55319458
50383402,47118648,89203099,49413274,86944376,52978422,75024261,49018309,81895557,50084403,54350697,52155614,41195472,48551901,106497566,48402016,61655657,55230044,48355361,47054752,38476925,48331759,61475742,48353649,42051605,51031931,51574261,56638433,68798631,48669156,47026590,61373290
47363723,50338127,81172624,52390217,81403665,49471975,68164867,46379590,68307359,48983718,50856635,48505615,41053012,56596344,85580376,43643794,92331291,47060096,47534370,46604308,32625667,46199450,48813178,51505522,41535686,39422981,52975555,46314890,63476579,43942778,60782718,72610466
36947531,45741710,84713419,44739298,87280141,49913910,77710130,48596360,64746985,42972591,49741167,47972565,45687751,50713937,98566726,46852892,50771866,53006175,42172555,51949329,32660221,45582137,50255818,51440569,47262721,50523549,62931301,52925658,37119717,52716235,67686251,65065904
52778814,56393576,86902067,45037493,92700777,59221455,78057188,47902070,81536600,46401677,51590305,45114093,36172439,45977539,106554477,50086783,67305944,52710299,46685928,48089473,37062123,49376632,58196247,46990993,43367007,43169036,61173867,50097532,63272667,48433956,52049175,61902414
44986326,47421179,83043163,51847969,84070432,51573122,70827823,48845053,69101116,45685508,49420464,41998933,56752278,46379932,96620999,49244533,61801708,52868273,37588320,47836313,39926159,45921265,51222776,48767371,41152900,40593779,62945894,50765347,59477529,49860374,59509926,46904961
39725477,55790602,82522014,47938206,87913509,56380116,74057667,51938635,71094429,40919308,47006357,45745553,32651630,42220654,97061523,53967079,55812918,43787870,62234844,45268583,33823626,46672711,49888996,47027346,48156474,54008482,61885472,51156089,38074173,55717527,60694027,62659489
